2019-09-24 09:48:24 -2.02309 -0.363409 -0.00819524 -2.15901 -0.0101549 1.82036 -1.22712 
2019-09-24 09:48:24 -2.02309 -0.363409 -0.00819332 -2.15901 -0.0101538 1.82036 -1.22713 
2019-09-24 09:48:24 -2.02309 -0.363405 -0.00819527 -2.15901 -0.0101549 1.82036 -1.22712 
2019-09-24 09:48:24 -2.02309 -0.363406 -0.00819527 -2.15901 -0.0101543 1.82036 -1.22713 
2019-09-24 09:48:24 -2.0231 -0.363403 -0.00819527 -2.15901 -0.010155 1.82036 -1.22712 
2019-09-24 09:48:24 -2.02309 -0.363401 -0.00819332 -2.15901 -0.0101533 1.82036 -1.22713 
2019-09-24 09:48:25 -2.02309 -0.363407 -0.00819527 -2.15901 -0.0101538 1.82036 -1.22712 
2019-09-24 09:48:25 -2.02309 -0.363403 -0.00819527 -2.15901 -0.0101545 1.82036 -1.22712 
2019-09-24 09:48:25 -2.02309 -0.363403 -0.00819165 -2.15901 -0.0101546 1.82036 -1.22712 
2019-09-24 09:48:25 -2.02309 -0.363404 -0.00819527 -2.15901 -0.0101561 1.82036 -1.22712 
2019-09-24 09:48:25 -2.02309 -0.363405 -0.00819165 -2.15901 -0.0101574 1.82036 -1.22712 
2019-09-24 09:48:25 -2.02309 -0.363407 -0.00819332 -2.15901 -0.0101572 1.82036 -1.22712 
2019-09-24 09:48:25 -2.0231 -0.363403 -0.00819527 -2.15901 -0.010154 1.82036 -1.22712 
2019-09-24 09:48:25 -2.02309 -0.363404 -0.00819694 -2.15901 -0.010154 1.82036 -1.22712 
2019-09-24 09:48:26 -2.02309 -0.363405 -0.00819694 -2.15901 -0.0101558 1.82036 -1.22713 
2019-09-24 09:48:26 -2.02309 -0.363403 -0.00819332 -2.15901 -0.0101545 1.82036 -1.22713 
2019-09-24 09:48:26 -2.02309 -0.363404 -0.00819332 -2.15901 -0.0101549 1.82036 -1.22713 
2019-09-24 09:48:26 -2.0231 -0.363403 -0.00820585 -2.15902 -0.0101553 1.82036 -1.22712 
2019-09-24 09:48:26 -2.02289 -0.36344 -0.00809995 -2.15899 -0.0101574 1.82037 -1.22712 
2019-09-24 09:48:26 -2.02303 -0.363424 -0.00824463 -2.15899 -0.0101611 1.82037 -1.22713 
2019-09-24 09:48:26 -2.02314 -0.363426 -0.00826526 -2.15894 -0.0101638 1.82038 -1.22712 
2019-09-24 09:48:26 -2.02306 -0.363356 -0.00819218 -2.15902 -0.0101631 1.82036 -1.22713 
2019-09-24 09:48:26 -2.02239 -0.363271 -0.00816076 -2.15512 -0.0124399 1.82262 -1.22712 
2019-09-24 09:48:27 -2.01988 -0.362586 -0.00701777 -2.14342 -0.0127008 1.82263 -1.22713 
2019-09-24 09:48:27 -2.01818 -0.35409 -0.00368279 -2.13645 -0.0130561 1.82436 -1.22507 
2019-09-24 09:48:27 -2.0182 -0.333891 0.00306444 -2.13619 -0.0145761 1.82909 -1.21469 
2019-09-24 09:48:27 -2.01821 -0.304887 0.0121058 -2.1332 -0.0150041 1.84769 -1.19567 
2019-09-24 09:48:27 -2.01806 -0.272492 0.0252019 -2.1253 -0.0155368 1.88617 -1.17986 
2019-09-24 09:48:27 -2.01811 -0.237125 0.0400505 -2.11637 -0.017927 1.93121 -1.16681 
2019-09-24 09:48:27 -2.01803 -0.194929 0.0524549 -2.10645 -0.0194236 1.95479 -1.13799 
2019-09-24 09:48:27 -2.01803 -0.145622 0.0628034 -2.09112 -0.0199474 1.96301 -1.11244 
2019-09-24 09:48:28 -2.0177 -0.0896248 0.0721296 -2.06593 -0.0267728 1.98435 -1.08401 
2019-09-24 09:48:28 -2.0174 -0.0293662 0.0797312 -2.034 -0.0491321 2.02918 -1.04796 
2019-09-24 09:48:28 -2.01714 0.0346315 0.0848201 -1.9965 -0.0588194 2.04684 -1.02243 
2019-09-24 09:48:28 -2.01629 0.102981 0.0862378 -1.95572 -0.0588658 2.04687 -1.01468 
2019-09-24 09:48:28 -2.01467 0.170953 0.0862606 -1.91396 -0.0610419 2.04725 -1.01455 
2019-09-24 09:48:28 -2.01454 0.236191 0.0857762 -1.88137 -0.0854015 2.05598 -1.01453 
2019-09-24 09:48:28 -2.01449 0.295474 0.0856314 -1.86332 -0.103391 2.10015 -1.01385 
2019-09-24 09:48:28 -2.01454 0.347822 0.0840349 -1.8586 -0.103376 2.17521 -1.01335 
2019-09-24 09:48:29 -2.01464 0.396664 0.0790965 -1.85762 -0.103412 2.2262 -1.01326 
2019-09-24 09:48:29 -2.01459 0.443609 0.0737608 -1.85428 -0.107691 2.24392 -1.01328 
2019-09-24 09:48:29 -2.01435 0.490629 0.0730494 -1.84819 -0.150991 2.27524 -1.01328 
2019-09-24 09:48:29 -2.014 0.53825 0.0729252 -1.8384 -0.181679 2.3239 -1.01328 
2019-09-24 09:48:29 -2.01421 0.583819 0.0686635 -1.82454 -0.181967 2.36615 -1.01331 
2019-09-24 09:48:29 -2.01336 0.6246 0.064173 -1.81089 -0.185789 2.40812 -1.01415 
2019-09-24 09:48:29 -2.01326 0.663108 0.059799 -1.79504 -0.197083 2.44128 -1.01424 
2019-09-24 09:48:29 -2.01331 0.69922 0.0558759 -1.77417 -0.204234 2.45635 -1.01941 
2019-09-24 09:48:29 -2.01211 0.725612 0.0558838 -1.75223 -0.207795 2.45641 -1.03666 
2019-09-24 09:48:30 -2.01144 0.743716 0.0558647 -1.73529 -0.207804 2.45641 -1.0412 
2019-09-24 09:48:30 -2.01078 0.752484 0.0558987 -1.73132 -0.207599 2.45641 -1.04105 
2019-09-24 09:48:30 -2.01108 0.753579 0.0558239 -1.73126 -0.207253 2.45642 -1.02799 
2019-09-24 09:48:30 -2.01104 0.753958 0.0557293 -1.73089 -0.207256 2.45644 -1.02192 
2019-09-24 09:48:30 -2.01017 0.757572 0.0563143 -1.72841 -0.207218 2.45705 -1.02188 
2019-09-24 09:48:30 -2.0096 0.766913 0.0564692 -1.7182 -0.206798 2.45707 -1.01021 
2019-09-24 09:48:30 -2.00927 0.774909 0.0574795 -1.70952 -0.206794 2.45707 -1.0037 
2019-09-24 09:48:30 -2.00849 0.776832 0.0583665 -1.70766 -0.206778 2.45707 -1.00183 
2019-09-24 09:48:31 -2.00865 0.776816 0.0571018 -1.70771 -0.207316 2.45706 -1.0045 
2019-09-24 09:48:31 -2.00906 0.776813 0.056566 -1.708 -0.207481 2.45706 -1.01598 
2019-09-24 09:48:31 -2.0094 0.776504 0.0560439 -1.70871 -0.207476 2.45706 -1.02442 
2019-09-24 09:48:31 -2.0098 0.775912 0.0558885 -1.70994 -0.207423 2.45706 -1.02467 
2019-09-24 09:48:31 -2.00983 0.774158 0.0558802 -1.71275 -0.207406 2.45706 -1.02454 
2019-09-24 09:48:31 -2.01003 0.771209 0.0544504 -1.71933 -0.207436 2.45701 -1.02458 
2019-09-24 09:48:31 -2.01029 0.767663 0.0533364 -1.72466 -0.20741 2.45704 -1.02461 
2019-09-24 09:48:31 -2.00967 0.767896 0.0534274 -1.7242 -0.207418 2.45704 -1.02475 
2019-09-24 09:48:31 -2.00976 0.767976 0.0534124 -1.72407 -0.207404 2.45705 -1.02475 
2019-09-24 09:48:32 -2.00966 0.768265 0.0534969 -1.72326 -0.207264 2.45705 -1.02467 
2019-09-24 09:48:32 -2.00929 0.769561 0.0543691 -1.72102 -0.206907 2.45705 -1.01973 
2019-09-24 09:48:32 -2.00927 0.770655 0.0546507 -1.71935 -0.205159 2.45704 -1.00999 
2019-09-24 09:48:32 -2.00924 0.770737 0.0551893 -1.7194 -0.204106 2.45703 -0.991978 
2019-09-24 09:48:32 -2.0094 0.773238 0.055158 -1.71443 -0.204087 2.457 -0.991854 
2019-09-24 09:48:32 -2.00972 0.773606 0.0551203 -1.71385 -0.204099 2.45696 -0.990496 
2019-09-24 09:48:32 -2.00976 0.773438 0.054745 -1.71435 -0.20503 2.45696 -0.991784 
2019-09-24 09:48:32 -2.00989 0.773418 0.0543621 -1.71495 -0.205456 2.45693 -1.00075 
2019-09-24 09:48:33 -2.00999 0.772038 0.0538066 -1.71813 -0.206439 2.45706 -1.01157 
2019-09-24 09:48:33 -2.00984 0.769318 0.0540981 -1.72233 -0.206408 2.45706 -1.01869 
2019-09-24 09:48:33 -2.00962 0.768068 0.055133 -1.72468 -0.206268 2.45706 -1.01893 
2019-09-24 09:48:33 -2.0099 0.769276 0.0556415 -1.72273 -0.205691 2.45706 -1.01881 
2019-09-24 09:48:33 -2.0093 0.770777 0.0571524 -1.72039 -0.204717 2.45707 -1.00283 
2019-09-24 09:48:33 -2.01017 0.774555 0.056776 -1.71806 -0.204453 2.45707 -0.988265 
2019-09-24 09:48:33 -2.01009 0.775295 0.0566786 -1.71727 -0.20473 2.45714 -0.989051 
2019-09-24 09:48:33 -2.00988 0.775377 0.0568271 -1.71728 -0.204717 2.45714 -0.989033 
2019-09-24 09:48:34 -2.00938 0.776572 0.0567554 -1.71627 -0.2055 2.45716 -0.990901 
2019-09-24 09:48:34 -2.00959 0.78808 0.0567062 -1.70908 -0.205479 2.4572 -0.99647 
2019-09-24 09:48:34 -2.00944 0.809131 0.0567092 -1.69611 -0.205475 2.45811 -0.995869 
2019-09-24 09:48:34 -2.01005 0.817864 0.0563001 -1.69083 -0.205453 2.45857 -0.995875 
2019-09-24 09:48:34 -2.01073 0.822498 0.0558819 -1.69053 -0.20542 2.46491 -0.995873 
2019-09-24 09:48:34 -2.01093 0.829965 0.0554171 -1.69056 -0.205351 2.47539 -0.99584 
2019-09-24 09:48:34 -2.01221 0.835788 0.0545973 -1.69419 -0.204699 2.49842 -0.993958 
2019-09-24 09:48:34 -2.01308 0.835533 0.0551751 -1.6968 -0.204381 2.50321 -0.99095 
2019-09-24 09:48:34 -2.01313 0.83562 0.0551723 -1.69732 -0.204371 2.5032 -0.990445 
2019-09-24 09:48:35 -2.0132 0.835552 0.0551783 -1.69785 -0.204296 2.50327 -0.985579 
2019-09-24 09:48:35 -2.01325 0.835349 0.0551713 -1.69783 -0.204026 2.5033 -0.974119 
2019-09-24 09:48:35 -2.0139 0.835411 0.0551895 -1.69781 -0.203131 2.5039 -0.954599 
2019-09-24 09:48:35 -2.01442 0.835435 0.0552239 -1.6977 -0.202058 2.50398 -0.94464 
2019-09-24 09:48:35 -2.01685 0.835723 0.0558957 -1.69775 -0.200791 2.5059 -0.942441 
2019-09-24 09:48:35 -2.01851 0.835754 0.0581003 -1.69868 -0.200891 2.50729 -0.942486 
2019-09-24 09:48:35 -2.01803 0.834002 0.0581782 -1.70525 -0.201342 2.5196 -0.942487 
2019-09-24 09:48:35 -2.01816 0.832151 0.0568915 -1.71468 -0.202731 2.54459 -0.944941 
2019-09-24 09:48:36 -2.01874 0.832062 0.0568656 -1.71562 -0.202243 2.54778 -0.945052 
2019-09-24 09:48:36 -2.02016 0.831981 0.0570034 -1.71581 -0.197561 2.54771 -0.937072 
2019-09-24 09:48:36 -2.02118 0.831665 0.0571427 -1.71588 -0.194251 2.54534 -0.910774 
2019-09-24 09:48:36 -2.02127 0.831159 0.0571348 -1.71671 -0.194156 2.54536 -0.894218 
2019-09-24 09:48:36 -2.02191 0.831133 0.0571435 -1.71668 -0.19397 2.54539 -0.852951 
2019-09-24 09:48:36 -2.02191 0.831141 0.0571464 -1.71665 -0.193958 2.54539 -0.818002 
2019-09-24 09:48:36 -2.02206 0.831141 0.0571364 -1.71663 -0.193951 2.5454 -0.772319 
2019-09-24 09:48:36 -2.02213 0.831095 0.0571522 -1.71673 -0.193953 2.54538 -0.714968 
2019-09-24 09:48:37 -2.0226 0.830744 0.0571199 -1.71737 -0.193892 2.54533 -0.647642 
2019-09-24 09:48:37 -2.02429 0.828872 0.057071 -1.72062 -0.193793 2.54529 -0.572834 
2019-09-24 09:48:37 -2.02617 0.827333 0.0572176 -1.72323 -0.193346 2.54529 -0.490662 
2019-09-24 09:48:37 -2.02712 0.827098 0.0573583 -1.72354 -0.190596 2.54476 -0.400817 
2019-09-24 09:48:37 -2.02731 0.827086 0.0576719 -1.72361 -0.184139 2.5446 -0.310951 
2019-09-24 09:48:37 -2.02733 0.82709 0.0580033 -1.72365 -0.178469 2.54442 -0.222095 
2019-09-24 09:48:37 -2.02792 0.826869 0.0579629 -1.724 -0.170758 2.5438 -0.13794 
2019-09-24 09:48:37 -2.02811 0.826216 0.058074 -1.72518 -0.161144 2.54373 -0.0721222 
2019-09-24 09:48:37 -2.02811 0.825705 0.0586979 -1.72611 -0.159397 2.54373 -0.0160793 
2019-09-24 09:48:38 -2.0281 0.825491 0.0602265 -1.72662 -0.159104 2.54373 0.032525 
2019-09-24 09:48:38 -2.0281 0.824933 0.0612656 -1.72763 -0.158888 2.54374 0.080603 
2019-09-24 09:48:38 -2.0281 0.824718 0.0626643 -1.72806 -0.156215 2.54374 0.133486 
2019-09-24 09:48:38 -2.02865 0.824259 0.0627635 -1.72879 -0.154522 2.54379 0.1887 
2019-09-24 09:48:38 -2.02862 0.824345 0.0629189 -1.72871 -0.153269 2.54427 0.24773 
2019-09-24 09:48:38 -2.02862 0.824491 0.0630927 -1.72859 -0.149957 2.54441 0.306571 
2019-09-24 09:48:38 -2.02862 0.824541 0.063169 -1.72852 -0.147723 2.5445 0.364821 
2019-09-24 09:48:38 -2.02862 0.824879 0.0633153 -1.72809 -0.146022 2.54494 0.418161 
2019-09-24 09:48:39 -2.02861 0.827362 0.0648368 -1.72456 -0.143622 2.54672 0.467054 
2019-09-24 09:48:39 -2.02839 0.830657 0.0670115 -1.71933 -0.138859 2.54685 0.511619 
2019-09-24 09:48:39 -2.0283 0.831036 0.0670947 -1.71869 -0.136899 2.54686 0.524461 
2019-09-24 09:48:39 -2.02828 0.831047 0.0671002 -1.7187 -0.135701 2.54686 0.532006 
2019-09-24 09:48:39 -2.02829 0.831078 0.0671064 -1.71866 -0.135177 2.54699 0.539534 
2019-09-24 09:48:39 -2.02818 0.83111 0.0671092 -1.71865 -0.135355 2.54707 0.539305 
2019-09-24 09:48:39 -2.02817 0.831137 0.0671109 -1.7186 -0.13539 2.54706 0.536666 
2019-09-24 09:48:39 -2.02824 0.831135 0.0671141 -1.71861 -0.135354 2.54705 0.53673 
2019-09-24 09:48:39 -2.02818 0.831146 0.0671257 -1.7186 -0.135354 2.54705 0.536735 
2019-09-24 09:48:40 -2.02815 0.831145 0.0671501 -1.7186 -0.135354 2.54705 0.536764 
2019-09-24 09:48:40 -2.02811 0.831153 0.0671541 -1.71859 -0.135355 2.54705 0.536815 
2019-09-24 09:48:40 -2.02811 0.831151 0.0671546 -1.71858 -0.135364 2.54706 0.53681 
2019-09-24 09:48:40 -2.02814 0.831144 0.0670926 -1.71853 -0.135409 2.54706 0.536777 
2019-09-24 09:48:40 -2.02813 0.831092 0.0670394 -1.71853 -0.135456 2.54704 0.536731 
2019-09-24 09:48:40 -2.02813 0.831089 0.0670243 -1.71854 -0.135505 2.54703 0.53672 
2019-09-24 09:48:40 -2.02812 0.831083 0.0670148 -1.71854 -0.135509 2.54703 0.53672 
2019-09-24 09:48:40 -2.02812 0.831085 0.0670143 -1.71854 -0.13551 2.54703 0.53672 
2019-09-24 09:48:41 -2.02812 0.831081 0.0670078 -1.71854 -0.135514 2.54703 0.536717 
2019-09-24 09:48:41 -2.02812 0.831085 0.0670136 -1.71855 -0.135514 2.54703 0.536721 
2019-09-24 09:48:41 -2.02813 0.831079 0.0670109 -1.71854 -0.135514 2.54703 0.53672 
2019-09-24 09:48:41 -2.02813 0.831083 0.0670085 -1.71854 -0.135514 2.54703 0.536723 
2019-09-24 09:48:41 -2.02812 0.83108 0.0670085 -1.71854 -0.135515 2.54703 0.536718 
2019-09-24 09:48:41 -2.02812 0.831084 0.0670085 -1.71855 -0.135514 2.54703 0.53672 
2019-09-24 09:48:41 -2.02813 0.831083 0.0670121 -1.71854 -0.135514 2.54703 0.536717 
2019-09-24 09:48:41 -2.02812 0.831081 0.0670104 -1.71854 -0.135513 2.54703 0.53672 
2019-09-24 09:48:42 -2.02812 0.831083 0.0670085 -1.71854 -0.135513 2.54703 0.536722 
2019-09-24 09:48:42 -2.02812 0.831079 0.0670067 -1.71854 -0.135514 2.54703 0.53672 
2019-09-24 09:48:42 -2.02813 0.83108 0.067006 -1.71854 -0.135516 2.54703 0.536722 
2019-09-24 09:48:42 -2.02812 0.831082 0.0670083 -1.71854 -0.135514 2.54704 0.536724 
2019-09-24 09:48:42 -2.02812 0.831079 0.0670113 -1.71854 -0.135514 2.54703 0.536717 
2019-09-24 09:48:42 -2.02812 0.831079 0.0670075 -1.71854 -0.135514 2.54703 0.53672 
2019-09-24 09:48:42 -2.02812 0.831079 0.0670096 -1.71854 -0.135514 2.54703 0.536725 
2019-09-24 09:48:42 -2.02813 0.831075 0.0670052 -1.71854 -0.135513 2.54703 0.536722 
2019-09-24 09:48:42 -2.02812 0.83108 0.0670072 -1.71854 -0.135517 2.54703 0.536717 
2019-09-24 09:48:43 -2.02813 0.831079 0.0670052 -1.71854 -0.135517 2.54704 0.536722 
2019-09-24 09:48:43 -2.02813 0.831079 0.0670072 -1.71854 -0.135518 2.54704 0.536717 
2019-09-24 09:48:43 -2.02813 0.83108 0.0670072 -1.71854 -0.135516 2.54704 0.536722 
2019-09-24 09:48:43 -2.02812 0.831077 0.0670089 -1.71854 -0.135518 2.54704 0.536723 
2019-09-24 09:48:43 -2.02813 0.83108 0.0670036 -1.71854 -0.135514 2.54704 0.53672 
2019-09-24 09:48:43 -2.02813 0.831079 0.0670036 -1.71854 -0.135517 2.54703 0.536725 
2019-09-24 09:48:43 -2.02812 0.831077 0.0670072 -1.71854 -0.135518 2.54704 0.536725 
2019-09-24 09:48:43 -2.02812 0.831079 0.0670052 -1.71854 -0.135518 2.54704 0.53672 
2019-09-24 09:48:44 -2.02812 0.831077 0.0670052 -1.71854 -0.135516 2.54704 0.536717 
