2019-09-24 09:46:17 -2.02353 -0.363356 -0.00822403 -2.159 -0.010145 1.82027 -1.22716 
2019-09-24 09:46:17 -2.02353 -0.363355 -0.00822395 -2.159 -0.0101442 1.82027 -1.22716 
2019-09-24 09:46:17 -2.02353 -0.363355 -0.00822208 -2.159 -0.0101436 1.82027 -1.22716 
2019-09-24 09:46:17 -2.02353 -0.363356 -0.00822208 -2.159 -0.010145 1.82027 -1.22716 
2019-09-24 09:46:17 -2.02353 -0.363357 -0.00822041 -2.159 -0.010143 1.82027 -1.22716 
2019-09-24 09:46:18 -2.02354 -0.363357 -0.0082204 -2.159 -0.010145 1.82027 -1.22716 
2019-09-24 09:46:18 -2.02353 -0.363354 -0.00822041 -2.159 -0.0101441 1.82027 -1.22716 
2019-09-24 09:46:18 -2.02353 -0.363354 -0.00822403 -2.159 -0.0101447 1.82027 -1.22716 
2019-09-24 09:46:18 -2.02353 -0.363356 -0.00822208 -2.159 -0.0101453 1.82027 -1.22716 
2019-09-24 09:46:18 -2.02353 -0.363357 -0.00822041 -2.159 -0.0101442 1.82027 -1.22716 
2019-09-24 09:46:18 -2.02353 -0.363361 -0.00822208 -2.159 -0.0101444 1.82027 -1.22716 
2019-09-24 09:46:18 -2.02353 -0.363359 -0.00822208 -2.159 -0.0101472 1.82027 -1.22716 
2019-09-24 09:46:18 -2.02353 -0.363359 -0.008222 -2.159 -0.010148 1.82027 -1.22716 
2019-09-24 09:46:18 -2.02353 -0.363355 -0.00822332 -2.159 -0.0101464 1.82027 -1.22716 
2019-09-24 09:46:19 -2.02353 -0.363355 -0.00822208 -2.159 -0.0101483 1.82027 -1.22716 
2019-09-24 09:46:19 -2.02354 -0.363356 -0.0082257 -2.159 -0.0101451 1.82027 -1.22716 
2019-09-24 09:46:19 -2.02353 -0.363359 -0.00822208 -2.159 -0.0101484 1.82027 -1.22716 
2019-09-24 09:46:19 -2.02353 -0.363358 -0.00821874 -2.159 -0.0101457 1.82027 -1.22716 
2019-09-24 09:46:19 -2.02353 -0.36336 -0.00822332 -2.159 -0.0101478 1.82027 -1.22716 
2019-09-24 09:46:19 -2.02353 -0.363354 -0.0082257 -2.159 -0.0101474 1.82027 -1.22717 
2019-09-24 09:46:19 -2.02354 -0.363357 -0.00822402 -2.159 -0.0101433 1.82027 -1.22716 
2019-09-24 09:46:19 -2.02354 -0.363356 -0.00822208 -2.159 -0.0101477 1.82027 -1.22716 
2019-09-24 09:46:20 -2.02353 -0.363361 -0.00822208 -2.159 -0.0101487 1.82027 -1.22715 
2019-09-24 09:46:20 -2.02353 -0.363357 -0.00822185 -2.159 -0.010147 1.82027 -1.22716 
2019-09-24 09:46:20 -2.02353 -0.363357 -0.00822041 -2.159 -0.0101497 1.82027 -1.22716 
2019-09-24 09:46:20 -2.02353 -0.363358 -0.00822403 -2.159 -0.0101458 1.82027 -1.22716 
2019-09-24 09:46:20 -2.02353 -0.363356 -0.00822137 -2.159 -0.0101493 1.82027 -1.22716 
2019-09-24 09:46:20 -2.02354 -0.363356 -0.00822379 -2.159 -0.0101466 1.82027 -1.22716 
2019-09-24 09:46:20 -2.02353 -0.363357 -0.00821874 -2.159 -0.0101458 1.82027 -1.22716 
2019-09-24 09:46:20 -2.02358 -0.363375 -0.00827472 -2.15897 -0.0101493 1.82028 -1.22716 
2019-09-24 09:46:20 -2.02362 -0.363451 -0.00832243 -2.15895 -0.0101493 1.82029 -1.22715 
2019-09-24 09:46:21 -2.02441 -0.363721 -0.0087863 -2.15789 -0.010958 1.82224 -1.22714 
2019-09-24 09:46:21 -2.02848 -0.367409 -0.00955238 -2.14047 -0.0113528 1.82322 -1.22714 
2019-09-24 09:46:21 -2.03225 -0.377845 -0.0111922 -2.12042 -0.0113794 1.82275 -1.22413 
2019-09-24 09:46:21 -2.03615 -0.386607 -0.0126768 -2.11474 -0.0113903 1.82247 -1.2064 
2019-09-24 09:46:21 -2.04037 -0.382849 -0.0130443 -2.11685 -0.0114141 1.82213 -1.16997 
2019-09-24 09:46:21 -2.04018 -0.370343 -0.0111814 -2.1237 -0.0113871 1.82216 -1.08561 
2019-09-24 09:46:21 -2.03789 -0.353062 -0.00275029 -2.13061 -0.0114094 1.82253 -0.972403 
2019-09-24 09:46:21 -2.03565 -0.331643 0.0105226 -2.12992 -0.0114622 1.82786 -0.866173 
2019-09-24 09:46:22 -2.03553 -0.30526 0.0269168 -2.12981 -0.0115734 1.85017 -0.757679 
2019-09-24 09:46:22 -2.03548 -0.271016 0.0411536 -2.1299 -0.0115977 1.90407 -0.638954 
2019-09-24 09:46:22 -2.03536 -0.230618 0.0522418 -2.12961 -0.0115842 1.97591 -0.518217 
2019-09-24 09:46:22 -2.0353 -0.18289 0.0596851 -2.12885 -0.0115708 2.04813 -0.397134 
2019-09-24 09:46:22 -2.0343 -0.129263 0.0679507 -2.12687 -0.0115605 2.10657 -0.2779 
2019-09-24 09:46:22 -2.02959 -0.0700507 0.0768886 -2.12358 -0.0115934 2.16355 -0.154891 
2019-09-24 09:46:22 -2.02496 -0.00291191 0.0881022 -2.1136 -0.0118276 2.23611 -0.0422975 
2019-09-24 09:46:22 -2.01811 0.0749376 0.0988125 -2.09133 -0.013297 2.29701 0.0413284 
2019-09-24 09:46:23 -2.01083 0.16708 0.102617 -2.05171 -0.0186841 2.31851 0.10015 
2019-09-24 09:46:23 -2.00594 0.269735 0.102655 -1.99289 -0.0210918 2.31857 0.140939 
2019-09-24 09:46:23 -2.0019 0.373474 0.102456 -1.92282 -0.0295308 2.31892 0.178082 
2019-09-24 09:46:23 -2.00046 0.465102 0.101304 -1.8613 -0.0534221 2.32014 0.229227 
2019-09-24 09:46:23 -2.00054 0.537086 0.0963545 -1.81855 -0.0880904 2.34459 0.27842 
2019-09-24 09:46:23 -2.00063 0.585347 0.0848793 -1.80118 -0.117701 2.40667 0.300339 
2019-09-24 09:46:23 -2.00108 0.616128 0.0771565 -1.80119 -0.117742 2.4375 0.323198 
2019-09-24 09:46:23 -2.00112 0.633436 0.0697682 -1.80103 -0.117795 2.43757 0.373539 
2019-09-24 09:46:23 -2.00108 0.645593 0.0589423 -1.80101 -0.11783 2.43764 0.386603 
2019-09-24 09:46:24 -2.00128 0.657986 0.0501555 -1.80073 -0.117745 2.44951 0.387227 
2019-09-24 09:46:24 -2.00173 0.675593 0.0465746 -1.80069 -0.117795 2.49121 0.390161 
2019-09-24 09:46:24 -2.00175 0.690065 0.0449122 -1.80008 -0.139934 2.51255 0.331153 
2019-09-24 09:46:24 -2.00155 0.694255 0.0453345 -1.79779 -0.149492 2.51253 0.228877 
2019-09-24 09:46:24 -2.00099 0.693409 0.0503353 -1.79483 -0.144961 2.51252 0.18737 
2019-09-24 09:46:24 -2.0026 0.695743 0.0505591 -1.78967 -0.106925 2.51251 0.273224 
2019-09-24 09:46:24 -2.00747 0.696932 0.0475636 -1.78865 -0.102524 2.51243 0.334583 
2019-09-24 09:46:24 -2.01096 0.700023 0.0463104 -1.78898 -0.138531 2.5107 0.263775 
2019-09-24 09:46:25 -2.0109 0.699804 0.0463634 -1.78623 -0.193004 2.51075 0.000717353 
2019-09-24 09:46:25 -2.01069 0.698185 0.0485307 -1.78328 -0.19267 2.51047 -0.266161 
2019-09-24 09:46:25 -2.00931 0.699965 0.051475 -1.7836 -0.192322 2.50643 -0.498119 
2019-09-24 09:46:25 -2.00899 0.703819 0.0515799 -1.78528 -0.19215 2.50641 -0.620917 
2019-09-24 09:46:25 -2.00529 0.70893 0.0564116 -1.78543 -0.192414 2.5064 -0.69577 
2019-09-24 09:46:25 -2.0047 0.716586 0.0538239 -1.78536 -0.193017 2.49863 -0.848704 
2019-09-24 09:46:25 -2.01023 0.726343 0.0527083 -1.7839 -0.189724 2.49441 -0.923232 
2019-09-24 09:46:25 -2.00951 0.726553 0.053247 -1.77888 -0.190696 2.49531 -0.934563 
2019-09-24 09:46:26 -2.0095 0.728081 0.053699 -1.77021 -0.190546 2.49526 -0.953736 
2019-09-24 09:46:26 -2.01005 0.737872 0.053653 -1.75979 -0.190572 2.49527 -0.961276 
2019-09-24 09:46:26 -2.00945 0.754559 0.0567769 -1.74871 -0.190505 2.49525 -0.975218 
2019-09-24 09:46:26 -2.01 0.764522 0.0567268 -1.73742 -0.190537 2.49523 -0.977742 
2019-09-24 09:46:26 -2.01006 0.766708 0.0560705 -1.73313 -0.190542 2.49499 -0.988378 
2019-09-24 09:46:26 -2.01017 0.76734 0.0559757 -1.73284 -0.190552 2.49504 -1.00092 
2019-09-24 09:46:26 -2.01015 0.767313 0.0558458 -1.73292 -0.190559 2.49501 -1.01509 
2019-09-24 09:46:26 -2.01095 0.767308 0.0539095 -1.733 -0.190548 2.49498 -1.02787 
2019-09-24 09:46:26 -2.01351 0.7674 0.0511988 -1.73437 -0.190579 2.49471 -1.02908 
2019-09-24 09:46:27 -2.01153 0.767642 0.0553586 -1.73516 -0.190701 2.49438 -1.0493 
2019-09-24 09:46:27 -2.01173 0.771793 0.0546262 -1.73504 -0.190621 2.49483 -1.05038 
2019-09-24 09:46:27 -2.01093 0.773963 0.0559198 -1.73475 -0.19064 2.49526 -1.05038 
2019-09-24 09:46:27 -2.01141 0.774784 0.0554935 -1.73461 -0.190483 2.49532 -1.05037 
2019-09-24 09:46:27 -2.01143 0.779192 0.0555388 -1.73326 -0.190066 2.49725 -1.05036 
2019-09-24 09:46:27 -2.01164 0.791037 0.0554766 -1.72734 -0.189772 2.50177 -1.05018 
2019-09-24 09:46:27 -2.01186 0.802272 0.0551022 -1.72038 -0.189743 2.50178 -1.04998 
2019-09-24 09:46:27 -2.01281 0.807335 0.0551028 -1.71786 -0.189289 2.50306 -1.04647 
2019-09-24 09:46:28 -2.01403 0.812542 0.0550387 -1.71703 -0.189157 2.5106 -1.04069 
2019-09-24 09:46:28 -2.01461 0.819717 0.0550581 -1.71649 -0.188893 2.52358 -1.02978 
2019-09-24 09:46:28 -2.01437 0.824157 0.0550234 -1.71649 -0.188895 2.53071 -1.00848 
2019-09-24 09:46:28 -2.01456 0.824124 0.0550159 -1.71647 -0.188561 2.53074 -0.980091 
2019-09-24 09:46:28 -2.01463 0.824072 0.0549891 -1.71652 -0.188431 2.53072 -0.958129 
2019-09-24 09:46:28 -2.01722 0.823768 0.0557231 -1.71658 -0.188032 2.53073 -0.956014 
2019-09-24 09:46:28 -2.01795 0.823945 0.0574511 -1.71799 -0.190091 2.53075 -0.976415 
2019-09-24 09:46:28 -2.01805 0.825111 0.0573363 -1.71879 -0.190135 2.53223 -1.02062 
2019-09-24 09:46:28 -2.02079 0.824938 0.0577708 -1.7184 -0.189167 2.53418 -1.03385 
2019-09-24 09:46:29 -2.02633 0.825004 0.0622508 -1.71888 -0.180797 2.53674 -1.03862 
2019-09-24 09:46:29 -2.02968 0.825076 0.0662401 -1.72021 -0.178166 2.53945 -1.03617 
2019-09-24 09:46:29 -2.03042 0.825586 0.0659993 -1.72705 -0.178088 2.55722 -1.03098 
2019-09-24 09:46:29 -2.03265 0.824205 0.0661043 -1.73636 -0.177992 2.58017 -1.03083 
2019-09-24 09:46:29 -2.03241 0.824242 0.066191 -1.73631 -0.178008 2.58001 -1.03082 
2019-09-24 09:46:29 -2.03191 0.824252 0.0661727 -1.73572 -0.178022 2.57766 -1.0275 
2019-09-24 09:46:29 -2.03124 0.824473 0.0661849 -1.73434 -0.177994 2.57385 -1.0159 
2019-09-24 09:46:29 -2.0312 0.824428 0.066915 -1.73404 -0.177434 2.57312 -0.99165 
2019-09-24 09:46:30 -2.03114 0.824398 0.0675759 -1.73408 -0.176929 2.57245 -0.97354 
2019-09-24 09:46:30 -2.0309 0.824322 0.0679444 -1.73435 -0.176627 2.57249 -0.954867 
2019-09-24 09:46:30 -2.03135 0.824266 0.0679422 -1.73447 -0.176529 2.57289 -0.947898 
2019-09-24 09:46:30 -2.03163 0.824209 0.0679105 -1.73467 -0.176616 2.57327 -0.947849 
2019-09-24 09:46:30 -2.03085 0.823868 0.0678769 -1.73526 -0.181424 2.57374 -0.958187 
2019-09-24 09:46:30 -2.03064 0.823664 0.0675885 -1.73549 -0.184359 2.5738 -0.987845 
2019-09-24 09:46:30 -2.03291 0.823598 0.0668288 -1.73542 -0.183549 2.57377 -1.03363 
2019-09-24 09:46:30 -2.03454 0.823676 0.0672771 -1.73535 -0.18143 2.5738 -1.04053 
2019-09-24 09:46:31 -2.0347 0.823665 0.0672794 -1.73542 -0.174584 2.57381 -1.02898 
2019-09-24 09:46:31 -2.03463 0.823421 0.0678163 -1.73596 -0.174047 2.57409 -1.00718 
2019-09-24 09:46:31 -2.03279 0.823066 0.0686686 -1.73661 -0.174761 2.57421 -0.979625 
2019-09-24 09:46:31 -2.03209 0.823023 0.0686722 -1.73711 -0.174649 2.57504 -0.952723 
2019-09-24 09:46:31 -2.03216 0.822943 0.068339 -1.7373 -0.174927 2.57555 -0.94913 
2019-09-24 09:46:31 -2.03185 0.822848 0.0679375 -1.73729 -0.183673 2.57552 -0.962756 
2019-09-24 09:46:31 -2.03233 0.822265 0.0665751 -1.73796 -0.187044 2.57543 -1.01657 
2019-09-24 09:46:31 -2.03238 0.82233 0.0662188 -1.73768 -0.187055 2.57546 -1.05393 
2019-09-24 09:46:31 -2.03266 0.822661 0.065391 -1.73703 -0.186687 2.57546 -1.06676 
2019-09-24 09:46:32 -2.03286 0.824468 0.0655404 -1.73426 -0.179336 2.57542 -1.05587 
2019-09-24 09:46:32 -2.03145 0.825266 0.0659506 -1.72959 -0.179126 2.57544 -1.03346 
2019-09-24 09:46:32 -2.0282 0.823655 0.0648969 -1.72136 -0.182864 2.55323 -1.03544 
2019-09-24 09:46:32 -2.02764 0.830146 0.0645991 -1.72025 -0.182597 2.55004 -1.03506 
2019-09-24 09:46:32 -2.02878 0.830124 0.0643793 -1.72031 -0.178294 2.54998 -1.02662 
2019-09-24 09:46:32 -2.03114 0.83022 0.0659551 -1.72055 -0.173255 2.55046 -1.01785 
2019-09-24 09:46:32 -2.03101 0.830303 0.0661179 -1.72052 -0.167012 2.54973 -1.012 
2019-09-24 09:46:32 -2.03104 0.830391 0.0656834 -1.72011 -0.166922 2.54942 -0.970732 
2019-09-24 09:46:33 -2.03079 0.830548 0.0652346 -1.71963 -0.167047 2.54939 -0.928694 
2019-09-24 09:46:33 -2.03064 0.830498 0.0651654 -1.71965 -0.167071 2.54922 -0.881777 
2019-09-24 09:46:33 -2.03012 0.829958 0.0651801 -1.72036 -0.167074 2.54858 -0.821468 
2019-09-24 09:46:33 -2.03009 0.82874 0.0651025 -1.72242 -0.167059 2.54846 -0.75064 
2019-09-24 09:46:33 -2.03038 0.827242 0.0647492 -1.72481 -0.167055 2.54816 -0.677937 
2019-09-24 09:46:33 -2.03077 0.825557 0.0645661 -1.72754 -0.167047 2.54816 -0.598571 
2019-09-24 09:46:33 -2.03054 0.824892 0.0647886 -1.72868 -0.167032 2.54816 -0.511337 
2019-09-24 09:46:33 -2.03114 0.824743 0.064685 -1.72893 -0.166973 2.54807 -0.423221 
2019-09-24 09:46:34 -2.0316 0.82452 0.0646468 -1.72924 -0.166919 2.54774 -0.333275 
2019-09-24 09:46:34 -2.03147 0.82453 0.0651422 -1.7293 -0.166752 2.54767 -0.242622 
2019-09-24 09:46:34 -2.03127 0.824467 0.0660151 -1.72948 -0.166651 2.54741 -0.156462 
2019-09-24 09:46:34 -2.03117 0.824465 0.0665172 -1.72955 -0.166137 2.54738 -0.0669438 
2019-09-24 09:46:34 -2.03156 0.82428 0.0665182 -1.7299 -0.164829 2.54737 0.0203504 
2019-09-24 09:46:34 -2.03146 0.824007 0.0669115 -1.73039 -0.163323 2.54735 0.109208 
2019-09-24 09:46:34 -2.03222 0.823644 0.0666866 -1.73095 -0.162974 2.54737 0.178903 
2019-09-24 09:46:34 -2.03228 0.823974 0.0667199 -1.73039 -0.162048 2.54747 0.24563 
2019-09-24 09:46:34 -2.03205 0.823995 0.0668476 -1.73038 -0.161804 2.54747 0.310488 
2019-09-24 09:46:35 -2.03204 0.824066 0.0668728 -1.73035 -0.161573 2.54791 0.36266 
2019-09-24 09:46:35 -2.03202 0.824509 0.0669475 -1.72978 -0.160644 2.54847 0.423998 
2019-09-24 09:46:35 -2.03183 0.827838 0.0688777 -1.72506 -0.160007 2.55058 0.490825 
2019-09-24 09:46:35 -2.03188 0.831133 0.0713159 -1.71978 -0.157959 2.55063 0.547621 
2019-09-24 09:46:35 -2.03203 0.831132 0.0713899 -1.71979 -0.156818 2.55066 0.548828 
2019-09-24 09:46:35 -2.03201 0.831155 0.0714337 -1.71979 -0.15185 2.55066 0.560884 
2019-09-24 09:46:35 -2.03202 0.831175 0.071443 -1.71977 -0.151846 2.55068 0.56192 
2019-09-24 09:46:35 -2.03204 0.831175 0.0714515 -1.71977 -0.151877 2.5507 0.561891 
2019-09-24 09:46:36 -2.032 0.831164 0.071505 -1.71977 -0.151935 2.55069 0.561596 
2019-09-24 09:46:36 -2.03197 0.831158 0.0715 -1.71976 -0.152084 2.55068 0.560802 
2019-09-24 09:46:36 -2.03202 0.831172 0.0715059 -1.71972 -0.152041 2.55068 0.560828 
2019-09-24 09:46:36 -2.03207 0.831172 0.0715044 -1.71972 -0.151861 2.55068 0.560912 
2019-09-24 09:46:36 -2.03208 0.83118 0.0715057 -1.71972 -0.151799 2.55068 0.561236 
2019-09-24 09:46:36 -2.03207 0.831182 0.0715141 -1.71972 -0.151804 2.55068 0.561236 
2019-09-24 09:46:36 -2.03204 0.831166 0.0714989 -1.71974 -0.151882 2.55065 0.561182 
2019-09-24 09:46:36 -2.03204 0.831146 0.0714751 -1.71972 -0.151946 2.55065 0.561128 
2019-09-24 09:46:36 -2.03204 0.831138 0.0714681 -1.71972 -0.152004 2.55065 0.561111 
2019-09-24 09:46:37 -2.03204 0.831136 0.0714616 -1.71972 -0.152009 2.55065 0.561116 
2019-09-24 09:46:37 -2.03205 0.831134 0.0714596 -1.71972 -0.15201 2.55065 0.561115 
2019-09-24 09:46:37 -2.03205 0.831141 0.0714613 -1.71972 -0.152013 2.55065 0.561113 
2019-09-24 09:46:37 -2.03205 0.831134 0.071463 -1.71972 -0.152008 2.55065 0.561117 
2019-09-24 09:46:37 -2.03205 0.831136 0.071463 -1.71972 -0.152014 2.55065 0.561113 
2019-09-24 09:46:37 -2.03205 0.831134 0.0714613 -1.71972 -0.152013 2.55065 0.561116 
2019-09-24 09:46:37 -2.03205 0.831136 0.0714613 -1.71972 -0.152014 2.55065 0.561113 
2019-09-24 09:46:37 -2.03205 0.831136 0.071463 -1.71972 -0.152011 2.55065 0.561111 
2019-09-24 09:46:38 -2.03205 0.831135 0.0714613 -1.71972 -0.152013 2.55065 0.561118 
2019-09-24 09:46:38 -2.03205 0.831135 0.0714596 -1.71972 -0.152012 2.55065 0.561117 
2019-09-24 09:46:38 -2.03205 0.831132 0.0714596 -1.71972 -0.152013 2.55065 0.561111 
2019-09-24 09:46:38 -2.03205 0.831134 0.0714613 -1.71972 -0.152013 2.55065 0.561118 
2019-09-24 09:46:38 -2.03205 0.831137 0.0714596 -1.71972 -0.152013 2.55065 0.561111 
2019-09-24 09:46:38 -2.03205 0.831135 0.0714577 -1.71972 -0.152014 2.55065 0.561114 
2019-09-24 09:46:38 -2.03205 0.831133 0.0714613 -1.71972 -0.152011 2.55065 0.561118 
2019-09-24 09:46:38 -2.03205 0.831134 0.0714595 -1.71972 -0.152012 2.55065 0.561118 
2019-09-24 09:46:39 -2.03205 0.831134 0.0714613 -1.71972 -0.152013 2.55065 0.561118 
2019-09-24 09:46:39 -2.03205 0.831131 0.0714596 -1.71972 -0.152013 2.55065 0.561114 
2019-09-24 09:46:39 -2.03205 0.831131 0.0714596 -1.71972 -0.152013 2.55066 0.561117 
2019-09-24 09:46:39 -2.03205 0.831134 0.0714573 -1.71972 -0.152015 2.55065 0.561118 
2019-09-24 09:46:39 -2.03205 0.831133 0.0714596 -1.71972 -0.152011 2.55065 0.561119 
