-1.94877 0.918783 7.33661e-05 -1.47301 -0.0579615 2.37323 -1.07848 
-1.94877 0.918778 6.95101e-05 -1.47301 -0.0579609 2.37323 -1.07849 
-1.94877 0.918778 7.69854e-05 -1.47301 -0.0579615 2.37322 -1.07848 
-1.94878 0.91878 7.2905e-05 -1.47301 -0.0579609 2.37323 -1.07848 
-1.94878 0.918778 6.52061e-05 -1.47301 -0.0579602 2.37323 -1.07848 
-1.94878 0.918778 6.80724e-05 -1.47301 -0.0579594 2.37322 -1.07849 
-1.94878 0.91878 6.87989e-05 -1.47301 -0.0579596 2.37322 -1.07848 
-1.94877 0.918782 7.834e-05 -1.47301 -0.0579621 2.37323 -1.07848 
-1.94876 0.918785 7.86555e-05 -1.473 -0.0579615 2.37323 -1.07849 
-1.94877 0.918778 7.26296e-05 -1.473 -0.0579615 2.37323 -1.07849 
-1.94877 0.91878 7.69854e-05 -1.473 -0.0579647 2.37323 -1.07848 
-1.94876 0.91878 7.86519e-05 -1.473 -0.0579621 2.37323 -1.07848 
-1.94876 0.918778 8.03262e-05 -1.473 -0.0579628 2.37323 -1.07849 
-1.94876 0.918771 8.22721e-05 -1.473 -0.0579621 2.37323 -1.07848 
-1.94876 0.918777 8.03262e-05 -1.473 -0.0579628 2.37323 -1.07848 
-1.94876 0.918771 8.22751e-05 -1.473 -0.0579628 2.37323 -1.07848 
-1.94876 0.918773 8.22751e-05 -1.473 -0.0579628 2.37323 -1.07848 
-1.94876 0.918777 8.03262e-05 -1.473 -0.0579628 2.37323 -1.07848 
-1.94876 0.918777 8.22751e-05 -1.473 -0.0579634 2.37323 -1.07848 
-1.94877 0.918778 8.03262e-05 -1.473 -0.0579635 2.37323 -1.07848 
-1.94876 0.918775 8.22741e-05 -1.47301 -0.0579628 2.37323 -1.07849 
-1.94876 0.918778 8.22751e-05 -1.473 -0.0579634 2.37323 -1.07849 
-1.94876 0.918775 7.86561e-05 -1.473 -0.0579621 2.37323 -1.07848 
-1.94876 0.918777 8.03262e-05 -1.473 -0.0579615 2.37323 -1.07848 
-1.94876 0.91878 8.03262e-05 -1.473 -0.0579609 2.37323 -1.07849 
-1.94876 0.918778 7.86558e-05 -1.473 -0.0579628 2.37322 -1.07849 
-1.94877 0.91878 8.03262e-05 -1.47301 -0.0579615 2.37323 -1.07848 
-1.94877 0.918785 7.62752e-05 -1.47301 -0.0579621 2.37323 -1.07849 
-1.94876 0.918783 7.69854e-05 -1.47301 -0.0579647 2.37322 -1.07848 
-1.94876 0.918782 7.69853e-05 -1.47301 -0.057964 2.37322 -1.07848 
-1.94876 0.918785 7.86558e-05 -1.473 -0.057964 2.37322 -1.07849 
-1.94876 0.918794 7.86558e-05 -1.47301 -0.0579647 2.37322 -1.07848 
-1.94876 0.918784 7.86558e-05 -1.47301 -0.057964 2.37322 -1.07848 
-1.94876 0.918787 7.69854e-05 -1.473 -0.0579666 2.37322 -1.07848 
-1.94876 0.918785 7.69854e-05 -1.473 -0.057964 2.37322 -1.07849 
-1.94876 0.918787 8.22751e-05 -1.47301 -0.0579634 2.37322 -1.07848 
-1.94876 0.918787 8.03262e-05 -1.47301 -0.0579628 2.37322 -1.07849 
-1.94876 0.918785 7.69854e-05 -1.47301 -0.0579677 2.37322 -1.07849 
-1.94876 0.918787 8.22751e-05 -1.47301 -0.0579634 2.37322 -1.07849 
-1.94876 0.918784 8.03262e-05 -1.473 -0.0579634 2.37323 -1.07848 
-1.94877 0.918784 7.33398e-05 -1.47301 -0.0579621 2.37322 -1.07849 
-1.94877 0.91878 6.97468e-05 -1.473 -0.0579615 2.37322 -1.07849 
-1.94877 0.918785 7.28267e-05 -1.473 -0.0579621 2.37323 -1.07849 
-1.94878 0.918784 7.15904e-05 -1.473 -0.0579628 2.37322 -1.07849 
-1.94878 0.918784 6.42741e-05 -1.473 -0.0579634 2.37322 -1.07848 
-1.94878 0.918782 6.53759e-05 -1.47301 -0.0579602 2.37322 -1.07848 
-1.94878 0.91878 6.49072e-05 -1.47301 -0.0579609 2.37322 -1.07849 
-1.94879 0.918778 6.32374e-05 -1.47301 -0.0579609 2.37322 -1.07849 
-1.94879 0.918777 6.53407e-05 -1.47301 -0.0579621 2.37323 -1.07849 
-1.94879 0.918778 6.32102e-05 -1.473 -0.0579621 2.37322 -1.07848 
-1.94879 0.91878 5.79237e-05 -1.473 -0.0579609 2.37322 -1.07849 
-1.9488 0.918785 5.59716e-05 -1.473 -0.0579609 2.37322 -1.07849 
-1.94879 0.918797 6.32101e-05 -1.47301 -0.0579615 2.37322 -1.07849 
-1.94878 0.918806 6.6551e-05 -1.47301 -0.0579621 2.37322 -1.07849 
-1.94878 0.918804 6.48806e-05 -1.47302 -0.0579621 2.37322 -1.07848 
-1.94878 0.918804 6.84998e-05 -1.47303 -0.0579615 2.37322 -1.07848 
-1.94878 0.918826 7.01703e-05 -1.47304 -0.0579628 2.37321 -1.07849 
-1.94876 0.918848 7.71304e-05 -1.47305 -0.057964 2.37321 -1.07849 
-1.94877 0.91885 7.04099e-05 -1.47305 -0.0579634 2.37321 -1.07849 
-1.94877 0.918844 7.5539e-05 -1.47305 -0.0579647 2.37321 -1.07848 
-1.94875 0.918851 8.33947e-05 -1.47305 -0.057966 2.37321 -1.07848 
-1.94875 0.91886 8.17857e-05 -1.47305 -0.057966 2.37321 -1.07848 
-1.94877 0.918857 7.24191e-05 -1.47305 -0.0579649 2.37321 -1.07848 
-1.94877 0.918857 7.64109e-05 -1.47305 -0.057964 2.37321 -1.07849 
-1.94875 0.918858 8.36792e-05 -1.47306 -0.0579647 2.37321 -1.07849 
-1.94877 0.918867 7.67486e-05 -1.47306 -0.0579615 2.3732 -1.07849 
-1.94876 0.918871 8.54079e-05 -1.47306 -0.0579634 2.37321 -1.07849 
-1.94872 0.918862 9.45249e-05 -1.47306 -0.0579715 2.37321 -1.07848 
-1.94873 0.918858 8.9472e-05 -1.47306 -0.057964 2.3732 -1.07848 
-1.94875 0.918887 8.39455e-05 -1.47307 -0.0579621 2.37321 -1.07848 
-1.94872 0.918893 9.81452e-05 -1.47308 -0.057966 2.3732 -1.07849 
-1.94867 0.918868 0.000130946 -1.47307 -0.0579699 2.3732 -1.07848 
-1.94858 0.91887 0.000148056 -1.47307 -0.0579711 2.3732 -1.07849 
-1.94849 0.918907 0.000210213 -1.47308 -0.0579786 2.3732 -1.0785 
-1.94838 0.918926 0.000413649 -1.47311 -0.0579853 2.37319 -1.07851 
-1.9481 0.918873 0.000676055 -1.47309 -0.0579913 2.3732 -1.07852 
-1.94765 0.918679 0.00107044 -1.4731 -0.0579846 2.37318 -1.07851 
-1.94678 0.918229 0.00134477 -1.47314 -0.0579823 2.37317 -1.07851 
-1.94571 0.917652 0.00140937 -1.47317 -0.0579712 2.37315 -1.07848 
-1.94458 0.917023 0.00137467 -1.47332 -0.0579353 2.37313 -1.07822 
-1.94343 0.916394 0.00139989 -1.47351 -0.0579423 2.37312 -1.07749 
-1.94223 0.915808 0.00141697 -1.47363 -0.0579431 2.37311 -1.07692 
-1.94096 0.91524 0.00136529 -1.47375 -0.0579227 2.37309 -1.07588 
-1.93976 0.914595 0.0012428 -1.47389 -0.0579216 2.37299 -1.07436 
-1.93875 0.91389 0.0011188 -1.47409 -0.0579274 2.37261 -1.07324 
-1.93789 0.913114 0.00113608 -1.47443 -0.0579354 2.37218 -1.07243 
-1.93706 0.912219 0.00112912 -1.47491 -0.0579372 2.37168 -1.07181 
-1.93628 0.911207 0.00113847 -1.47555 -0.0579379 2.37117 -1.07125 
-1.93552 0.910122 0.00115343 -1.47631 -0.0579392 2.37062 -1.07068 
-1.93464 0.90877 0.00117469 -1.47734 -0.0579405 2.37012 -1.06998 
-1.93376 0.907281 0.00117428 -1.47851 -0.0579418 2.36954 -1.06918 
-1.93285 0.905748 0.0011688 -1.47981 -0.0579399 2.36909 -1.06839 
-1.93186 0.903982 0.00114434 -1.48149 -0.0579358 2.36883 -1.06746 
-1.93097 0.902136 0.00112719 -1.48337 -0.0579415 2.36873 -1.06645 
-1.93015 0.900272 0.00114832 -1.4855 -0.057942 2.36866 -1.06567 
-1.92933 0.898595 0.00114008 -1.48761 -0.0579376 2.36863 -1.06501 
-1.92855 0.897222 0.00112091 -1.48947 -0.0579386 2.36864 -1.06421 
-1.92789 0.896094 0.00108489 -1.49111 -0.0579373 2.36864 -1.06345 
-1.92735 0.895368 0.00104289 -1.49233 -0.0579405 2.36865 -1.06288 
-1.92692 0.895077 0.000963103 -1.49305 -0.0579352 2.36866 -1.06239 
-1.92661 0.89513 0.000910494 -1.49338 -0.0579379 2.36867 -1.06196 
-1.92646 0.895267 0.000860442 -1.49365 -0.0579372 2.36869 -1.06173 
-1.92645 0.895355 0.000758219 -1.49399 -0.0579424 2.36882 -1.06158 
-1.92648 0.895443 0.000575355 -1.49432 -0.057942 2.36898 -1.06152 
-1.9265 0.895548 0.00039744 -1.49463 -0.0579433 2.36917 -1.06153 
-1.92651 0.895633 0.000172869 -1.4949 -0.057944 2.36938 -1.06152 
-1.92654 0.895698 -0.000133004 -1.49505 -0.0579453 2.36961 -1.06152 
-1.92658 0.895758 -0.000422224 -1.4951 -0.0579447 2.36967 -1.06152 
-1.9266 0.895815 -0.000653631 -1.4951 -0.0579435 2.36971 -1.06152 
-1.92664 0.895845 -0.000898449 -1.4951 -0.0579453 2.36979 -1.06152 
-1.92668 0.895903 -0.00107975 -1.49509 -0.0579543 2.3698 -1.06152 
-1.92672 0.895989 -0.0012103 -1.4951 -0.0579549 2.36986 -1.06152 
-1.92677 0.896099 -0.00142623 -1.4951 -0.0579539 2.36998 -1.06152 
-1.92686 0.896299 -0.00159399 -1.49509 -0.0579523 2.37002 -1.06153 
-1.92695 0.89662 -0.00167799 -1.4951 -0.0579513 2.37016 -1.06152 
-1.92703 0.897024 -0.00180526 -1.4951 -0.0579529 2.37064 -1.06153 
-1.9271 0.897485 -0.00199797 -1.4951 -0.0579543 2.37107 -1.06153 
-1.92718 0.898029 -0.0021838 -1.49509 -0.0579529 2.37153 -1.06155 
-1.92727 0.898695 -0.00234072 -1.49508 -0.057951 2.37219 -1.06155 
-1.92736 0.899357 -0.00248948 -1.49508 -0.0579516 2.37283 -1.06156 
-1.92743 0.899983 -0.00257307 -1.49507 -0.0579505 2.37327 -1.06159 
-1.92748 0.900548 -0.00267203 -1.49507 -0.057951 2.3738 -1.06159 
-1.92752 0.901008 -0.00284399 -1.49507 -0.0579498 2.37426 -1.0616 
-1.92757 0.901319 -0.00287034 -1.49507 -0.0579491 2.37468 -1.06161 
-1.92757 0.90145 -0.00290342 -1.49506 -0.0579471 2.37507 -1.06161 
-1.92759 0.901418 -0.00296235 -1.49505 -0.0579424 2.37515 -1.06161 
-1.92763 0.901375 -0.00304331 -1.49501 -0.0579461 2.37516 -1.06161 
-1.92767 0.901399 -0.00309765 -1.49492 -0.0579465 2.37517 -1.06161 
-1.92775 0.901401 -0.00316091 -1.4949 -0.0579452 2.37517 -1.06162 
-1.92786 0.901434 -0.00325017 -1.4949 -0.0579433 2.37517 -1.06164 
-1.92801 0.901511 -0.00336394 -1.4949 -0.0579446 2.37517 -1.06169 
-1.92819 0.901612 -0.0034229 -1.4949 -0.0579397 2.37518 -1.06187 
-1.92837 0.901748 -0.00345034 -1.4949 -0.0579407 2.37519 -1.06196 
-1.92858 0.901932 -0.00346564 -1.4949 -0.0579421 2.37521 -1.06202 
-1.92874 0.902135 -0.00346206 -1.4949 -0.0579407 2.37547 -1.06211 
-1.92882 0.902355 -0.00346401 -1.49488 -0.0579396 2.37591 -1.06216 
-1.92885 0.902558 -0.00345553 -1.49487 -0.0579355 2.37596 -1.06217 
-1.92883 0.902801 -0.00344688 -1.49486 -0.0579376 2.37617 -1.06219 
-1.9288 0.903049 -0.0034319 -1.49483 -0.0579384 2.37647 -1.06221 
-1.92877 0.903298 -0.0034223 -1.49479 -0.0579419 2.37669 -1.06222 
-1.92878 0.903569 -0.00342425 -1.49474 -0.0579387 2.37682 -1.06223 
-1.9288 0.903839 -0.00343969 -1.49469 -0.0579432 2.37716 -1.06224 
-1.92882 0.904096 -0.00343944 -1.49461 -0.0579387 2.37739 -1.06225 
-1.92881 0.904418 -0.00343486 -1.49449 -0.0579366 2.37744 -1.06226 
-1.9288 0.904726 -0.00343265 -1.49436 -0.0579382 2.37773 -1.06226 
-1.9288 0.904907 -0.00342066 -1.49422 -0.0579401 2.37789 -1.06227 
-1.92877 0.905057 -0.00340587 -1.49408 -0.0579423 2.37793 -1.06227 
-1.92874 0.905191 -0.00339156 -1.49393 -0.0579374 2.37796 -1.06227 
-1.9287 0.905244 -0.00338667 -1.49378 -0.0579384 2.37796 -1.06228 
-1.92863 0.905259 -0.00335737 -1.4936 -0.0579379 2.37797 -1.06227 
-1.92853 0.905278 -0.00333546 -1.49339 -0.0579366 2.37797 -1.06228 
-1.92846 0.905299 -0.00332668 -1.49319 -0.0579331 2.37797 -1.06228 
-1.9284 0.905329 -0.00328689 -1.49302 -0.0579335 2.37796 -1.06227 
-1.92834 0.905409 -0.00320666 -1.4929 -0.0579338 2.37797 -1.06228 
-1.92828 0.905534 -0.00315246 -1.49277 -0.0579331 2.37798 -1.06227 
-1.92824 0.905743 -0.00315115 -1.4926 -0.057935 2.37798 -1.06227 
-1.92822 0.906042 -0.00314363 -1.49243 -0.0579341 2.37798 -1.06227 
-1.92822 0.906441 -0.00314204 -1.49222 -0.0579325 2.378 -1.06227 
-1.92822 0.906952 -0.00314062 -1.49185 -0.0579331 2.37807 -1.06227 
-1.92821 0.907563 -0.00313203 -1.49137 -0.0579325 2.37829 -1.06228 
-1.9282 0.90828 -0.00311792 -1.49069 -0.0579305 2.37851 -1.06228 
-1.9282 0.909009 -0.00310681 -1.48989 -0.0579329 2.37856 -1.06228 
-1.92819 0.909814 -0.00309865 -1.48889 -0.0579283 2.37857 -1.06227 
-1.92818 0.910692 -0.00307518 -1.48763 -0.0579277 2.37858 -1.06228 
-1.92817 0.911582 -0.00306652 -1.48627 -0.0579271 2.37858 -1.06227 
-1.92818 0.912526 -0.00306661 -1.48481 -0.0579283 2.37857 -1.06227 
-1.92817 0.913508 -0.00306545 -1.48343 -0.0579277 2.37857 -1.06228 
-1.92817 0.914429 -0.00305756 -1.48225 -0.0579277 2.37857 -1.06227 
-1.92819 0.915322 -0.00307007 -1.48123 -0.0579296 2.37857 -1.06228 
-1.92822 0.916193 -0.00307548 -1.48041 -0.0579283 2.37856 -1.06227 
-1.92823 0.91696 -0.00317786 -1.47943 -0.0579357 2.37857 -1.06228 
-1.92834 0.917359 -0.00316544 -1.47843 -0.0579288 2.37854 -1.06229 
-1.92836 0.917716 -0.00317973 -1.47781 -0.0579295 2.3785 -1.0623 
-1.92836 0.917999 -0.00318984 -1.47755 -0.0579336 2.37848 -1.06232 
-1.92838 0.918164 -0.00321771 -1.4774 -0.057935 2.37848 -1.06232 
-1.92849 0.918192 -0.00321246 -1.47733 -0.0579338 2.37846 -1.06232 
-1.92857 0.918277 -0.00323977 -1.47734 -0.0579331 2.37844 -1.06233 
-1.92869 0.918437 -0.00325154 -1.47735 -0.0579325 2.37842 -1.06234 
-1.92883 0.918667 -0.00324923 -1.47736 -0.0579296 2.37841 -1.06234 
-1.92892 0.91894 -0.00324699 -1.47738 -0.0579293 2.37839 -1.06236 
-1.929 0.919253 -0.00326488 -1.47738 -0.0579305 2.37839 -1.06249 
-1.92916 0.919598 -0.00330469 -1.47738 -0.057928 2.37839 -1.0626 
-1.92939 0.919988 -0.00333788 -1.47736 -0.057926 2.3784 -1.06264 
-1.92964 0.920359 -0.00337452 -1.47735 -0.0579241 2.37842 -1.06265 
-1.92992 0.920734 -0.00338579 -1.4773 -0.0579233 2.37844 -1.06266 
-1.93015 0.921098 -0.00336379 -1.4772 -0.0579222 2.37844 -1.06268 
-1.93023 0.921419 -0.00336772 -1.47702 -0.0579216 2.37845 -1.06269 
-1.93022 0.921651 -0.00334884 -1.47678 -0.0579222 2.37846 -1.06269 
-1.93015 0.921781 -0.00330329 -1.47652 -0.0579247 2.37846 -1.06268 
-1.93008 0.921809 -0.00314012 -1.47624 -0.0579235 2.37846 -1.06269 
-1.92997 0.921799 -0.00300042 -1.47587 -0.057924 2.37845 -1.06269 
-1.92981 0.9218 -0.00296441 -1.4754 -0.0579208 2.37845 -1.06268 
-1.92966 0.921805 -0.00294971 -1.47493 -0.0579219 2.37845 -1.06269 
-1.92957 0.921804 -0.00295237 -1.47445 -0.0579226 2.37845 -1.06269 
-1.92956 0.921806 -0.00295042 -1.474 -0.0579265 2.37844 -1.06269 
-1.92957 0.921811 -0.00295579 -1.47373 -0.0579269 2.37843 -1.06269 
-1.9296 0.921824 -0.0029693 -1.47371 -0.057928 2.37843 -1.06269 
-1.92962 0.921875 -0.00298418 -1.47371 -0.0579237 2.37842 -1.06269 
-1.92965 0.921979 -0.00299061 -1.47372 -0.0579274 2.37841 -1.06269 
-1.92968 0.922165 -0.00299732 -1.47373 -0.0579266 2.37841 -1.06269 
-1.92972 0.922413 -0.00299619 -1.47373 -0.0579256 2.37842 -1.06269 
-1.92981 0.922665 -0.00299531 -1.47373 -0.0579253 2.37841 -1.06269 
-1.92989 0.922959 -0.00299867 -1.47373 -0.057926 2.37841 -1.06269 
-1.92997 0.923214 -0.00299867 -1.47373 -0.0579254 2.37842 -1.0627 
-1.93003 0.923373 -0.00300082 -1.47373 -0.0579267 2.37842 -1.0627 
-1.93005 0.923486 -0.00299878 -1.47373 -0.057926 2.37841 -1.06271 
-1.93006 0.923552 -0.00300523 -1.47373 -0.057926 2.37842 -1.06271 
-1.93009 0.923565 -0.00300929 -1.47373 -0.0579299 2.37842 -1.06272 
-1.93012 0.923569 -0.0030072 -1.47372 -0.0579302 2.37842 -1.06273 
-1.93015 0.923591 -0.00301642 -1.47373 -0.0579266 2.37842 -1.06275 
-1.93021 0.923619 -0.00301838 -1.47373 -0.0579262 2.37841 -1.06276 
-1.93028 0.923659 -0.00301683 -1.47374 -0.0579315 2.37841 -1.0628 
-1.93034 0.92375 -0.00301341 -1.47373 -0.0579315 2.37841 -1.06306 
-1.93037 0.92386 -0.0030187 -1.47373 -0.0579303 2.37842 -1.06309 
-1.93039 0.923963 -0.00301341 -1.47373 -0.0579262 2.37842 -1.0631 
-1.9304 0.924069 -0.00301508 -1.47374 -0.0579266 2.37842 -1.06311 
-1.9304 0.924189 -0.00301341 -1.47373 -0.0579263 2.37842 -1.06311 
-1.93039 0.924305 -0.00299914 -1.47373 -0.0579261 2.37842 -1.06311 
-1.93037 0.924385 -0.00299491 -1.47374 -0.0579275 2.37843 -1.06312 
-1.93037 0.924443 -0.00299853 -1.47373 -0.0579294 2.37842 -1.06312 
-1.93038 0.924513 -0.00299658 -1.47374 -0.0579286 2.37842 -1.06312 
-1.93036 0.924583 -0.00298643 -1.47374 -0.0579261 2.37843 -1.06312 
-1.93035 0.924648 -0.00298128 -1.47374 -0.0579254 2.37842 -1.06313 
-1.93036 0.92471 -0.00298578 -1.47374 -0.0579247 2.37842 -1.06312 
-1.93036 0.924785 -0.00298463 -1.47374 -0.0579241 2.37842 -1.06312 
-1.93034 0.924893 -0.00297808 -1.47374 -0.0579254 2.37843 -1.06313 
-1.93033 0.924974 -0.00296644 -1.47374 -0.0579247 2.37843 -1.06313 
-1.93031 0.925018 -0.00295838 -1.47373 -0.0579247 2.37843 -1.06313 
-1.93029 0.925049 -0.00295125 -1.47374 -0.0579254 2.37843 -1.06312 
-1.93025 0.925059 -0.00294422 -1.47373 -0.0579251 2.37844 -1.06313 
-1.93022 0.925052 -0.00294268 -1.47373 -0.0579201 2.37844 -1.06313 
-1.93018 0.925054 -0.00294084 -1.47372 -0.0579229 2.37844 -1.06313 
-1.93015 0.925058 -0.00294446 -1.47372 -0.0579243 2.37844 -1.06312 
-1.93016 0.925058 -0.00294613 -1.47373 -0.0579242 2.37844 -1.06312 
-1.93017 0.925058 -0.00295294 -1.47372 -0.0579218 2.37844 -1.06312 
-1.93016 0.925059 -0.00294765 -1.47372 -0.0579227 2.37844 -1.06312 
-1.93015 0.925056 -0.00294377 -1.47372 -0.0579244 2.37844 -1.06312 
-1.93015 0.925053 -0.00294446 -1.47371 -0.0579195 2.37844 -1.06312 
-1.93015 0.925052 -0.00295195 -1.4737 -0.057921 2.37845 -1.06312 
-1.93017 0.925057 -0.00295611 -1.4737 -0.0579218 2.37845 -1.06312 
-1.93019 0.925054 -0.00296519 -1.4737 -0.057925 2.37844 -1.06312 
-1.93018 0.925056 -0.00296838 -1.47369 -0.0579229 2.37845 -1.06313 
-1.9302 0.925044 -0.00298947 -1.47367 -0.057925 2.37845 -1.06313 
-1.93025 0.925047 -0.00299061 -1.47363 -0.0579254 2.37845 -1.06313 
-1.93029 0.925054 -0.00299053 -1.4736 -0.0579241 2.37845 -1.06312 
-1.93032 0.925042 -0.00298894 -1.47359 -0.0579254 2.37845 -1.06312 
-1.93032 0.925042 -0.00298699 -1.47356 -0.0579265 2.37845 -1.06313 
-1.93031 0.925041 -0.0029899 -1.47355 -0.057926 2.37845 -1.06313 
-1.93031 0.925033 -0.00298699 -1.47352 -0.0579267 2.37845 -1.06312 
-1.93031 0.925042 -0.00298655 -1.4735 -0.0579247 2.37844 -1.06312 
-1.9303 0.92505 -0.00298216 -1.4735 -0.0579254 2.37845 -1.06312 
-1.9303 0.925024 -0.00298213 -1.47347 -0.0579247 2.37845 -1.06312 
-1.93031 0.925015 -0.0029838 -1.47341 -0.0579235 2.37844 -1.06313 
-1.93031 0.925033 -0.00298575 -1.47338 -0.0579254 2.37845 -1.06313 
-1.9303 0.925017 -0.0029838 -1.47337 -0.0579267 2.37845 -1.06312 
-1.9303 0.925001 -0.00298189 -1.47333 -0.0579247 2.37845 -1.06313 
-1.93029 0.925008 -0.00297994 -1.47328 -0.0579254 2.37844 -1.06312 
-1.9303 0.925007 -0.00298742 -1.47326 -0.0579254 2.37845 -1.06312 
-1.93032 0.925002 -0.00299423 -1.47324 -0.0579241 2.37844 -1.06312 
-1.93034 0.925012 -0.0029991 -1.47324 -0.0579241 2.37844 -1.06312 
-1.93035 0.925029 -0.00300086 -1.47323 -0.0579247 2.37844 -1.06312 
-1.93034 0.925013 -0.00299381 -1.47323 -0.0579225 2.37844 -1.06311 
-1.93035 0.924991 -0.0030029 -1.47321 -0.0579207 2.37844 -1.06311 
-1.93036 0.925012 -0.00300036 -1.47319 -0.0579179 2.37843 -1.06311 
-1.93035 0.925052 -0.00299381 -1.4732 -0.0579188 2.37843 -1.06311 
-1.93032 0.925038 -0.00297349 -1.4732 -0.0579195 2.37844 -1.06311 
-1.93027 0.925006 -0.00296037 -1.47319 -0.0579187 2.37844 -1.06311 
-1.93019 0.925008 -0.00297325 -1.47319 -0.0579206 2.37844 -1.06311 
-1.93015 0.925026 -0.00296036 -1.47319 -0.0579213 2.37843 -1.06311 
-1.93015 0.925027 -0.00296939 -1.47319 -0.0579207 2.37843 -1.06311 
-1.93015 0.925018 -0.00297176 -1.47319 -0.0579214 2.37843 -1.06311 
-1.93015 0.925007 -0.00296829 -1.47319 -0.0579225 2.37843 -1.06311 
-1.93015 0.925003 -0.00297137 -1.47319 -0.0579236 2.37843 -1.06311 
-1.93016 0.925008 -0.00297954 -1.47319 -0.0579247 2.37843 -1.06311 
-1.93017 0.92501 -0.0029806 -1.47319 -0.057926 2.37843 -1.06311 
-1.93016 0.92501 -0.00297698 -1.47319 -0.0579221 2.37843 -1.06311 
-1.93014 0.925003 -0.0029685 -1.47319 -0.0579257 2.37843 -1.0631 
-1.93012 0.925002 -0.00294721 -1.47319 -0.0579259 2.37843 -1.06311 
-1.93003 0.925034 -0.00293917 -1.47319 -0.0579216 2.37843 -1.06311 
-1.92994 0.925008 -0.00293917 -1.47319 -0.0579213 2.37844 -1.06311 
-1.92989 0.924968 -0.00293749 -1.47316 -0.0579199 2.37844 -1.06311 
-1.92983 0.924994 -0.0029343 -1.47314 -0.0579219 2.37843 -1.06311 
-1.92978 0.925023 -0.00293763 -1.47316 -0.0579199 2.37843 -1.06311 
-1.92977 0.924987 -0.00293764 -1.47314 -0.0579212 2.37844 -1.0631 
-1.92978 0.924961 -0.00294613 -1.47313 -0.0579226 2.37844 -1.06311 
-1.92979 0.924975 -0.00295461 -1.47311 -0.0579208 2.37843 -1.06311 
-1.9298 0.924987 -0.00296097 -1.47312 -0.0579215 2.37844 -1.0631 
-1.92981 0.924965 -0.00296852 -1.47311 -0.0579213 2.37844 -1.06311 
-1.92982 0.924959 -0.00297616 -1.47309 -0.0579218 2.37844 -1.0631 
-1.92981 0.924964 -0.00297783 -1.47308 -0.0579226 2.37844 -1.0631 
-1.92983 0.924954 -0.00299526 -1.47308 -0.0579219 2.37844 -1.06311 
-1.92987 0.924952 -0.00299952 -1.47307 -0.0579213 2.37843 -1.06311 
-1.92994 0.92495 -0.00299228 -1.47307 -0.0579226 2.37844 -1.06311 
-1.93001 0.924953 -0.00299593 -1.47307 -0.0579213 2.37844 -1.0631 
-1.93008 0.924944 -0.00300057 -1.47306 -0.0579219 2.37844 -1.0631 
-1.93013 0.924915 -0.00300439 -1.47304 -0.0579193 2.37844 -1.0631 
-1.93018 0.924865 -0.00300077 -1.47303 -0.0579187 2.37844 -1.0631 
-1.93019 0.924808 -0.00299548 -1.47303 -0.0579187 2.37844 -1.0631 
-1.93017 0.924721 -0.00298337 -1.47302 -0.0579193 2.37844 -1.0631 
-1.93015 0.924607 -0.00297567 -1.47302 -0.0579187 2.37843 -1.06309 
-1.93014 0.924501 -0.00296111 -1.47301 -0.0579203 2.37843 -1.0631 
-1.93012 0.924489 -0.00296109 -1.473 -0.057925 2.37843 -1.06309 
-1.93014 0.924551 -0.00297002 -1.47302 -0.0579241 2.37843 -1.0631 
-1.93016 0.924565 -0.00298308 -1.47304 -0.0579286 2.37843 -1.0631 
-1.93018 0.924523 -0.00299271 -1.47303 -0.0579279 2.37843 -1.06309 
-1.93016 0.924505 -0.00298909 -1.47301 -0.0579279 2.37843 -1.0631 
-1.93014 0.92453 -0.00297802 -1.47302 -0.0579292 2.37843 -1.0631 
-1.93014 0.924554 -0.00297272 -1.47304 -0.0579292 2.37843 -1.06309 
-1.93015 0.924542 -0.00297781 -1.47303 -0.0579292 2.37843 -1.0631 
-1.93015 0.9245 -0.00298378 -1.47301 -0.0579279 2.37843 -1.0631 
-1.93017 0.924489 -0.00298739 -1.473 -0.0579279 2.37843 -1.0631 
-1.93017 0.924504 -0.00299632 -1.47301 -0.0579279 2.37843 -1.0631 
-1.93017 0.924515 -0.00299104 -1.47302 -0.0579327 2.37843 -1.06309 
-1.93016 0.924499 -0.0029875 -1.47301 -0.0579275 2.37843 -1.06309 
-1.93014 0.924466 -0.00297322 -1.473 -0.0579307 2.37844 -1.06309 
-1.93014 0.924464 -0.00297489 -1.473 -0.0579346 2.37844 -1.0631 
-1.93014 0.924484 -0.00297676 -1.473 -0.0579353 2.37843 -1.06309 
-1.93015 0.924479 -0.00298018 -1.473 -0.057934 2.37843 -1.06309 
-1.93014 0.924454 -0.0029785 -1.473 -0.0579366 2.37844 -1.06309 
-1.93013 0.924441 -0.00297123 -1.473 -0.0579346 2.37844 -1.06309 
-1.93014 0.924443 -0.00297322 -1.47299 -0.0579334 2.37844 -1.06309 
-1.93015 0.924445 -0.0029766 -1.47299 -0.0579346 2.37843 -1.06309 
-1.93015 0.924438 -0.0029778 -1.47299 -0.0579353 2.37844 -1.06309 
-1.93014 0.924424 -0.00297489 -1.47299 -0.0579346 2.37844 -1.0631 
-1.93013 0.924421 -0.0029696 -1.47299 -0.057934 2.37844 -1.06309 
-1.93014 0.924428 -0.00297273 -1.47299 -0.0579346 2.37844 -1.0631 
-1.93015 0.924431 -0.00298015 -1.47299 -0.0579314 2.37844 -1.06309 
-1.93016 0.924424 -0.00298909 -1.47299 -0.0579346 2.37844 -1.06309 
-1.93015 0.924424 -0.0029838 -1.47299 -0.0579334 2.37844 -1.06309 
-1.93014 0.924429 -0.00297851 -1.47299 -0.0579346 2.37843 -1.06309 
-1.93015 0.924432 -0.00297851 -1.473 -0.057934 2.37843 -1.06309 
-1.93015 0.924431 -0.00298575 -1.47299 -0.0579334 2.37843 -1.06309 
-1.93016 0.924421 -0.00298575 -1.47299 -0.0579327 2.37843 -1.06309 
-1.93015 0.924421 -0.0029838 -1.47299 -0.057934 2.37843 -1.06309 
-1.93015 0.924434 -0.00298575 -1.473 -0.0579334 2.37843 -1.06309 
-1.93016 0.924433 -0.00299271 -1.473 -0.0579346 2.37843 -1.06309 
-1.93017 0.924421 -0.00299104 -1.47299 -0.057934 2.37844 -1.0631 
-1.93015 0.924418 -0.00298575 -1.47299 -0.057934 2.37843 -1.06309 
-1.93016 0.924428 -0.00298575 -1.473 -0.057934 2.37843 -1.06309 
-1.93017 0.924437 -0.00299271 -1.47299 -0.057934 2.37843 -1.06309 
-1.93016 0.92442 -0.00298742 -1.47299 -0.057934 2.37844 -1.06309 
-1.93015 0.924412 -0.0029838 -1.47299 -0.057934 2.37844 -1.06309 
-1.93015 0.924421 -0.0029838 -1.473 -0.057934 2.37843 -1.0631 
-1.93016 0.924426 -0.00298575 -1.47299 -0.0579334 2.37844 -1.06309 
-1.93016 0.924425 -0.00298909 -1.47299 -0.0579334 2.37844 -1.06309 
-1.93015 0.92442 -0.00298742 -1.473 -0.0579334 2.37844 -1.06309 
-1.93016 0.924418 -0.00298575 -1.47299 -0.0579321 2.37843 -1.06309 
-1.93015 0.924418 -0.0029838 -1.47299 -0.0579334 2.37843 -1.06309 
-1.93015 0.924419 -0.0029838 -1.473 -0.0579334 2.37844 -1.06309 
-1.93014 0.924411 -0.00297684 -1.47299 -0.0579334 2.37844 -1.06309 
-1.93014 0.924411 -0.00297486 -1.473 -0.0579334 2.37844 -1.06309 
-1.93014 0.924418 -0.00298018 -1.47299 -0.057934 2.37844 -1.06309 
-1.93015 0.924416 -0.00297676 -1.47299 -0.0579321 2.37844 -1.0631 
-1.93014 0.924411 -0.00297322 -1.47299 -0.0579323 2.37844 -1.06309 
-1.93014 0.924409 -0.00297073 -1.47299 -0.0579321 2.37844 -1.06309 
-1.93016 0.924411 -0.00298018 -1.47299 -0.0579321 2.37844 -1.06309 
-1.93016 0.924406 -0.00298742 -1.47299 -0.0579309 2.37844 -1.06309 
-1.93016 0.924402 -0.00298575 -1.47298 -0.0579309 2.37844 -1.06309 
-1.93014 0.924399 -0.00297322 -1.47298 -0.0579309 2.37844 -1.0631 
-1.93013 0.924396 -0.00296027 -1.47298 -0.0579321 2.37844 -1.06309 
-1.93012 0.924399 -0.00295945 -1.47298 -0.0579315 2.37844 -1.06309 
-1.93014 0.924401 -0.00296765 -1.47299 -0.0579321 2.37844 -1.06309 
-1.93014 0.924401 -0.00297073 -1.47298 -0.0579295 2.37844 -1.06309 
-1.93013 0.92439 -0.00296641 -1.47298 -0.0579334 2.37844 -1.06309 
-1.93013 0.924391 -0.00296838 -1.47298 -0.0579327 2.37844 -1.06309 
-1.93014 0.924398 -0.00297243 -1.47298 -0.0579321 2.37844 -1.06309 
-1.93015 0.924399 -0.0029821 -1.47298 -0.0579327 2.37844 -1.06309 
-1.93015 0.924391 -0.00298213 -1.47298 -0.0579321 2.37844 -1.06309 
-1.93015 0.924391 -0.00298018 -1.47298 -0.0579346 2.37844 -1.06309 
-1.93015 0.924396 -0.00298018 -1.47298 -0.057934 2.37844 -1.06309 
-1.93015 0.924389 -0.00298212 -1.47298 -0.057934 2.37844 -1.06309 
-1.93015 0.924388 -0.00298213 -1.47298 -0.0579338 2.37844 -1.06309 
-1.93015 0.924384 -0.00298017 -1.47298 -0.0579327 2.37844 -1.06309 
