-1.94915 0.916295 4.2196e-05 -1.47752 -0.057578 2.37461 -1.07888 
-1.94914 0.916279 4.58156e-05 -1.47751 -0.05758 2.37461 -1.07888 
-1.94914 0.916281 4.58156e-05 -1.47751 -0.0575819 2.37461 -1.07888 
-1.94914 0.916281 4.94349e-05 -1.47751 -0.0575791 2.37461 -1.07888 
-1.94913 0.916279 4.58946e-05 -1.47752 -0.0575826 2.37461 -1.07888 
-1.94914 0.916279 4.05259e-05 -1.47751 -0.0575817 2.37461 -1.07889 
-1.94914 0.916283 4.94349e-05 -1.47751 -0.0575783 2.37461 -1.07888 
-1.94913 0.916281 5.11054e-05 -1.47751 -0.0575788 2.37461 -1.07888 
-1.94913 0.916281 5.03268e-05 -1.47752 -0.0575787 2.37461 -1.07888 
-1.94914 0.916283 4.58157e-05 -1.47751 -0.0575778 2.37461 -1.07888 
-1.94914 0.916281 4.38697e-05 -1.47752 -0.0575813 2.37461 -1.07888 
-1.94914 0.91628 4.38678e-05 -1.47752 -0.0575781 2.37461 -1.07888 
-1.94914 0.916279 4.38671e-05 -1.47752 -0.0575799 2.37461 -1.07888 
-1.94914 0.916283 4.05259e-05 -1.47751 -0.0575808 2.37461 -1.07888 
-1.94914 0.916283 4.38668e-05 -1.47752 -0.0575788 2.37461 -1.07888 
-1.94914 0.916284 4.39457e-05 -1.47752 -0.057577 2.3746 -1.07888 
-1.94914 0.916283 4.58156e-05 -1.47752 -0.0575781 2.37461 -1.07888 
-1.94914 0.916284 4.5816e-05 -1.47752 -0.0575773 2.3746 -1.07888 
-1.94914 0.916283 4.38669e-05 -1.47752 -0.0575807 2.3746 -1.07889 
-1.94914 0.916283 4.21964e-05 -1.47752 -0.0575793 2.37461 -1.07889 
-1.94914 0.916278 5.01451e-05 -1.47752 -0.0575809 2.37461 -1.07888 
-1.94913 0.916282 4.74864e-05 -1.47752 -0.0575774 2.37461 -1.07888 
-1.94914 0.916288 4.4577e-05 -1.47752 -0.0575796 2.3746 -1.07888 
-1.94914 0.916283 4.59973e-05 -1.47752 -0.0575781 2.37461 -1.07888 
-1.94913 0.916286 4.74893e-05 -1.47752 -0.0575813 2.37461 -1.07889 
-1.94914 0.916284 4.58947e-05 -1.47752 -0.0575815 2.37461 -1.07888 
-1.94914 0.916284 3.85771e-05 -1.47752 -0.0575792 2.3746 -1.07888 
-1.94915 0.916288 3.85859e-05 -1.47752 -0.0575803 2.3746 -1.07889 
-1.94915 0.916286 3.69067e-05 -1.47752 -0.0575777 2.37461 -1.07888 
-1.94916 0.916288 3.32874e-05 -1.47752 -0.0575777 2.37461 -1.07888 
-1.94915 0.916284 3.16169e-05 -1.47752 -0.0575772 2.37461 -1.07888 
-1.94916 0.916283 3.16169e-05 -1.47752 -0.0575749 2.37461 -1.07889 
-1.94919 0.916281 1.64434e-05 -1.47752 -0.0575702 2.37461 -1.07889 
-1.94919 0.916272 1.2552e-05 -1.47752 -0.0575696 2.37461 -1.07888 
-1.94919 0.916274 2.1461e-05 -1.47751 -0.0575702 2.37461 -1.07888 
-1.94917 0.916276 2.67507e-05 -1.47752 -0.0575716 2.37461 -1.07888 
-1.94917 0.916277 3.00919e-05 -1.47751 -0.0575728 2.37461 -1.07888 
-1.94918 0.916276 2.67507e-05 -1.47752 -0.0575735 2.37461 -1.07888 
-1.94918 0.916275 2.67507e-05 -1.47751 -0.0575728 2.37461 -1.07888 
-1.94918 0.916277 2.84211e-05 -1.47751 -0.0575728 2.37461 -1.07888 
-1.94917 0.916278 2.84221e-05 -1.47752 -0.0575722 2.3746 -1.07888 
-1.94917 0.916275 3.00916e-05 -1.47751 -0.0575716 2.37461 -1.07888 
-1.94917 0.916277 3.20405e-05 -1.47751 -0.0575716 2.37461 -1.07888 
-1.94916 0.916279 3.54602e-05 -1.47751 -0.0575728 2.37461 -1.07888 
-1.94915 0.916279 4.00382e-05 -1.47751 -0.0575735 2.37461 -1.07888 
-1.94914 0.916274 5.11053e-05 -1.4775 -0.0575741 2.37462 -1.07888 
-1.94914 0.916261 4.21964e-05 -1.47749 -0.0575747 2.37462 -1.07888 
-1.94915 0.916264 4.38668e-05 -1.47749 -0.0575741 2.37462 -1.07888 
-1.94915 0.916259 4.58156e-05 -1.47749 -0.0575728 2.37461 -1.07889 
-1.94915 0.916265 4.05259e-05 -1.4775 -0.0575735 2.37462 -1.07888 
-1.94916 0.916266 3.69067e-05 -1.47749 -0.0575735 2.37461 -1.07889 
-1.94915 0.916286 4.94349e-05 -1.47751 -0.0575773 2.3746 -1.07889 
-1.94914 0.916309 5.15654e-05 -1.47753 -0.0575799 2.37461 -1.07888 
-1.94912 0.916318 5.49063e-05 -1.47753 -0.0575795 2.3746 -1.07888 
-1.94911 0.916307 6.48795e-05 -1.47752 -0.0575812 2.37461 -1.07889 
-1.9491 0.916304 6.65598e-05 -1.47752 -0.0575786 2.37461 -1.07888 
-1.9491 0.916307 7.33656e-05 -1.47753 -0.057578 2.3746 -1.07888 
-1.94911 0.916325 6.27602e-05 -1.47754 -0.0575753 2.3746 -1.07888 
-1.94912 0.916324 5.27125e-05 -1.47754 -0.0575742 2.3746 -1.07888 
-1.94912 0.916307 5.26307e-05 -1.47754 -0.0575773 2.3746 -1.07888 
-1.94912 0.916304 5.79204e-05 -1.47753 -0.0575741 2.3746 -1.07888 
-1.94913 0.916308 5.06819e-05 -1.47754 -0.0575728 2.3746 -1.07888 
-1.94911 0.9163 6.48806e-05 -1.47753 -0.0575741 2.3746 -1.07888 
-1.94908 0.916304 7.76812e-05 -1.47753 -0.0575747 2.3746 -1.07888 
-1.9491 0.916305 6.80764e-05 -1.47754 -0.0575741 2.3746 -1.07888 
-1.94913 0.916233 5.54718e-05 -1.47757 -0.0575463 2.37458 -1.07888 
-1.9491 0.915999 6.72478e-05 -1.47756 -0.0573305 2.37458 -1.07888 
-1.94903 0.915514 8.62045e-05 -1.47757 -0.0573096 2.37459 -1.07888 
-1.94886 0.914867 8.40553e-05 -1.47758 -0.0573099 2.37458 -1.07888 
-1.94858 0.914022 0.000127221 -1.47757 -0.0573158 2.37459 -1.07888 
-1.94814 0.913024 0.00023042 -1.47758 -0.0573159 2.37458 -1.07888 
-1.9476 0.911957 0.000463885 -1.4776 -0.0573107 2.37456 -1.07887 
-1.94677 0.910677 0.000754899 -1.47769 -0.0573052 2.37441 -1.07886 
-1.94569 0.909246 0.00110812 -1.47804 -0.0572923 2.37321 -1.07861 
-1.94437 0.907863 0.0014032 -1.47859 -0.0572811 2.37188 -1.07785 
-1.94284 0.906569 0.00151613 -1.47927 -0.0572569 2.37094 -1.07687 
-1.94118 0.905338 0.0015109 -1.48013 -0.0572094 2.37024 -1.07589 
-1.93957 0.904215 0.00150497 -1.48115 -0.0570726 2.36981 -1.07494 
-1.93788 0.903133 0.00152389 -1.4823 -0.0569746 2.36965 -1.07381 
-1.93617 0.902238 0.00153403 -1.48329 -0.0568941 2.36965 -1.07262 
-1.93435 0.901529 0.00155662 -1.48411 -0.0567937 2.36966 -1.07112 
-1.93254 0.90102 0.00156789 -1.48459 -0.0567307 2.36966 -1.06899 
-1.9308 0.900731 0.00157667 -1.4848 -0.0566973 2.36965 -1.06728 
-1.92913 0.900638 0.0015902 -1.48483 -0.056615 2.36967 -1.06576 
-1.92749 0.900613 0.00153828 -1.48482 -0.0564674 2.36967 -1.06406 
-1.9261 0.900574 0.00150338 -1.48482 -0.0564325 2.36967 -1.06254 
-1.92503 0.90055 0.00148137 -1.48482 -0.0564158 2.36967 -1.06153 
-1.92416 0.900565 0.00135798 -1.48482 -0.0564046 2.36967 -1.06076 
-1.92349 0.900565 0.00111705 -1.48484 -0.0563939 2.36966 -1.06036 
-1.92303 0.900585 0.000927293 -1.48485 -0.0563899 2.36966 -1.06028 
-1.92277 0.900606 0.000796274 -1.48491 -0.0563839 2.36966 -1.06023 
-1.9227 0.900591 0.000685051 -1.485 -0.0563869 2.36966 -1.06019 
-1.92273 0.900606 0.000618657 -1.48504 -0.0563864 2.36966 -1.0602 
-1.92273 0.900641 0.000487604 -1.48512 -0.0563857 2.36966 -1.06019 
-1.92275 0.900637 0.000268505 -1.48528 -0.0563864 2.36966 -1.06019 
-1.92278 0.90064 2.70404e-05 -1.48542 -0.056387 2.36966 -1.06018 
-1.92279 0.900665 -0.000217915 -1.48554 -0.0563864 2.36966 -1.06019 
-1.92281 0.900693 -0.000499065 -1.48572 -0.056387 2.36966 -1.06018 
-1.92285 0.900741 -0.000774302 -1.48589 -0.0563864 2.36966 -1.06019 
-1.92289 0.900799 -0.000991724 -1.4861 -0.0563851 2.36966 -1.06019 
-1.92294 0.9009 -0.00113501 -1.48631 -0.0563839 2.36966 -1.06019 
-1.92301 0.901057 -0.00121336 -1.48647 -0.0563824 2.36968 -1.06019 
-1.9231 0.901249 -0.00131099 -1.48652 -0.0563806 2.36969 -1.06019 
-1.9232 0.90147 -0.00150114 -1.48652 -0.0563806 2.3697 -1.06019 
-1.92334 0.901718 -0.00163421 -1.48652 -0.0563812 2.3697 -1.06019 
-1.92352 0.90202 -0.00170024 -1.48653 -0.0563793 2.36975 -1.06019 
-1.92369 0.902305 -0.00181247 -1.48652 -0.0563812 2.37001 -1.06019 
-1.92386 0.902569 -0.00193618 -1.48651 -0.0563822 2.37014 -1.06019 
-1.92401 0.902884 -0.00196182 -1.48651 -0.0563835 2.37034 -1.06019 
-1.92411 0.903234 -0.00198384 -1.48649 -0.0563822 2.37067 -1.06018 
-1.92417 0.903524 -0.00202557 -1.48648 -0.0563848 2.37092 -1.06018 
-1.92423 0.903798 -0.00205161 -1.48646 -0.0563822 2.37111 -1.06019 
-1.92427 0.904075 -0.00207303 -1.48644 -0.0563829 2.37142 -1.06018 
-1.92431 0.904302 -0.00208604 -1.48641 -0.0563829 2.37168 -1.06019 
-1.92434 0.904469 -0.00212762 -1.48634 -0.0563829 2.37185 -1.06018 
-1.92436 0.904606 -0.00219038 -1.48626 -0.0563822 2.37195 -1.06019 
-1.92438 0.904749 -0.00230463 -1.48616 -0.0563835 2.37204 -1.06019 
-1.92441 0.904829 -0.00242766 -1.48607 -0.0563841 2.37214 -1.06018 
-1.92447 0.904895 -0.00252158 -1.48596 -0.0563822 2.37224 -1.06018 
-1.92457 0.90497 -0.00258118 -1.48584 -0.0563815 2.37234 -1.06019 
-1.92469 0.905075 -0.00263994 -1.48568 -0.0563834 2.37237 -1.06019 
-1.9248 0.905196 -0.00267089 -1.48548 -0.0563857 2.37239 -1.06018 
-1.92488 0.905339 -0.00266978 -1.48522 -0.0563863 2.37241 -1.06019 
-1.92491 0.905451 -0.00267338 -1.48497 -0.0563833 2.37241 -1.0602 
-1.92493 0.90553 -0.00267853 -1.48479 -0.0563838 2.37242 -1.06019 
-1.92496 0.905614 -0.00268297 -1.48466 -0.0563844 2.37242 -1.06019 
-1.92496 0.905716 -0.0026813 -1.48456 -0.0563851 2.37242 -1.06019 
-1.92498 0.905859 -0.002698 -1.48444 -0.0563823 2.37242 -1.06019 
-1.92503 0.906053 -0.00271215 -1.48435 -0.0563782 2.37242 -1.06019 
-1.92508 0.90628 -0.00272372 -1.48432 -0.0563758 2.37243 -1.06019 
-1.92516 0.906539 -0.00277063 -1.48426 -0.0563778 2.3725 -1.06019 
-1.92529 0.906882 -0.00286903 -1.48415 -0.0563771 2.37281 -1.06018 
-1.92545 0.907378 -0.0028843 -1.48389 -0.0563779 2.37306 -1.06019 
-1.92558 0.907975 -0.00289111 -1.48339 -0.0563742 2.37343 -1.06019 
-1.92572 0.908663 -0.002897 -1.48262 -0.0563748 2.3737 -1.06018 
-1.92584 0.909379 -0.00289903 -1.4818 -0.0563705 2.37381 -1.06019 
-1.92595 0.910081 -0.0029001 -1.48099 -0.0563757 2.37393 -1.06019 
-1.92603 0.910721 -0.0029039 -1.48022 -0.0563768 2.37394 -1.0602 
-1.92609 0.911371 -0.00290675 -1.47951 -0.0563754 2.37394 -1.0602 
-1.92614 0.91203 -0.0029177 -1.4788 -0.0563762 2.37394 -1.0602 
-1.92622 0.912743 -0.0029235 -1.47797 -0.0563735 2.37394 -1.0602 
-1.92631 0.913494 -0.0029419 -1.47723 -0.0563748 2.37394 -1.0602 
-1.92644 0.914224 -0.00304922 -1.47651 -0.0563748 2.37394 -1.06021 
-1.92658 0.914927 -0.00323751 -1.47582 -0.0563735 2.37393 -1.06022 
-1.92677 0.915726 -0.00339386 -1.47506 -0.0563778 2.37394 -1.06031 
-1.92697 0.916562 -0.00348811 -1.47429 -0.0563716 2.37394 -1.06045 
-1.92715 0.917458 -0.00360699 -1.47353 -0.0563718 2.37393 -1.0605 
-1.9273 0.918238 -0.00372396 -1.47302 -0.0563746 2.37394 -1.06056 
-1.92743 0.918891 -0.00379404 -1.4727 -0.0563722 2.37397 -1.06065 
-1.92753 0.919376 -0.00385075 -1.47254 -0.056376 2.37417 -1.0607 
-1.92759 0.919433 -0.00386306 -1.47238 -0.0563747 2.37462 -1.06076 
-1.92758 0.919428 -0.0038637 -1.47213 -0.056372 2.37461 -1.06079 
-1.92756 0.919449 -0.00385138 -1.47201 -0.0563767 2.3746 -1.0608 
-1.92756 0.919481 -0.00385667 -1.47203 -0.0563746 2.37459 -1.0608 
-1.92758 0.919555 -0.00386592 -1.47203 -0.0563754 2.3746 -1.0608 
-1.9276 0.919581 -0.00388282 -1.47204 -0.0563721 2.37459 -1.0608 
-1.92763 0.919593 -0.00389555 -1.47203 -0.0563758 2.37459 -1.06082 
-1.92764 0.919599 -0.00389392 -1.47204 -0.0563764 2.37459 -1.06084 
-1.92764 0.919588 -0.00389559 -1.47205 -0.0563765 2.37459 -1.06084 
-1.92768 0.919602 -0.00391163 -1.47206 -0.0563745 2.37457 -1.06087 
-1.9277 0.919603 -0.00389998 -1.47208 -0.0563771 2.37457 -1.06095 
-1.92766 0.919572 -0.00388611 -1.47208 -0.0563772 2.37457 -1.06103 
-1.92763 0.919566 -0.00387893 -1.47208 -0.0563783 2.37455 -1.06103 
-1.92761 0.919574 -0.0038782 -1.4721 -0.0563816 2.37453 -1.06103 
-1.92757 0.919547 -0.00385846 -1.47211 -0.0563783 2.37451 -1.06103 
-1.92747 0.919505 -0.00385373 -1.47211 -0.056379 2.37448 -1.06103 
-1.92739 0.919492 -0.00385902 -1.47211 -0.0563814 2.37433 -1.06104 
-1.92733 0.919478 -0.00385568 -1.47211 -0.0563809 2.37419 -1.06103 
-1.92732 0.919452 -0.00385373 -1.47211 -0.056377 2.37417 -1.06103 
-1.92732 0.919454 -0.00385639 -1.47211 -0.056379 2.37415 -1.06104 
-1.92733 0.919454 -0.00385377 -1.47214 -0.056379 2.37413 -1.06103 
-1.92732 0.919431 -0.00385568 -1.47215 -0.0563796 2.37413 -1.06103 
-1.92733 0.919425 -0.00385568 -1.47216 -0.0563779 2.37409 -1.06104 
-1.92732 0.919428 -0.00385277 -1.47218 -0.0563758 2.37403 -1.06103 
-1.92728 0.919398 -0.00383154 -1.47217 -0.0563727 2.37401 -1.06103 
-1.92724 0.919366 -0.00382449 -1.47218 -0.0563716 2.37396 -1.06103 
-1.92717 0.919346 -0.00380279 -1.47222 -0.0563723 2.37381 -1.06103 
-1.92711 0.919299 -0.00379198 -1.47227 -0.0563729 2.37373 -1.06103 
-1.92705 0.91924 -0.00372885 -1.4723 -0.0563727 2.3737 -1.06103 
-1.92699 0.91917 -0.00362967 -1.47236 -0.056371 2.37367 -1.06103 
-1.9269 0.919109 -0.00361305 -1.47243 -0.0563744 2.3736 -1.06103 
-1.92684 0.919061 -0.00358858 -1.47249 -0.0563699 2.3735 -1.06103 
-1.9268 0.919008 -0.00354858 -1.47257 -0.0563688 2.37348 -1.06103 
-1.92679 0.918909 -0.0035638 -1.47264 -0.0563738 2.37346 -1.06103 
-1.92686 0.918806 -0.00359786 -1.47269 -0.0563707 2.37343 -1.06103 
-1.92696 0.918719 -0.00361017 -1.47278 -0.0563761 2.37337 -1.06103 
-1.92704 0.918646 -0.00362748 -1.47287 -0.0563748 2.37326 -1.06104 
-1.92712 0.918553 -0.00367561 -1.47302 -0.0563754 2.37315 -1.06104 
-1.92718 0.918471 -0.00378685 -1.47319 -0.0563754 2.37312 -1.06104 
-1.92725 0.918431 -0.00381972 -1.47333 -0.0563791 2.37311 -1.06104 
-1.92728 0.918426 -0.00383132 -1.47347 -0.056376 2.37311 -1.06103 
-1.92731 0.918394 -0.00386438 -1.4736 -0.0563788 2.37312 -1.06103 
-1.92736 0.918378 -0.00390315 -1.47367 -0.0563759 2.37311 -1.06103 
-1.92741 0.918388 -0.00390837 -1.47369 -0.0563773 2.37311 -1.06103 
-1.92743 0.91837 -0.00391565 -1.47371 -0.056379 2.37312 -1.06103 
-1.92746 0.918342 -0.00391979 -1.47371 -0.056379 2.37311 -1.06103 
-1.92746 0.918343 -0.00391796 -1.47372 -0.0563799 2.37311 -1.06104 
-1.92746 0.918357 -0.00391629 -1.47375 -0.0563796 2.37311 -1.06104 
-1.92748 0.918363 -0.00392645 -1.47379 -0.0563796 2.37311 -1.06103 
-1.92749 0.918365 -0.00392267 -1.47387 -0.0563809 2.37311 -1.06104 
-1.92749 0.918367 -0.00392949 -1.47403 -0.0563809 2.37311 -1.06104 
-1.92752 0.918382 -0.0039541 -1.47423 -0.0563868 2.37311 -1.06105 
-1.92756 0.918408 -0.00396336 -1.47448 -0.0563849 2.37311 -1.06105 
-1.92759 0.918412 -0.00395951 -1.47486 -0.0563801 2.37311 -1.06106 
-1.92759 0.918384 -0.00395784 -1.47526 -0.056384 2.37311 -1.06106 
-1.9276 0.918382 -0.00398963 -1.47548 -0.0563889 2.37313 -1.06106 
-1.92763 0.918357 -0.00400577 -1.47548 -0.0563898 2.37313 -1.06107 
-1.92761 0.918328 -0.00399562 -1.47547 -0.056389 2.37314 -1.06108 
-1.92758 0.918292 -0.00397043 -1.47544 -0.0563891 2.37314 -1.06107 
-1.92752 0.918253 -0.00394393 -1.47544 -0.0563865 2.37314 -1.06108 
-1.92743 0.918222 -0.00394675 -1.47544 -0.056388 2.37315 -1.06107 
-1.92739 0.918202 -0.0039485 -1.47544 -0.0563886 2.37315 -1.06107 
-1.9274 0.918213 -0.00395727 -1.47544 -0.0563912 2.37314 -1.06107 
-1.92742 0.918233 -0.00396984 -1.47545 -0.0563907 2.37314 -1.06108 
-1.92744 0.918236 -0.00400004 -1.47546 -0.0563912 2.37314 -1.06107 
-1.92751 0.918252 -0.00405782 -1.47548 -0.0563911 2.37313 -1.06108 
-1.92765 0.91829 -0.00410743 -1.47551 -0.0563911 2.37313 -1.06108 
-1.92781 0.918301 -0.00420166 -1.4756 -0.056396 2.37314 -1.0611 
-1.92798 0.918299 -0.00427425 -1.47567 -0.0563959 2.37314 -1.06116 
-1.92815 0.918296 -0.00432914 -1.47566 -0.0563927 2.37315 -1.06145 
-1.92831 0.918265 -0.00436581 -1.4756 -0.0563921 2.37317 -1.06146 
-1.92846 0.918257 -0.00437386 -1.47544 -0.0563921 2.37318 -1.06147 
-1.92853 0.918267 -0.00437315 -1.47524 -0.0563889 2.37319 -1.06147 
-1.92857 0.918259 -0.00437672 -1.47495 -0.0563855 2.3732 -1.06146 
-1.92861 0.918265 -0.00437371 -1.47453 -0.056386 2.3732 -1.06147 
-1.9286 0.918264 -0.00437152 -1.47415 -0.0563846 2.3732 -1.06146 
-1.9286 0.918241 -0.00437296 -1.47379 -0.0563834 2.3732 -1.06147 
-1.92862 0.91826 -0.00437538 -1.47351 -0.0563815 2.3732 -1.06147 
-1.92862 0.918273 -0.00437514 -1.47347 -0.0563822 2.3732 -1.06147 
-1.92863 0.918338 -0.00437371 -1.47349 -0.0563786 2.37319 -1.06147 
-1.92864 0.918503 -0.00437538 -1.47351 -0.0563813 2.37319 -1.06147 
-1.92864 0.918686 -0.00437176 -1.47351 -0.0563776 2.37319 -1.06147 
-1.92863 0.918896 -0.00436857 -1.47352 -0.0563775 2.37319 -1.06147 
-1.92863 0.919145 -0.00435841 -1.47352 -0.0563761 2.3732 -1.06147 
-1.92862 0.919382 -0.00435357 -1.47352 -0.0563755 2.3732 -1.06147 
-1.92862 0.919596 -0.00435202 -1.47352 -0.0563735 2.37322 -1.06147 
-1.92863 0.919778 -0.00435922 -1.47351 -0.0563738 2.37324 -1.06147 
-1.92865 0.919919 -0.00436218 -1.47351 -0.0563674 2.37333 -1.06147 
-1.92864 0.920095 -0.00434915 -1.47349 -0.0563614 2.3739 -1.06147 
-1.92859 0.920283 -0.00432291 -1.47348 -0.0563633 2.37409 -1.06147 
-1.92856 0.920493 -0.00432241 -1.47348 -0.056362 2.37414 -1.06147 
-1.92856 0.920735 -0.00432241 -1.47349 -0.0563633 2.37415 -1.06147 
-1.92858 0.921046 -0.0043309 -1.47348 -0.0563614 2.37422 -1.06147 
-1.9286 0.921387 -0.00434133 -1.47349 -0.0563614 2.37438 -1.06147 
-1.92864 0.92174 -0.00435109 -1.47349 -0.056362 2.37449 -1.06146 
-1.92868 0.92213 -0.00436204 -1.4735 -0.0563633 2.37456 -1.06147 
-1.92873 0.922517 -0.00436579 -1.4735 -0.0563607 2.37461 -1.06147 
-1.92882 0.922866 -0.00436298 -1.4735 -0.0563614 2.37464 -1.06147 
-1.9289 0.923176 -0.00436579 -1.4735 -0.0563601 2.37467 -1.06147 
-1.92896 0.923452 -0.00436579 -1.4735 -0.0563601 2.37511 -1.06147 
-1.929 0.923641 -0.00435883 -1.4735 -0.0563614 2.37537 -1.06147 
-1.92901 0.923781 -0.00436218 -1.4735 -0.0563614 2.37539 -1.06147 
-1.92902 0.923869 -0.00436412 -1.4735 -0.0563652 2.3754 -1.06147 
-1.92906 0.923932 -0.00436781 -1.4735 -0.0563673 2.37541 -1.06147 
-1.92911 0.92399 -0.00436874 -1.47351 -0.0563681 2.37541 -1.06147 
-1.92916 0.924051 -0.00436971 -1.4735 -0.0563662 2.37542 -1.06147 
-1.92922 0.924108 -0.00436218 -1.4735 -0.0563668 2.37542 -1.06146 
-1.92925 0.924179 -0.00436051 -1.4735 -0.0563687 2.37543 -1.06147 
-1.92924 0.924295 -0.00435373 -1.4735 -0.0563668 2.37545 -1.06147 
-1.92924 0.924486 -0.00435049 -1.4735 -0.0563668 2.37584 -1.06147 
-1.92924 0.924737 -0.00435411 -1.4735 -0.0563674 2.3762 -1.06147 
-1.92925 0.92501 -0.00435898 -1.47348 -0.0563655 2.37633 -1.06147 
-1.92926 0.92532 -0.00435532 -1.47347 -0.0563655 2.37685 -1.06147 
-1.92926 0.925652 -0.00436093 -1.47346 -0.0563662 2.37729 -1.06147 
-1.92929 0.926014 -0.00435369 -1.47344 -0.0563637 2.3777 -1.06147 
-1.92929 0.926396 -0.00434715 -1.47342 -0.0563617 2.37812 -1.06147 
-1.92927 0.926679 -0.00433306 -1.4734 -0.0563611 2.37836 -1.06147 
-1.92927 0.92689 -0.00433278 -1.47337 -0.0563647 2.37861 -1.06147 
-1.92929 0.926969 -0.00434286 -1.47336 -0.0563611 2.37881 -1.06147 
-1.9293 0.926955 -0.00434931 -1.47332 -0.0563643 2.37882 -1.06147 
-1.92932 0.926933 -0.00435259 -1.47318 -0.0563637 2.37882 -1.06147 
-1.92935 0.926931 -0.0043473 -1.47296 -0.0563637 2.37881 -1.06147 
-1.92936 0.926933 -0.00435259 -1.47275 -0.0563594 2.37881 -1.06147 
-1.92937 0.926928 -0.00434922 -1.47258 -0.0563637 2.37881 -1.06147 
-1.92936 0.926916 -0.00435092 -1.47247 -0.0563655 2.37881 -1.06147 
-1.92936 0.926921 -0.00433881 -1.47244 -0.0563649 2.37881 -1.06147 
-1.92935 0.926932 -0.00434604 -1.47245 -0.0563645 2.3788 -1.06148 
-1.92937 0.926937 -0.00434605 -1.47245 -0.0563649 2.3788 -1.06147 
-1.92937 0.926933 -0.00434434 -1.47245 -0.0563605 2.3788 -1.06147 
-1.92936 0.926931 -0.00434076 -1.47245 -0.0563629 2.3788 -1.06147 
-1.92934 0.926928 -0.00432546 -1.47245 -0.0563613 2.37879 -1.06147 
-1.9293 0.926938 -0.00431098 -1.47246 -0.0563626 2.37879 -1.06147 
-1.9293 0.926935 -0.00431432 -1.47246 -0.0563626 2.37878 -1.06147 
-1.9293 0.926933 -0.00431488 -1.47246 -0.0563605 2.37878 -1.06147 
-1.9293 0.926933 -0.00431602 -1.47247 -0.0563636 2.37878 -1.06147 
-1.92929 0.926935 -0.00430279 -1.47247 -0.0563606 2.37878 -1.06147 
-1.92927 0.926932 -0.00429096 -1.47247 -0.0563601 2.37877 -1.06147 
-1.92926 0.926935 -0.00426704 -1.47248 -0.0563624 2.37878 -1.06148 
-1.92923 0.92693 -0.00422161 -1.47247 -0.0563589 2.37877 -1.06147 
-1.92924 0.92693 -0.00415154 -1.47247 -0.0563625 2.37878 -1.06147 
-1.92923 0.926931 -0.00412861 -1.47247 -0.0563599 2.37878 -1.06147 
-1.92923 0.926935 -0.00413261 -1.47248 -0.0563607 2.37877 -1.06147 
-1.92924 0.926931 -0.00413429 -1.47248 -0.0563616 2.37877 -1.06147 
-1.92925 0.926935 -0.00414346 -1.47248 -0.0563619 2.37877 -1.06147 
-1.92925 0.926937 -0.00413993 -1.47248 -0.0563651 2.37877 -1.06147 
-1.92924 0.92694 -0.00413581 -1.47249 -0.0563655 2.37877 -1.06147 
-1.92924 0.926936 -0.00412899 -1.47249 -0.0563662 2.37877 -1.06148 
-1.92922 0.926939 -0.00412413 -1.47249 -0.0563668 2.37877 -1.06147 
-1.92921 0.926946 -0.00411589 -1.4725 -0.0563636 2.37877 -1.06147 
-1.92921 0.926941 -0.00410797 -1.47251 -0.0563662 2.37876 -1.06147 
-1.9292 0.926943 -0.00411134 -1.47252 -0.0563668 2.37876 -1.06147 
-1.92921 0.926947 -0.00411465 -1.47252 -0.0563662 2.37876 -1.06147 
-1.92922 0.92694 -0.00411663 -1.47253 -0.0563623 2.37876 -1.06147 
-1.92921 0.92694 -0.00411134 -1.47253 -0.0563662 2.37876 -1.06147 
-1.92921 0.926947 -0.00411468 -1.47254 -0.0563662 2.37876 -1.06148 
-1.92921 0.92694 -0.00411301 -1.47254 -0.0563662 2.37876 -1.06147 
-1.92922 0.92694 -0.00412262 -1.47255 -0.0563662 2.37876 -1.06147 
-1.92924 0.926949 -0.00413406 -1.47256 -0.0563668 2.37875 -1.06147 
-1.92924 0.926945 -0.00412786 -1.47259 -0.0563674 2.37875 -1.06147 
-1.92922 0.926945 -0.00411894 -1.4726 -0.0563662 2.37875 -1.06147 
-1.92921 0.926945 -0.00411233 -1.4726 -0.0563687 2.37875 -1.06147 
-1.92919 0.926945 -0.00410456 -1.47261 -0.0563693 2.37875 -1.06147 
-1.92919 0.926945 -0.00411149 -1.47263 -0.0563674 2.37875 -1.06147 
-1.92922 0.926945 -0.00412678 -1.47264 -0.0563693 2.37875 -1.06147 
-1.92925 0.926947 -0.0041435 -1.47265 -0.0563727 2.37875 -1.06147 
-1.92928 0.926941 -0.00415358 -1.47268 -0.0563722 2.37874 -1.06147 
-1.92932 0.926945 -0.0041532 -1.47272 -0.0563689 2.37875 -1.06147 
-1.92934 0.926936 -0.0041607 -1.47274 -0.0563735 2.37875 -1.06147 
-1.92939 0.926917 -0.00418427 -1.47274 -0.0563716 2.37875 -1.06147 
-1.92949 0.926898 -0.00419571 -1.47274 -0.0563703 2.37875 -1.06147 
-1.92957 0.926896 -0.00422052 -1.47274 -0.0563749 2.37875 -1.06147 
-1.92956 0.926897 -0.00422307 -1.47274 -0.0563716 2.37875 -1.06148 
-1.92953 0.926872 -0.00420433 -1.47273 -0.0563729 2.37876 -1.06148 
-1.92951 0.926846 -0.00419091 -1.47272 -0.0563771 2.37876 -1.06148 
-1.92951 0.926837 -0.00418086 -1.47272 -0.0563794 2.37876 -1.06148 
-1.9295 0.926854 -0.0041751 -1.47272 -0.0563794 2.37876 -1.06147 
-1.9295 0.926865 -0.00417484 -1.47273 -0.0563799 2.37875 -1.06148 
-1.92951 0.926859 -0.00418665 -1.47273 -0.0563795 2.37876 -1.06148 
-1.92952 0.926837 -0.0041931 -1.47271 -0.0563783 2.37876 -1.06147 
-1.92952 0.926835 -0.00418782 -1.47271 -0.0563803 2.37876 -1.06147 
-1.92951 0.926837 -0.00418087 -1.47272 -0.0563803 2.37876 -1.06147 
-1.9295 0.926839 -0.00417893 -1.47272 -0.0563822 2.37875 -1.06147 
-1.9295 0.926844 -0.00417568 -1.47272 -0.0563834 2.37876 -1.06147 
-1.92949 0.926841 -0.00417028 -1.47272 -0.0563847 2.37876 -1.06148 
-1.92949 0.926826 -0.00417362 -1.47271 -0.0563828 2.37876 -1.06147 
-1.9295 0.926815 -0.00417892 -1.47271 -0.0563834 2.37876 -1.06148 
-1.92951 0.926824 -0.00418256 -1.47272 -0.0563822 2.37876 -1.06148 
-1.9295 0.92683 -0.00417963 -1.47272 -0.0563857 2.37875 -1.06148 
-1.92949 0.926817 -0.00418086 -1.47272 -0.0563892 2.37876 -1.06147 
-1.92949 0.926798 -0.00417724 -1.47271 -0.0563886 2.37876 -1.06148 
-1.92951 0.926799 -0.00419257 -1.47271 -0.05639 2.37876 -1.06148 
-1.92951 0.926797 -0.00419045 -1.47271 -0.0563907 2.37876 -1.06147 
-1.92951 0.926783 -0.00419091 -1.4727 -0.0563891 2.37876 -1.06147 
-1.92951 0.926767 -0.00418736 -1.4727 -0.0563866 2.37877 -1.06147 
-1.9295 0.926767 -0.00418565 -1.47269 -0.0563888 2.37876 -1.06148 
-1.9295 0.926766 -0.00418406 -1.4727 -0.0563901 2.37876 -1.06148 
-1.9295 0.926756 -0.00418374 -1.47269 -0.0563895 2.37876 -1.06148 
-1.9295 0.926748 -0.00418549 -1.47269 -0.0563904 2.37877 -1.06148 
-1.9295 0.926745 -0.00418478 -1.47269 -0.0563907 2.37877 -1.06148 
-1.9295 0.926742 -0.00418444 -1.47268 -0.0563901 2.37876 -1.06147 
-1.92952 0.92673 -0.0042016 -1.47269 -0.0563882 2.37877 -1.06148 
