-1.96913 -0.36407 0.0202965 -1.91878 0.0017559 1.51476 -1.1237 
-1.96912 -0.364066 0.0203044 -1.91879 0.00175494 1.51476 -1.12371 
-1.96911 -0.364066 0.0203071 -1.91878 0.00175827 1.51476 -1.12371 
-1.96913 -0.364068 0.020302 -1.91878 0.00175524 1.51476 -1.12371 
-1.96914 -0.364071 0.0202853 -1.91878 0.00175379 1.51476 -1.12371 
-1.96913 -0.364073 0.0202889 -1.91878 0.00175423 1.51476 -1.12371 
-1.96914 -0.36407 0.0202851 -1.91878 0.00175669 1.51476 -1.12371 
-1.96913 -0.364071 0.0202853 -1.91878 0.00175511 1.51476 -1.12371 
-1.96913 -0.364066 0.0202909 -1.91878 0.00175606 1.51476 -1.12371 
-1.96913 -0.364067 0.0202926 -1.91878 0.00175817 1.51476 -1.12371 
-1.96913 -0.36407 0.0202926 -1.91878 0.00175839 1.51476 -1.12371 
-1.96913 -0.364071 0.0202926 -1.91878 0.00175945 1.51476 -1.12371 
-1.96913 -0.364071 0.0202926 -1.91878 0.00175877 1.51476 -1.12371 
-1.96912 -0.364068 0.0202942 -1.91878 0.00175556 1.51476 -1.12371 
-1.96913 -0.364068 0.0202926 -1.91878 0.00175615 1.51476 -1.12371 
-1.96913 -0.364066 0.0202926 -1.91878 0.00175675 1.51476 -1.12371 
-1.96913 -0.364064 0.0202926 -1.91878 0.00175451 1.51476 -1.12371 
-1.96913 -0.364068 0.0202942 -1.91878 0.00175688 1.51476 -1.12371 
-1.96912 -0.364063 0.0202926 -1.91878 0.00175548 1.51476 -1.12371 
-1.96912 -0.364064 0.0202962 -1.91878 0.00175746 1.51476 -1.12371 
-1.96912 -0.364064 0.0202962 -1.91878 0.00175998 1.51476 -1.12371 
-1.96912 -0.364065 0.0203015 -1.91878 0.00175973 1.51476 -1.12371 
-1.96912 -0.364067 0.0202995 -1.91878 0.00175657 1.51476 -1.12371 
-1.96912 -0.364067 0.0202979 -1.91878 0.00175874 1.51476 -1.12371 
-1.96912 -0.364067 0.0202995 -1.91878 0.00175614 1.51476 -1.12371 
-1.96912 -0.364064 0.0203048 -1.91878 0.00175844 1.51476 -1.12371 
-1.96912 -0.364067 0.0203048 -1.91878 0.00175879 1.51476 -1.12371 
-1.96912 -0.364065 0.0202979 -1.91878 0.00175543 1.51476 -1.12371 
-1.96913 -0.364064 0.0202926 -1.91878 0.00175572 1.51476 -1.12371 
-1.96913 -0.364065 0.0202941 -1.91878 0.00176034 1.51476 -1.12371 
-1.96913 -0.364067 0.0202995 -1.91878 0.00175806 1.51476 -1.12371 
-1.96913 -0.364067 0.0202909 -1.91878 0.00175619 1.51476 -1.12371 
-1.96914 -0.36407 0.0202873 -1.91878 0.00175766 1.51476 -1.12371 
-1.96914 -0.364067 0.020281 -1.91878 0.00175258 1.51476 -1.12371 
-1.96915 -0.364065 0.0202753 -1.91878 0.00175837 1.51476 -1.12371 
-1.96915 -0.364061 0.0202768 -1.91878 0.00175552 1.51476 -1.12371 
-1.96915 -0.364063 0.0202704 -1.91878 0.00175547 1.51476 -1.12371 
-1.96916 -0.364058 0.0202667 -1.91878 0.00174998 1.51476 -1.12371 
-1.96917 -0.364045 0.0202529 -1.91879 0.0017538 1.51476 -1.1237 
-1.96917 -0.364045 0.0202482 -1.91879 0.00175035 1.51476 -1.12371 
-1.96917 -0.364049 0.0202567 -1.91878 0.00175247 1.51477 -1.1237 
-1.96917 -0.364045 0.0202514 -1.91878 0.00174998 1.51477 -1.12371 
-1.96918 -0.364047 0.0202428 -1.91879 0.00174866 1.51477 -1.12371 
-1.96918 -0.36404 0.0202429 -1.91879 0.00175034 1.51477 -1.12371 
-1.96917 -0.364045 0.0202482 -1.91879 0.00175004 1.51477 -1.12371 
-1.96916 -0.364052 0.0202571 -1.91877 0.00175452 1.51477 -1.12371 
-1.96917 -0.364047 0.0202521 -1.91878 0.00174931 1.51477 -1.12371 
-1.96917 -0.364047 0.0202465 -1.91878 0.00174999 1.51477 -1.12371 
-1.96917 -0.364056 0.0202465 -1.91877 0.00174906 1.51477 -1.12371 
-1.96916 -0.364081 0.0202518 -1.91876 0.00174999 1.51477 -1.12371 
-1.96919 -0.36409 0.0202376 -1.91875 0.00174616 1.51478 -1.12371 
-1.96922 -0.364083 0.0201935 -1.91872 0.00174286 1.51479 -1.12371 
-1.96922 -0.364083 0.0201639 -1.91871 0.00174286 1.51479 -1.12371 
-1.96919 -0.364081 0.0201843 -1.9187 0.0017448 1.51479 -1.12371 
-1.96916 -0.364081 0.0202135 -1.9187 0.00174871 1.51479 -1.12371 
-1.96916 -0.364078 0.0202217 -1.9187 0.00174551 1.51479 -1.12371 
-1.96919 -0.364061 0.0202007 -1.91872 0.00174286 1.51478 -1.12371 
-1.96921 -0.36406 0.0201699 -1.91873 0.00173971 1.51477 -1.12371 
-1.96923 -0.364069 0.0201473 -1.91873 0.00173778 1.51477 -1.12371 
-1.96921 -0.364057 0.0201636 -1.91873 0.00174032 1.51478 -1.12371 
-1.96913 -0.364025 0.0202418 -1.91874 0.00174866 1.51478 -1.12371 
-1.9691 -0.364026 0.0202873 -1.91874 0.00174866 1.51479 -1.12371 
-1.96914 -0.364023 0.0202548 -1.91877 0.00174734 1.51477 -1.12371 
-1.9692 -0.363985 0.0201839 -1.91882 0.00174164 1.51475 -1.12371 
-1.96919 -0.363974 0.0201895 -1.91883 0.00174286 1.51475 -1.12371 
-1.96916 -0.363991 0.020226 -1.91883 0.00174225 1.51475 -1.12371 
-1.96916 -0.363985 0.0202232 -1.91883 0.00174358 1.51476 -1.12371 
-1.96916 -0.363929 0.0202196 -1.91886 0.00174673 1.51476 -1.12371 
-1.96913 -0.363879 0.0202579 -1.9189 0.00174734 1.51476 -1.12372 
-1.96906 -0.363873 0.0202791 -1.9189 0.00174358 1.51477 -1.12371 
-1.96906 -0.363875 0.0202549 -1.91884 0.00174673 1.51499 -1.12371 
-1.96911 -0.363872 0.020226 -1.91882 0.00174419 1.51575 -1.1237 
-1.96913 -0.363836 0.0202201 -1.91882 0.00173686 1.51692 -1.1237 
-1.96913 -0.363746 0.0202215 -1.91884 0.00173746 1.51828 -1.1237 
-1.9691 -0.363548 0.0202561 -1.91886 0.00173553 1.51968 -1.1237 
-1.96905 -0.363207 0.0202675 -1.91889 0.00172687 1.52112 -1.12369 
-1.96903 -0.362675 0.0202732 -1.91909 0.00172085 1.52272 -1.12367 
-1.96899 -0.36185 0.0202945 -1.91968 0.00170827 1.52493 -1.12365 
-1.96889 -0.360564 0.0203224 -1.92079 0.0016716 1.52842 -1.12363 
-1.96874 -0.358836 0.0203792 -1.92206 0.00162085 1.53181 -1.12363 
-1.96845 -0.356399 0.0204175 -1.92392 0.00158068 1.53639 -1.12362 
-1.96796 -0.353265 0.0204314 -1.92624 0.00151913 1.54295 -1.12359 
-1.96735 -0.349714 0.0204313 -1.92915 0.00147809 1.5515 -1.1232 
-1.96657 -0.345669 0.0204507 -1.93245 0.00142344 1.56103 -1.12271 
-1.96565 -0.340861 0.0204906 -1.93593 0.00136451 1.57244 -1.12175 
-1.96468 -0.335309 0.0205882 -1.9394 0.00131089 1.58469 -1.12006 
-1.96369 -0.328483 0.0205818 -1.94326 0.00108148 1.59754 -1.11736 
-1.96279 -0.320799 0.0205711 -1.94717 0.000787055 1.61131 -1.11295 
-1.96184 -0.312795 0.0205854 -1.95074 0.000502756 1.62565 -1.10732 
-1.96093 -0.304258 0.0205886 -1.95418 9.03731e-05 1.63969 -1.10058 
-1.96006 -0.293304 0.0205886 -1.95755 -0.000621885 1.65528 -1.09385 
-1.95924 -0.282827 0.0205998 -1.96023 -0.00157264 1.67035 -1.08869 
-1.95834 -0.271078 0.0205823 -1.96246 -0.00272183 1.68459 -1.08393 
-1.95753 -0.258767 0.0205893 -1.964 -0.00444819 1.69958 -1.07934 
-1.95662 -0.24499 0.0206099 -1.96518 -0.00633522 1.71513 -1.07536 
-1.95575 -0.231129 0.020602 -1.96564 -0.00797312 1.73099 -1.07163 
-1.95481 -0.215775 0.0205872 -1.96568 -0.00958372 1.74724 -1.06774 
-1.95398 -0.201087 0.0205868 -1.9656 -0.0108103 1.7638 -1.06399 
-1.95303 -0.185547 0.0205668 -1.96552 -0.01169 1.78036 -1.06125 
-1.95232 -0.169893 0.0205968 -1.96564 -0.0121949 1.79829 -1.05934 
-1.95162 -0.153542 0.0205762 -1.96543 -0.0123249 1.81644 -1.05805 
-1.95107 -0.137214 0.020583 -1.96547 -0.0123285 1.83411 -1.05718 
-1.95064 -0.120666 0.0205787 -1.96518 -0.0123272 1.85328 -1.05589 
-1.95025 -0.103023 0.0205511 -1.96503 -0.0123221 1.87375 -1.05383 
-1.95 -0.0861481 0.020568 -1.96484 -0.0123226 1.89318 -1.05148 
-1.94978 -0.06875 0.0205359 -1.96451 -0.0123259 1.91386 -1.04752 
-1.94954 -0.0503561 0.020548 -1.96384 -0.0123247 1.93424 -1.04299 
-1.94925 -0.0328622 0.0205547 -1.96334 -0.0123184 1.95355 -1.03939 
-1.9488 -0.0157411 0.020537 -1.96232 -0.012319 1.97247 -1.03633 
-1.94829 0.00294999 0.0205398 -1.96119 -0.0123195 1.99193 -1.03348 
-1.94774 0.021754 0.0205526 -1.95977 -0.0123177 2.01025 -1.03081 
-1.94703 0.0400859 0.0205309 -1.95798 -0.0123213 2.02799 -1.02765 
-1.94628 0.0587733 0.0205268 -1.95571 -0.0123305 2.04475 -1.02489 
-1.94559 0.0780212 0.0205236 -1.95329 -0.0123239 2.06039 -1.0233 
-1.94502 0.0958724 0.0205016 -1.95077 -0.0123189 2.07436 -1.0226 
-1.94444 0.114567 0.020497 -1.94731 -0.0123183 2.0878 -1.02238 
-1.94392 0.133985 0.020501 -1.94354 -0.0123151 2.10064 -1.02224 
-1.94353 0.152455 0.0204887 -1.9399 -0.0123078 2.11223 -1.02184 
-1.94319 0.17047 0.0204844 -1.93559 -0.0123084 2.12344 -1.02144 
-1.94282 0.189949 0.0204857 -1.93026 -0.0123182 2.13434 -1.02141 
-1.94254 0.208867 0.020471 -1.92508 -0.0123176 2.14464 -1.02141 
-1.94235 0.228312 0.0204322 -1.91893 -0.0123098 2.15492 -1.0214 
-1.9422 0.248534 0.0204049 -1.91188 -0.0123143 2.16521 -1.0214 
-1.94207 0.267285 0.0204176 -1.90494 -0.0123163 2.17477 -1.0214 
-1.94182 0.28695 0.0204045 -1.8976 -0.0123163 2.18501 -1.0214 
-1.94154 0.305982 0.0203584 -1.88971 -0.0123237 2.19513 -1.0214 
-1.94131 0.323872 0.0203673 -1.88159 -0.012354 2.20446 -1.02141 
-1.94097 0.343964 0.0203757 -1.87234 -0.0123858 2.21521 -1.02142 
-1.94056 0.363772 0.0203193 -1.86313 -0.0124861 2.22608 -1.02143 
-1.94029 0.38104 0.0202987 -1.85454 -0.0127211 2.23589 -1.02146 
-1.94001 0.400162 0.0203399 -1.84451 -0.0132795 2.2455 -1.02159 
-1.93966 0.418759 0.0203192 -1.83517 -0.0142594 2.25512 -1.02191 
-1.93946 0.432994 0.0202937 -1.8276 -0.0155334 2.26267 -1.02214 
-1.93918 0.453065 0.0203409 -1.81658 -0.0182984 2.27219 -1.02283 
-1.9388 0.471064 0.0203517 -1.80704 -0.0217554 2.27934 -1.0238 
-1.93837 0.488128 0.0202907 -1.79717 -0.0256111 2.28549 -1.0241 
-1.93802 0.504293 0.0203461 -1.7874 -0.0291234 2.29176 -1.02412 
-1.93753 0.521697 0.0203488 -1.77748 -0.0325148 2.29793 -1.02412 
-1.93706 0.537953 0.0202803 -1.767 -0.0352107 2.30338 -1.02413 
-1.93671 0.553773 0.0203416 -1.75675 -0.0370422 2.30787 -1.02414 
-1.93618 0.570279 0.0203305 -1.74606 -0.0381673 2.31166 -1.02419 
-1.93567 0.585648 0.0202909 -1.73475 -0.0386641 2.31426 -1.02451 
-1.93524 0.601871 0.020349 -1.7234 -0.0387119 2.31496 -1.02483 
-1.93468 0.616955 0.0203272 -1.71172 -0.0387262 2.31498 -1.02511 
-1.93421 0.631997 0.0203157 -1.70019 -0.0387561 2.31498 -1.0258 
-1.93371 0.647622 0.0203277 -1.68813 -0.0387852 2.31499 -1.02686 
-1.93321 0.660852 0.0203089 -1.67714 -0.0388374 2.31499 -1.02788 
-1.93268 0.675959 0.0203104 -1.66524 -0.0389139 2.31502 -1.02907 
-1.93202 0.689986 0.0202956 -1.65288 -0.0391217 2.31505 -1.03023 
-1.93148 0.70476 0.0202863 -1.6409 -0.0394091 2.31506 -1.03158 
-1.93102 0.717375 0.0202818 -1.62933 -0.0397964 2.31508 -1.03334 
-1.93072 0.729977 0.0202811 -1.61884 -0.0403573 2.31521 -1.03588 
-1.93055 0.740547 0.0202643 -1.6087 -0.0410183 2.31551 -1.03849 
-1.93055 0.752335 0.0202333 -1.59869 -0.0415764 2.31592 -1.04074 
-1.93061 0.76276 0.0201913 -1.58907 -0.0420148 2.31683 -1.04213 
-1.93076 0.773096 0.0201206 -1.5798 -0.0425004 2.31828 -1.04311 
-1.93093 0.782686 0.0201144 -1.57181 -0.0428469 2.32034 -1.04397 
-1.93115 0.791893 0.0200756 -1.56346 -0.0430738 2.32374 -1.04451 
-1.93146 0.800899 0.0200604 -1.55656 -0.043264 2.32926 -1.0449 
-1.93167 0.80886 0.0200446 -1.55119 -0.0436167 2.33621 -1.04582 
-1.9319 0.816061 0.0200244 -1.54637 -0.0439472 2.3444 -1.04714 
-1.93219 0.823096 0.0200166 -1.54241 -0.044165 2.35358 -1.04837 
-1.93243 0.829585 0.020008 -1.53949 -0.0443261 2.36228 -1.04906 
-1.93271 0.835368 0.0199711 -1.53745 -0.0443966 2.37221 -1.0494 
-1.93311 0.840228 0.0199494 -1.53631 -0.0444737 2.38172 -1.04968 
-1.93363 0.844596 0.0199422 -1.53577 -0.0446121 2.38994 -1.04992 
-1.93417 0.84843 0.0199447 -1.53576 -0.0448246 2.39646 -1.05017 
-1.93474 0.852475 0.019941 -1.53578 -0.0451799 2.40172 -1.0506 
-1.93522 0.855788 0.0199322 -1.53578 -0.0456279 2.40593 -1.05118 
-1.93567 0.858755 0.0199346 -1.53578 -0.0462588 2.40967 -1.05218 
-1.93601 0.861289 0.0199174 -1.53573 -0.0468399 2.41289 -1.05365 
-1.9363 0.863229 0.0198787 -1.53572 -0.0476096 2.41529 -1.05535 
-1.93661 0.864863 0.0198772 -1.5357 -0.0487164 2.41719 -1.05768 
-1.93686 0.866182 0.0198741 -1.53563 -0.0497616 2.41802 -1.05986 
-1.93704 0.867119 0.0198629 -1.53559 -0.0508708 2.41811 -1.06167 
-1.93721 0.867855 0.0198691 -1.53558 -0.0522831 2.41811 -1.06342 
-1.93732 0.868438 0.0198549 -1.53552 -0.0536368 2.41813 -1.06454 
-1.93744 0.868858 0.0198275 -1.53548 -0.0550994 2.41813 -1.06518 
-1.93765 0.869178 0.0197971 -1.53544 -0.0570791 2.41813 -1.06592 
-1.93793 0.869427 0.019802 -1.53543 -0.0594715 2.41813 -1.0668 
-1.93825 0.869641 0.0198009 -1.53541 -0.0620228 2.41815 -1.06747 
-1.93861 0.869869 0.0197933 -1.53533 -0.0648457 2.41821 -1.06805 
-1.93903 0.870151 0.019792 -1.5352 -0.0676264 2.41843 -1.06863 
-1.93948 0.870506 0.0197956 -1.53505 -0.070007 2.41871 -1.06886 
-1.93988 0.870896 0.0197903 -1.53492 -0.0717163 2.41899 -1.06888 
-1.94028 0.871279 0.0197917 -1.53487 -0.0730243 2.41927 -1.06903 
-1.94061 0.871663 0.0197872 -1.53484 -0.0740657 2.41941 -1.06929 
-1.9409 0.872058 0.0197907 -1.5348 -0.0746592 2.41958 -1.06944 
-1.94112 0.872519 0.0197951 -1.5347 -0.0750442 2.41996 -1.06991 
-1.94125 0.873032 0.0197889 -1.53458 -0.075209 2.42088 -1.07065 
-1.94138 0.873515 0.0197907 -1.53448 -0.0752221 2.4228 -1.07117 
-1.94143 0.874024 0.0197925 -1.53445 -0.0752389 2.42556 -1.07191 
-1.94143 0.874573 0.0197973 -1.53444 -0.0752413 2.42953 -1.07324 
-1.94145 0.875061 0.0197915 -1.53444 -0.0752426 2.43426 -1.0743 
-1.94153 0.875474 0.0197888 -1.53444 -0.0752411 2.43858 -1.075 
-1.94161 0.875916 0.0197888 -1.53444 -0.07524 2.44307 -1.07569 
-1.94171 0.876383 0.0197806 -1.53444 -0.0752419 2.44753 -1.07623 
-1.9419 0.876769 0.0197741 -1.53444 -0.0752399 2.451 -1.07645 
-1.94212 0.877075 0.0197813 -1.53444 -0.075246 2.45264 -1.07679 
-1.94236 0.877377 0.019778 -1.53447 -0.075244 2.45272 -1.07758 
-1.94259 0.877726 0.0197871 -1.53451 -0.0752427 2.45271 -1.07837 
-1.94272 0.878139 0.0197874 -1.53451 -0.0752421 2.45271 -1.07882 
-1.94278 0.878662 0.019793 -1.53451 -0.075244 2.45272 -1.07904 
-1.94277 0.879182 0.019816 -1.5345 -0.0752434 2.45271 -1.07937 
-1.94267 0.879753 0.0198429 -1.53451 -0.0752421 2.45271 -1.07975 
-1.94255 0.880411 0.0198374 -1.5345 -0.0752389 2.45272 -1.07992 
-1.94247 0.881165 0.0198504 -1.53449 -0.0752415 2.45273 -1.08005 
-1.94238 0.882112 0.0198483 -1.53445 -0.0752415 2.45274 -1.08025 
-1.94238 0.883019 0.0198466 -1.53445 -0.0752409 2.45274 -1.08041 
-1.9424 0.883985 0.0198404 -1.53445 -0.0752421 2.45273 -1.08058 
-1.94246 0.885108 0.0198334 -1.53445 -0.0752396 2.45274 -1.08082 
-1.94254 0.886337 0.0198352 -1.53442 -0.0752353 2.45274 -1.08095 
-1.94263 0.887522 0.0198294 -1.5344 -0.0752345 2.45274 -1.08099 
-1.94278 0.888762 0.0198236 -1.53438 -0.0752362 2.45274 -1.081 
-1.94294 0.88995 0.0198216 -1.53431 -0.0752381 2.45274 -1.08104 
-1.94312 0.89118 0.0198233 -1.53408 -0.0752322 2.45275 -1.08107 
-1.94329 0.892395 0.0198233 -1.53366 -0.0752332 2.45277 -1.08107 
-1.94342 0.893207 0.0198249 -1.53263 -0.0752335 2.45276 -1.08108 
-1.94345 0.89334 0.0198216 -1.53149 -0.0752345 2.45276 -1.08109 
-1.94348 0.893507 0.0198202 -1.53029 -0.0752342 2.45276 -1.08117 
-1.94356 0.893808 0.0198184 -1.5289 -0.0752345 2.45277 -1.08159 
-1.94369 0.894357 0.0198116 -1.52724 -0.0752359 2.45276 -1.08225 
-1.94387 0.89512 0.0198122 -1.52552 -0.075234 2.45276 -1.083 
-1.94408 0.896067 0.0198052 -1.52383 -0.0752335 2.45276 -1.08383 
-1.94436 0.897117 0.0198003 -1.52238 -0.0752326 2.45276 -1.08458 
-1.94465 0.898225 0.019802 -1.52126 -0.0752322 2.45276 -1.08535 
-1.94491 0.899372 0.0198037 -1.52051 -0.0752278 2.45276 -1.08614 
-1.94511 0.900564 0.019803 -1.52011 -0.0752234 2.45278 -1.08633 
-1.94536 0.901242 0.019777 -1.5194 -0.0752214 2.45283 -1.08636 
-1.94556 0.901317 0.0198451 -1.51871 -0.0752241 2.45283 -1.08645 
-1.94558 0.901486 0.0198195 -1.51821 -0.075223 2.45283 -1.08665 
-1.94569 0.901662 0.0197885 -1.51791 -0.0752204 2.45283 -1.08665 
-1.94598 0.901885 0.0197853 -1.51786 -0.0752204 2.45283 -1.08665 
-1.94637 0.902337 0.0197924 -1.51786 -0.0752216 2.45282 -1.08666 
-1.94684 0.90304 0.0197907 -1.51786 -0.0752204 2.45282 -1.08666 
-1.94741 0.903938 0.0197927 -1.51787 -0.0752147 2.45281 -1.08665 
-1.94803 0.904976 0.019791 -1.51788 -0.0752131 2.45281 -1.08666 
-1.94863 0.905998 0.0198085 -1.51791 -0.0751997 2.45278 -1.08666 
-1.94907 0.906448 0.0198037 -1.51798 -0.0752075 2.45279 -1.08666 
-1.94931 0.906119 0.0199143 -1.51795 -0.0752028 2.45278 -1.08667 
-1.94923 0.906109 0.0199329 -1.51785 -0.0752015 2.45278 -1.08667 
-1.94915 0.906136 0.0199195 -1.51785 -0.0752015 2.45279 -1.08667 
-1.94913 0.90614 0.0199223 -1.51785 -0.0752022 2.45278 -1.08667 
-1.94914 0.906147 0.0199177 -1.51785 -0.0751938 2.45278 -1.08667 
-1.94919 0.90615 0.0198985 -1.51785 -0.0751843 2.45278 -1.08667 
-1.94934 0.906195 0.0198943 -1.51786 -0.075174 2.45278 -1.08667 
-1.94955 0.906252 0.0198947 -1.51788 -0.0751443 2.45277 -1.08667 
-1.94973 0.906275 0.0199138 -1.51788 -0.0750158 2.45277 -1.08665 
-1.9498 0.906319 0.0199197 -1.51788 -0.0748888 2.45277 -1.08665 
-1.94979 0.906329 0.0199418 -1.51789 -0.0748622 2.45274 -1.08664 
-1.94972 0.906318 0.0199782 -1.51789 -0.074839 2.45273 -1.08662 
-1.94964 0.906316 0.0199804 -1.51789 -0.0748378 2.45273 -1.08661 
-1.94959 0.906303 0.0199873 -1.51789 -0.0748385 2.45272 -1.08662 
-1.94957 0.90626 0.0199835 -1.51789 -0.0748391 2.45267 -1.08662 
-1.94953 0.906256 0.020005 -1.51789 -0.0748416 2.45263 -1.08662 
-1.94939 0.906218 0.0200192 -1.51789 -0.0748474 2.45263 -1.08662 
-1.94917 0.90614 0.0200177 -1.51789 -0.0748467 2.45262 -1.08663 
-1.94897 0.906138 0.0200198 -1.5179 -0.074849 2.45257 -1.08663 
-1.94881 0.906108 0.0200102 -1.5179 -0.0748484 2.45245 -1.08662 
-1.94882 0.90609 0.0200016 -1.51789 -0.0748478 2.45245 -1.08663 
-1.94902 0.906106 0.0199474 -1.51789 -0.0748484 2.45245 -1.08662 
-1.94948 0.906139 0.0198922 -1.5179 -0.0748478 2.45246 -1.08663 
-1.95011 0.906185 0.0199635 -1.51795 -0.0748419 2.45244 -1.08664 
-1.95058 0.906176 0.0200659 -1.51822 -0.0747705 2.4524 -1.08663 
-1.95063 0.906215 0.0200703 -1.51846 -0.074553 2.45238 -1.08663 
-1.95054 0.906322 0.0200898 -1.51874 -0.0745089 2.45237 -1.08663 
-1.95037 0.906442 0.0200842 -1.51914 -0.0745115 2.45235 -1.08663 
-1.95021 0.906579 0.0200911 -1.51957 -0.0745189 2.45235 -1.08663 
-1.94998 0.90683 0.0200895 -1.51988 -0.0745176 2.45235 -1.08663 
-1.94966 0.907241 0.0200991 -1.51994 -0.0745176 2.45235 -1.08663 
-1.94936 0.907692 0.0200937 -1.51991 -0.0745151 2.45236 -1.08662 
-1.94924 0.90818 0.0200572 -1.51992 -0.0745157 2.45236 -1.08662 
-1.94941 0.908763 0.0200128 -1.51992 -0.0745157 2.45235 -1.08663 
-1.94979 0.909349 0.0199906 -1.51989 -0.0745125 2.45235 -1.08661 
-1.95033 0.909921 0.0199911 -1.51984 -0.0745037 2.45236 -1.0866 
-1.95092 0.910422 0.020014 -1.51959 -0.0744553 2.45239 -1.08657 
-1.95129 0.910879 0.0201136 -1.51903 -0.0741604 2.45239 -1.08653 
-1.9513 0.911264 0.0201211 -1.51849 -0.0736423 2.45238 -1.08649 
-1.95122 0.911539 0.0201268 -1.51826 -0.0735151 2.45238 -1.08649 
-1.95107 0.911757 0.0201212 -1.51824 -0.073523 2.45238 -1.08648 
-1.95093 0.912074 0.0201064 -1.51821 -0.0735192 2.45238 -1.08649 
-1.95091 0.912635 0.0201025 -1.518 -0.0735186 2.45239 -1.08649 
-1.95095 0.913403 0.0201009 -1.51757 -0.0735154 2.45239 -1.08648 
-1.95095 0.914396 0.0201009 -1.51682 -0.0735067 2.4524 -1.08646 
-1.95093 0.915715 0.0201198 -1.51574 -0.073508 2.4524 -1.08645 
-1.95088 0.917477 0.0201294 -1.51427 -0.0735106 2.45238 -1.08646 
-1.95084 0.91948 0.0201274 -1.51273 -0.0735112 2.45238 -1.08645 
-1.95077 0.921937 0.0201496 -1.51101 -0.0735054 2.45239 -1.08646 
-1.95061 0.924776 0.0201737 -1.50911 -0.0735058 2.45239 -1.08646 
-1.95038 0.927892 0.0201843 -1.50705 -0.0735068 2.45239 -1.08646 
-1.95005 0.931828 0.0201837 -1.50445 -0.0735043 2.45239 -1.08646 
-1.94975 0.935556 0.0201784 -1.50191 -0.0735026 2.45237 -1.08645 
-1.94956 0.939102 0.0201636 -1.49943 -0.073501 2.45236 -1.08645 
-1.94954 0.942813 0.0201639 -1.49684 -0.0735007 2.45236 -1.08645 
-1.94957 0.946581 0.0201652 -1.49408 -0.0734994 2.45237 -1.08644 
-1.94956 0.950684 0.0201716 -1.49094 -0.0734871 2.45235 -1.08644 
-1.94954 0.955151 0.0201702 -1.4877 -0.0734665 2.45235 -1.08641 
-1.94958 0.959627 0.0201599 -1.48465 -0.0734584 2.45233 -1.0864 
-1.9496 0.963653 0.0201651 -1.48176 -0.0734441 2.45228 -1.0864 
-1.94963 0.967658 0.0201483 -1.4788 -0.0734421 2.452 -1.0864 
-1.94972 0.971605 0.0201603 -1.47575 -0.0734243 2.45172 -1.08637 
-1.94978 0.974658 0.0201086 -1.47209 -0.0734521 2.45164 -1.08634 
-1.94981 0.975673 0.0201684 -1.46876 -0.0734428 2.45066 -1.08633 
-1.9498 0.976544 0.0200995 -1.46613 -0.0734467 2.44837 -1.08633 
-1.95001 0.977622 0.0200865 -1.46444 -0.0734454 2.44678 -1.08633 
-1.95027 0.978799 0.0200932 -1.46305 -0.0734486 2.44642 -1.08633 
-1.9504 0.979406 0.0201073 -1.4621 -0.0734489 2.4459 -1.08633 
-1.95033 0.979515 0.0201124 -1.46177 -0.073446 2.44499 -1.08633 
-1.95028 0.979545 0.020102 -1.46169 -0.0734486 2.44428 -1.08629 
-1.95031 0.979545 0.0200887 -1.46168 -0.0734433 2.44395 -1.08602 
-1.95038 0.979559 0.0200815 -1.46168 -0.0734422 2.44382 -1.08524 
-1.9504 0.979568 0.0200778 -1.46168 -0.0734439 2.44372 -1.08414 
-1.95041 0.979574 0.0200603 -1.46168 -0.0734409 2.44361 -1.08282 
-1.95049 0.979574 0.020056 -1.46168 -0.073431 2.44347 -1.08114 
-1.95053 0.979582 0.0200559 -1.46168 -0.0734224 2.44333 -1.07896 
-1.95059 0.979574 0.0200396 -1.46168 -0.0732938 2.44315 -1.07554 
-1.95077 0.979569 0.0200346 -1.46169 -0.0728665 2.44289 -1.06935 
-1.95098 0.979548 0.0200368 -1.46169 -0.0723469 2.44254 -1.06007 
-1.95121 0.979528 0.0200184 -1.4617 -0.0720067 2.44215 -1.04896 
-1.95152 0.979469 0.0199897 -1.46169 -0.0718388 2.44165 -1.03646 
-1.9519 0.979427 0.0199946 -1.46169 -0.071775 2.44128 -1.02309 
-1.95228 0.979416 0.0200187 -1.4617 -0.0716763 2.44115 -1.0096 
-1.95249 0.97941 0.0200027 -1.46172 -0.0714403 2.44106 -0.995965 
-1.95268 0.979403 0.0200096 -1.46172 -0.0713115 2.44097 -0.981935 
-1.95283 0.979399 0.02 -1.46172 -0.0712455 2.44096 -0.96691 
-1.953 0.979397 0.0199823 -1.46172 -0.0710315 2.44095 -0.951437 
-1.95323 0.979399 0.019972 -1.46172 -0.0708165 2.44087 -0.935616 
-1.95353 0.979363 0.0199773 -1.46173 -0.0704922 2.44044 -0.918739 
-1.9538 0.979252 0.0199856 -1.46173 -0.0700428 2.43956 -0.900664 
-1.95395 0.979105 0.0199897 -1.46172 -0.0696316 2.43836 -0.883069 
-1.95409 0.978912 0.0199984 -1.46173 -0.0691504 2.43667 -0.862744 
-1.95414 0.978694 0.0199911 -1.46173 -0.0687163 2.43496 -0.844393 
-1.95421 0.978445 0.0199905 -1.46173 -0.0680875 2.43288 -0.826543 
-1.95427 0.97817 0.0200303 -1.46172 -0.0672164 2.43081 -0.808124 
-1.95425 0.977971 0.0200721 -1.46173 -0.0659611 2.42905 -0.788715 
-1.95414 0.977801 0.0201344 -1.46173 -0.0646047 2.42774 -0.769161 
-1.95401 0.977675 0.0201402 -1.46172 -0.0630924 2.42655 -0.748861 
-1.95388 0.977542 0.0202174 -1.46172 -0.0614896 2.42552 -0.727339 
-1.9536 0.977433 0.0202451 -1.46172 -0.0595552 2.42469 -0.705086 
-1.95321 0.977423 0.0202686 -1.46172 -0.0573539 2.42448 -0.683453 
-1.95278 0.977412 0.020296 -1.46172 -0.055366 2.42446 -0.658955 
-1.95228 0.977418 0.020316 -1.46172 -0.0540164 2.42446 -0.635653 
-1.95174 0.977427 0.0203235 -1.46173 -0.0533646 2.42445 -0.613705 
-1.95119 0.977432 0.0203581 -1.46173 -0.0528724 2.42445 -0.590824 
-1.95062 0.977448 0.0204122 -1.46174 -0.0522617 2.42445 -0.567082 
-1.94998 0.977454 0.020447 -1.46176 -0.0515339 2.42445 -0.542981 
-1.94924 0.977462 0.0204734 -1.46177 -0.0507156 2.42443 -0.519465 
-1.94851 0.977455 0.0204487 -1.46182 -0.0499109 2.42444 -0.495711 
-1.94793 0.977462 0.0205187 -1.46182 -0.0491781 2.42444 -0.474326 
-1.94723 0.977475 0.0205153 -1.46182 -0.0482598 2.42445 -0.453299 
-1.94666 0.97749 0.0204931 -1.46182 -0.0471156 2.42445 -0.432845 
-1.94635 0.97748 0.0205161 -1.46182 -0.0465923 2.42444 -0.415296 
-1.94607 0.977479 0.0204954 -1.46182 -0.0464487 2.42444 -0.4001 
-1.94592 0.977479 0.0205104 -1.46182 -0.0463592 2.42445 -0.387116 
-1.94584 0.977473 0.0204899 -1.46183 -0.0461807 2.42444 -0.377129 
-1.94589 0.977474 0.0205012 -1.46182 -0.045934 2.42446 -0.36831 
-1.94592 0.977473 0.0204898 -1.46182 -0.0453006 2.42445 -0.359793 
-1.946 0.977476 0.0205012 -1.46182 -0.0443974 2.42446 -0.350772 
-1.94606 0.97748 0.0204401 -1.46182 -0.0432681 2.42445 -0.341422 
-1.94639 0.977471 0.0204635 -1.46181 -0.0413739 2.42445 -0.328555 
-1.94658 0.977471 0.0204588 -1.46182 -0.0393674 2.42446 -0.316739 
-1.94669 0.977479 0.0204124 -1.46181 -0.0376133 2.42447 -0.305856 
-1.94695 0.977469 0.0204002 -1.46182 -0.035999 2.42445 -0.294762 
-1.9473 0.977471 0.0204318 -1.46181 -0.034242 2.42445 -0.28228 
-1.94757 0.977475 0.0204226 -1.46182 -0.0327637 2.42446 -0.269228 
-1.94784 0.977473 0.0203391 -1.46182 -0.0315471 2.42445 -0.255244 
-1.94833 0.977465 0.0203414 -1.46179 -0.0307637 2.42448 -0.24146 
-1.94866 0.977501 0.0204942 -1.46171 -0.0295838 2.42455 -0.227184 
-1.94858 0.977535 0.0204927 -1.46162 -0.0279381 2.42458 -0.212105 
-1.94839 0.977559 0.0204934 -1.46161 -0.0259685 2.42458 -0.195531 
-1.94817 0.977555 0.0205008 -1.46163 -0.0240898 2.42457 -0.178736 
-1.94797 0.977553 0.0204944 -1.46163 -0.0224377 2.42457 -0.161602 
-1.94778 0.977562 0.0204802 -1.46162 -0.0210806 2.42458 -0.144345 
-1.94777 0.977551 0.0204317 -1.46169 -0.0202301 2.42455 -0.127134 
-1.94795 0.977546 0.0203308 -1.46169 -0.0201114 2.42455 -0.110248 
-1.94843 0.97753 0.0202271 -1.46169 -0.0201067 2.42455 -0.0936602 
-1.9492 0.977528 0.0202347 -1.46168 -0.0200913 2.42456 -0.0776948 
-1.95 0.977523 0.0203036 -1.46169 -0.0199459 2.42456 -0.0621952 
-1.95058 0.977524 0.0202802 -1.46169 -0.0197916 2.42456 -0.046373 
-1.95114 0.977533 0.0202618 -1.46169 -0.0197951 2.42457 -0.0315413 
-1.95175 0.977536 0.0202744 -1.46169 -0.0197529 2.42456 -0.018747 
-1.95227 0.977532 0.0202884 -1.46169 -0.0195419 2.42456 -0.00630849 
-1.95266 0.97754 0.0202888 -1.46169 -0.0193048 2.42456 0.00607699 
-1.95293 0.977538 0.0202718 -1.46171 -0.0189974 2.42455 0.017509 
-1.95321 0.977528 0.0202777 -1.46175 -0.0184472 2.42455 0.0308863 
-1.95332 0.977526 0.0202924 -1.46175 -0.0179692 2.42456 0.0455378 
-1.9533 0.977525 0.0202888 -1.46175 -0.0175095 2.42455 0.0603456 
-1.95328 0.977509 0.0202961 -1.4618 -0.0172118 2.42455 0.0757318 
-1.95326 0.977513 0.020302 -1.46181 -0.0171326 2.42455 0.0893481 
-1.95323 0.977509 0.0203107 -1.46183 -0.0170079 2.42455 0.101209 
-1.95325 0.977487 0.020319 -1.46185 -0.0169036 2.42455 0.113101 
-1.95324 0.977483 0.0203128 -1.46185 -0.0166454 2.42457 0.124897 
-1.95325 0.977484 0.020301 -1.46185 -0.0161958 2.42457 0.135149 
-1.95327 0.977476 0.0203222 -1.46185 -0.0156008 2.42458 0.14455 
-1.95323 0.977483 0.0203304 -1.46185 -0.014684 2.42458 0.154142 
-1.95319 0.977476 0.0203437 -1.46185 -0.0136372 2.42458 0.163097 
-1.95319 0.977473 0.0203416 -1.46185 -0.0122715 2.42458 0.170445 
-1.95317 0.977476 0.0203561 -1.46184 -0.0105294 2.42458 0.178097 
-1.95311 0.977474 0.020366 -1.46185 -0.00869038 2.42458 0.185442 
-1.95304 0.97747 0.0203697 -1.46185 -0.00720845 2.42458 0.193167 
-1.95302 0.977462 0.0203707 -1.46184 -0.00620649 2.42458 0.200739 
-1.95303 0.977455 0.0203744 -1.46184 -0.00541143 2.4246 0.207188 
-1.95303 0.97746 0.0203739 -1.46184 -0.0047432 2.4246 0.21402 
-1.95302 0.977459 0.0203957 -1.46185 -0.00424578 2.4246 0.221268 
-1.95299 0.977457 0.0204802 -1.46185 -0.00367103 2.42461 0.229101 
-1.95292 0.977459 0.0204863 -1.46183 -0.00304956 2.42466 0.237809 
-1.9528 0.977469 0.0204802 -1.46185 -0.00254334 2.42479 0.245137 
-1.95277 0.977469 0.0204886 -1.46185 -0.00194992 2.4248 0.252481 
-1.95274 0.97747 0.0204933 -1.46185 -0.00122372 2.42481 0.259522 
-1.95268 0.977469 0.0205 -1.46185 -0.000266544 2.42481 0.266721 
-1.95258 0.97748 0.0205241 -1.46185 0.000971822 2.42485 0.274233 
-1.95243 0.977482 0.0205002 -1.46185 0.00204827 2.42487 0.280843 
-1.95241 0.977479 0.0205104 -1.46185 0.0029441 2.42488 0.287238 
-1.95238 0.977489 0.0205157 -1.46186 0.00367476 2.42494 0.294108 
-1.95231 0.977493 0.0205121 -1.46185 0.00418558 2.42497 0.300174 
-1.95226 0.977494 0.0205148 -1.46185 0.00458772 2.42499 0.306493 
-1.95223 0.977494 0.0205252 -1.46185 0.00475522 2.425 0.312869 
-1.95216 0.977503 0.0205212 -1.46187 0.00494334 2.425 0.318225 
-1.95215 0.977501 0.0205184 -1.46186 0.00525181 2.42502 0.323281 
-1.95219 0.977502 0.0205036 -1.46186 0.00556376 2.42504 0.329805 
-1.95222 0.977501 0.0204951 -1.46187 0.00563235 2.42504 0.33482 
-1.95225 0.977499 0.0204961 -1.46187 0.00591142 2.42506 0.339035 
-1.95229 0.977496 0.0204968 -1.46187 0.00651471 2.42507 0.344308 
-1.95235 0.977498 0.020504 -1.46187 0.00721339 2.42507 0.350538 
-1.95237 0.977491 0.0205026 -1.46186 0.00782945 2.42509 0.355801 
-1.95236 0.977502 0.0205125 -1.46187 0.00889258 2.42533 0.36232 
-1.95233 0.977548 0.0205173 -1.46187 0.00997293 2.42573 0.368546 
-1.9523 0.977553 0.0205237 -1.46191 0.0110337 2.42585 0.37483 
-1.95227 0.977554 0.0205226 -1.46192 0.0119721 2.42589 0.381791 
-1.9523 0.977574 0.0205249 -1.46192 0.0125929 2.42617 0.389673 
-1.95223 0.977755 0.0205709 -1.46188 0.0127873 2.42762 0.396163 
-1.95204 0.978069 0.0205736 -1.46188 0.0130008 2.43019 0.401255 
-1.95194 0.978286 0.0205859 -1.46186 0.0135272 2.4319 0.406965 
-1.95185 0.97851 0.0206267 -1.46158 0.0142098 2.4329 0.413367 
-1.95174 0.97894 0.0206253 -1.46099 0.0147948 2.43375 0.419125 
-1.95167 0.979462 0.0206409 -1.46023 0.0153921 2.43453 0.425375 
-1.95157 0.980027 0.0206834 -1.45938 0.0162507 2.43527 0.432877 
-1.95144 0.98046 0.0206454 -1.45881 0.016799 2.4356 0.438201 
-1.95145 0.980514 0.020638 -1.45872 0.0168128 2.4356 0.440228 
-1.95148 0.980518 0.0206435 -1.45872 0.0168644 2.43561 0.440326 
-1.95145 0.980518 0.0206478 -1.45872 0.0169546 2.43561 0.440385 
-1.95146 0.980518 0.0206425 -1.45872 0.017048 2.43561 0.440529 
-1.95146 0.98052 0.0206471 -1.45872 0.017315 2.43561 0.440895 
-1.95146 0.980516 0.02065 -1.45872 0.0176976 2.43562 0.441712 
-1.95148 0.980511 0.0206416 -1.45872 0.0180113 2.43561 0.442835 
-1.95149 0.980514 0.0206442 -1.45872 0.0181747 2.43562 0.44375 
-1.95149 0.980514 0.0206483 -1.45872 0.0182659 2.43561 0.444177 
-1.9515 0.980513 0.0206457 -1.45872 0.0185295 2.43561 0.444534 
-1.9515 0.980511 0.0206408 -1.45872 0.0189165 2.43561 0.444808 
-1.95152 0.980504 0.0206388 -1.45872 0.0191689 2.43563 0.444836 
-1.95156 0.980504 0.020641 -1.45872 0.0195454 2.43563 0.445011 
-1.95159 0.980504 0.0206461 -1.45872 0.0201484 2.43564 0.445445 
-1.95161 0.980503 0.0206408 -1.45872 0.0204712 2.43564 0.445528 
-1.95162 0.980505 0.0206423 -1.45872 0.0205315 2.43564 0.445526 
-1.9516 0.980501 0.0206438 -1.45872 0.0205348 2.43564 0.445534 
-1.95161 0.980496 0.0206357 -1.45872 0.0205285 2.43564 0.445532 
-1.95162 0.980481 0.0206332 -1.45872 0.0205257 2.43564 0.445524 
-1.9516 0.98048 0.0206245 -1.45872 0.0205125 2.43563 0.445519 
-1.95159 0.980469 0.0206099 -1.45872 0.020482 2.43563 0.445506 
-1.95159 0.980437 0.0205894 -1.45872 0.0204316 2.43563 0.445445 
-1.9516 0.980392 0.0205736 -1.45872 0.0202098 2.43561 0.444956 
-1.95157 0.980348 0.0205506 -1.45873 0.0199225 2.4356 0.443647 
-1.95155 0.980287 0.0205058 -1.45874 0.0197506 2.43558 0.443186 
-1.95156 0.980241 0.0205058 -1.45874 0.0197364 2.43558 0.443182 
-1.95157 0.980144 0.0204863 -1.45875 0.0197168 2.43556 0.443165 
-1.95164 0.980006 0.0204492 -1.45876 0.019708 2.43554 0.443144 
-1.95166 0.979944 0.0204392 -1.45876 0.0197025 2.43554 0.443142 
-1.95164 0.979867 0.0204371 -1.45877 0.0196926 2.43553 0.443136 
-1.95167 0.979722 0.0204287 -1.4588 0.0196939 2.4355 0.443144 
-1.95163 0.979726 0.0204323 -1.4588 0.0196945 2.43551 0.443143 
-1.95164 0.979673 0.0204301 -1.45882 0.0196926 2.43549 0.443143 
-1.95168 0.979674 0.0204235 -1.45882 0.0196789 2.4355 0.443143 
-1.95164 0.97963 0.0204285 -1.45885 0.0196482 2.43547 0.443137 
-1.95168 0.979624 0.020422 -1.45886 0.0196465 2.43547 0.443142 
-1.95167 0.979606 0.0204206 -1.45886 0.0196446 2.43547 0.443142 
-1.95167 0.979605 0.0204205 -1.45886 0.019641 2.43547 0.443147 
-1.95168 0.9796 0.0204169 -1.45886 0.019642 2.43547 0.443143 
-1.95166 0.979597 0.0204186 -1.45887 0.0196392 2.43547 0.44314 
-1.95168 0.979597 0.020415 -1.45887 0.0196398 2.43547 0.443141 
-1.95167 0.979592 0.0204103 -1.45886 0.0196392 2.43546 0.44314 
-1.95167 0.979592 0.0204139 -1.45887 0.0196392 2.43547 0.443142 
-1.95169 0.979582 0.0204067 -1.45887 0.0196398 2.43547 0.443142 
-1.95168 0.979514 0.0204067 -1.45886 0.0196398 2.43546 0.443139 
-1.95171 0.979505 0.0204008 -1.45886 0.0196405 2.43546 0.443139 
-1.9517 0.979496 0.0204074 -1.45886 0.0196405 2.43545 0.443144 
-1.95171 0.979498 0.0204052 -1.45886 0.0196398 2.43547 0.443143 
-1.95171 0.979485 0.0204088 -1.45886 0.0196379 2.43546 0.443142 
-1.95171 0.979488 0.0204052 -1.45886 0.0196408 2.43546 0.443142 
-1.95172 0.979483 0.0204034 -1.45886 0.0196379 2.43546 0.443142 
-1.95171 0.979485 0.0204052 -1.45886 0.0196405 2.43546 0.443145 
-1.95171 0.979488 0.0204035 -1.45886 0.0196397 2.43546 0.443146 
-1.95172 0.979479 0.020407 -1.45886 0.0196411 2.43546 0.443146 
-1.9517 0.979484 0.0204052 -1.45886 0.0196398 2.43546 0.443145 
-1.95172 0.979475 0.0204035 -1.45886 0.0196414 2.43546 0.443141 
-1.95171 0.979477 0.0204052 -1.45886 0.019641 2.43546 0.443145 
-1.95171 0.979477 0.0204018 -1.45886 0.0196393 2.43546 0.443143 
-1.95172 0.979477 0.0204044 -1.45886 0.0196373 2.43546 0.443146 
-1.95171 0.979479 0.0204045 -1.45886 0.0196372 2.43546 0.443142 
-1.95171 0.979474 0.0203997 -1.45886 0.0196411 2.43546 0.443145 
-1.95172 0.979477 0.0204041 -1.45886 0.0196401 2.43546 0.44314 
-1.95171 0.979477 0.0204027 -1.45886 0.0196407 2.43546 0.443139 
-1.95172 0.979473 0.0204003 -1.45886 0.0196417 2.43546 0.443146 
-1.95171 0.979479 0.020407 -1.45886 0.0196414 2.43546 0.443146 
-1.95172 0.979472 0.0204039 -1.45886 0.0196379 2.43546 0.443143 
-1.95172 0.979474 0.020402 -1.45886 0.0196411 2.43546 0.443147 
-1.95172 0.979474 0.0203986 -1.45886 0.0196411 2.43546 0.443143 
-1.95172 0.979471 0.0203987 -1.45886 0.0196385 2.43546 0.443145 
-1.95172 0.979474 0.0204003 -1.45886 0.0196373 2.43546 0.443145 
-1.95172 0.979472 0.020402 -1.45886 0.0196417 2.43547 0.443147 
-1.95172 0.979472 0.0204041 -1.45886 0.0196417 2.43546 0.443145 
-1.95172 0.97947 0.0204003 -1.45886 0.0196411 2.43546 0.443141 
-1.95172 0.979471 0.020402 -1.45886 0.0196394 2.43546 0.443142 
-1.95172 0.979467 0.0204003 -1.45886 0.0196414 2.43546 0.44314 
-1.95172 0.979471 0.0203967 -1.45886 0.01964 2.43546 0.443142 
-1.95172 0.979467 0.0204003 -1.45886 0.0196411 2.43547 0.443142 
-1.95172 0.979471 0.0203986 -1.45886 0.0196401 2.43546 0.443143 
-1.95172 0.979466 0.0204003 -1.45886 0.0196394 2.43546 0.443143 
-1.95172 0.979469 0.0204039 -1.45886 0.0196401 2.43547 0.443146 
-1.95172 0.979471 0.0204003 -1.45886 0.0196369 2.43547 0.443141 
-1.95172 0.979471 0.020402 -1.45886 0.0196402 2.43547 0.443141 
-1.95172 0.979469 0.0204056 -1.45886 0.0196387 2.43547 0.443147 
-1.95172 0.979466 0.020402 -1.45886 0.0196376 2.43547 0.443145 
-1.95172 0.979469 0.0204003 -1.45886 0.0196371 2.43546 0.443145 
-1.95172 0.979467 0.0203986 -1.45886 0.0196363 2.43546 0.443144 
-1.95172 0.979471 0.0204022 -1.45886 0.0196403 2.43546 0.443146 
-1.95172 0.979467 0.020402 -1.45886 0.0196388 2.43546 0.443143 
