0.99912 -0.0411928 0.00661562 0 -0.0409366 -0.998537 -0.0350612 0 0.00805037 0.0347602 -0.999363 0 -0.156396 -0.39687 0.534292 1 
0.99912 -0.0411806 0.00661476 0 -0.0409245 -0.998537 -0.0350623 0 0.00804912 0.0347614 -0.999363 0 -0.156392 -0.396871 0.534292 1 
0.99912 -0.0411796 0.00661555 0 -0.0409234 -0.998537 -0.0350645 0 0.00804998 0.0347636 -0.999363 0 -0.15639 -0.396872 0.534291 1 
0.99912 -0.0411784 0.00661208 0 -0.0409223 -0.998537 -0.0350603 0 0.00804629 0.0347596 -0.999363 0 -0.15639 -0.396872 0.534292 1 
0.99912 -0.0411835 0.00661229 0 -0.0409274 -0.998537 -0.0350583 0 0.0080466 0.0347575 -0.999363 0 -0.156394 -0.396871 0.534293 1 
0.99912 -0.0411889 0.00661539 0 -0.0409327 -0.998537 -0.0350677 0 0.00805026 0.0347667 -0.999363 0 -0.156394 -0.396871 0.534288 1 
0.99912 -0.0411874 0.00661551 0 -0.0409312 -0.998537 -0.0350661 0 0.00805027 0.0347651 -0.999363 0 -0.156394 -0.396871 0.534289 1 
0.999121 -0.0411722 0.00660836 0 -0.0409163 -0.998538 -0.0350584 0 0.00804228 0.0347578 -0.999363 0 -0.156392 -0.396872 0.534292 1 
0.99912 -0.0411839 0.00661474 0 -0.0409277 -0.998537 -0.0350601 0 0.00804913 0.0347592 -0.999363 0 -0.156395 -0.396872 0.534291 1 
0.99912 -0.041188 0.00661097 0 -0.040932 -0.998537 -0.0350608 0 0.00804554 0.03476 -0.999363 0 -0.156394 -0.396872 0.534291 1 
0.99912 -0.0411872 0.00661418 0 -0.0409311 -0.998537 -0.0350628 0 0.0080488 0.0347619 -0.999363 0 -0.156393 -0.396871 0.534291 1 
0.99912 -0.0411866 0.00661418 0 -0.0409305 -0.998537 -0.035058 0 0.00804858 0.0347571 -0.999363 0 -0.156395 -0.39687 0.534292 1 
0.99912 -0.0411877 0.00661305 0 -0.0409316 -0.998537 -0.0350634 0 0.00804771 0.0347625 -0.999363 0 -0.156395 -0.396872 0.53429 1 
0.99912 -0.0411766 0.00661351 0 -0.0409205 -0.998537 -0.0350625 0 0.00804774 0.0347617 -0.999363 0 -0.156391 -0.396873 0.53429 1 
0.99912 -0.0411902 0.00660939 0 -0.0409343 -0.998537 -0.0350582 0 0.00804393 0.0347575 -0.999363 0 -0.156395 -0.39687 0.534293 1 
0.99912 -0.0411797 0.00661367 0 -0.0409236 -0.998537 -0.0350605 0 0.00804793 0.0347597 -0.999363 0 -0.156394 -0.396872 0.534291 1 
0.99912 -0.0411886 0.00661276 0 -0.0409325 -0.998537 -0.0350637 0 0.00804746 0.0347628 -0.999363 0 -0.156394 -0.396871 0.534289 1 
0.99912 -0.0411899 0.00661343 0 -0.0409338 -0.998537 -0.035057 0 0.00804791 0.0347561 -0.999363 0 -0.156394 -0.396871 0.534293 1 
0.99912 -0.0411828 0.00661469 0 -0.0409267 -0.998537 -0.0350559 0 0.00804887 0.034755 -0.999363 0 -0.156394 -0.39687 0.534293 1 
0.99912 -0.0411844 0.00661238 0 -0.0409283 -0.998537 -0.0350595 0 0.00804677 0.0347587 -0.999363 0 -0.156393 -0.396872 0.534292 1 
0.99912 -0.041177 0.00661204 0 -0.040921 -0.998538 -0.0350565 0 0.00804605 0.0347558 -0.999363 0 -0.156391 -0.396872 0.534293 1 
0.99912 -0.0411836 0.00661496 0 -0.0409274 -0.998537 -0.035063 0 0.00804946 0.034762 -0.999363 0 -0.156395 -0.396869 0.534291 1 
0.99912 -0.0411836 0.00661464 0 -0.0409274 -0.998537 -0.0350672 0 0.00804931 0.0347663 -0.999363 0 -0.156391 -0.396872 0.53429 1 
0.99912 -0.0411791 0.00661456 0 -0.040923 -0.998537 -0.0350592 0 0.00804875 0.0347583 -0.999363 0 -0.156394 -0.396872 0.534291 1 
0.99912 -0.0411902 0.00661528 0 -0.0409341 -0.998537 -0.0350579 0 0.0080498 0.0347569 -0.999363 0 -0.156397 -0.396869 0.534293 1 
0.99912 -0.0411744 0.0066126 0 -0.0409183 -0.998538 -0.0350612 0 0.00804671 0.0347604 -0.999363 0 -0.156391 -0.396873 0.534291 1 
0.99912 -0.0411751 0.00661369 0 -0.040919 -0.998537 -0.0350659 0 0.00804801 0.0347651 -0.999363 0 -0.156389 -0.396873 0.53429 1 
0.99912 -0.0411819 0.00661213 0 -0.0409259 -0.998537 -0.0350621 0 0.00804653 0.0347613 -0.999363 0 -0.156395 -0.396871 0.53429 1 
0.99912 -0.0411779 0.00661651 0 -0.0409216 -0.998537 -0.0350666 0 0.00805095 0.0347656 -0.999363 0 -0.156392 -0.396871 0.534289 1 
0.99912 -0.0411786 0.00661306 0 -0.0409225 -0.998537 -0.0350649 0 0.00804746 0.0347641 -0.999363 0 -0.156391 -0.396872 0.53429 1 
0.99912 -0.0411735 0.00661237 0 -0.0409174 -0.998538 -0.0350602 0 0.0080464 0.0347595 -0.999363 0 -0.156388 -0.396873 0.534292 1 
0.999121 -0.0411702 0.00661256 0 -0.0409142 -0.998538 -0.0350605 0 0.0080465 0.0347598 -0.999363 0 -0.15639 -0.396872 0.534291 1 
0.999121 -0.041173 0.00661134 0 -0.040917 -0.998538 -0.0350574 0 0.00804524 0.0347567 -0.999363 0 -0.156388 -0.396873 0.534293 1 
0.999121 -0.0411694 0.006611 0 -0.0409133 -0.998538 -0.0350624 0 0.00804499 0.0347618 -0.999363 0 -0.156385 -0.396875 0.534292 1 
0.999121 -0.0411581 0.00660984 0 -0.0409021 -0.998538 -0.0350619 0 0.00804341 0.0347614 -0.999363 0 -0.156382 -0.396877 0.534291 1 
0.99912 -0.0411741 0.00661282 0 -0.040918 -0.998537 -0.0350654 0 0.00804708 0.0347646 -0.999363 0 -0.156393 -0.396871 0.53429 1 
0.99912 -0.0411875 0.00661477 0 -0.0409313 -0.998537 -0.0350682 0 0.00804962 0.0347672 -0.999363 0 -0.156395 -0.39687 0.534289 1 
0.99912 -0.0411866 0.00661601 0 -0.0409303 -0.998537 -0.0350632 0 0.00805062 0.0347623 -0.999363 0 -0.156392 -0.396871 0.534291 1 
0.99912 -0.0411908 0.00661226 0 -0.0409347 -0.998537 -0.0350617 0 0.00804696 0.0347608 -0.999363 0 -0.156395 -0.39687 0.534292 1 
0.99912 -0.0411953 0.00661637 0 -0.040939 -0.998537 -0.0350632 0 0.00805128 0.0347621 -0.999363 0 -0.156397 -0.396869 0.534291 1 
0.99912 -0.0411848 0.00661545 0 -0.0409286 -0.998537 -0.0350641 0 0.00805004 0.0347632 -0.999363 0 -0.156393 -0.396872 0.53429 1 
0.99912 -0.0411777 0.0066145 0 -0.0409215 -0.998537 -0.035063 0 0.00804879 0.0347622 -0.999363 0 -0.156391 -0.396873 0.534289 1 
0.999121 -0.0411643 0.00660854 0 -0.0409084 -0.998538 -0.0350614 0 0.00804231 0.0347609 -0.999363 0 -0.156388 -0.396874 0.534291 1 
0.99912 -0.0411755 0.00661418 0 -0.0409194 -0.998537 -0.035064 0 0.00804843 0.0347632 -0.999363 0 -0.156391 -0.396873 0.53429 1 
0.99912 -0.0411879 0.00661209 0 -0.0409318 -0.998537 -0.0350646 0 0.00804681 0.0347637 -0.999363 0 -0.156394 -0.396871 0.53429 1 
0.99912 -0.0411802 0.00661515 0 -0.040924 -0.998537 -0.0350658 0 0.00804965 0.0347649 -0.999363 0 -0.156391 -0.396872 0.53429 1 
0.999121 -0.0411725 0.00661334 0 -0.0409164 -0.998538 -0.0350616 0 0.0080474 0.0347608 -0.999363 0 -0.156391 -0.396871 0.534292 1 
0.99912 -0.0411894 0.00660895 0 -0.0409335 -0.998537 -0.0350517 0 0.00804319 0.0347509 -0.999364 0 -0.156397 -0.396869 0.534296 1 
0.999119 -0.0412123 0.00661108 0 -0.0409564 -0.998537 -0.0350442 0 0.00804582 0.0347433 -0.999364 0 -0.156405 -0.396868 0.534299 1 
0.999118 -0.041231 0.00661296 0 -0.040975 -0.998536 -0.0350386 0 0.0080481 0.0347374 -0.999364 0 -0.156414 -0.396866 0.534299 1 
0.999117 -0.041246 0.00661398 0 -0.0409901 -0.998535 -0.0350353 0 0.00804952 0.0347339 -0.999364 0 -0.156421 -0.396864 0.5343 1 
0.999118 -0.0412362 0.00660367 0 -0.0409807 -0.998536 -0.0350256 0 0.00803848 0.0347248 -0.999365 0 -0.156418 -0.396865 0.534305 1 
0.999118 -0.0412307 0.00660815 0 -0.0409751 -0.998536 -0.0350252 0 0.00804274 0.0347242 -0.999365 0 -0.156416 -0.396867 0.534304 1 
0.999117 -0.0412475 0.00661261 0 -0.0409915 -0.998535 -0.0350361 0 0.00804823 0.0347348 -0.999364 0 -0.156422 -0.396866 0.5343 1 
0.999117 -0.0412466 0.00661727 0 -0.0409904 -0.998535 -0.0350456 0 0.00805324 0.0347441 -0.999364 0 -0.156424 -0.396866 0.534296 1 
0.999117 -0.0412639 0.0066129 0 -0.041008 -0.998535 -0.0350315 0 0.0080489 0.03473 -0.999364 0 -0.156434 -0.396862 0.534301 1 
0.999115 -0.0413003 0.00660942 0 -0.0410446 -0.998534 -0.0350158 0 0.00804604 0.0347142 -0.999365 0 -0.156448 -0.396857 0.534307 1 
0.999113 -0.041351 0.00661597 0 -0.0410951 -0.998532 -0.0350183 0 0.00805446 0.034716 -0.999365 0 -0.15647 -0.39685 0.534305 1 
0.999111 -0.0414138 0.0066136 0 -0.041158 -0.99853 -0.0350076 0 0.00805382 0.0347049 -0.999365 0 -0.156495 -0.396841 0.53431 1 
0.999106 -0.0415219 0.00660656 0 -0.0412665 -0.998526 -0.0349801 0 0.00804942 0.0346768 -0.999366 0 -0.156543 -0.396823 0.534322 1 
0.999106 -0.0415313 0.00661916 0 -0.0412753 -0.998525 -0.0349922 0 0.00806283 0.0346884 -0.999366 0 -0.156544 -0.396822 0.534316 1 
0.999106 -0.041532 0.00662149 0 -0.0412758 -0.998524 -0.0350189 0 0.00806628 0.0347149 -0.999365 0 -0.156547 -0.396822 0.534304 1 
0.999108 -0.0414853 0.00662392 0 -0.0412288 -0.998525 -0.0350398 0 0.00806795 0.0347361 -0.999364 0 -0.156527 -0.396833 0.534295 1 
0.999108 -0.0414824 0.0066244 0 -0.0412259 -0.998525 -0.0350457 0 0.00806856 0.034742 -0.999364 0 -0.156524 -0.396833 0.534293 1 
0.999107 -0.0415006 0.00663343 0 -0.0412437 -0.998524 -0.0350585 0 0.00807874 0.0347543 -0.999363 0 -0.156534 -0.396831 0.534286 1 
0.999106 -0.0415087 0.0066513 0 -0.0412507 -0.998522 -0.0351044 0 0.00809877 0.0347993 -0.999362 0 -0.156536 -0.396834 0.534265 1 
0.999107 -0.0414848 0.00666164 0 -0.0412261 -0.998522 -0.0351477 0 0.00811004 0.0348424 -0.99936 0 -0.156526 -0.396841 0.534246 1 
0.999108 -0.0414591 0.006659 0 -0.0412005 -0.998523 -0.0351475 0 0.0081065 0.0348425 -0.99936 0 -0.156519 -0.396845 0.534246 1 
0.999107 -0.0414845 0.00666244 0 -0.0412258 -0.998522 -0.0351447 0 0.00811071 0.0348393 -0.99936 0 -0.156528 -0.39684 0.534247 1 
0.999105 -0.0415436 0.0066701 0 -0.0412846 -0.99852 -0.0351426 0 0.00812033 0.0348365 -0.99936 0 -0.156553 -0.39683 0.534247 1 
0.999104 -0.0415695 0.00668798 0 -0.0413096 -0.998517 -0.0351763 0 0.00814048 0.0348691 -0.999359 0 -0.156565 -0.396826 0.534229 1 
0.999103 -0.0415743 0.00668802 0 -0.0413144 -0.998517 -0.035181 0 0.00814088 0.0348738 -0.999359 0 -0.156566 -0.396826 0.534228 1 
0.999103 -0.0415731 0.00668448 0 -0.0413135 -0.998517 -0.0351685 0 0.0081368 0.0348615 -0.999359 0 -0.156569 -0.396824 0.534233 1 
0.999102 -0.0416028 0.00668524 0 -0.041343 -0.998516 -0.035175 0 0.00813885 0.0348677 -0.999359 0 -0.156578 -0.396823 0.53423 1 
0.9991 -0.0416433 0.00670559 0 -0.0413824 -0.998513 -0.0352182 0 0.00816238 0.0349097 -0.999357 0 -0.156599 -0.396819 0.53421 1 
0.999099 -0.0416712 0.00672282 0 -0.0414093 -0.99851 -0.0352706 0 0.00818273 0.0349611 -0.999355 0 -0.156611 -0.396816 0.534187 1 
0.999101 -0.041627 0.00674744 0 -0.0413638 -0.99851 -0.0353304 0 0.00820824 0.0350202 -0.999353 0 -0.156601 -0.396837 0.534159 1 
0.999104 -0.0415374 0.00677606 0 -0.0412721 -0.998509 -0.03546 0 0.00823903 0.0351493 -0.999348 0 -0.156567 -0.396871 0.534102 1 
0.999108 -0.0414441 0.00681681 0 -0.0411763 -0.998508 -0.0356 0 0.0082822 0.0352883 -0.999343 0 -0.156539 -0.396912 0.53404 1 
0.999105 -0.0415044 0.00684799 0 -0.0412349 -0.998503 -0.0356618 0 0.00831803 0.0353482 -0.99934 0 -0.156566 -0.396904 0.53401 1 
0.999103 -0.0415549 0.00689691 0 -0.0412829 -0.998497 -0.0357666 0 0.00837299 0.0354505 -0.999336 0 -0.156587 -0.396893 0.533963 1 
0.999108 -0.041413 0.00699443 0 -0.0411351 -0.998493 -0.0360576 0 0.00847731 0.0357384 -0.999325 0 -0.156532 -0.396926 0.53382 1 
0.999111 -0.0413528 0.00694469 0 -0.0410773 -0.998498 -0.0359877 0 0.00842261 0.0356711 -0.999328 0 -0.156562 -0.397068 0.533589 1 
0.99911 -0.0413738 0.00691107 0 -0.0411007 -0.998502 -0.0358427 0 0.00838383 0.0355274 -0.999334 0 -0.156643 -0.397236 0.533265 1 
0.999103 -0.0415159 0.00712156 0 -0.04123 -0.998475 -0.036455 0 0.00862433 0.0361294 -0.99931 0 -0.156761 -0.397347 0.532679 1 
0.99909 -0.0417588 0.00744684 0 -0.0414494 -0.998418 -0.0377462 0 0.00901146 0.0374039 -0.99926 0 -0.156942 -0.39744 0.531839 1 
0.999075 -0.042061 0.00782508 0 -0.0417225 -0.998346 -0.0393043 0 0.0094655 0.0389422 -0.999197 0 -0.15719 -0.397612 0.530827 1 
0.999061 -0.0423047 0.00826022 0 -0.0419283 -0.998253 -0.041392 0 0.00999706 0.0410075 -0.999109 0 -0.157474 -0.397866 0.529573 1 
0.999049 -0.0425698 0.00838508 0 -0.0421614 -0.998132 -0.0439996 0 0.0102427 0.043605 -0.998996 0 -0.157916 -0.398208 0.5281 1 
0.999039 -0.04286 0.00811288 0 -0.042431 -0.997974 -0.0472 0 0.0101196 0.0468113 -0.998852 0 -0.158535 -0.398622 0.526395 1 
0.999042 -0.0429236 0.00737006 0 -0.0424943 -0.99779 -0.0508998 0 0.00953876 0.0505388 -0.998677 0 -0.15924 -0.39915 0.524487 1 
0.999059 -0.0427813 0.00555011 0 -0.0424163 -0.997604 -0.0544846 0 0.00786789 0.054199 -0.998499 0 -0.160203 -0.399968 0.522401 1 
0.999077 -0.042617 0.00323225 0 -0.0423607 -0.997434 -0.0575542 0 0.00567685 0.0573652 -0.998337 0 -0.161371 -0.401069 0.520203 1 
0.999086 -0.0424991 0.00163045 0 -0.0423264 -0.997314 -0.0596126 0 0.00415963 0.0594902 -0.99822 0 -0.162378 -0.402275 0.518248 1 
0.999088 -0.0424676 0.000380057 0 -0.0423656 -0.997235 -0.0608924 0 0.00296502 0.060822 -0.998144 0 -0.163466 -0.403858 0.516168 1 
0.999083 -0.0425703 -0.00095172 0 -0.0425497 -0.997247 -0.0605667 0 0.00162927 0.0605528 -0.998164 0 -0.164796 -0.406081 0.513891 1 
0.999075 -0.0427137 -0.00252041 0 -0.042788 -0.997342 -0.0588058 0 -1.89221e-06 0.0588604 -0.998266 0 -0.166351 -0.408884 0.511434 1 
0.999062 -0.0428549 -0.00442495 0 -0.0430348 -0.997515 -0.0556135 0 -0.00203069 0.0557528 -0.998443 0 -0.167947 -0.411882 0.509289 1 
0.999041 -0.0430885 -0.00638754 0 -0.0433598 -0.997735 -0.0512361 0 -0.00416547 0.0514649 -0.998666 0 -0.169614 -0.415134 0.507225 1 
0.99902 -0.0433045 -0.00808502 0 -0.0436348 -0.997954 -0.0465296 0 -0.00605365 0.0468377 -0.998884 0 -0.171302 -0.418657 0.504889 1 
0.998994 -0.0435449 -0.00974689 0 -0.0439153 -0.998155 -0.0417088 0 -0.00791285 0.0420957 -0.999082 0 -0.173093 -0.422412 0.502331 1 
0.998972 -0.0436644 -0.0114039 0 -0.0440556 -0.998346 -0.0366638 0 -0.00978437 0.0371292 -0.999263 0 -0.174781 -0.426135 0.499881 1 
0.998949 -0.0437283 -0.0130239 0 -0.0441227 -0.998513 -0.0317217 0 -0.0116176 0.0322636 -0.999412 0 -0.176525 -0.430028 0.497155 1 
0.998925 -0.0438592 -0.0143457 0 -0.0442458 -0.998623 -0.0278423 0 -0.013105 0.0284476 -0.999509 0 -0.178251 -0.433755 0.494202 1 
0.998904 -0.0439725 -0.0154096 0 -0.0443399 -0.99871 -0.0243708 0 -0.0143184 0.0250279 -0.999584 0 -0.179893 -0.437376 0.491217 1 
0.998895 -0.0439733 -0.0160093 0 -0.0443222 -0.998762 -0.0221324 0 -0.0150165 0.0228179 -0.999627 0 -0.181448 -0.440927 0.487895 1 
0.998886 -0.0440715 -0.0162678 0 -0.044407 -0.998786 -0.0208728 0 -0.0153284 0.0215724 -0.99965 0 -0.183064 -0.444486 0.484162 1 
0.998882 -0.0441125 -0.0164132 0 -0.0444361 -0.998804 -0.0199026 0 -0.0155159 0.0206101 -0.999667 0 -0.184533 -0.447789 0.480688 1 
0.998893 -0.0440778 -0.0158425 0 -0.0444041 -0.998786 -0.0208673 0 -0.0149038 0.0215481 -0.999657 0 -0.185932 -0.451014 0.47671 1 
0.9989 -0.0440634 -0.0153948 0 -0.044389 -0.998774 -0.0214871 0 -0.0144294 0.0221473 -0.999651 0 -0.187283 -0.454099 0.473001 1 
0.998914 -0.0438683 -0.0150428 0 -0.044191 -0.998775 -0.021834 0 -0.0140668 0.0224755 -0.999648 0 -0.188583 -0.4573 0.46932 1 
0.998941 -0.0435091 -0.0143371 0 -0.0438317 -0.998764 -0.0230135 0 -0.0133183 0.023618 -0.999632 0 -0.190078 -0.461145 0.464645 1 
0.998962 -0.0430647 -0.0141875 0 -0.0433817 -0.998787 -0.022855 0 -0.0131863 0.0234472 -0.999638 0 -0.191241 -0.464355 0.461319 1 
0.998992 -0.0425697 -0.0135818 0 -0.0428849 -0.998786 -0.0238273 0 -0.0125513 0.0243862 -0.999624 0 -0.192477 -0.467822 0.457352 1 
0.999012 -0.042103 -0.0135378 0 -0.0424099 -0.99882 -0.023246 0 -0.0125433 0.0237976 -0.999638 0 -0.193762 -0.471391 0.453817 1 
0.999036 -0.0415708 -0.0133898 0 -0.0418701 -0.998851 -0.0229047 0 -0.0124225 0.0234437 -0.999648 0 -0.195016 -0.474998 0.450088 1 
0.999053 -0.0412034 -0.0132929 0 -0.0414943 -0.998878 -0.0223979 0 -0.0123553 0.0229287 -0.999661 0 -0.196373 -0.478619 0.446267 1 
0.999075 -0.0406868 -0.0132161 0 -0.0409695 -0.998911 -0.0218706 0 -0.0123121 0.0223922 -0.999673 0 -0.19758 -0.482104 0.442766 1 
0.999099 -0.0402171 -0.0128115 0 -0.040495 -0.998923 -0.0222263 0 -0.0119041 0.0227255 -0.999671 0 -0.198772 -0.485491 0.43897 1 
0.999118 -0.0397242 -0.0128514 0 -0.0399933 -0.998961 -0.0214059 0 -0.011988 0.0219014 -0.999688 0 -0.199892 -0.488794 0.435707 1 
0.99914 -0.0393395 -0.0123566 0 -0.0396046 -0.998964 -0.0219945 0 -0.0114788 0.0224654 -0.999682 0 -0.20102 -0.492215 0.431702 1 
0.999137 -0.0395003 -0.0121039 0 -0.0397596 -0.998958 -0.0219926 0 -0.0112228 0.0224553 -0.999685 0 -0.202147 -0.495513 0.428113 1 
0.999142 -0.0395998 -0.0113498 0 -0.039857 -0.998921 -0.0234105 0 -0.0104107 0.0238432 -0.999662 0 -0.203014 -0.498479 0.424441 1 
0.999139 -0.0399612 -0.0102764 0 -0.0402143 -0.99885 -0.0257256 0 -0.00923676 0.0261172 -0.999616 0 -0.203935 -0.501398 0.420391 1 
0.99912 -0.0405685 -0.0097014 0 -0.0408146 -0.998801 -0.0266806 0 -0.00860754 0.0270536 -0.999597 0 -0.204801 -0.504426 0.416703 1 
0.999081 -0.0416878 -0.00897287 0 -0.0419245 -0.998718 -0.0280433 0 -0.00779244 0.0283942 -0.999566 0 -0.205844 -0.507551 0.41241 1 
0.999054 -0.0424147 -0.00848667 0 -0.0426427 -0.998666 -0.0287881 0 -0.00725445 0.0291233 -0.99955 0 -0.20674 -0.510559 0.408645 1 
0.999039 -0.0429141 -0.00773097 0 -0.0431294 -0.998602 -0.0302454 0 -0.00642232 0.0305504 -0.999513 0 -0.207765 -0.513696 0.404151 1 
0.999053 -0.0426466 -0.00736479 0 -0.0428556 -0.998589 -0.0310463 0 -0.00603049 0.0313332 -0.999491 0 -0.208749 -0.516556 0.40033 1 
0.999084 -0.0420769 -0.00636227 0 -0.0422678 -0.99853 -0.0336456 0 -0.00493731 0.0338844 -0.999414 0 -0.209689 -0.519414 0.395683 1 
0.999112 -0.0415414 -0.00557037 0 -0.0417125 -0.998497 -0.0352738 0 -0.00409676 0.0354755 -0.999362 0 -0.210632 -0.52234 0.391116 1 
0.999143 -0.0408473 -0.00495331 0 -0.0410003 -0.998492 -0.0362335 0 -0.00346587 0.0364063 -0.999331 0 -0.211437 -0.525259 0.386587 1 
0.999176 -0.0401303 -0.00429806 0 -0.0402627 -0.998485 -0.0372347 0 -0.00279736 0.0373778 -0.999297 0 -0.21228 -0.528293 0.381689 1 
0.999216 -0.0391449 -0.00400332 0 -0.0392669 -0.998526 -0.0371981 0 -0.00254136 0.0373269 -0.9993 0 -0.212995 -0.531455 0.37711 1 
0.999252 -0.0382594 -0.00351659 0 -0.0383649 -0.998543 -0.0376834 0 -0.00206976 0.0377908 -0.999284 0 -0.213715 -0.5345 0.372253 1 
0.999298 -0.0370038 -0.00385243 0 -0.0371181 -0.998661 -0.0357588 0 -0.00252411 0.0358774 -0.999353 0 -0.214424 -0.538088 0.367579 1 
0.99934 -0.0358249 -0.00401563 0 -0.0359418 -0.998756 -0.0342953 0 -0.00278206 0.0344177 -0.999404 0 -0.215144 -0.541604 0.362462 1 
0.999393 -0.0342261 -0.00473435 0 -0.0343576 -0.998912 -0.0312305 0 -0.00366037 0.0313748 -0.999501 0 -0.215742 -0.545504 0.357666 1 
0.999446 -0.032592 -0.00512365 0 -0.0327272 -0.999034 -0.0289872 0 -0.00417403 0.0291394 -0.999567 0 -0.21631 -0.549428 0.352137 1 
0.999498 -0.0307906 -0.00610563 0 -0.0309354 -0.999193 -0.0252416 0 -0.0053236 0.0254183 -0.999663 0 -0.216645 -0.553078 0.347742 1 
0.999546 -0.0290229 -0.00679593 0 -0.0291677 -0.999317 -0.0222732 0 -0.00614497 0.0224617 -0.999729 0 -0.216963 -0.556691 0.342812 1 
0.999585 -0.0273962 -0.00775766 0 -0.0275368 -0.999437 -0.018644 0 -0.00724266 0.0188502 -0.999796 0 -0.217261 -0.56006 0.338724 1 
0.999623 -0.0256431 -0.00875437 0 -0.0257695 -0.999551 -0.0146357 0 -0.00837529 0.014856 -0.999855 0 -0.217752 -0.564159 0.333095 1 
0.999649 -0.0243803 -0.00939938 0 -0.024491 -0.99962 -0.0118568 0 -0.00910691 0.0120831 -0.999886 0 -0.218147 -0.567269 0.328654 1 
0.999669 -0.023328 -0.00989479 0 -0.0234228 -0.99967 -0.00957828 0 -0.00966827 0.00980706 -0.999905 0 -0.218518 -0.570025 0.32471 1 
0.999688 -0.0223436 -0.0102884 0 -0.0224205 -0.999711 -0.00742305 0 -0.0101198 0.00765155 -0.99992 0 -0.219044 -0.573065 0.319695 1 
0.999702 -0.0215042 -0.0107042 0 -0.0215628 -0.999743 -0.00539216 0 -0.0105857 0.00562147 -0.999928 0 -0.219468 -0.575636 0.315732 1 
0.99972 -0.0206926 -0.0105781 0 -0.0207452 -0.999763 -0.00488855 0 -0.0104747 0.00510672 -0.999932 0 -0.219825 -0.577985 0.311322 1 
0.999742 -0.0198894 -0.0100407 0 -0.0199472 -0.999775 -0.005688 0 -0.00992552 0.00588693 -0.999933 0 -0.220007 -0.579913 0.307242 1 
0.999761 -0.0192445 -0.00939519 0 -0.0193082 -0.999781 -0.0067429 0 -0.00926355 0.00692283 -0.999933 0 -0.220109 -0.581781 0.303303 1 
0.999782 -0.0186476 -0.00835737 0 -0.0187222 -0.999775 -0.00894014 0 -0.00818894 0.00909483 -0.999925 0 -0.220181 -0.583492 0.298679 1 
0.999805 -0.0177695 -0.00745146 0 -0.0178501 -0.999772 -0.0108975 0 -0.00725625 0.0110286 -0.999913 0 -0.22017 -0.585022 0.294734 1 
0.999831 -0.0167687 -0.00617058 0 -0.0168532 -0.999752 -0.0139115 0 -0.00593588 0.0140134 -0.999884 0 -0.220053 -0.586485 0.290591 1 
0.999856 -0.0158004 -0.00437638 0 -0.0158781 -0.999696 -0.0183447 0 -0.00408528 0.0184119 -0.999822 0 -0.219882 -0.587793 0.285934 1 
0.999877 -0.0148189 -0.00277595 0 -0.0148772 -0.999631 -0.022306 0 -0.00244443 0.0223449 -0.999747 0 -0.219673 -0.589018 0.28207 1 
0.999895 -0.0138123 -0.000531669 0 -0.0138218 -0.999501 -0.0280561 0 -0.000143888 0.028061 -0.999606 0 -0.219424 -0.590199 0.27729 1 
0.999905 -0.0129727 0.00158978 0 -0.0129122 -0.999347 -0.0334714 0 0.00202299 0.0334483 -0.999438 0 -0.21923 -0.591297 0.272791 1 
0.999908 -0.012397 0.00341391 0 -0.0122581 -0.99919 -0.0380889 0 0.0038834 0.0380443 -0.999269 0 -0.219156 -0.592401 0.268787 1 
0.999904 -0.0118457 0.00560818 0 -0.0115897 -0.998969 -0.0436703 0 0.00611982 0.043602 -0.99903 0 -0.219121 -0.59354 0.263964 1 
0.999902 -0.0111908 0.00722935 0 -0.0108339 -0.998796 -0.0476511 0 0.00775404 0.047569 -0.998838 0 -0.219146 -0.594924 0.259879 1 
0.999893 -0.0107523 0.00884426 0 -0.0102825 -0.998608 -0.0515466 0 0.00938638 0.0514512 -0.998631 0 -0.219344 -0.596403 0.255301 1 
0.999886 -0.0104394 0.00999027 0 -0.00988422 -0.998477 -0.0540933 0 0.01054 0.0539894 -0.998486 0 -0.219694 -0.598037 0.251058 1 
0.99988 -0.0101907 0.0108543 0 -0.00956942 -0.998385 -0.0558262 0 0.0114059 0.0557167 -0.998381 0 -0.22014 -0.599816 0.246812 1 
0.999875 -0.00992327 0.0114872 0 -0.00925499 -0.998331 -0.0568345 0 0.0120323 0.0567222 -0.998317 0 -0.220648 -0.601776 0.242375 1 
0.999876 -0.00966445 0.0115967 0 -0.00899515 -0.998356 -0.0564404 0 0.0121234 0.0563302 -0.998339 0 -0.221209 -0.60386 0.23878 1 
0.999875 -0.00948992 0.0118362 0 -0.00880912 -0.998365 -0.0563015 0 0.0123513 0.0561913 -0.998344 0 -0.221861 -0.606023 0.234295 1 
0.999886 -0.00931082 0.0110585 0 -0.00870904 -0.998532 -0.0532715 0 0.0115385 0.0531702 -0.998519 0 -0.222671 -0.608582 0.230557 1 
0.999893 -0.00921376 0.0104457 0 -0.00867285 -0.998667 -0.0506955 0 0.0108991 0.0506005 -0.99866 0 -0.22347 -0.610946 0.2265 1 
0.999903 -0.00912048 0.00956542 0 -0.00865766 -0.998831 -0.0473575 0 0.00998635 0.047271 -0.998832 0 -0.224322 -0.613466 0.222453 1 
0.999913 -0.00908762 0.00846641 0 -0.00871163 -0.999009 -0.0434352 0 0.00885291 0.0433585 -0.99902 0 -0.22524 -0.616017 0.218717 1 
0.999919 -0.00916102 0.00764018 0 -0.00884704 -0.999144 -0.0401633 0 0.00800173 0.0400932 -0.999164 0 -0.226235 -0.618647 0.213654 1 
0.999926 -0.00919968 0.00657763 0 -0.00895409 -0.999286 -0.0364385 0 0.00690829 0.0363776 -0.999314 0 -0.227073 -0.620874 0.209951 1 
0.999929 -0.009239 0.00612575 0 -0.00902324 -0.999359 -0.0343601 0 0.0064394 0.034303 -0.999391 0 -0.227775 -0.622755 0.205543 1 
0.999932 -0.00922308 0.00564004 0 -0.00903638 -0.999428 -0.0322768 0 0.00593463 0.0322243 -0.999463 0 -0.228383 -0.624491 0.201681 1 
0.999934 -0.00925209 0.00530304 0 -0.00908542 -0.99948 -0.0306356 0 0.00558383 0.0305859 -0.999517 0 -0.228988 -0.62615 0.197823 1 
0.999933 -0.00934059 0.00520592 0 -0.00918239 -0.999509 -0.0296257 0 0.00548019 0.0295765 -0.999547 0 -0.229559 -0.62762 0.193325 1 
0.999934 -0.0094265 0.00488318 0 -0.00928613 -0.999555 -0.0280102 0 0.00514514 0.0279636 -0.999596 0 -0.230128 -0.629094 0.189359 1 
0.999932 -0.00958061 0.00500906 0 -0.0094386 -0.999564 -0.0276459 0 0.00527184 0.0275972 -0.999605 0 -0.230642 -0.630289 0.184836 1 
0.999929 -0.00964081 0.00543182 0 -0.00948425 -0.999549 -0.0281457 0 0.00570083 0.0280928 -0.999589 0 -0.230979 -0.631193 0.180177 1 
0.999929 -0.00963194 0.00553239 0 -0.0094747 -0.99956 -0.0277775 0 0.00579762 0.0277236 -0.999599 0 -0.231327 -0.632259 0.17618 1 
0.999926 -0.0096586 0.00601407 0 -0.00948358 -0.99954 -0.0284796 0 0.0062865 0.028421 -0.999576 0 -0.231615 -0.633117 0.171748 1 
0.999924 -0.00957313 0.00636897 0 -0.00938602 -0.999532 -0.0287861 0 0.00664169 0.0287247 -0.999565 0 -0.231833 -0.633984 0.167348 1 
0.999928 -0.0093289 0.0062055 0 -0.00915379 -0.999566 -0.0276716 0 0.00646108 0.0276134 -0.999598 0 -0.232044 -0.635125 0.163494 1 
0.999929 -0.00907029 0.00631088 0 -0.00889452 -0.999577 -0.0273444 0 0.00655636 0.0272869 -0.999606 0 -0.232162 -0.636054 0.159372 1 
0.999932 -0.00878317 0.00633999 0 -0.00861039 -0.999595 -0.0267832 0 0.00657278 0.0267273 -0.999621 0 -0.232273 -0.637037 0.155196 1 
0.999937 -0.0084637 0.00596316 0 -0.00831156 -0.999641 -0.0250922 0 0.00617351 0.0250416 -0.999667 0 -0.232445 -0.638226 0.151628 1 
0.999939 -0.00818291 0.00596395 0 -0.00803444 -0.999658 -0.0245066 0 0.00616256 0.0244577 -0.999682 0 -0.232528 -0.639122 0.147876 1 
0.999942 -0.00781376 0.00598879 0 -0.00766821 -0.999674 -0.0239526 0 0.00617412 0.0239057 -0.999695 0 -0.232538 -0.640005 0.143955 1 
0.999949 -0.00736542 0.00538926 0 -0.00724723 -0.99973 -0.021631 0 0.00554723 0.0215912 -0.999751 0 -0.232626 -0.641245 0.140692 1 
0.999954 -0.00687846 0.0049559 0 -0.00677877 -0.99977 -0.0198596 0 0.00509146 0.0198255 -0.99979 0 -0.232637 -0.642342 0.137529 1 
0.999958 -0.00636445 0.00486534 0 -0.00627076 -0.99979 -0.0190336 0 0.00498555 0.0190026 -0.999807 0 -0.232544 -0.643218 0.133843 1 
0.999963 -0.00578225 0.00454046 0 -0.00570169 -0.99982 -0.0175593 0 0.00464126 0.0175331 -0.999836 0 -0.232448 -0.644231 0.130444 1 
0.999968 -0.00521547 0.00427839 0 -0.00514485 -0.999843 -0.016354 0 0.0043631 0.0163318 -0.999857 0 -0.232342 -0.645181 0.127522 1 
0.999969 -0.00475254 0.00446105 0 -0.00467854 -0.999844 -0.016455 0 0.00453864 0.0164339 -0.999855 0 -0.232197 -0.645821 0.124415 1 
0.99997 -0.00431938 0.0048012 0 -0.0042375 -0.999838 -0.0169365 0 0.00487367 0.0169159 -0.999845 0 -0.232023 -0.646344 0.121025 1 
0.999972 -0.00386341 0.00472083 0 -0.00378629 -0.999851 -0.0162381 0 0.00478295 0.01622 -0.999857 0 -0.231911 -0.647055 0.118068 1 
0.999975 -0.00339229 0.00440549 0 -0.00332621 -0.999874 -0.0149193 0 0.00445563 0.0149046 -0.999879 0 -0.231833 -0.647873 0.11527 1 
0.999976 -0.00304199 0.00433238 0 -0.0029798 -0.999884 -0.0142887 0 0.00437542 0.0142757 -0.999889 0 -0.231755 -0.64847 0.112155 1 
0.999977 -0.00276772 0.0044267 0 -0.00270515 -0.999888 -0.0140779 0 0.00446525 0.0140658 -0.999891 0 -0.231676 -0.64892 0.108941 1 
0.999978 -0.00251606 0.00434176 0 -0.00245763 -0.999897 -0.0134118 0 0.00437515 0.0134011 -0.999901 0 -0.231642 -0.649452 0.106224 1 
0.99998 -0.00230053 0.00403961 0 -0.00225126 -0.999914 -0.0121607 0 0.00406731 0.0121516 -0.999918 0 -0.231692 -0.650121 0.103628 1 
0.99998 -0.00223052 0.00394678 0 -0.00218515 -0.999922 -0.011463 0 0.00397212 0.0114544 -0.999927 0 -0.231788 -0.650654 0.100752 1 
0.99998 -0.00218832 0.00411444 0 -0.00214065 -0.999921 -0.0115548 0 0.00413948 0.011546 -0.999925 0 -0.231819 -0.65092 0.0979094 1 
0.999979 -0.00216016 0.00422959 0 -0.00211134 -0.999922 -0.0115138 0 0.00425421 0.0115048 -0.999925 0 -0.231865 -0.651204 0.0951416 1 
0.99998 -0.00219415 0.00392805 0 -0.00215353 -0.999935 -0.0103151 0 0.0039505 0.0103066 -0.999939 0 -0.232048 -0.651726 0.0927435 1 
0.999982 -0.00224888 0.00339312 0 -0.00222003 -0.999952 -0.00848259 0 0.0034121 0.00847507 -0.999958 0 -0.232301 -0.652366 0.090416 1 
0.999983 -0.00233777 0.00297292 0 -0.00231662 -0.999962 -0.0070989 0 0.00298947 0.00709203 -0.99997 0 -0.232523 -0.65285 0.087879 1 
0.999984 -0.00247849 0.00266973 0 -0.00246259 -0.99997 -0.00594237 0 0.00268443 0.00593581 -0.999979 0 -0.232732 -0.653226 0.0852771 1 
0.999984 -0.00272067 0.00224927 0 -0.0027106 -0.999977 -0.00446697 0 0.00226141 0.00446089 -0.999987 0 -0.233027 -0.653611 0.0830498 1 
0.999984 -0.00299865 0.00180812 0 -0.00299323 -0.999981 -0.00298936 0 0.00181708 0.00298396 -0.999994 0 -0.233343 -0.65398 0.0813541 1 
0.999983 -0.00350616 0.00149031 0 -0.00350344 -0.999983 -0.00182102 0 0.0014967 0.0018158 -0.999997 0 -0.233835 -0.654378 0.0789194 1 
0.999981 -0.00396833 0.00155025 0 -0.00396555 -0.999981 -0.00179131 0 0.00155736 0.00178516 -0.999997 0 -0.234209 -0.654527 0.0768505 1 
0.999978 -0.0044997 0.00207663 0 -0.00449323 -0.999975 -0.00310886 0 0.00209061 0.00309952 -0.999993 0 -0.234528 -0.654383 0.0744979 1 
0.999974 -0.00506352 0.00274543 0 -0.00505033 -0.999966 -0.0047895 0 0.00276964 0.0047756 -0.999985 0 -0.234825 -0.654144 0.0723484 1 
0.999969 -0.005649 0.00332829 0 -0.00562805 -0.999955 -0.00626912 0 0.00336361 0.00625031 -0.999975 0 -0.235175 -0.653978 0.0704741 1 
0.999963 -0.00626751 0.00381007 0 -0.00623876 -0.999943 -0.00751004 0 0.003857 0.00748614 -0.999965 0 -0.235589 -0.653902 0.0688195 1 
0.999958 -0.00691779 0.00417164 0 -0.00688212 -0.999931 -0.00850476 0 0.00423027 0.00847585 -0.999955 0 -0.236095 -0.65393 0.0672567 1 
0.999951 -0.00757557 0.00451439 0 -0.00753258 -0.999917 -0.00946472 0 0.0045858 0.00943043 -0.999945 0 -0.236626 -0.653994 0.0656474 1 
0.999944 -0.00825432 0.00490586 0 -0.00820191 -0.9999 -0.0106089 0 0.00499304 0.0105683 -0.999932 0 -0.23714 -0.653965 0.0639639 1 
0.999937 -0.00894824 0.00522759 0 -0.00888633 -0.999882 -0.0117482 0 0.0053322 0.0117012 -0.999917 0 -0.237721 -0.653926 0.0622885 1 
0.99993 -0.00960214 0.00541323 0 -0.00953336 -0.999866 -0.0125909 0 0.0055335 0.0125387 -0.999906 0 -0.23834 -0.653974 0.060818 1 
0.999924 -0.0101467 0.00545333 0 -0.0100753 -0.999856 -0.012956 0 0.00558411 0.0129003 -0.999901 0 -0.238903 -0.654149 0.0597496 1 
0.999917 -0.0108236 0.00542243 0 -0.0107515 -0.999846 -0.0131551 0 0.00556409 0.0130959 -0.999899 0 -0.239629 -0.654464 0.058544 1 
0.999912 -0.01137 0.00530964 0 -0.0112982 -0.999837 -0.0133668 0 0.00546086 0.0133058 -0.999897 0 -0.240317 -0.65474 0.0574356 1 
0.999908 -0.011784 0.00515812 0 -0.0117116 -0.999826 -0.0138404 0 0.00532042 0.013779 -0.999891 0 -0.240971 -0.654902 0.0562565 1 
0.999905 -0.0120968 0.00501442 0 -0.0120217 -0.99981 -0.0147332 0 0.00519179 0.0146718 -0.999879 0 -0.2416 -0.654915 0.0548583 1 
0.999904 -0.0122122 0.00477292 0 -0.0121351 -0.999791 -0.0158645 0 0.00496576 0.0158054 -0.999863 0 -0.242214 -0.654803 0.0534465 1 
0.999909 -0.0120063 0.00424009 0 -0.0119323 -0.999773 -0.0170789 0 0.00444427 0.0170271 -0.999845 0 -0.242842 -0.654616 0.0521634 1 
0.999917 -0.0115951 0.0034249 0 -0.0115302 -0.999755 -0.0183987 0 0.00363747 0.018358 -0.999825 0 -0.243559 -0.654362 0.0509278 1 
0.999923 -0.0112767 0.0025683 0 -0.0112243 -0.999736 -0.0195707 0 0.00278837 0.0195408 -0.999805 0 -0.244341 -0.654119 0.0498161 1 
0.999926 -0.0111654 0.00182684 0 -0.0111255 -0.999716 -0.0206034 0 0.00205641 0.020582 -0.999786 0 -0.245146 -0.653906 0.0487457 1 
0.999924 -0.0114677 0.00137526 0 -0.0114357 -0.999696 -0.0214009 0 0.00162029 0.021384 -0.99977 0 -0.245974 -0.653765 0.0476728 1 
0.999915 -0.0121896 0.00136614 0 -0.0121567 -0.999676 -0.0219405 0 0.00163318 0.0219224 -0.999758 0 -0.246677 -0.653689 0.0466575 1 
0.999904 -0.0130434 0.00147201 0 -0.0130074 -0.999657 -0.0222839 0 0.0017622 0.022263 -0.999751 0 -0.247334 -0.653652 0.0456231 1 
0.999895 -0.0137403 0.00150686 0 -0.0137032 -0.999646 -0.0223594 0 0.00181359 0.0223369 -0.999749 0 -0.247894 -0.653659 0.0446341 1 
0.999886 -0.0143419 0.00146508 0 -0.014306 -0.999643 -0.0221484 0 0.00178224 0.0221254 -0.999754 0 -0.248365 -0.653729 0.043666 1 
0.99988 -0.0148132 0.00124137 0 -0.0147833 -0.999653 -0.0213675 0 0.00155749 0.021347 -0.999771 0 -0.248785 -0.653935 0.0428056 1 
0.999876 -0.0150835 0.000849427 0 -0.0150633 -0.999674 -0.0201421 0 0.00115298 0.0201272 -0.999797 0 -0.249115 -0.654264 0.0421128 1 
0.999874 -0.015227 0.000237282 0 -0.0152201 -0.999708 -0.0182426 0 0.000515002 0.018237 -0.999834 0 -0.249399 -0.654762 0.0415032 1 
0.999874 -0.015232 -0.000636742 0 -0.0152401 -0.999753 -0.015597 0 -0.000399019 0.015605 -0.999878 0 -0.24965 -0.655438 0.0409829 1 
0.999874 -0.0152082 -0.00148108 0 -0.0152262 -0.99979 -0.0130156 0 -0.00128285 0.0130367 -0.999914 0 -0.249863 -0.656069 0.0404917 1 
0.999872 -0.0152022 -0.00235389 0 -0.0152257 -0.999821 -0.0103278 0 -0.00219651 0.0103625 -0.999944 0 -0.250071 -0.656689 0.0398688 1 
0.99987 -0.0152035 -0.0031937 0 -0.0152278 -0.999844 -0.00774508 0 -0.00307551 0.00779286 -0.999965 0 -0.250268 -0.657236 0.0392779 1 
0.999866 -0.0152408 -0.00398725 0 -0.0152619 -0.99986 -0.00532348 0 -0.00390563 0.00538372 -0.999978 0 -0.250458 -0.657704 0.0386855 1 
0.999862 -0.0153058 -0.00471069 0 -0.0153203 -0.999868 -0.00305128 0 -0.00466345 0.00312309 -0.999984 0 -0.250631 -0.65809 0.0379818 1 
0.999859 -0.0153777 -0.00505425 0 -0.0153875 -0.99987 -0.00192113 0 -0.00502414 0.00199867 -0.999985 0 -0.25072 -0.658209 0.0372236 1 
0.999858 -0.0155097 -0.00499651 0 -0.0155197 -0.999868 -0.00195918 0 -0.00496556 0.00203649 -0.999986 0 -0.25076 -0.658068 0.0364614 1 
0.999857 -0.0156809 -0.00465701 0 -0.0156942 -0.999863 -0.00284522 0 -0.00461185 0.00291796 -0.999985 0 -0.250768 -0.657756 0.0357457 1 
0.999855 -0.0158844 -0.00432792 0 -0.0159006 -0.999857 -0.00371512 0 -0.00426837 0.00378347 -0.999984 0 -0.250802 -0.657447 0.0350909 1 
0.999852 -0.0161425 -0.0040703 0 -0.0161603 -0.99985 -0.00439919 0 -0.00399875 0.00446441 -0.999982 0 -0.250891 -0.65718 0.0345797 1 
0.999848 -0.0163933 -0.00388902 0 -0.0164122 -0.999844 -0.00486969 0 -0.00380866 0.00493287 -0.999981 0 -0.251006 -0.656973 0.0342159 1 
0.999844 -0.016657 -0.00378172 0 -0.0166764 -0.999838 -0.00516428 0 -0.00369516 0.00522665 -0.99998 0 -0.251149 -0.656819 0.033994 1 
0.99984 -0.0169457 -0.00373595 0 -0.0169653 -0.999832 -0.00528272 0 -0.00364587 0.00534536 -0.999979 0 -0.251323 -0.656711 0.0339005 1 
0.999835 -0.0172307 -0.00372041 0 -0.0172503 -0.999827 -0.0053086 0 -0.00362836 0.00537201 -0.999979 0 -0.2515 -0.656633 0.0338777 1 
0.999831 -0.0174816 -0.00373863 0 -0.0175012 -0.999823 -0.00528059 0 -0.00364573 0.00534523 -0.999979 0 -0.251672 -0.656579 0.0338877 1 
0.999827 -0.0176883 -0.00375623 0 -0.0177079 -0.99982 -0.00525401 0 -0.00366269 0.00531972 -0.999979 0 -0.251814 -0.656533 0.0338957 1 
0.999822 -0.0179587 -0.00376166 0 -0.0179785 -0.999815 -0.00528909 0 -0.00366604 0.00535588 -0.999979 0 -0.251997 -0.656453 0.033876 1 
0.999818 -0.0181664 -0.00373315 0 -0.0181863 -0.999811 -0.00536255 0 -0.00363509 0.00542957 -0.999979 0 -0.252122 -0.656379 0.0338202 1 
0.999816 -0.0182833 -0.00368037 0 -0.0183035 -0.999808 -0.00553859 0 -0.00357847 0.00560505 -0.999978 0 -0.252191 -0.656294 0.0336911 1 
0.999816 -0.0183382 -0.00358742 0 -0.0183588 -0.999805 -0.00579825 0 -0.00348046 0.00586315 -0.999977 0 -0.252205 -0.656199 0.0334999 1 
0.999816 -0.0183805 -0.0034439 0 -0.0184016 -0.999802 -0.00618256 0 -0.00332964 0.00624491 -0.999975 0 -0.252184 -0.656076 0.0332111 1 
0.999816 -0.0184063 -0.00325937 0 -0.0184278 -0.999798 -0.00668997 0 -0.00313563 0.00674893 -0.999972 0 -0.252144 -0.655917 0.0328312 1 
0.999815 -0.0184603 -0.00305173 0 -0.018482 -0.999793 -0.00724476 0 -0.00291742 0.00729996 -0.999969 0 -0.252111 -0.655739 0.0324079 1 
0.999815 -0.0184891 -0.00287518 0 -0.0185108 -0.999789 -0.007712 0 -0.00273204 0.00776394 -0.999966 0 -0.252075 -0.65559 0.0320448 1 
0.999816 -0.0185028 -0.00266016 0 -0.0185242 -0.999785 -0.00826843 0 -0.00250664 0.00831634 -0.999962 0 -0.252021 -0.655418 0.0316261 1 
0.999817 -0.0184829 -0.00245565 0 -0.0185038 -0.999781 -0.00877525 0 -0.00229297 0.00881925 -0.999958 0 -0.251943 -0.655271 0.0312338 1 
0.999818 -0.0184364 -0.00228648 0 -0.0184567 -0.999778 -0.0091946 0 -0.0021165 0.00923531 -0.999955 0 -0.251861 -0.655153 0.0308773 1 
0.999818 -0.0184237 -0.00217782 0 -0.0184435 -0.999776 -0.00945255 0 -0.00200321 0.00949119 -0.999953 0 -0.25181 -0.655055 0.0305115 1 
0.999819 -0.0184142 -0.00201407 0 -0.0184332 -0.999772 -0.00985413 0 -0.00183219 0.00988966 -0.999949 0 -0.251751 -0.654934 0.0301728 1 
0.99982 -0.0183724 -0.00186258 0 -0.0183905 -0.999769 -0.0102267 0 -0.0016743 0.0102593 -0.999946 0 -0.251674 -0.654833 0.0298628 1 
0.999821 -0.0183045 -0.00172771 0 -0.0183218 -0.999767 -0.0105746 0 -0.00153377 0.0106046 -0.999943 0 -0.251589 -0.654741 0.0295844 1 
0.999823 -0.0182254 -0.00161854 0 -0.0182419 -0.999765 -0.0108426 0 -0.00142058 0.0108704 -0.99994 0 -0.251501 -0.65468 0.0293743 1 
0.999825 -0.0181364 -0.00154946 0 -0.0181524 -0.999765 -0.0109942 0 -0.00134973 0.0110206 -0.999938 0 -0.251421 -0.654653 0.0292163 1 
0.999826 -0.0180544 -0.00157422 0 -0.0180705 -0.999768 -0.010892 0 -0.00137724 0.0109188 -0.999939 0 -0.251366 -0.654685 0.0291256 1 
0.999828 -0.0179458 -0.00154543 0 -0.0179617 -0.999769 -0.0109371 0 -0.00134883 0.0109632 -0.999939 0 -0.251286 -0.654693 0.0290519 1 
0.99983 -0.0178236 -0.00156349 0 -0.0178396 -0.999772 -0.0108703 0 -0.00136941 0.0108965 -0.99994 0 -0.251213 -0.654747 0.0290541 1 
0.999832 -0.0177133 -0.00167141 0 -0.01773 -0.999777 -0.0105621 0 -0.00148397 0.0105902 -0.999943 0 -0.251178 -0.654882 0.0291482 1 
0.999832 -0.0177023 -0.0018001 0 -0.0177198 -0.999781 -0.0102072 0 -0.00161905 0.0102376 -0.999946 0 -0.251221 -0.65502 0.0292586 1 
0.999832 -0.0177254 -0.00186709 0 -0.0177433 -0.999783 -0.0100386 0 -0.00168878 0.0100703 -0.999948 0 -0.251266 -0.655091 0.0293235 1 
0.999831 -0.0177419 -0.00190102 0 -0.01776 -0.999783 -0.00995763 0 -0.00172397 0.0099899 -0.999949 0 -0.251294 -0.655123 0.0293545 1 
0.999831 -0.0177371 -0.00189324 0 -0.0177551 -0.999783 -0.00996704 0 -0.00171607 0.00999916 -0.999949 0 -0.251289 -0.655122 0.0293409 1 
0.999832 -0.0177191 -0.0018457 0 -0.0177368 -0.999783 -0.0100521 0 -0.00166722 0.0100833 -0.999948 0 -0.251257 -0.655104 0.0292645 1 
0.999832 -0.0177303 -0.0017815 0 -0.0177476 -0.99978 -0.0102441 0 -0.00159951 0.0102742 -0.999946 0 -0.25124 -0.655044 0.0291214 1 
0.999831 -0.0177595 -0.00168179 0 -0.0177762 -0.999777 -0.0105209 0 -0.0014946 0.0105492 -0.999943 0 -0.251231 -0.654952 0.0289148 1 
0.999831 -0.0177672 -0.00155176 0 -0.017783 -0.999773 -0.0108655 0 -0.00135839 0.0108914 -0.99994 0 -0.251195 -0.654846 0.0286526 1 
0.999832 -0.0177464 -0.00139209 0 -0.0177609 -0.999769 -0.0112441 0 -0.00119225 0.0112672 -0.999936 0 -0.251126 -0.654742 0.0283433 1 
0.999833 -0.0177102 -0.001245 0 -0.0177235 -0.999766 -0.0115957 0 -0.00103937 0.011616 -0.999932 0 -0.251066 -0.654663 0.0279957 1 
0.999833 -0.0177093 -0.00114828 0 -0.0177217 -0.999763 -0.0118215 0 -0.000938678 0.0118401 -0.999929 0 -0.251048 -0.654634 0.0276348 1 
0.999833 -0.0177224 -0.00118638 0 -0.017735 -0.999765 -0.0116682 0 -0.000979336 0.0116875 -0.999931 0 -0.251083 -0.654716 0.0273081 1 
0.999832 -0.0177594 -0.0012909 0 -0.0177729 -0.999769 -0.0112935 0 -0.00109006 0.0113148 -0.999935 0 -0.251155 -0.654879 0.0269468 1 
0.999831 -0.0177805 -0.00148783 0 -0.0177954 -0.999775 -0.0106672 0 -0.00129785 0.010692 -0.999942 0 -0.251261 -0.655143 0.0265933 1 
0.999831 -0.0177778 -0.00185323 0 -0.0177947 -0.999787 -0.00952676 0 -0.00168351 0.00955831 -0.999953 0 -0.251418 -0.655592 0.0262869 1 
0.99983 -0.0177729 -0.00241672 0 -0.0177912 -0.999802 -0.0077977 0 -0.0022777 0.00783952 -0.999967 0 -0.251635 -0.656229 0.0260371 1 
0.999827 -0.0177669 -0.00323126 0 -0.0177837 -0.999819 -0.00523402 0 -0.00313774 0.00529068 -0.999981 0 -0.251919 -0.657079 0.0258147 1 
0.999824 -0.0177444 -0.00415585 0 -0.0177543 -0.99983 -0.00237053 0 -0.00411316 0.00244394 -0.999989 0 -0.2522 -0.657964 0.0255638 1 
0.999821 -0.0176963 -0.00508637 0 -0.0176944 -0.999834 0.000416097 0 -0.00509299 -0.000326028 -0.999987 0 -0.252446 -0.658775 0.0252513 1 
0.999819 -0.0175948 -0.00578736 0 -0.0175801 -0.999833 0.00257637 0 -0.00583184 -0.00247421 -0.99998 0 -0.252583 -0.659406 0.0248912 1 
0.999819 -0.0174701 -0.00613462 0 -0.0174477 -0.999831 0.00367175 0 -0.00619785 -0.00356412 -0.999974 0 -0.252613 -0.659769 0.0245307 1 
0.999821 -0.0173394 -0.0061043 0 -0.0173174 -0.999834 0.00363635 0 -0.00616646 -0.00353005 -0.999975 0 -0.252542 -0.659858 0.0241275 1 
0.999824 -0.0172329 -0.00593857 0 -0.017214 -0.999837 0.00321503 0 -0.00599312 -0.0031123 -0.999977 0 -0.252428 -0.65978 0.0237485 1 
0.999827 -0.0171296 -0.00577972 0 -0.0171136 -0.99984 0.002811 0 -0.00582706 -0.00271165 -0.999979 0 -0.252307 -0.65968 0.0234439 1 
0.999829 -0.0170596 -0.00567073 0 -0.0170455 -0.999842 0.00253651 0 -0.00571321 -0.00243946 -0.999981 0 -0.252224 -0.659614 0.0232347 1 
0.999829 -0.0170541 -0.0056144 0 -0.0170409 -0.999842 0.00239485 0 -0.00565446 -0.00229881 -0.999981 0 -0.252199 -0.659574 0.0231243 1 
0.999829 -0.0170796 -0.0056053 0 -0.0170666 -0.999842 0.002353 0 -0.00564471 -0.00225698 -0.999982 0 -0.252215 -0.659554 0.0230952 1 
0.999828 -0.0171105 -0.0056113 0 -0.0170976 -0.999841 0.00234047 0 -0.00565056 -0.00224418 -0.999982 0 -0.252237 -0.659542 0.0230882 1 
0.999827 -0.017162 -0.00563522 0 -0.0171489 -0.999841 0.00236786 0 -0.00567506 -0.00227085 -0.999981 0 -0.252282 -0.659538 0.0231026 1 
0.999825 -0.0172655 -0.00564745 0 -0.0172521 -0.999839 0.00240836 0 -0.00568823 -0.00231055 -0.999981 0 -0.252356 -0.659529 0.0231216 1 
0.999824 -0.0173706 -0.00563843 0 -0.0173574 -0.999837 0.00237511 0 -0.00567887 -0.00227686 -0.999981 0 -0.252423 -0.659492 0.0230973 1 
0.999822 -0.0174563 -0.00561629 0 -0.0174436 -0.999836 0.00230511 0 -0.00565572 -0.00220678 -0.999982 0 -0.252473 -0.659449 0.023042 1 
0.999822 -0.0174965 -0.00558872 0 -0.0174843 -0.999835 0.0022375 0 -0.00562705 -0.00213942 -0.999982 0 -0.252489 -0.659418 0.0229902 1 
0.999822 -0.0175007 -0.00554685 0 -0.0174892 -0.999835 0.00211488 0 -0.00558306 -0.00201754 -0.999982 0 -0.252479 -0.659379 0.0228997 1 
0.999822 -0.0175422 -0.0054697 0 -0.017532 -0.999835 0.00190492 0 -0.00550231 -0.00180872 -0.999983 0 -0.252483 -0.659303 0.0227413 1 
0.999821 -0.0176003 -0.00537312 0 -0.0175917 -0.999834 0.00164736 0 -0.00540133 -0.00155257 -0.999984 0 -0.25249 -0.659208 0.0225453 1 
0.999821 -0.0176417 -0.00526922 0 -0.0176347 -0.999834 0.00137021 0 -0.00529262 -0.00127707 -0.999985 0 -0.252487 -0.659111 0.0223331 1 
0.999821 -0.0176825 -0.00513725 0 -0.0176774 -0.999834 0.00103072 0 -0.00515472 -0.000939743 -0.999986 0 -0.252471 -0.658996 0.0220752 1 
0.999821 -0.0177087 -0.00500924 0 -0.0177055 -0.999833 0.000694811 0 -0.0050208 -0.000606007 -0.999987 0 -0.252442 -0.658887 0.0218123 1 
0.999821 -0.0177198 -0.00487783 0 -0.0177183 -0.999833 0.000352623 0 -0.00488336 -0.000266138 -0.999988 0 -0.252409 -0.658778 0.0215407 1 
0.999822 -0.0177175 -0.00477518 0 -0.0177172 -0.999833 0.00010917 0 -0.00477641 -2.45479e-05 -0.999989 0 -0.252378 -0.658705 0.021305 1 
0.999822 -0.0177158 -0.00477505 0 -0.0177152 -0.999833 0.000159339 0 -0.00477717 -7.47213e-05 -0.999989 0 -0.252373 -0.658725 0.0211238 1 
0.999822 -0.0177182 -0.00475008 0 -0.0177179 -0.999833 0.0001021 0 -0.00475119 -1.79204e-05 -0.999989 0 -0.252375 -0.658723 0.020932 1 
0.999822 -0.0177384 -0.00469664 0 -0.0177387 -0.999833 -2.68681e-05 0 -0.00469547 0.000110178 -0.999989 0 -0.25238 -0.658719 0.0207225 1 
0.999822 -0.017753 -0.00467466 0 -0.0177535 -0.999833 -6.95451e-05 0 -0.00467273 0.000152527 -0.999989 0 -0.252404 -0.65876 0.0205439 1 
0.999821 -0.0177958 -0.00464105 0 -0.0177967 -0.999832 -0.000141144 0 -0.00463785 0.000223718 -0.999989 0 -0.252442 -0.658772 0.0203711 1 
0.999821 -0.0178456 -0.00458022 0 -0.017847 -0.999831 -0.000273938 0 -0.00457465 0.000355639 -0.999989 0 -0.252457 -0.658749 0.0202018 1 
0.999821 -0.017863 -0.00451668 0 -0.0178652 -0.999831 -0.000432169 0 -0.00450829 0.000512793 -0.99999 0 -0.252458 -0.65872 0.0200148 1 
0.99982 -0.0178934 -0.00446183 0 -0.0178961 -0.99983 -0.000566807 0 -0.00445102 0.000646567 -0.99999 0 -0.252469 -0.658694 0.0198512 1 
0.99982 -0.0179215 -0.00441515 0 -0.0179245 -0.999829 -0.000661661 0 -0.00440262 0.000740696 -0.99999 0 -0.252475 -0.658682 0.0197223 1 
0.99982 -0.0179459 -0.00437573 0 -0.0179493 -0.999829 -0.000748217 0 -0.00436164 0.00082664 -0.99999 0 -0.252483 -0.658671 0.0196019 1 
0.99982 -0.0179609 -0.00433683 0 -0.0179647 -0.999829 -0.000838872 0 -0.0043211 0.000916648 -0.99999 0 -0.25249 -0.658665 0.019463 1 
0.999819 -0.0179905 -0.00431644 0 -0.0179945 -0.999828 -0.000890131 0 -0.00429976 0.000967661 -0.99999 0 -0.25251 -0.658674 0.0193434 1 
0.999819 -0.0180045 -0.00431477 0 -0.0180085 -0.999828 -0.000896563 0 -0.00429797 0.000974122 -0.99999 0 -0.252533 -0.658708 0.0192423 1 
0.999819 -0.0180318 -0.00430327 0 -0.0180358 -0.999827 -0.000893049 0 -0.00428651 0.000970519 -0.99999 0 -0.252562 -0.658753 0.0191222 1 
0.999818 -0.0180572 -0.00432555 0 -0.0180609 -0.999827 -0.000826856 0 -0.00430995 0.000904846 -0.99999 0 -0.252614 -0.658833 0.0190029 1 
0.999817 -0.0180911 -0.00434171 0 -0.0180945 -0.999826 -0.000747488 0 -0.00432752 0.000825928 -0.99999 0 -0.252669 -0.658935 0.0188481 1 
0.999816 -0.0181393 -0.00435636 0 -0.0181425 -0.999826 -0.000685509 0 -0.00434325 0.000764433 -0.99999 0 -0.252734 -0.659036 0.0186656 1 
0.999815 -0.0182083 -0.00434849 0 -0.0182115 -0.999824 -0.000699458 0 -0.00433508 0.000778536 -0.99999 0 -0.252804 -0.659097 0.018448 1 
0.999813 -0.0183097 -0.00430585 0 -0.0183133 -0.999822 -0.000795609 0 -0.0042906 0.000874331 -0.99999 0 -0.252884 -0.659119 0.0181798 1 
0.999812 -0.0184091 -0.0042009 0 -0.0184135 -0.99982 -0.00100393 0 -0.00418174 0.00108111 -0.999991 0 -0.252932 -0.659097 0.0178536 1 
0.999812 -0.018434 -0.00406699 0 -0.0184396 -0.999819 -0.00135254 0 -0.0040414 0.0014273 -0.999991 0 -0.252927 -0.659028 0.0174684 1 
0.999812 -0.0184554 -0.00390599 0 -0.0184624 -0.999818 -0.00175513 0 -0.00387296 0.00182695 -0.999991 0 -0.252899 -0.658938 0.017059 1 
0.999813 -0.0184498 -0.003724 0 -0.0184581 -0.999818 -0.00221803 0 -0.00368247 0.0022864 -0.999991 0 -0.252844 -0.658821 0.016641 1 
0.999814 -0.0184435 -0.00355582 0 -0.0184529 -0.999817 -0.00264088 0 -0.00350653 0.00270605 -0.99999 0 -0.25279 -0.658709 0.0162521 1 
0.999815 -0.0184118 -0.00346836 0 -0.0184215 -0.999817 -0.00280451 0 -0.00341615 0.00286794 -0.99999 0 -0.252754 -0.658699 0.015966 1 
0.999816 -0.0183297 -0.00353198 0 -0.0183388 -0.999819 -0.0025687 0 -0.00348432 0.00263305 -0.99999 0 -0.252728 -0.658816 0.0157732 1 
0.999817 -0.0182841 -0.00352761 0 -0.0182932 -0.99982 -0.00256189 0 -0.0034802 0.002626 -0.99999 0 -0.252714 -0.658875 0.0156078 1 
0.999817 -0.0183082 -0.00350935 0 -0.0183174 -0.999819 -0.00260326 0 -0.00346112 0.00266712 -0.99999 0 -0.252742 -0.658904 0.0154457 1 
0.999816 -0.0183497 -0.0035076 0 -0.0183589 -0.999818 -0.00262015 0 -0.00345895 0.00268411 -0.99999 0 -0.25278 -0.658934 0.0153153 1 
0.999816 -0.0183547 -0.00347619 0 -0.0183641 -0.999818 -0.00269403 0 -0.00342618 0.00275742 -0.99999 0 -0.252783 -0.658934 0.0151939 1 
0.999816 -0.0183594 -0.00341315 0 -0.0183691 -0.999818 -0.00285614 0 -0.00336015 0.00291836 -0.99999 0 -0.252767 -0.658886 0.0150596 1 
0.999816 -0.0183481 -0.00334268 0 -0.0183582 -0.999817 -0.00302162 0 -0.0032867 0.00308249 -0.99999 0 -0.252734 -0.658837 0.0149295 1 
0.999817 -0.0183427 -0.00328624 0 -0.0183532 -0.999817 -0.00318617 0 -0.00322726 0.00324596 -0.99999 0 -0.252712 -0.658786 0.0148019 1 
0.999817 -0.0183522 -0.00324137 0 -0.0183628 -0.999816 -0.00328105 0 -0.00318062 0.00334004 -0.999989 0 -0.252702 -0.65875 0.0146866 1 
0.999817 -0.0183518 -0.00328225 0 -0.0183621 -0.999817 -0.0031406 0 -0.00322407 0.00320036 -0.99999 0 -0.252705 -0.65876 0.0145804 1 
0.999817 -0.0183215 -0.00334477 0 -0.0183312 -0.999818 -0.00291394 0 -0.00329084 0.00297478 -0.99999 0 -0.252686 -0.658795 0.0144649 1 
0.999818 -0.0182854 -0.00334132 0 -0.0182951 -0.999819 -0.00289285 0 -0.00328788 0.00295351 -0.99999 0 -0.252656 -0.658786 0.0143287 1 
0.999818 -0.0182639 -0.00331619 0 -0.0182736 -0.999819 -0.00292314 0 -0.00326226 0.00298326 -0.99999 0 -0.252624 -0.658759 0.0141603 1 
0.999818 -0.0182715 -0.00332273 0 -0.0182811 -0.999819 -0.00288283 0 -0.00326952 0.00294311 -0.99999 0 -0.252619 -0.658748 0.0140208 1 
0.999818 -0.0182645 -0.0033334 0 -0.0182739 -0.999819 -0.00281879 0 -0.00328137 0.00287925 -0.99999 0 -0.252616 -0.658749 0.0138902 1 
0.999818 -0.0182566 -0.00330935 0 -0.0182661 -0.999819 -0.0028565 0 -0.00325667 0.00291649 -0.99999 0 -0.252596 -0.658741 0.0137437 1 
0.999819 -0.0182099 -0.00325476 0 -0.0182195 -0.99982 -0.00296943 0 -0.00320017 0.00302826 -0.99999 0 -0.252555 -0.658736 0.0135791 1 
0.999821 -0.0181249 -0.00321646 0 -0.0181348 -0.999821 -0.00307813 0 -0.00316015 0.00313597 -0.99999 0 -0.2525 -0.658753 0.0134165 1 
0.999823 -0.0180323 -0.0031379 0 -0.0180425 -0.999822 -0.00327115 0 -0.00307842 0.00332725 -0.99999 0 -0.252427 -0.658745 0.013193 1 
0.999824 -0.0179708 -0.00302701 0 -0.0179816 -0.999822 -0.00356777 0 -0.00296241 0.00362164 -0.999989 0 -0.252359 -0.658694 0.0128981 1 
0.999826 -0.0179083 -0.00294192 0 -0.0179192 -0.999823 -0.00374612 0 -0.00287436 0.00379826 -0.999989 0 -0.252306 -0.658701 0.0126317 1 
0.999827 -0.0178608 -0.00292071 0 -0.0178719 -0.999823 -0.00379923 0 -0.00285239 0.00385084 -0.999989 0 -0.252288 -0.658765 0.0124183 1 
0.999826 -0.0179081 -0.00285995 0 -0.0179195 -0.999822 -0.00398137 0 -0.0027882 0.004032 -0.999988 0 -0.25232 -0.658753 0.0121359 1 
0.999824 -0.0180202 -0.00275546 0 -0.0180319 -0.999819 -0.00426315 0 -0.00267819 0.00431217 -0.999987 0 -0.252377 -0.658682 0.0117988 1 
0.999823 -0.0181123 -0.00263724 0 -0.0181241 -0.999816 -0.00454276 0 -0.00255452 0.00458984 -0.999986 0 -0.252418 -0.658627 0.0114369 1 
0.999822 -0.0181956 -0.00252475 0 -0.0182077 -0.999813 -0.00483414 0 -0.00243637 0.00487934 -0.999985 0 -0.252459 -0.658586 0.0110258 1 
0.999821 -0.0182689 -0.00239295 0 -0.018281 -0.99981 -0.00512749 0 -0.00229886 0.00517041 -0.999984 0 -0.252484 -0.658555 0.0105953 1 
0.999821 -0.0182773 -0.0022583 0 -0.0182894 -0.999808 -0.00546411 0 -0.00215804 0.00550454 -0.999983 0 -0.252473 -0.658526 0.0101255 1 
0.999821 -0.0183057 -0.00211413 0 -0.0183178 -0.999806 -0.00581868 0 -0.00200724 0.00585648 -0.999981 0 -0.252473 -0.6585 0.00961378 1 
0.999821 -0.0183215 -0.00198306 0 -0.0183333 -0.999804 -0.00612391 0 -0.0018705 0.00615928 -0.999979 0 -0.252482 -0.658508 0.00908672 1 
0.999821 -0.018336 -0.00183002 0 -0.0183475 -0.999801 -0.00650765 0 -0.00171036 0.00654019 -0.999977 0 -0.252471 -0.658478 0.00854525 1 
0.999821 -0.0183464 -0.00163119 0 -0.0183574 -0.999797 -0.00700296 0 -0.00150241 0.00703178 -0.999974 0 -0.252435 -0.658392 0.0079609 1 
0.999821 -0.0183325 -0.00146735 0 -0.0183428 -0.999795 -0.00737767 0 -0.00133182 0.00740341 -0.999972 0 -0.252406 -0.658373 0.00740986 1 
0.999822 -0.0183019 -0.00134703 0 -0.0183117 -0.999794 -0.00763482 0 -0.00120704 0.00765828 -0.99997 0 -0.252387 -0.658426 0.00687112 1 
0.999823 -0.0182707 -0.00123302 0 -0.0182799 -0.999792 -0.00789255 0 -0.00108858 0.00791385 -0.999968 0 -0.252372 -0.658481 0.00632727 1 
0.999823 -0.018276 -0.00109676 0 -0.0182844 -0.99979 -0.00820755 0 -0.000946544 0.00822631 -0.999966 0 -0.252372 -0.658508 0.00573509 1 
0.999823 -0.0182839 -0.000992625 0 -0.0182916 -0.999787 -0.00845518 0 -0.000837837 0.008472 -0.999964 0 -0.25239 -0.658567 0.00516594 1 
0.999821 -0.0183665 -0.000868495 0 -0.0183734 -0.999783 -0.00872787 0 -0.00070802 0.00874244 -0.999962 0 -0.252446 -0.65862 0.00452345 1 
0.99982 -0.0184377 -0.000744057 0 -0.0184437 -0.99978 -0.00902233 0 -0.000577552 0.0090346 -0.999959 0 -0.252512 -0.658692 0.0037999 1 
0.999819 -0.0184985 -0.000579372 0 -0.0185031 -0.999775 -0.00941588 0 -0.00040507 0.00942508 -0.999956 0 -0.252556 -0.658723 0.00302902 1 
0.999818 -0.0185465 -0.000329987 0 -0.0185488 -0.999768 -0.0099928 0 -0.000144582 0.0099973 -0.99995 0 -0.252562 -0.658697 0.00209683 1 
0.999818 -0.0185591 -4.28437e-05 0 -0.0185585 -0.999761 -0.0106762 0 0.00015531 0.0106753 -0.999943 0 -0.252518 -0.658622 0.00115325 1 
0.999819 -0.0185363 0.000275602 0 -0.018532 -0.999753 -0.0114504 0 0.000487793 0.0114435 -0.999934 0 -0.252434 -0.658495 0.000223664 1 
0.99982 -0.0184597 0.000547329 0 -0.0184517 -0.999747 -0.0120717 0 0.000770044 0.0120596 -0.999927 0 -0.252321 -0.658408 -0.000537857 1 
0.999823 -0.0182974 0.000767816 0 -0.0182863 -0.999744 -0.0125995 0 0.000998176 0.0125835 -0.99992 0 -0.252169 -0.658369 -0.00120963 1 
0.999826 -0.0181013 0.000952212 0 -0.0180873 -0.999742 -0.0130273 0 0.0011878 0.0130081 -0.999915 0 -0.252005 -0.658362 -0.00177943 1 
0.999829 -0.01795 0.00111754 0 -0.0179333 -0.999739 -0.0134524 0 0.00135874 0.0134303 -0.999909 0 -0.251868 -0.658315 -0.002262 1 
0.999831 -0.0178315 0.00129086 0 -0.0178119 -0.999736 -0.013857 0 0.00153764 0.0138319 -0.999903 0 -0.251741 -0.658251 -0.00268784 1 
0.999832 -0.01772 0.00142055 0 -0.0176981 -0.999733 -0.0141706 0 0.00167131 0.0141434 -0.999899 0 -0.251635 -0.658216 -0.00304072 1 
0.999833 -0.0176915 0.00153188 0 -0.0176676 -0.99973 -0.0144263 0 0.00178672 0.0143971 -0.999895 0 -0.251587 -0.65818 -0.00335058 1 
0.999833 -0.017689 0.0016248 0 -0.0176634 -0.999727 -0.0146287 0 0.00188316 0.0145978 -0.999892 0 -0.251565 -0.658175 -0.00368013 1 
0.999832 -0.017694 0.00169238 0 -0.017667 -0.999724 -0.01482 0 0.00195418 0.0147879 -0.999889 0 -0.251573 -0.658191 -0.00405596 1 
0.999831 -0.017767 0.0017858 0 -0.0177381 -0.99972 -0.0150661 0 0.00205302 0.0150322 -0.999885 0 -0.25162 -0.65818 -0.00450362 1 
0.999829 -0.0178459 0.0019179 0 -0.0178143 -0.999713 -0.0153889 0 0.00219202 0.0153524 -0.99988 0 -0.25166 -0.658154 -0.00504429 1 
0.999828 -0.0179084 0.00207804 0 -0.0178735 -0.999707 -0.0157227 0 0.00235904 0.0156831 -0.999874 0 -0.251687 -0.658176 -0.00573022 1 
0.999827 -0.0179336 0.00228205 0 -0.0178942 -0.999698 -0.0162681 0 0.00257316 0.0162248 -0.999865 0 -0.251687 -0.658141 -0.00653861 1 
0.999823 -0.0181134 0.00275461 0 -0.0180624 -0.999673 -0.017541 0 0.0030715 0.0174885 -0.999842 0 -0.251668 -0.657775 -0.00780523 1 
0.999814 -0.0184383 0.00343326 0 -0.0183682 -0.999633 -0.0194309 0 0.00379035 0.0193646 -0.999805 0 -0.251645 -0.657084 -0.00930955 1 
0.999813 -0.018535 0.0033709 0 -0.0184649 -0.999625 -0.019755 0 0.00373586 0.0196894 -0.999799 0 -0.251836 -0.656994 -0.00981454 1 
0.999812 -0.018637 0.00307446 0 -0.0185763 -0.999643 -0.0186938 0 0.00342183 0.0186335 -0.999821 0 -0.252031 -0.657469 -0.0092119 1 
0.999809 -0.0187816 0.00314284 0 -0.018718 -0.999632 -0.0191548 0 0.0035015 0.0190927 -0.999812 0 -0.25213 -0.657383 -0.0092875 1 
0.999804 -0.019039 0.00325774 0 -0.0189718 -0.999619 -0.0195373 0 0.00362854 0.019472 -0.999804 0 -0.252265 -0.657203 -0.00955493 1 
0.9998 -0.0192324 0.00325093 0 -0.0191656 -0.999617 -0.0194608 0 0.00362403 0.019395 -0.999805 0 -0.252396 -0.657197 -0.00951769 1 
0.999799 -0.0192746 0.00325415 0 -0.0192076 -0.999616 -0.0195092 0 0.003629 0.0194431 -0.999804 0 -0.252425 -0.65717 -0.00955063 1 
0.9998 -0.019226 0.00327899 0 -0.0191583 -0.999616 -0.0195571 0 0.0036538 0.0194908 -0.999803 0 -0.252377 -0.657169 -0.00958795 1 
0.999801 -0.0191577 0.00329227 0 -0.0190896 -0.999616 -0.019607 0 0.0036667 0.0195406 -0.999802 0 -0.25232 -0.657171 -0.00963447 1 
0.999802 -0.019121 0.00330917 0 -0.0190524 -0.999616 -0.0196438 0 0.00368358 0.0195772 -0.999802 0 -0.252277 -0.657173 -0.00966526 1 
0.999802 -0.0191369 0.00332296 0 -0.019068 -0.999615 -0.0196765 0 0.0036983 0.0196096 -0.999801 0 -0.252255 -0.65717 -0.00969904 1 
0.9998 -0.01921 0.00332756 0 -0.0191409 -0.999613 -0.0196988 0 0.00370476 0.0196316 -0.9998 0 -0.252208 -0.657185 -0.0097357 1 
0.999795 -0.0194729 0.00333691 0 -0.0194033 -0.999607 -0.019753 0 0.00372032 0.0196846 -0.999799 0 -0.252144 -0.657192 -0.00978195 1 
0.999786 -0.0199429 0.00334259 0 -0.019873 -0.999597 -0.0197943 0 0.00373607 0.019724 -0.999798 0 -0.252105 -0.657192 -0.00981539 1 
0.999769 -0.0207587 0.00333356 0 -0.0206887 -0.99958 -0.019819 0 0.00374365 0.0197459 -0.999798 0 -0.252078 -0.657194 -0.00983524 1 
0.999742 -0.0220534 0.00330158 0 -0.0219838 -0.999552 -0.0198229 0 0.00373733 0.0197455 -0.999798 0 -0.252049 -0.657208 -0.00984434 1 
0.999689 -0.0243301 0.00324918 0 -0.0242611 -0.999499 -0.0198246 0 0.00372996 0.01974 -0.999798 0 -0.252065 -0.65721 -0.00985537 1 
0.999605 -0.0275625 0.00319654 0 -0.0274938 -0.999415 -0.0198514 0 0.0037419 0.0197561 -0.999798 0 -0.252065 -0.657205 -0.00986922 1 
0.999433 -0.0332332 0.00308831 0 -0.0331654 -0.999242 -0.019893 0 0.00374715 0.0197796 -0.999797 0 -0.252041 -0.657205 -0.00988649 1 
0.99923 -0.0388823 0.00297038 0 -0.0388156 -0.999038 -0.0199247 0 0.00374231 0.0197944 -0.999797 0 -0.252061 -0.657194 -0.00989461 1 
0.999008 -0.0442248 0.00286777 0 -0.0441591 -0.998816 -0.0199419 0 0.00374638 0.0197959 -0.999797 0 -0.252078 -0.657188 -0.00990112 1 
0.998683 -0.0510361 0.00274631 0 -0.0509713 -0.998491 -0.0199781 0 0.00376184 0.0198122 -0.999797 0 -0.252045 -0.657193 -0.00991585 1 
0.998246 -0.0589757 0.00260731 0 -0.058912 -0.998053 -0.0200259 0 0.00378335 0.0198376 -0.999796 0 -0.252013 -0.657196 -0.00993084 1 
0.997813 -0.0659016 0.00247084 0 -0.065839 -0.997619 -0.0200809 0 0.00378839 0.0198747 -0.999795 0 -0.251986 -0.657194 -0.00994676 1 
0.997122 -0.0756462 0.00227387 0 -0.0755855 -0.996927 -0.0200991 0 0.00378738 0.0198698 -0.999795 0 -0.251973 -0.657201 -0.00994591 1 
0.996527 -0.0831218 0.00213543 0 -0.0830623 -0.996331 -0.0201285 0 0.00380079 0.0198816 -0.999795 0 -0.251963 -0.657199 -0.00995408 1 
0.995909 -0.0902328 0.00200005 0 -0.0901745 -0.995712 -0.0201725 0 0.00381177 0.01991 -0.999795 0 -0.251975 -0.657185 -0.00996115 1 
0.995233 -0.0974128 0.0018544 0 -0.0973559 -0.995035 -0.0201927 0 0.0038123 0.0199163 -0.999794 0 -0.251971 -0.657185 -0.00996342 1 
0.994609 -0.103589 0.00173842 0 -0.103533 -0.994411 -0.0202165 0 0.00382298 0.0199279 -0.999794 0 -0.251961 -0.657183 -0.00996763 1 
0.993783 -0.111234 0.00159184 0 -0.111179 -0.993585 -0.0202373 0 0.00383277 0.0199349 -0.999794 0 -0.251954 -0.657183 -0.00997011 1 
0.9928 -0.119694 0.00143971 0 -0.11964 -0.992601 -0.0202473 0 0.0038526 0.0199296 -0.999794 0 -0.251908 -0.6572 -0.00997393 1 
0.991553 -0.129619 0.00123837 0 -0.129568 -0.991354 -0.0202625 0 0.00385415 0.0199313 -0.999794 0 -0.251842 -0.657224 -0.00997499 1 
0.990278 -0.139028 0.00106797 0 -0.138978 -0.990078 -0.0202852 0 0.00387766 0.0199399 -0.999794 0 -0.25173 -0.657261 -0.00998161 1 
0.988804 -0.149156 0.000889499 0 -0.149107 -0.988602 -0.0203203 0 0.00391032 0.0199605 -0.999793 0 -0.251565 -0.657311 -0.00999333 1 
0.987014 -0.160576 0.000684122 0 -0.160529 -0.986812 -0.0203093 0 0.00393636 0.0199362 -0.999794 0 -0.251379 -0.657386 -0.00998984 1 
0.98503 -0.172329 0.000465822 0 -0.172284 -0.984828 -0.0203196 0 0.00396048 0.0199356 -0.999793 0 -0.251218 -0.657445 -0.00999144 1 
0.982933 -0.18391 0.000209594 0 -0.183867 -0.982731 -0.0203333 0 0.00394554 0.0199481 -0.999793 0 -0.251058 -0.657505 -0.00999222 1 
0.980213 -0.197895 -6.07024e-05 0 -0.197855 -0.980011 -0.0203234 0 0.00396249 0.0199337 -0.999793 0 -0.250878 -0.657576 -0.00999097 1 
0.97731 -0.211767 -0.000381127 0 -0.21173 -0.977107 -0.0203447 0 0.00393599 0.0199641 -0.999793 0 -0.250763 -0.657613 -0.0099942 1 
0.974053 -0.226276 -0.000599253 0 -0.226241 -0.973849 -0.0203256 0 0.00401568 0.0199341 -0.999793 0 -0.250642 -0.65766 -0.00999272 1 
0.969934 -0.243325 -0.000956097 0 -0.243293 -0.96973 -0.0203147 0 0.00401598 0.0199369 -0.999793 0 -0.250481 -0.657721 -0.00999396 1 
0.965485 -0.260419 -0.00135114 0 -0.260392 -0.96528 -0.0202869 0 0.00397892 0.0199389 -0.999793 0 -0.250411 -0.657752 -0.00998676 1 
0.960471 -0.278341 -0.0016891 0 -0.278317 -0.960266 -0.0202509 0 0.00401474 0.0199209 -0.999793 0 -0.250405 -0.657759 -0.00998039 1 
0.955301 -0.295596 -0.00195786 0 -0.295574 -0.955095 -0.0202522 0 0.00411659 0.019926 -0.999793 0 -0.250436 -0.657736 -0.00998812 1 
0.949214 -0.314591 -0.00233804 0 -0.314571 -0.949 -0.0206317 0 0.00427183 0.0203198 -0.999784 0 -0.250547 -0.657604 -0.00999553 1 
0.943315 -0.331859 -0.00270719 0 -0.33184 -0.943088 -0.0211484 0 0.00446526 0.0208484 -0.999773 0 -0.250584 -0.657474 -0.00999569 1 
0.937628 -0.347599 -0.00305522 0 -0.347582 -0.937395 -0.0214053 0 0.00457659 0.0211325 -0.999766 0 -0.250595 -0.657408 -0.00998458 1 
0.932554 -0.360988 -0.00333871 0 -0.360974 -0.93232 -0.0213766 0 0.00460402 0.0211404 -0.999766 0 -0.250606 -0.657401 -0.00998163 1 
0.927238 -0.37443 -0.00363548 0 -0.374419 -0.927004 -0.0213148 0 0.00461088 0.0211255 -0.999766 0 -0.250593 -0.65741 -0.00998185 1 
0.922202 -0.386664 -0.00388628 0 -0.386655 -0.921969 -0.0212687 0 0.00464088 0.0211171 -0.999766 0 -0.250582 -0.657413 -0.00998111 1 
0.916903 -0.399064 -0.00410648 0 -0.399057 -0.916669 -0.0212823 0 0.00472881 0.021153 -0.999765 0 -0.2506 -0.657385 -0.00999906 1 
0.911635 -0.410955 -0.00432291 0 -0.41095 -0.911397 -0.0213732 0 0.00484363 0.0212614 -0.999762 0 -0.250663 -0.657331 -0.0100046 1 
0.906711 -0.421705 -0.0044503 0 -0.421699 -0.906473 -0.0213824 0 0.00498308 0.0212647 -0.999761 0 -0.250757 -0.657285 -0.0100063 1 
0.901603 -0.432519 -0.00445461 0 -0.43251 -0.901365 -0.0213732 0 0.0052292 0.0211972 -0.999762 0 -0.25088 -0.657232 -0.0100098 1 
0.896514 -0.442971 -0.00449809 0 -0.442961 -0.896275 -0.0214042 0 0.00545005 0.0211821 -0.999761 0 -0.25103 -0.657161 -0.0100122 1 
0.891313 -0.453345 -0.00458331 0 -0.453333 -0.891071 -0.0214988 0 0.00566241 0.0212403 -0.999758 0 -0.251186 -0.657077 -0.0100052 1 
0.886498 -0.46269 -0.00452983 0 -0.462674 -0.886257 -0.0214874 0 0.0059275 0.0211447 -0.999759 0 -0.251272 -0.657043 -0.0100039 1 
0.879867 -0.475179 -0.00446074 0 -0.475159 -0.879627 -0.0214969 0 0.00629122 0.0210344 -0.999759 0 -0.251318 -0.657019 -0.0100087 1 
0.873444 -0.486884 -0.00452126 0 -0.486861 -0.873204 -0.021487 0 0.0065138 0.0209693 -0.999759 0 -0.251391 -0.656987 -0.0100065 1 
0.867292 -0.497758 -0.00467944 0 -0.497737 -0.867053 -0.0214229 0 0.00660622 0.0209094 -0.99976 0 -0.251499 -0.656954 -0.00999842 1 
0.860853 -0.508811 -0.00494271 0 -0.508792 -0.860614 -0.0213405 0 0.00660464 0.0208862 -0.99976 0 -0.251603 -0.656923 -0.00998998 1 
0.854623 -0.519205 -0.00518765 0 -0.519189 -0.854383 -0.0212904 0 0.00662196 0.020889 -0.99976 0 -0.251699 -0.656882 -0.00999749 1 
0.848198 -0.529634 -0.00538951 0 -0.529619 -0.847958 -0.0212338 0 0.0066762 0.0208653 -0.99976 0 -0.251819 -0.656837 -0.00999761 1 
0.840984 -0.541012 -0.00564389 0 -0.541 -0.840745 -0.0211613 0 0.00670358 0.0208501 -0.99976 0 -0.251957 -0.656786 -0.00999358 1 
0.833825 -0.551979 -0.00591619 0 -0.55197 -0.833585 -0.0210996 0 0.00671503 0.0208594 -0.99976 0 -0.252061 -0.656741 -0.00999664 1 
0.826479 -0.562917 -0.00617903 0 -0.562911 -0.826239 -0.0210138 0 0.00672378 0.0208461 -0.99976 0 -0.252128 -0.656719 -0.00999724 1 
0.820461 -0.57165 -0.00642976 0 -0.571647 -0.82022 -0.0209643 0 0.00671056 0.0208764 -0.99976 0 -0.252153 -0.656701 -0.0100028 1 
0.814868 -0.579592 -0.00661429 0 -0.579591 -0.814628 -0.020891 0 0.00672021 0.0208574 -0.99976 0 -0.25222 -0.65668 -0.00999764 1 
0.808928 -0.587852 -0.00680792 0 -0.587853 -0.808688 -0.0208308 0 0.00674009 0.0208531 -0.99976 0 -0.252317 -0.656642 -0.00999893 1 
0.803406 -0.595375 -0.00695538 0 -0.595377 -0.803165 -0.0208026 0 0.00679917 0.0208544 -0.999759 0 -0.252391 -0.656606 -0.0100027 1 
0.796868 -0.604098 -0.00695944 0 -0.604097 -0.796628 -0.0207896 0 0.00701502 0.0207712 -0.99976 0 -0.25243 -0.656591 -0.0100036 1 
0.79046 -0.61246 -0.0067973 0 -0.612453 -0.79022 -0.0208294 0 0.00738596 0.0206282 -0.99976 0 -0.252408 -0.656601 -0.0100013 1 
0.783417 -0.621445 -0.00675493 0 -0.621434 -0.783176 -0.020861 0 0.00767383 0.020541 -0.99976 0 -0.252462 -0.656573 -0.0100093 1 
0.776126 -0.630526 -0.00681337 0 -0.630514 -0.775886 -0.02083 0 0.00784759 0.020463 -0.99976 0 -0.252581 -0.65653 -0.0100061 1 
0.768029 -0.640365 -0.00675393 0 -0.640349 -0.767789 -0.0208285 0 0.00815241 0.0203222 -0.99976 0 -0.252677 -0.656502 -0.0100001 1 
0.758597 -0.651512 -0.0066685 0 -0.65149 -0.758358 -0.0208725 0 0.00854176 0.0201787 -0.99976 0 -0.25276 -0.656469 -0.0100003 1 
0.749259 -0.662229 -0.00666203 0 -0.662204 -0.74902 -0.0208866 0 0.00884188 0.0200615 -0.99976 0 -0.252784 -0.65646 -0.00999873 1 
0.739465 -0.673147 -0.0067411 0 -0.673119 -0.739226 -0.0208866 0 0.00907675 0.0199829 -0.999759 0 -0.252833 -0.656438 -0.00999956 1 
0.729343 -0.6841 -0.00684671 0 -0.684071 -0.729104 -0.0208692 0 0.00928485 0.0199048 -0.999759 0 -0.252911 -0.656408 -0.00999924 1 
0.718388 -0.695593 -0.00702212 0 -0.695565 -0.718148 -0.0208254 0 0.00944328 0.0198454 -0.999758 0 -0.253012 -0.656369 -0.00999751 1 
0.70779 -0.706372 -0.00725796 0 -0.706345 -0.70755 -0.0207367 0 0.00951266 0.0198043 -0.999759 0 -0.253144 -0.656323 -0.00998944 1 
0.697252 -0.716773 -0.00755073 0 -0.716749 -0.697011 -0.0206545 0 0.00954182 0.0198137 -0.999758 0 -0.253316 -0.656249 -0.00999325 1 
0.687545 -0.726087 -0.00775254 0 -0.726064 -0.687304 -0.0206194 0 0.00964328 0.019806 -0.999757 0 -0.253459 -0.656181 -0.0100058 1 
0.677044 -0.735887 -0.00785256 0 -0.735863 -0.676802 -0.0206238 0 0.00986239 0.019742 -0.999756 0 -0.253568 -0.656133 -0.0100083 1 
0.66587 -0.746015 -0.00773001 0 -0.745984 -0.665626 -0.0207503 0 0.010335 0.0195838 -0.999755 0 -0.253637 -0.656096 -0.0100077 1 
0.653777 -0.756639 -0.00737217 0 -0.756594 -0.653533 -0.0209982 0 0.0110703 0.0193063 -0.999752 0 -0.253688 -0.656068 -0.0100094 1 
0.640969 -0.767523 -0.00696536 0 -0.767463 -0.640725 -0.0212813 0 0.0118713 0.0189867 -0.999749 0 -0.253676 -0.656078 -0.0100005 1 
0.628932 -0.777418 -0.0068595 0 -0.77735 -0.628688 -0.0214322 0 0.0123495 0.018812 -0.999747 0 -0.253629 -0.656093 -0.0100013 1 
0.617314 -0.786674 -0.00691622 0 -0.786603 -0.617069 -0.0215157 0 0.0126583 0.0187226 -0.999745 0 -0.253572 -0.656104 -0.0100101 1 
0.6045 -0.796562 -0.00700145 0 -0.796488 -0.604254 -0.0215445 0 0.0129312 0.0186006 -0.999743 0 -0.253507 -0.656134 -0.010005 1 
0.591628 -0.806168 -0.00710454 0 -0.806091 -0.591381 -0.0216064 0 0.0132172 0.0185102 -0.999741 0 -0.253428 -0.65616 -0.010005 1 
0.579115 -0.815201 -0.00736497 0 -0.815126 -0.578867 -0.0215315 0 0.0132894 0.0184729 -0.999741 0 -0.253414 -0.656164 -0.0100011 1 
0.566987 -0.82368 -0.00756024 0 -0.823606 -0.566738 -0.0215064 0 0.01343 0.0184209 -0.99974 0 -0.253323 -0.656199 -0.0100019 1 
0.554944 -0.83184 -0.00777526 0 -0.831765 -0.554694 -0.0214817 0 0.0135567 0.0183887 -0.999739 0 -0.25328 -0.656209 -0.0100039 1 
0.543357 -0.839453 -0.00796201 0 -0.839379 -0.543106 -0.0214344 0 0.0136693 0.01833 -0.999739 0 -0.253272 -0.656217 -0.0100001 1 
0.531721 -0.846869 -0.00809776 0 -0.846795 -0.531469 -0.0214461 0 0.0138586 0.0182608 -0.999737 0 -0.253238 -0.656229 -0.0100001 1 
0.519643 -0.854333 -0.00820513 0 -0.854256 -0.51939 -0.0214733 0 0.014084 0.0181681 -0.999736 0 -0.253197 -0.656247 -0.00999788 1 
0.508203 -0.861185 -0.00836139 0 -0.861109 -0.50795 -0.0214365 0 0.0142139 0.0180945 -0.999735 0 -0.253139 -0.656276 -0.00999365 1 
0.496934 -0.867735 -0.00860327 0 -0.86766 -0.496679 -0.0213859 0 0.0142845 0.0180924 -0.999734 0 -0.253078 -0.656292 -0.010001 1 
0.485856 -0.873984 -0.00877572 0 -0.87391 -0.485601 -0.0213087 0 0.0143622 0.0180225 -0.999734 0 -0.253004 -0.656332 -0.00999162 1 
0.474923 -0.87997 -0.00905646 0 -0.879899 -0.474667 -0.0212279 0 0.0143814 0.0180507 -0.999734 0 -0.252877 -0.656368 -0.0100035 1 
0.464279 -0.88563 -0.00926399 0 -0.885561 -0.464022 -0.0211301 0 0.0144151 0.0180145 -0.999734 0 -0.252803 -0.656405 -0.00999664 1 
0.453347 -0.891273 -0.0094815 0 -0.891206 -0.453088 -0.0210861 0 0.0144978 0.0180096 -0.999733 0 -0.252711 -0.656431 -0.0100055 1 
0.442776 -0.896569 -0.00971585 0 -0.896504 -0.442516 -0.0209778 0 0.0145089 0.0179991 -0.999733 0 -0.252631 -0.656465 -0.0100018 1 
0.433226 -0.90122 -0.00994539 0 -0.901158 -0.432965 -0.0209009 0 0.0145306 0.0180175 -0.999732 0 -0.252521 -0.656497 -0.0100073 1 
0.423626 -0.905769 -0.0101802 0 -0.90571 -0.423364 -0.0208106 0 0.01454 0.0180366 -0.999732 0 -0.252424 -0.656527 -0.0100118 1 
0.414731 -0.909874 -0.0103862 0 -0.909817 -0.414468 -0.0207342 0 0.0145611 0.018049 -0.999731 0 -0.252373 -0.656535 -0.0100159 1 
0.40513 -0.914188 -0.0105441 0 -0.914131 -0.404867 -0.0206763 0 0.0146334 0.0180156 -0.999731 0 -0.252342 -0.656548 -0.0100144 1 
0.396418 -0.917998 -0.010665 0 -0.917941 -0.396154 -0.0206601 0 0.0147412 0.0179802 -0.99973 0 -0.252293 -0.656565 -0.0100129 1 
0.387298 -0.921882 -0.0107409 0 -0.921823 -0.387032 -0.0207029 0 0.0149289 0.0179198 -0.999728 0 -0.252203 -0.656594 -0.0100176 1 
0.376995 -0.926142 -0.0107865 0 -0.926081 -0.376728 -0.02076 0 0.0151634 0.0178159 -0.999726 0 -0.25208 -0.656646 -0.0100098 1 
0.366247 -0.930444 -0.0109133 0 -0.930381 -0.365979 -0.020761 0 0.0153232 0.0177575 -0.999725 0 -0.251993 -0.656677 -0.0100089 1 
0.356369 -0.934269 -0.0110523 0 -0.934207 -0.3561 -0.020752 0 0.0154525 0.0177208 -0.999724 0 -0.251932 -0.656695 -0.01001 1 
0.347434 -0.937628 -0.0111766 0 -0.937565 -0.347163 -0.0207442 0 0.0155706 0.0176864 -0.999722 0 -0.251888 -0.656709 -0.0100108 1 
0.338271 -0.94097 -0.0113351 0 -0.940909 -0.337999 -0.0206831 0 0.0156313 0.0176621 -0.999722 0 -0.251873 -0.656712 -0.0100042 1 
0.330317 -0.94379 -0.0115132 0 -0.94373 -0.330044 -0.0206289 0 0.0156698 0.0176798 -0.999721 0 -0.251851 -0.656706 -0.0100144 1 
0.324208 -0.945905 -0.0115691 0 -0.945843 -0.323934 -0.0206923 0 0.0158256 0.0176515 -0.999719 0 -0.251812 -0.656694 -0.0100004 1 
0.317614 -0.94814 -0.0115462 0 -0.948073 -0.317338 -0.0208803 0 0.0161337 0.0175788 -0.999715 0 -0.251716 -0.656706 -0.00999705 1 
0.311031 -0.95032 -0.0114978 0 -0.950247 -0.310753 -0.0210639 0 0.0164448 0.0174777 -0.999712 0 -0.25162 -0.656732 -0.00999379 1 
0.303492 -0.952755 -0.0114294 0 -0.952676 -0.303211 -0.0212922 0 0.0168211 0.0173509 -0.999708 0 -0.251527 -0.656759 -0.009995 1 
0.295562 -0.955246 -0.011401 0 -0.95516 -0.295279 -0.0214811 0 0.0171536 0.0172391 -0.999704 0 -0.25141 -0.656796 -0.0099966 1 
0.288443 -0.957419 -0.0113921 0 -0.957328 -0.288158 -0.0216479 0 0.0174438 0.0171505 -0.999701 0 -0.251282 -0.656832 -0.0100004 1 
0.280871 -0.959668 -0.0114217 0 -0.959572 -0.280583 -0.0218239 0 0.0177393 0.0170899 -0.999697 0 -0.251146 -0.656857 -0.00999979 1 
0.273518 -0.961789 -0.0114572 0 -0.961688 -0.273227 -0.0220115 0 0.0180404 0.0170391 -0.999692 0 -0.251029 -0.656863 -0.00999291 1 
0.265828 -0.963941 -0.0115475 0 -0.963836 -0.265534 -0.0221885 0 0.0183225 0.0170285 -0.999687 0 -0.250887 -0.656859 -0.0100002 1 
0.258478 -0.965937 -0.0116493 0 -0.965832 -0.258183 -0.0221725 0 0.01841 0.0169827 -0.999686 0 -0.250772 -0.656903 -0.00998452 1 
0.251819 -0.967693 -0.0117599 0 -0.967588 -0.251522 -0.0221721 0 0.0184983 0.0169625 -0.999685 0 -0.250693 -0.656927 -0.00998528 1 
0.244756 -0.969502 -0.0118306 0 -0.969395 -0.244458 -0.0222225 0 0.018653 0.016908 -0.999683 0 -0.250668 -0.656934 -0.0099867 1 
0.236293 -0.971599 -0.011907 0 -0.971489 -0.235994 -0.0222842 0 0.0188417 0.0168335 -0.999681 0 -0.250638 -0.656947 -0.0099841 1 
0.228186 -0.973534 -0.0119677 0 -0.973422 -0.227885 -0.0223233 0 0.0190056 0.0167438 -0.999679 0 -0.2506 -0.656969 -0.00997675 1 
0.219811 -0.975458 -0.0120972 0 -0.975347 -0.21951 -0.0222523 0 0.0190511 0.0166905 -0.999679 0 -0.250556 -0.656993 -0.00997761 1 
0.21265 -0.977042 -0.0122407 0 -0.976932 -0.212348 -0.0221892 0 0.0190809 0.0166772 -0.999679 0 -0.250524 -0.657005 -0.00997712 1 
0.205986 -0.978467 -0.0123661 0 -0.978358 -0.205683 -0.0221498 0 0.0191298 0.0166613 -0.999678 0 -0.250511 -0.657008 -0.00997621 1 
0.199085 -0.979892 -0.0125173 0 -0.979785 -0.198781 -0.0220952 0 0.0191631 0.0166634 -0.999678 0 -0.250498 -0.657008 -0.00997658 1 
0.192985 -0.981111 -0.0126234 0 -0.981003 -0.19268 -0.0220781 0 0.0192292 0.0166447 -0.999677 0 -0.250474 -0.657014 -0.0099765 1 
0.186471 -0.982368 -0.0127195 0 -0.98226 -0.186165 -0.0220897 0 0.0193326 0.0166133 -0.999675 0 -0.250463 -0.657013 -0.00997479 1 
0.180548 -0.983473 -0.0127861 0 -0.983365 -0.180241 -0.0220933 0 0.019424 0.0165627 -0.999674 0 -0.250448 -0.657023 -0.00997033 1 
0.174607 -0.984545 -0.0128284 0 -0.984434 -0.174299 -0.022149 0 0.0195711 0.0164964 -0.999672 0 -0.250423 -0.657035 -0.00996729 1 
0.168406 -0.985624 -0.0128775 0 -0.98551 -0.168096 -0.022231 0 0.0197471 0.0164351 -0.99967 0 -0.2504 -0.657043 -0.00996633 1 
0.162389 -0.986632 -0.0129591 0 -0.986518 -0.162078 -0.0222267 0 0.0198295 0.016394 -0.999669 0 -0.250383 -0.657052 -0.00996344 1 
0.156552 -0.987574 -0.0130534 0 -0.987459 -0.15624 -0.0222273 0 0.0199121 0.0163697 -0.999668 0 -0.25034 -0.657067 -0.00996611 1 
0.150283 -0.988546 -0.0131208 0 -0.98843 -0.14997 -0.0222533 0 0.0200311 0.0163136 -0.999666 0 -0.250291 -0.657088 -0.0099655 1 
0.144178 -0.989454 -0.0132017 0 -0.989338 -0.143865 -0.0222152 0 0.0200821 0.0162642 -0.999666 0 -0.250239 -0.657115 -0.00996141 1 
0.138631 -0.990247 -0.0131528 0 -0.990132 -0.138321 -0.0220694 0 0.0200353 0.0160828 -0.99967 0 -0.250176 -0.657179 -0.00995429 1 
0.133608 -0.990936 -0.0132384 0 -0.990821 -0.133298 -0.022057 0 0.0200928 0.0160642 -0.999669 0 -0.250115 -0.6572 -0.00995698 1 
0.12794 -0.991683 -0.0133375 0 -0.991568 -0.127629 -0.0220262 0 0.0201412 0.0160434 -0.999668 0 -0.250084 -0.657211 -0.00995895 1 
0.122719 -0.992341 -0.0134468 0 -0.992227 -0.122407 -0.0219535 0 0.0201397 0.0160367 -0.999669 0 -0.25004 -0.65723 -0.00995769 1 
0.117783 -0.992937 -0.0135555 0 -0.992825 -0.11747 -0.0219083 0 0.0201616 0.016039 -0.999668 0 -0.249991 -0.657245 -0.00995971 1 
0.112753 -0.99352 -0.0136584 0 -0.993408 -0.11244 -0.0218625 0 0.0201854 0.0160337 -0.999668 0 -0.249964 -0.657255 -0.0099613 1 
0.106747 -0.994181 -0.0137904 0 -0.994071 -0.106433 -0.0217881 0 0.020194 0.0160347 -0.999667 0 -0.249939 -0.657262 -0.00996283 1 
0.101674 -0.994711 -0.0138998 0 -0.994603 -0.101359 -0.0217205 0 0.0201972 0.0160335 -0.999667 0 -0.24992 -0.65727 -0.00996301 1 
0.0975864 -0.995119 -0.0139728 0 -0.995012 -0.0972715 -0.0216807 0 0.0202161 0.0160192 -0.999667 0 -0.249886 -0.657285 -0.00996183 1 
0.093419 -0.995518 -0.0140327 0 -0.995411 -0.0931035 -0.0216667 0 0.0202635 0.0159927 -0.999667 0 -0.249843 -0.657303 -0.00996121 1 
0.0884474 -0.995971 -0.0141424 0 -0.995865 -0.0881311 -0.0216069 0 0.0202739 0.0159953 -0.999667 0 -0.249789 -0.657322 -0.00996353 1 
0.0839229 -0.996361 -0.0142415 0 -0.996256 -0.0836062 -0.0215395 0 0.0202708 0.0159961 -0.999667 0 -0.249709 -0.657352 -0.00996577 1 
0.0792523 -0.996742 -0.0143452 0 -0.996639 -0.0789351 -0.0214743 0 0.0202723 0.0159992 -0.999666 0 -0.249639 -0.657378 -0.00996816 1 
0.0738536 -0.997154 -0.0144732 0 -0.997053 -0.0735355 -0.0214024 0 0.0202776 0.0160115 -0.999666 0 -0.249598 -0.657389 -0.0099717 1 
0.067815 -0.997581 -0.0146343 0 -0.997482 -0.0674954 -0.0213301 0 0.0202912 0.0160443 -0.999665 0 -0.24956 -0.657389 -0.0099818 1 
0.0633409 -0.997873 -0.0147411 0 -0.997776 -0.0630204 -0.0212781 0 0.0203043 0.0160564 -0.999665 0 -0.249526 -0.657391 -0.00998728 1 
0.0594381 -0.998112 -0.0148207 0 -0.998016 -0.0591174 -0.0212134 0 0.0202976 0.0160525 -0.999665 0 -0.249505 -0.6574 -0.00998915 1 
0.0558471 -0.998319 -0.0148874 0 -0.998223 -0.0555262 -0.0211576 0 0.0202958 0.0160428 -0.999665 0 -0.249523 -0.657397 -0.00998214 1 
0.0516253 -0.998545 -0.0149731 0 -0.998451 -0.0513042 -0.02109 0 0.0202915 0.0160389 -0.999665 0 -0.249554 -0.657388 -0.00998092 1 
0.0475562 -0.998745 -0.0150654 0 -0.998653 -0.0472345 -0.0210309 0 0.0202933 0.0160456 -0.999665 0 -0.249567 -0.65738 -0.00998512 1 
0.0436523 -0.998922 -0.0151466 0 -0.998831 -0.04333 -0.0209907 0 0.0203121 0.0160455 -0.999665 0 -0.249579 -0.657373 -0.00998629 1 
0.0391686 -0.999107 -0.0152082 0 -0.999016 -0.0388459 -0.0209662 0 0.0203571 0.0160148 -0.999665 0 -0.249597 -0.65737 -0.00998068 1 
0.0336476 -0.999307 -0.0152712 0 -0.999216 -0.0333247 -0.0209251 0 0.0204021 0.0159636 -0.999664 0 -0.249595 -0.65738 -0.00997666 1 
0.0281129 -0.999485 -0.0148692 0 -0.99939 -0.0278031 -0.0206511 0 0.0202275 0.015441 -0.999676 0 -0.249587 -0.657525 -0.00994193 1 
0.0242258 -0.999597 -0.0141403 0 -0.999498 -0.0239367 -0.0202661 0 0.0199199 0.0146245 -0.999695 0 -0.249564 -0.657717 -0.00995978 1 
0.0209363 -0.999678 -0.0136824 0 -0.999577 -0.0206604 -0.0200088 0 0.0197201 0.0140957 -0.999706 0 -0.24953 -0.657858 -0.00996819 1 
0.0181886 -0.999734 -0.0135064 0 -0.999631 -0.0179176 -0.0199224 0 0.0196755 0.0138641 -0.99971 0 -0.249495 -0.657972 -0.00996192 1 
0.0143545 -0.999798 -0.0133701 0 -0.999692 -0.0140863 -0.0199413 0 0.0197493 0.0136525 -0.999712 0 -0.249449 -0.658089 -0.00996676 1 
0.00923372 -0.999863 -0.0130455 0 -0.999752 -0.00897307 -0.0198987 0 0.0197793 0.0132262 -0.999717 0 -0.249404 -0.65827 -0.00996668 1 
0.00343486 -0.999906 -0.0125304 0 -0.999789 -0.00318648 -0.0197887 0 0.0197472 0.0125959 -0.999726 0 -0.249327 -0.658514 -0.00997553 1 
-0.00281421 -0.999915 -0.011931 0 -0.999794 0.00304721 -0.0195559 0 0.0195909 0.0118738 -0.999738 0 -0.249217 -0.658819 -0.00997358 1 
-0.0095388 -0.999879 -0.0114558 0 -0.999756 0.00975905 -0.0193262 0 0.019436 0.0112689 -0.999748 0 -0.249046 -0.659139 -0.00999014 1 
-0.0165748 -0.999792 -0.0110289 0 -0.99967 0.0167818 -0.0189507 0 0.0191322 0.0107114 -0.99976 0 -0.248952 -0.659463 -0.010006 1 
-0.0229397 -0.999672 -0.0105336 0 -0.999549 0.0231334 -0.0186534 0 0.0188913 0.0101012 -0.999771 0 -0.249048 -0.659747 -0.0100308 1 
-0.0292541 -0.999511 -0.0101476 0 -0.999386 0.0294383 -0.0185013 0 0.0187913 0.00960035 -0.999777 0 -0.249123 -0.660034 -0.0100713 1 
-0.036051 -0.999292 -0.00979099 0 -0.999165 0.0362265 -0.0183893 0 0.0187313 0.00912004 -0.999783 0 -0.249134 -0.66036 -0.0101242 1 
-0.0411545 -0.999095 -0.00985449 0 -0.998969 0.0413294 -0.018249 0 0.0186401 0.00909348 -0.999785 0 -0.249169 -0.660404 -0.0101735 1 
-0.0427818 -0.999026 -0.00988544 0 -0.998901 0.042957 -0.0182415 0 0.0186488 0.00909434 -0.999785 0 -0.249191 -0.660389 -0.0101681 1 
-0.0430073 -0.999016 -0.00987298 0 -0.998891 0.0431822 -0.0182441 0 0.0186528 0.00907758 -0.999785 0 -0.249201 -0.66039 -0.0101595 1 
-0.0437321 -0.998985 -0.00988831 0 -0.998859 0.0439072 -0.0182474 0 0.0186634 0.00907921 -0.999785 0 -0.249231 -0.660377 -0.0101639 1 
-0.0447071 -0.998942 -0.00989286 0 -0.998816 0.0448821 -0.018246 0 0.0186711 0.0090656 -0.999785 0 -0.249253 -0.660371 -0.0101602 1 
-0.0456381 -0.998899 -0.00989797 0 -0.998774 0.0458131 -0.0182363 0 0.0186701 0.00905374 -0.999785 0 -0.249268 -0.66037 -0.0101544 1 
-0.0465702 -0.998856 -0.00991008 0 -0.998731 0.0467453 -0.0182382 0 0.0186809 0.00904833 -0.999785 0 -0.249272 -0.660369 -0.0101534 1 
-0.0478764 -0.998794 -0.00992784 0 -0.998669 0.0480516 -0.0182334 0 0.0186888 0.00904185 -0.999784 0 -0.249269 -0.660372 -0.0101515 1 
-0.0489779 -0.998741 -0.00995501 0 -0.998615 0.0491534 -0.0182211 0 0.0186879 0.00904897 -0.999784 0 -0.249273 -0.660367 -0.0101553 1 
-0.0494063 -0.99872 -0.00995316 0 -0.998594 0.0495817 -0.0182232 0 0.0186938 0.009039 -0.999784 0 -0.24928 -0.660367 -0.010151 1 
-0.0497785 -0.998701 -0.00995744 0 -0.998575 0.0499541 -0.0182399 0 0.0187139 0.00903547 -0.999784 0 -0.249276 -0.660367 -0.0101521 1 
-0.0498346 -0.998698 -0.00995984 0 -0.998572 0.0500103 -0.0182403 0 0.018715 0.0090368 -0.999784 0 -0.249265 -0.660371 -0.0101535 1 
-0.0498873 -0.998696 -0.00995262 0 -0.998569 0.050063 -0.018263 0 0.0187378 0.00902746 -0.999784 0 -0.249269 -0.66037 -0.010153 1 
-0.0499991 -0.99869 -0.00994103 0 -0.998563 0.0501749 -0.0182961 0 0.0187713 0.00901213 -0.999783 0 -0.249263 -0.660373 -0.0101503 1 
-0.05012 -0.998684 -0.009938 0 -0.998557 0.0502957 -0.0182964 0 0.0187725 0.00900682 -0.999783 0 -0.249264 -0.660374 -0.0101515 1 
-0.0501754 -0.998681 -0.00993661 0 -0.998554 0.0503511 -0.0182979 0 0.0187745 0.00900431 -0.999783 0 -0.249277 -0.66037 -0.0101477 1 
-0.0501835 -0.998681 -0.00993053 0 -0.998554 0.0503591 -0.0183013 0 0.0187777 0.00899791 -0.999783 0 -0.249277 -0.660372 -0.0101453 1 
-0.0501673 -0.998682 -0.0099271 0 -0.998555 0.0503427 -0.0182858 0 0.0187618 0.00899557 -0.999784 0 -0.249277 -0.660375 -0.010141 1 
-0.0501262 -0.998684 -0.00993172 0 -0.998558 0.0503014 -0.0182547 0 0.0187306 0.00900253 -0.999784 0 -0.249285 -0.660373 -0.0101346 1 
-0.0500101 -0.99869 -0.00993769 0 -0.998565 0.0501847 -0.0181686 0 0.0186439 0.00901499 -0.999786 0 -0.249298 -0.660376 -0.0101222 1 
-0.0496882 -0.998705 -0.00998284 0 -0.998585 0.0498616 -0.0179384 0 0.0184133 0.00907756 -0.999789 0 -0.249329 -0.660373 -0.0101044 1 
-0.0489188 -0.998742 -0.0100683 0 -0.99863 0.0490903 -0.0175522 0 0.0180247 0.00919603 -0.999795 0 -0.24935 -0.660376 -0.0100848 1 
-0.047867 -0.998792 -0.010169 0 -0.998688 0.0480368 -0.0171717 0 0.0176398 0.00933388 -0.999801 0 -0.249348 -0.66038 -0.0100726 1 
-0.0472529 -0.998821 -0.0101914 0 -0.998721 0.0474215 -0.016987 0 0.0174506 0.00937586 -0.999804 0 -0.249355 -0.660389 -0.0100523 1 
-0.047225 -0.998823 -0.010152 0 -0.998723 0.0473925 -0.0169549 0 0.0174164 0.00933849 -0.999805 0 -0.249373 -0.6604 -0.0100184 1 
-0.0471975 -0.998825 -0.0101055 0 -0.998725 0.047364 -0.016927 0 0.0173861 0.00929393 -0.999806 0 -0.24939 -0.660415 -0.00997294 1 
-0.0471093 -0.998829 -0.0100856 0 -0.998729 0.0472753 -0.0169093 0 0.0173667 0.00927637 -0.999806 0 -0.249361 -0.660435 -0.009952 1 
-0.0470859 -0.99883 -0.010072 0 -0.99873 0.0472517 -0.0169052 0 0.0173617 0.00926335 -0.999806 0 -0.249351 -0.660446 -0.00993748 1 
-0.0471652 -0.998827 -0.010038 0 -0.998727 0.0473302 -0.0168792 0 0.0173349 0.0092293 -0.999807 0 -0.249417 -0.660436 -0.00990412 1 
-0.0471586 -0.998827 -0.0100376 0 -0.998728 0.0473234 -0.016867 0 0.0173226 0.00922963 -0.999807 0 -0.249423 -0.660435 -0.0098997 1 
-0.0471063 -0.99883 -0.0100393 0 -0.99873 0.0472711 -0.0168712 0 0.0173263 0.00923197 -0.999807 0 -0.249389 -0.660447 -0.00989391 1 
-0.0471358 -0.998828 -0.0100375 0 -0.998729 0.0473006 -0.0168679 0 0.0173233 0.00922984 -0.999807 0 -0.249412 -0.660439 -0.00989243 1 
-0.047124 -0.998829 -0.0100375 0 -0.998729 0.0472887 -0.0168592 0 0.0173144 0.00923046 -0.999807 0 -0.249411 -0.66044 -0.00989109 1 
-0.04701 -0.998834 -0.0100452 0 -0.998736 0.0471743 -0.0167989 0 0.0172535 0.00924293 -0.999808 0 -0.249399 -0.660449 -0.00988141 1 
-0.0470276 -0.998833 -0.0100453 0 -0.998735 0.0471919 -0.0167954 0 0.0172502 0.00924294 -0.999808 0 -0.249418 -0.660442 -0.00987762 1 
-0.0470047 -0.998834 -0.0100487 0 -0.998736 0.047169 -0.0167915 0 0.0172463 0.0092469 -0.999809 0 -0.249413 -0.660442 -0.00987511 1 
-0.0470022 -0.998835 -0.0100548 0 -0.998736 0.0471666 -0.0167962 0 0.0172512 0.00925282 -0.999808 0 -0.249406 -0.660441 -0.00987729 1 
-0.0470217 -0.998834 -0.0100482 0 -0.998735 0.047186 -0.0167942 0 0.0172491 0.009246 -0.999808 0 -0.249418 -0.660439 -0.00987061 1 
-0.0470057 -0.998834 -0.0100429 0 -0.998736 0.0471699 -0.0167939 0 0.0172484 0.00924098 -0.999809 0 -0.24941 -0.660445 -0.00986753 1 
-0.0470076 -0.998834 -0.0100453 0 -0.998736 0.0471719 -0.0167943 0 0.017249 0.00924333 -0.999808 0 -0.249411 -0.660443 -0.00986875 1 
-0.0470158 -0.998834 -0.0100448 0 -0.998736 0.0471801 -0.0167954 0 0.0172501 0.00924258 -0.999808 0 -0.249415 -0.660441 -0.00987076 1 
-0.0470109 -0.998834 -0.0100464 0 -0.998736 0.0471753 -0.0167979 0 0.0172526 0.00924423 -0.999808 0 -0.249408 -0.660444 -0.00986947 1 
-0.047014 -0.998834 -0.0100437 0 -0.998736 0.0471782 -0.0167938 0 0.0172484 0.00924161 -0.999809 0 -0.249416 -0.660442 -0.00986899 1 
-0.0470279 -0.998834 -0.0100311 0 -0.998735 0.047192 -0.0167946 0 0.0172487 0.00922878 -0.999809 0 -0.249423 -0.660445 -0.0098551 1 
-0.0469949 -0.998835 -0.0100216 0 -0.998737 0.0471588 -0.0167979 0 0.0172513 0.00921968 -0.999809 0 -0.249402 -0.660456 -0.00984502 1 
-0.0470168 -0.998834 -0.0100288 0 -0.998736 0.0471807 -0.0167839 0 0.0172379 0.00922721 -0.999809 0 -0.249423 -0.660446 -0.00984944 1 
-0.0470087 -0.998835 -0.0100257 0 -0.998736 0.0471725 -0.0167831 0 0.0172368 0.00922427 -0.999809 0 -0.249417 -0.66045 -0.00984863 1 
-0.047011 -0.998834 -0.0100223 0 -0.998736 0.0471748 -0.0167833 0 0.0172369 0.0092208 -0.999809 0 -0.249418 -0.660451 -0.00984613 1 
-0.0470098 -0.998835 -0.0100173 0 -0.998736 0.0471735 -0.0167855 0 0.0172389 0.00921575 -0.999809 0 -0.24942 -0.660452 -0.00983954 1 
-0.0470072 -0.998835 -0.0100182 0 -0.998736 0.0471709 -0.0167854 0 0.0172387 0.00921668 -0.999809 0 -0.249417 -0.660452 -0.00984387 1 
-0.0470029 -0.998835 -0.0100136 0 -0.998736 0.0471666 -0.0167841 0 0.0172372 0.00921222 -0.999809 0 -0.249415 -0.660455 -0.00984059 1 
-0.0470026 -0.998835 -0.0100153 0 -0.998736 0.0471662 -0.0167865 0 0.0172396 0.00921378 -0.999809 0 -0.249411 -0.660456 -0.0098407 1 
-0.0469996 -0.998835 -0.0100108 0 -0.998736 0.0471632 -0.0167887 0 0.0172416 0.00920929 -0.999809 0 -0.249412 -0.660457 -0.00983927 1 
-0.0470083 -0.998835 -0.0100172 0 -0.998736 0.047172 -0.0167851 0 0.0172384 0.00921569 -0.999809 0 -0.249416 -0.660454 -0.00984198 1 
-0.047008 -0.998835 -0.0100118 0 -0.998736 0.0471716 -0.0167844 0 0.0172374 0.00921037 -0.999809 0 -0.249416 -0.660455 -0.00984062 1 
-0.0470095 -0.998835 -0.010012 0 -0.998736 0.0471731 -0.016782 0 0.0172351 0.00921065 -0.999809 0 -0.249419 -0.660455 -0.00983893 1 
-0.0470046 -0.998835 -0.0100143 0 -0.998736 0.0471682 -0.0167845 0 0.0172376 0.00921283 -0.999809 0 -0.249414 -0.660456 -0.00983983 1 
-0.0470086 -0.998835 -0.0100134 0 -0.998736 0.0471722 -0.0167832 0 0.0172363 0.00921198 -0.999809 0 -0.249416 -0.660455 -0.00983852 1 
-0.0470046 -0.998835 -0.0100134 0 -0.998736 0.0471682 -0.0167849 0 0.017238 0.00921194 -0.999809 0 -0.249415 -0.660455 -0.00983928 1 
-0.0470061 -0.998835 -0.0100159 0 -0.998736 0.0471698 -0.0167851 0 0.0172383 0.00921445 -0.999809 0 -0.249416 -0.660454 -0.00984152 1 
-0.0470126 -0.998835 -0.0100042 0 -0.998736 0.0471761 -0.0167822 0 0.0172349 0.00920279 -0.999809 0 -0.24942 -0.660457 -0.00983592 1 
-0.0470045 -0.998835 -0.0100088 0 -0.998736 0.0471681 -0.0167874 0 0.0172403 0.00920729 -0.999809 0 -0.249414 -0.660457 -0.00983789 1 
-0.0470072 -0.998835 -0.0100102 0 -0.998736 0.0471708 -0.0167836 0 0.0172366 0.00920881 -0.999809 0 -0.249417 -0.660456 -0.00983754 1 
-0.0469972 -0.998835 -0.0100083 0 -0.998737 0.0471608 -0.0167851 0 0.0172378 0.00920697 -0.999809 0 -0.24941 -0.660459 -0.00983686 1 
-0.0470016 -0.998835 -0.0100047 0 -0.998736 0.0471651 -0.0167816 0 0.0172342 0.00920344 -0.999809 0 -0.249416 -0.660458 -0.00983529 1 
-0.0470128 -0.998835 -0.010007 0 -0.998736 0.0471763 -0.0167864 0 0.0172392 0.00920533 -0.999809 0 -0.249417 -0.660457 -0.00983707 1 
-0.0470039 -0.998835 -0.0100087 0 -0.998736 0.0471675 -0.0167843 0 0.0172372 0.0092073 -0.999809 0 -0.249415 -0.660457 -0.00983768 1 
-0.0470106 -0.998835 -0.0100033 0 -0.998736 0.047174 -0.0167793 0 0.0172319 0.00920205 -0.999809 0 -0.249421 -0.660457 -0.0098329 1 
-0.0470087 -0.998835 -0.0100026 0 -0.998736 0.0471721 -0.0167807 0 0.0172333 0.00920131 -0.999809 0 -0.249418 -0.660458 -0.00983405 1 
-0.0470013 -0.998835 -0.0100096 0 -0.998736 0.0471649 -0.0167841 0 0.017237 0.00920828 -0.999809 0 -0.249415 -0.660457 -0.00983621 1 
-0.0470049 -0.998835 -0.0100096 0 -0.998736 0.0471685 -0.0167843 0 0.0172372 0.0092082 -0.999809 0 -0.249414 -0.660457 -0.00983644 1 
-0.0470094 -0.998835 -0.0100059 0 -0.998736 0.0471728 -0.0167821 0 0.0172349 0.00920453 -0.999809 0 -0.249418 -0.660457 -0.00983535 1 
-0.0470089 -0.998835 -0.0100052 0 -0.998736 0.0471724 -0.0167837 0 0.0172365 0.00920375 -0.999809 0 -0.249417 -0.660458 -0.00983512 1 
-0.0470098 -0.998835 -0.0100097 0 -0.998736 0.0471734 -0.0167834 0 0.0172363 0.00920826 -0.999809 0 -0.249416 -0.660456 -0.00983746 1 
-0.0470028 -0.998835 -0.0100038 0 -0.998736 0.0471662 -0.0167867 0 0.0172393 0.00920234 -0.999809 0 -0.249412 -0.66046 -0.0098344 1 
-0.0470087 -0.998835 -0.0100081 0 -0.998736 0.0471722 -0.0167835 0 0.0172363 0.00920666 -0.999809 0 -0.249416 -0.660457 -0.00983612 1 
-0.0470041 -0.998835 -0.0100028 0 -0.998736 0.0471675 -0.0167865 0 0.0172391 0.00920131 -0.999809 0 -0.249413 -0.66046 -0.00983367 1 
-0.0470062 -0.998835 -0.0100032 0 -0.998736 0.0471696 -0.0167836 0 0.0172362 0.00920179 -0.999809 0 -0.249415 -0.660459 -0.00983316 1 
-0.0470114 -0.998835 -0.0100045 0 -0.998736 0.0471748 -0.0167858 0 0.0172385 0.00920291 -0.999809 0 -0.249416 -0.660458 -0.0098339 1 
-0.0470104 -0.998835 -0.0100042 0 -0.998736 0.0471739 -0.0167841 0 0.0172368 0.00920274 -0.999809 0 -0.249416 -0.660458 -0.00983385 1 
-0.0470098 -0.998835 -0.0100086 0 -0.998736 0.0471733 -0.016784 0 0.0172369 0.00920713 -0.999809 0 -0.249415 -0.660457 -0.00983541 1 
-0.0470098 -0.998835 -0.0100037 0 -0.998736 0.0471732 -0.0167803 0 0.0172329 0.00920244 -0.999809 0 -0.249418 -0.660458 -0.00983322 1 
-0.0470109 -0.998835 -0.0100025 0 -0.998736 0.0471743 -0.016783 0 0.0172356 0.00920108 -0.999809 0 -0.249417 -0.660459 -0.00983212 1 
