-1.96928 -0.366665 0.0201317 -1.91748 0.00181548 1.51569 -1.12408 
-1.96928 -0.366666 0.020137 -1.91748 0.00181609 1.51569 -1.12408 
-1.96928 -0.366668 0.0201386 -1.91748 0.00181548 1.51569 -1.12408 
-1.96928 -0.366662 0.020137 -1.91748 0.00181477 1.51569 -1.12408 
-1.96927 -0.366667 0.0201353 -1.91748 0.00181548 1.51569 -1.12408 
-1.96928 -0.36666 0.020137 -1.91748 0.00181548 1.51569 -1.12408 
-1.96928 -0.366662 0.0201353 -1.91748 0.00181548 1.51569 -1.12408 
-1.96927 -0.366666 0.0201353 -1.91748 0.00181609 1.51569 -1.12409 
-1.96928 -0.366664 0.0201353 -1.91748 0.00181584 1.51569 -1.12408 
-1.96927 -0.366661 0.020137 -1.91748 0.00181549 1.51569 -1.12408 
-1.96928 -0.366664 0.0201386 -1.91748 0.00181477 1.51569 -1.12408 
-1.96928 -0.36666 0.0201386 -1.91748 0.00181548 1.51569 -1.12408 
-1.96927 -0.366663 0.0201386 -1.91748 0.0018167 1.51569 -1.12408 
-1.96928 -0.366664 0.020137 -1.91748 0.00181609 1.51569 -1.12408 
-1.96928 -0.366668 0.0201353 -1.91748 0.00181477 1.51569 -1.12408 
-1.96928 -0.366664 0.0201406 -1.91748 0.00181609 1.51569 -1.12408 
-1.96928 -0.366664 0.020137 -1.91748 0.00181929 1.51569 -1.12408 
-1.96928 -0.366666 0.020137 -1.91748 0.00181548 1.51569 -1.12409 
-1.96928 -0.366666 0.0201353 -1.91748 0.00181416 1.51569 -1.12408 
-1.96928 -0.366667 0.020137 -1.91748 0.00181477 1.51569 -1.12408 
-1.96928 -0.366661 0.0201386 -1.91748 0.00181477 1.51569 -1.12408 
-1.96928 -0.36666 0.020137 -1.91748 0.00181609 1.51569 -1.12408 
-1.96928 -0.366664 0.020137 -1.91748 0.00181609 1.51569 -1.12408 
-1.96928 -0.366668 0.0201386 -1.91748 0.00181477 1.51569 -1.12409 
-1.96928 -0.366664 0.0201353 -1.91748 0.00181548 1.51569 -1.12408 
-1.96927 -0.366663 0.0201386 -1.91748 0.00181609 1.51569 -1.12408 
-1.96928 -0.366665 0.0201353 -1.91748 0.00181549 1.51569 -1.12408 
-1.96928 -0.366667 0.020137 -1.91748 0.00181548 1.51569 -1.12408 
-1.96927 -0.366662 0.0201386 -1.91748 0.00181548 1.51569 -1.12409 
-1.96927 -0.366662 0.0201423 -1.91748 0.00181477 1.51569 -1.12408 
-1.96928 -0.366664 0.020137 -1.91748 0.00181609 1.51569 -1.12408 
-1.96928 -0.366662 0.0201353 -1.91748 0.00181548 1.51569 -1.12408 
-1.96927 -0.366664 0.0201386 -1.91748 0.00181548 1.51569 -1.12408 
-1.96928 -0.366664 0.0201353 -1.91748 0.00181548 1.51569 -1.12408 
-1.96928 -0.366661 0.020137 -1.91748 0.00181548 1.51569 -1.12408 
-1.96928 -0.366658 0.020137 -1.91748 0.00181609 1.51569 -1.12409 
-1.96928 -0.366664 0.020137 -1.91748 0.00181548 1.51569 -1.12408 
-1.96928 -0.366668 0.0201333 -1.91748 0.00181548 1.51569 -1.12408 
-1.96928 -0.366664 0.020137 -1.91748 0.00181477 1.51569 -1.12408 
-1.96928 -0.366657 0.0201425 -1.91748 0.00181477 1.51569 -1.12408 
-1.96928 -0.366666 0.020137 -1.91748 0.00181609 1.51569 -1.12409 
-1.96928 -0.366664 0.0201333 -1.91748 0.00181609 1.51569 -1.12408 
-1.96928 -0.366668 0.0201386 -1.91748 0.00181548 1.51569 -1.12408 
-1.96927 -0.366665 0.0201406 -1.91749 0.00181477 1.51569 -1.12408 
-1.96928 -0.366664 0.020137 -1.91748 0.00181477 1.51569 -1.12408 
-1.96928 -0.366664 0.0201386 -1.91748 0.00181548 1.51569 -1.12408 
-1.96928 -0.366664 0.0201406 -1.91748 0.00181548 1.51569 -1.12408 
-1.96927 -0.366664 0.0201386 -1.91748 0.00181609 1.51569 -1.12408 
-1.96927 -0.366664 0.0201353 -1.91748 0.00181609 1.51569 -1.12408 
-1.96928 -0.36666 0.0201386 -1.91748 0.00181548 1.51569 -1.12408 
-1.96928 -0.366664 0.0201353 -1.91748 0.0018167 1.51569 -1.12408 
-1.96928 -0.366666 0.020137 -1.91748 0.00181548 1.51569 -1.12408 
-1.96927 -0.36666 0.0201386 -1.91748 0.00181548 1.51569 -1.12408 
-1.96928 -0.366666 0.020137 -1.91748 0.00181609 1.51569 -1.12408 
-1.96928 -0.366666 0.020137 -1.91748 0.0018167 1.51569 -1.12408 
-1.96928 -0.36666 0.0201386 -1.91749 0.00181609 1.51569 -1.12408 
-1.96928 -0.366662 0.020137 -1.91748 0.00181548 1.51569 -1.12409 
-1.96928 -0.366664 0.020137 -1.91748 0.00181548 1.51569 -1.12408 
-1.96928 -0.366661 0.020137 -1.91748 0.00181548 1.51569 -1.12409 
-1.96928 -0.36666 0.020137 -1.91748 0.00181548 1.51569 -1.12409 
-1.96928 -0.366664 0.020137 -1.91748 0.00181548 1.51569 -1.12408 
-1.96928 -0.366664 0.0201386 -1.91748 0.00181477 1.51569 -1.12408 
-1.96928 -0.366668 0.020137 -1.91748 0.00181609 1.51569 -1.12408 
-1.96928 -0.366664 0.0201386 -1.91748 0.00181548 1.51569 -1.12408 
-1.96928 -0.366668 0.020137 -1.91748 0.00181477 1.51569 -1.12408 
-1.96928 -0.366665 0.020137 -1.91748 0.00181477 1.51569 -1.12408 
-1.96928 -0.366666 0.020137 -1.91748 0.00181564 1.51569 -1.12408 
-1.96928 -0.366666 0.0201353 -1.91748 0.00181609 1.51569 -1.12408 
-1.96928 -0.366665 0.0201353 -1.91748 0.00181477 1.51569 -1.12408 
-1.96928 -0.366664 0.0201386 -1.91748 0.00181609 1.51569 -1.12408 
-1.96928 -0.366664 0.020137 -1.91748 0.00181609 1.51569 -1.12408 
-1.96928 -0.366662 0.0201353 -1.91748 0.00181477 1.51569 -1.12409 
-1.96928 -0.366665 0.0201386 -1.91748 0.00181536 1.51569 -1.12408 
-1.96928 -0.366662 0.020137 -1.91748 0.00181548 1.51569 -1.12408 
-1.96928 -0.36666 0.0201386 -1.91748 0.00181549 1.51569 -1.12408 
-1.96928 -0.366662 0.0201353 -1.91748 0.00181655 1.51569 -1.12408 
-1.96928 -0.366667 0.020137 -1.91748 0.00181548 1.51569 -1.12408 
-1.96927 -0.366664 0.020137 -1.91748 0.00181879 1.51569 -1.12408 
-1.96928 -0.366668 0.0201389 -1.91748 0.00181609 1.51569 -1.12408 
-1.96928 -0.366664 0.0201386 -1.91748 0.00181609 1.51569 -1.12408 
-1.96928 -0.366664 0.0201406 -1.91748 0.00181477 1.51569 -1.12409 
-1.96928 -0.366664 0.0201413 -1.91748 0.00181548 1.51569 -1.12408 
-1.96926 -0.36666 0.0201492 -1.91749 0.00181741 1.51569 -1.12408 
-1.96927 -0.366662 0.0201521 -1.91748 0.00181609 1.51569 -1.12409 
-1.96929 -0.366663 0.0201211 -1.91748 0.00181416 1.51569 -1.12408 
-1.96931 -0.366658 0.0201075 -1.91748 0.00181477 1.51569 -1.12409 
-1.96928 -0.366655 0.0201322 -1.91748 0.00181609 1.51569 -1.12409 
-1.96927 -0.366664 0.0201566 -1.91748 0.00181477 1.51569 -1.12408 
-1.96928 -0.366671 0.0201406 -1.91748 0.00181796 1.51569 -1.12409 
-1.96931 -0.366663 0.0201111 -1.91748 0.00181548 1.51569 -1.12409 
-1.96931 -0.36666 0.0201079 -1.91748 0.00181416 1.51569 -1.12408 
-1.96929 -0.366673 0.0201257 -1.91747 0.00181416 1.51569 -1.12408 
-1.96928 -0.366674 0.0201395 -1.91747 0.00181548 1.51569 -1.12408 
-1.96929 -0.366663 0.0201306 -1.91748 0.00181552 1.51569 -1.12409 
-1.9693 -0.366662 0.02012 -1.91747 0.00181477 1.51569 -1.12409 
-1.96931 -0.366672 0.0201161 -1.91747 0.00181548 1.51569 -1.12408 
-1.96931 -0.366669 0.0201206 -1.91748 0.00181416 1.51569 -1.12408 
-1.96928 -0.366667 0.0201374 -1.91748 0.00181548 1.51569 -1.12409 
-1.96927 -0.36667 0.0201559 -1.91747 0.0018167 1.5157 -1.12409 
-1.96927 -0.36667 0.0201565 -1.91746 0.00181741 1.5157 -1.12409 
-1.96929 -0.366671 0.0201328 -1.91746 0.00181549 1.5157 -1.12408 
-1.9693 -0.366677 0.0201169 -1.91746 0.00181548 1.5157 -1.12408 
-1.9693 -0.366681 0.0201228 -1.91746 0.00181481 1.5157 -1.12408 
-1.96929 -0.366683 0.020131 -1.91746 0.0018167 1.5157 -1.12408 
-1.9693 -0.366695 0.0201207 -1.91745 0.00181548 1.5157 -1.12408 
-1.96931 -0.3667 0.020102 -1.91744 0.00181477 1.5157 -1.12409 
-1.96932 -0.366696 0.0201043 -1.91744 0.00181478 1.5157 -1.12408 
-1.96932 -0.366695 0.0201087 -1.91743 0.00181477 1.5157 -1.12408 
-1.96931 -0.366696 0.0201093 -1.91742 0.0018156 1.51571 -1.12408 
-1.96931 -0.366693 0.0201114 -1.91741 0.00181477 1.5157 -1.12409 
-1.96932 -0.366689 0.0201112 -1.91742 0.00181294 1.5157 -1.12408 
-1.96934 -0.366693 0.0200852 -1.91741 0.00181027 1.51571 -1.12408 
-1.96937 -0.366691 0.0200735 -1.91741 0.00181294 1.51571 -1.12408 
-1.96936 -0.366684 0.0200809 -1.91741 0.00181294 1.51571 -1.12409 
-1.96935 -0.3667 0.0200901 -1.91741 0.00181294 1.51571 -1.12409 
-1.96936 -0.366677 0.0200913 -1.91742 0.00181223 1.51571 -1.12409 
-1.96935 -0.366624 0.0200959 -1.91745 0.00181477 1.51571 -1.12408 
-1.96935 -0.366619 0.0201 -1.91745 0.00181294 1.51571 -1.12408 
-1.96933 -0.366622 0.0201125 -1.91746 0.0018167 1.5157 -1.12409 
-1.96932 -0.366576 0.0201279 -1.9175 0.00181863 1.5157 -1.12408 
-1.96932 -0.366506 0.0201259 -1.91752 0.00181741 1.5157 -1.12408 
-1.96932 -0.366408 0.0201198 -1.91753 0.00182153 1.5157 -1.12408 
-1.9693 -0.366287 0.0201437 -1.91763 0.00182437 1.51569 -1.12409 
-1.96929 -0.366126 0.0201592 -1.91769 0.00182351 1.51569 -1.12408 
-1.96935 -0.365996 0.0201094 -1.91781 0.00180796 1.51582 -1.12409 
-1.96964 -0.365846 0.0200133 -1.91799 0.0018113 1.51699 -1.12409 
-1.97001 -0.365591 0.0200033 -1.91849 0.0018113 1.51816 -1.12409 
-1.97035 -0.365203 0.0199831 -1.91906 0.00179818 1.51915 -1.12409 
-1.97095 -0.36456 0.0199247 -1.91955 0.00178511 1.52018 -1.12408 
-1.97177 -0.363637 0.0199124 -1.92014 0.00178153 1.52039 -1.12408 
-1.97251 -0.362582 0.0199238 -1.921 0.00176765 1.52041 -1.12408 
-1.9734 -0.360758 0.019915 -1.92237 0.00170974 1.52044 -1.12408 
-1.97421 -0.358608 0.0199169 -1.92402 0.00148905 1.52046 -1.12409 
-1.97491 -0.356099 0.019908 -1.92597 0.00111703 1.52064 -1.12408 
-1.97551 -0.353183 0.0198969 -1.92821 0.000498161 1.52153 -1.12408 
-1.97607 -0.349702 0.0198973 -1.9309 -0.000520791 1.52326 -1.12407 
-1.97651 -0.345877 0.0199058 -1.93383 -0.00215976 1.52617 -1.12407 
-1.9768 -0.341575 0.0199103 -1.93688 -0.00481429 1.53028 -1.12407 
-1.97695 -0.336782 0.0199154 -1.94008 -0.00803305 1.53537 -1.12406 
-1.97703 -0.331495 0.0199101 -1.94356 -0.0108262 1.54254 -1.12405 
-1.9772 -0.325836 0.0199069 -1.94737 -0.0129532 1.5529 -1.12404 
-1.97749 -0.319693 0.0199069 -1.95149 -0.0147699 1.56575 -1.12404 
-1.97777 -0.313754 0.0199076 -1.95539 -0.0162361 1.57953 -1.12404 
-1.97802 -0.307096 0.0199117 -1.95961 -0.0172287 1.59558 -1.12404 
-1.97822 -0.299316 0.0199101 -1.96381 -0.0177437 1.61226 -1.12404 
-1.97846 -0.291512 0.0199114 -1.96797 -0.0178406 1.62947 -1.12403 
-1.97871 -0.283833 0.01991 -1.97213 -0.0178764 1.64629 -1.12403 
-1.97891 -0.274488 0.0199084 -1.97612 -0.0179154 1.66258 -1.12403 
-1.97907 -0.264441 0.0199064 -1.98016 -0.0179275 1.67887 -1.12399 
-1.97917 -0.255175 0.0199064 -1.98309 -0.0179702 1.69259 -1.12378 
-1.97925 -0.243829 0.0198989 -1.98571 -0.0179824 1.70633 -1.12305 
-1.97929 -0.232777 0.0199133 -1.98781 -0.0180255 1.71904 -1.12174 
-1.97931 -0.220962 0.019891 -1.98921 -0.0180531 1.73033 -1.11941 
-1.97944 -0.209404 0.0198838 -1.99006 -0.0180853 1.74039 -1.11671 
-1.97949 -0.196906 0.0199031 -1.9906 -0.0181783 1.7511 -1.11387 
-1.97955 -0.183516 0.0198742 -1.99069 -0.0181905 1.76136 -1.11144 
-1.97955 -0.170077 0.0199163 -1.99068 -0.0182126 1.77107 -1.10906 
-1.97955 -0.156165 0.0199059 -1.99068 -0.0182149 1.78114 -1.10731 
-1.97936 -0.142052 0.0199926 -1.9907 -0.018217 1.79166 -1.10682 
-1.97905 -0.128574 0.0200116 -1.99062 -0.0182156 1.80189 -1.10678 
-1.97855 -0.114018 0.0201216 -1.99062 -0.0182123 1.81289 -1.10677 
-1.97801 -0.100063 0.020118 -1.99064 -0.0182153 1.8252 -1.10678 
-1.97735 -0.0858031 0.0201297 -1.99058 -0.0182086 1.83753 -1.10673 
-1.97681 -0.0693513 0.020136 -1.99043 -0.0182085 1.85444 -1.10661 
-1.97627 -0.055155 0.0201046 -1.99045 -0.0182097 1.86954 -1.10658 
-1.97597 -0.0414667 0.020131 -1.99034 -0.0182078 1.88566 -1.10653 
-1.97568 -0.0252047 0.0200941 -1.99028 -0.0181837 1.90507 -1.10616 
-1.97552 -0.0113521 0.0201222 -1.99024 -0.0181853 1.92208 -1.10576 
-1.97547 0.00229732 0.0200739 -1.99004 -0.018185 1.93887 -1.1057 
-1.9754 0.0153618 0.0200945 -1.99003 -0.0181774 1.95444 -1.1057 
-1.97536 0.0293368 0.0201064 -1.98977 -0.0181723 1.97035 -1.1057 
-1.97504 0.0429736 0.020101 -1.98972 -0.0181761 1.98533 -1.10569 
-1.97491 0.055916 0.0201069 -1.98949 -0.0181742 1.9997 -1.1057 
-1.97462 0.0686722 0.0201104 -1.98922 -0.0181534 2.01286 -1.10568 
-1.97442 0.0814981 0.0201236 -1.9891 -0.0181547 2.02719 -1.10568 
-1.97402 0.0945659 0.0201187 -1.98891 -0.0181521 2.04099 -1.10568 
-1.97381 0.107206 0.0201317 -1.98851 -0.0181436 2.05439 -1.10568 
-1.97336 0.119895 0.0201298 -1.98829 -0.0181242 2.06798 -1.10567 
-1.97299 0.132466 0.0201406 -1.98775 -0.0181122 2.08106 -1.10562 
-1.97252 0.144253 0.0201217 -1.98687 -0.0181023 2.09284 -1.10545 
-1.97227 0.156806 0.0201299 -1.98584 -0.0180918 2.10539 -1.10534 
-1.97186 0.168685 0.0201161 -1.98451 -0.0180246 2.11699 -1.10514 
-1.97166 0.181246 0.0201127 -1.98285 -0.0179459 2.12768 -1.10466 
-1.97148 0.192698 0.0201092 -1.98099 -0.0179315 2.13855 -1.10414 
-1.97147 0.20504 0.0201014 -1.97906 -0.0179336 2.14889 -1.10378 
-1.97146 0.215657 0.0200953 -1.97687 -0.0179305 2.15831 -1.10349 
-1.97156 0.227707 0.0200554 -1.97421 -0.017933 2.16708 -1.10323 
-1.97166 0.238922 0.020045 -1.97143 -0.0179398 2.17656 -1.1032 
-1.97171 0.249939 0.0200425 -1.96873 -0.0179364 2.18508 -1.10318 
-1.97174 0.261353 0.0200286 -1.96582 -0.0179428 2.19354 -1.10317 
-1.97178 0.272151 0.0199866 -1.96256 -0.0179479 2.20163 -1.10318 
-1.97184 0.283827 0.0199389 -1.95906 -0.0179482 2.20918 -1.10318 
-1.97183 0.29437 0.0199538 -1.95538 -0.017947 2.21744 -1.10317 
-1.97182 0.305883 0.0199505 -1.95155 -0.017947 2.2256 -1.10317 
-1.97181 0.316682 0.0199522 -1.94743 -0.0179544 2.23401 -1.10317 
-1.97184 0.328228 0.0199402 -1.9428 -0.0179551 2.24208 -1.10317 
-1.97183 0.339805 0.0199324 -1.93828 -0.0179541 2.25068 -1.10317 
-1.9718 0.350189 0.0199505 -1.93392 -0.0179659 2.25995 -1.10318 
-1.97181 0.360925 0.0199384 -1.92965 -0.01798 2.26828 -1.10318 
-1.9718 0.371005 0.0199469 -1.925 -0.0180029 2.27688 -1.10318 
-1.97178 0.38172 0.0199482 -1.92014 -0.0180487 2.28419 -1.1032 
-1.97173 0.392157 0.0199449 -1.91549 -0.0180987 2.29161 -1.1032 
-1.97168 0.401926 0.0199484 -1.91097 -0.0181412 2.29909 -1.10321 
-1.97161 0.412569 0.0199598 -1.90644 -0.0181886 2.30532 -1.10322 
-1.97147 0.421717 0.0199495 -1.90193 -0.0182668 2.31042 -1.10323 
-1.97138 0.4315 0.0199469 -1.89707 -0.0183364 2.31492 -1.10323 
-1.97131 0.441667 0.0199563 -1.89204 -0.018364 2.31773 -1.10324 
-1.97118 0.450894 0.0199459 -1.88682 -0.0184419 2.31935 -1.10324 
-1.97111 0.460855 0.0199411 -1.88149 -0.0185748 2.31976 -1.10325 
-1.97101 0.47046 0.0199422 -1.87594 -0.0186976 2.31977 -1.10328 
-1.9709 0.479067 0.0199459 -1.87041 -0.0189072 2.31977 -1.10339 
-1.9708 0.489029 0.019942 -1.86471 -0.0191135 2.31978 -1.10346 
-1.97065 0.498652 0.0199442 -1.85886 -0.0193292 2.31979 -1.10355 
-1.97051 0.507604 0.0199476 -1.85298 -0.0197574 2.31979 -1.10389 
-1.97036 0.516839 0.0199406 -1.84738 -0.0204362 2.31981 -1.10421 
-1.97024 0.526116 0.0199338 -1.84082 -0.0215241 2.31984 -1.10426 
-1.97021 0.535164 0.0199421 -1.8344 -0.022794 2.3199 -1.10426 
-1.97017 0.544842 0.0199369 -1.82794 -0.0241533 2.3204 -1.10426 
-1.97015 0.553636 0.0199305 -1.82107 -0.0253895 2.32126 -1.10426 
-1.97021 0.562924 0.0198972 -1.81412 -0.0263075 2.32252 -1.10427 
-1.97024 0.572064 0.0198924 -1.80784 -0.0271007 2.32445 -1.10427 
-1.97024 0.58124 0.0198924 -1.80083 -0.0278059 2.32818 -1.10427 
-1.97028 0.590651 0.019886 -1.79433 -0.0281709 2.33371 -1.10427 
-1.97028 0.599604 0.019878 -1.78835 -0.0284542 2.33982 -1.10427 
-1.97027 0.608224 0.0198881 -1.7821 -0.0286483 2.34663 -1.10428 
-1.97028 0.617464 0.0198792 -1.77611 -0.028707 2.35411 -1.10428 
-1.97028 0.626341 0.0198719 -1.77019 -0.0287717 2.36099 -1.10429 
-1.97031 0.634439 0.0198663 -1.76428 -0.0287911 2.36823 -1.1043 
-1.97036 0.643116 0.019863 -1.7589 -0.0287951 2.37561 -1.10429 
-1.97035 0.65112 0.0198647 -1.75419 -0.028801 2.38199 -1.1043 
-1.97033 0.658718 0.0198714 -1.74907 -0.0288018 2.38848 -1.10429 
-1.97032 0.666637 0.0198811 -1.74386 -0.0288108 2.39439 -1.1043 
-1.97022 0.674703 0.0198951 -1.73869 -0.0288149 2.39898 -1.1043 
-1.97006 0.68171 0.0199013 -1.73362 -0.0288178 2.40294 -1.1043 
-1.96989 0.688799 0.0199192 -1.72845 -0.0288304 2.40789 -1.10432 
-1.96963 0.69642 0.0199121 -1.72345 -0.028854 2.41299 -1.10433 
-1.96936 0.703309 0.0199046 -1.71854 -0.0288753 2.41671 -1.10433 
-1.96913 0.709889 0.0199102 -1.71298 -0.0288966 2.41943 -1.10434 
-1.9689 0.716615 0.0199068 -1.70714 -0.0289073 2.42099 -1.10436 
-1.96869 0.723374 0.019901 -1.7017 -0.0289391 2.42178 -1.10437 
-1.96849 0.729982 0.0198952 -1.69578 -0.0289734 2.42188 -1.1044 
-1.96831 0.736089 0.0198954 -1.68952 -0.0290445 2.42188 -1.10461 
-1.96817 0.742347 0.0198918 -1.683 -0.0291075 2.42188 -1.10482 
-1.96807 0.749037 0.0198919 -1.67673 -0.0293033 2.42188 -1.10506 
-1.96793 0.755281 0.0198948 -1.67058 -0.0296569 2.42187 -1.1055 
-1.96775 0.760807 0.0198875 -1.66446 -0.0299911 2.42188 -1.10576 
-1.96757 0.766524 0.019892 -1.65796 -0.0303751 2.42187 -1.10584 
-1.96743 0.772529 0.019885 -1.65187 -0.030943 2.42187 -1.106 
-1.96728 0.778118 0.0198867 -1.64634 -0.0315771 2.42187 -1.10611 
-1.96713 0.783493 0.0198968 -1.64043 -0.032157 2.42187 -1.10617 
-1.96693 0.788488 0.0198913 -1.63445 -0.0327611 2.42187 -1.10638 
-1.96675 0.793234 0.0198814 -1.62883 -0.0333702 2.42187 -1.10674 
-1.9666 0.798291 0.019885 -1.62336 -0.0339595 2.42187 -1.10694 
-1.96644 0.803119 0.0198944 -1.61819 -0.0344576 2.42186 -1.10704 
-1.96623 0.807305 0.0198935 -1.61344 -0.0349955 2.42186 -1.10731 
-1.96596 0.811294 0.0198967 -1.60862 -0.0355261 2.42186 -1.10757 
-1.96569 0.815085 0.0199052 -1.60393 -0.0359242 2.42186 -1.10771 
-1.9654 0.818757 0.0199036 -1.59964 -0.0362652 2.42186 -1.10787 
-1.96509 0.822341 0.0199037 -1.59578 -0.0365472 2.42185 -1.10799 
-1.96478 0.825846 0.0199153 -1.59222 -0.0367368 2.42184 -1.10803 
-1.96434 0.82909 0.0199094 -1.58905 -0.0368855 2.42184 -1.10808 
-1.96388 0.832035 0.0199063 -1.58618 -0.0370904 2.42184 -1.10824 
-1.96341 0.834711 0.0199099 -1.58353 -0.0373101 2.42183 -1.10847 
-1.96294 0.837186 0.0199038 -1.58093 -0.03748 2.42183 -1.1087 
-1.96243 0.839581 0.0199046 -1.57836 -0.0376104 2.42183 -1.10897 
-1.96188 0.842017 0.0199023 -1.57568 -0.0377566 2.42183 -1.10928 
-1.96135 0.844356 0.0198994 -1.57306 -0.0378641 2.42183 -1.10955 
-1.96087 0.846541 0.0199062 -1.57061 -0.0380595 2.42182 -1.1099 
-1.9604 0.848601 0.0199062 -1.56821 -0.038403 2.42182 -1.11072 
-1.95991 0.850447 0.0199015 -1.56598 -0.0387751 2.42182 -1.11204 
-1.95944 0.851939 0.0199059 -1.5641 -0.0389999 2.42182 -1.11329 
-1.95892 0.853163 0.0198997 -1.56246 -0.0391548 2.42181 -1.11431 
-1.95837 0.854033 0.0199031 -1.56116 -0.0393316 2.42181 -1.11502 
-1.95778 0.854638 0.0199058 -1.56017 -0.0394589 2.42181 -1.11542 
-1.95708 0.855209 0.0198738 -1.55927 -0.0394683 2.4218 -1.11548 
-1.95669 0.85567 0.0199035 -1.55869 -0.0394725 2.4218 -1.11548 
-1.95638 0.856212 0.0198967 -1.558 -0.0394663 2.42181 -1.11546 
-1.95612 0.856824 0.0199067 -1.55706 -0.0394659 2.42181 -1.11545 
-1.9559 0.857552 0.019891 -1.55591 -0.0394658 2.4218 -1.11545 
-1.95583 0.858343 0.019878 -1.55473 -0.0394662 2.4218 -1.11545 
-1.95588 0.859291 0.0198666 -1.55354 -0.0394652 2.42179 -1.11545 
-1.9559 0.860559 0.0198651 -1.55213 -0.0394709 2.42179 -1.11547 
-1.9559 0.861948 0.0198665 -1.55061 -0.0394708 2.4218 -1.11547 
-1.95589 0.863341 0.0198822 -1.54911 -0.0394707 2.42179 -1.11546 
-1.95584 0.865036 0.0198852 -1.5474 -0.0394693 2.42178 -1.11547 
-1.95582 0.866904 0.0198925 -1.54567 -0.0394732 2.42177 -1.11548 
-1.95578 0.869013 0.019905 -1.54376 -0.0394738 2.42177 -1.11549 
-1.95569 0.87134 0.0199045 -1.54166 -0.0394725 2.42177 -1.1155 
-1.95556 0.873871 0.0198973 -1.53942 -0.0394738 2.42176 -1.11552 
-1.95548 0.876374 0.0199067 -1.53731 -0.0394755 2.42176 -1.11558 
-1.95537 0.879023 0.0199014 -1.53517 -0.0394729 2.42176 -1.11561 
-1.95532 0.881548 0.0198956 -1.53301 -0.0394732 2.42176 -1.11563 
-1.95529 0.88381 0.0199011 -1.53086 -0.0394784 2.42176 -1.11568 
-1.95523 0.88608 0.0199047 -1.52847 -0.0394792 2.42176 -1.11584 
-1.95518 0.888344 0.0198929 -1.52576 -0.0394773 2.42176 -1.11588 
-1.95518 0.890434 0.0198982 -1.52318 -0.0394806 2.42175 -1.11602 
-1.95515 0.892534 0.0199047 -1.52049 -0.0394786 2.42176 -1.11635 
-1.95513 0.894621 0.0199014 -1.5177 -0.0394773 2.42175 -1.11643 
-1.95511 0.896654 0.0199014 -1.51493 -0.0394786 2.42175 -1.11647 
-1.95508 0.898615 0.0199031 -1.51229 -0.0394773 2.4217 -1.11663 
-1.95505 0.900528 0.0198994 -1.50984 -0.039478 2.42165 -1.11675 
-1.95505 0.902124 0.0199014 -1.50782 -0.0394773 2.42164 -1.11679 
-1.95503 0.903295 0.0199067 -1.50641 -0.0394784 2.42163 -1.11686 
-1.95495 0.904244 0.0199046 -1.5053 -0.0394755 2.42163 -1.11691 
-1.95489 0.90487 0.0199025 -1.5045 -0.0394767 2.42163 -1.11691 
-1.95485 0.905163 0.0199127 -1.50411 -0.0394773 2.42162 -1.11693 
-1.95475 0.905268 0.019901 -1.50405 -0.0394767 2.4216 -1.11694 
-1.95471 0.905275 0.0199026 -1.50405 -0.0394761 2.42159 -1.11695 
-1.95469 0.905259 0.0199082 -1.50403 -0.0394761 2.42159 -1.11694 
-1.95464 0.905299 0.0199078 -1.50404 -0.0394767 2.42156 -1.11695 
-1.95457 0.905386 0.0199095 -1.50404 -0.0394767 2.42137 -1.11695 
-1.9545 0.905479 0.0199095 -1.50404 -0.0394748 2.42128 -1.11695 
-1.95444 0.905576 0.0199111 -1.50404 -0.0394761 2.42127 -1.11694 
-1.95438 0.905722 0.0199112 -1.50404 -0.0394761 2.42127 -1.11694 
-1.95431 0.90593 0.0199117 -1.50404 -0.0394748 2.42127 -1.11695 
-1.95426 0.906186 0.0199111 -1.50404 -0.0394722 2.42127 -1.11694 
-1.95424 0.906424 0.019908 -1.50403 -0.0394744 2.42128 -1.11695 
-1.95421 0.906443 0.0199111 -1.50403 -0.0394727 2.42127 -1.11695 
-1.95413 0.90642 0.0199163 -1.50397 -0.0394717 2.42128 -1.11694 
-1.95403 0.90644 0.0199192 -1.50389 -0.0394674 2.42128 -1.11694 
-1.95392 0.906457 0.0199207 -1.5039 -0.0394691 2.42128 -1.11695 
-1.95379 0.906477 0.019906 -1.5039 -0.0394688 2.42128 -1.11694 
-1.95376 0.906478 0.0199025 -1.50389 -0.0394684 2.42128 -1.11694 
-1.95377 0.906484 0.0199042 -1.5039 -0.0394714 2.42128 -1.11694 
-1.95376 0.906493 0.0198982 -1.50389 -0.0394691 2.42128 -1.11694 
-1.95379 0.906485 0.0198942 -1.50389 -0.039468 2.42128 -1.11695 
-1.95379 0.906498 0.0198918 -1.50389 -0.0394701 2.42128 -1.11694 
-1.95374 0.906536 0.0199231 -1.50389 -0.0394686 2.42128 -1.11694 
-1.95359 0.906551 0.019934 -1.50389 -0.0394643 2.42128 -1.11694 
-1.95339 0.906543 0.019958 -1.50389 -0.0394489 2.42128 -1.11693 
-1.95317 0.906577 0.0200384 -1.50389 -0.0394473 2.42128 -1.11692 
-1.95276 0.906575 0.0200518 -1.50389 -0.0394387 2.42127 -1.11691 
-1.95231 0.906563 0.0200706 -1.50389 -0.0394265 2.42127 -1.1169 
-1.95182 0.906595 0.020082 -1.50389 -0.0394224 2.42127 -1.11691 
-1.95126 0.906632 0.0200723 -1.5039 -0.0394211 2.42127 -1.11689 
-1.95075 0.906628 0.0200598 -1.50389 -0.0394207 2.42127 -1.11688 
-1.95034 0.906651 0.0200469 -1.5039 -0.0394252 2.42125 -1.11688 
-1.95004 0.906677 0.0200311 -1.5039 -0.0394249 2.42122 -1.11689 
-1.94983 0.906664 0.020037 -1.5039 -0.0394249 2.42122 -1.11689 
-1.94968 0.906664 0.0200249 -1.5039 -0.0394261 2.42122 -1.1169 
-1.94963 0.906663 0.0200197 -1.5039 -0.0394288 2.42116 -1.1169 
-1.94963 0.906666 0.0200176 -1.5039 -0.0394352 2.42087 -1.1169 
-1.94963 0.906669 0.020009 -1.5039 -0.0394361 2.42032 -1.11691 
-1.94965 0.906667 0.0199972 -1.5039 -0.0394375 2.41978 -1.11691 
-1.94968 0.906713 0.0199823 -1.5039 -0.0394429 2.41926 -1.11691 
-1.94971 0.906765 0.0199539 -1.5039 -0.0394429 2.41874 -1.1169 
-1.94972 0.906854 0.0198414 -1.5039 -0.0394448 2.41837 -1.11691 
-1.94982 0.907049 0.0198456 -1.5039 -0.0394443 2.41819 -1.11691 
-1.94989 0.907267 0.019842 -1.5039 -0.0394449 2.41818 -1.11691 
-1.94992 0.907452 0.0198314 -1.5039 -0.0394453 2.41817 -1.11691 
-1.94998 0.907803 0.0198308 -1.50391 -0.0394468 2.41813 -1.11691 
-1.95002 0.908206 0.0198123 -1.5039 -0.0394483 2.41813 -1.11691 
-1.95009 0.908571 0.0197967 -1.5039 -0.0394488 2.41813 -1.1169 
-1.95024 0.908972 0.0197876 -1.5039 -0.0394489 2.41812 -1.1169 
-1.95039 0.909448 0.0197876 -1.5039 -0.0394489 2.41813 -1.11691 
-1.95054 0.909881 0.0197876 -1.5039 -0.0394481 2.41815 -1.11691 
-1.95071 0.910254 0.0197771 -1.5039 -0.0394456 2.41814 -1.1169 
-1.95094 0.910652 0.0197685 -1.5039 -0.0394466 2.41814 -1.11691 
-1.95119 0.911049 0.0197474 -1.50389 -0.0394476 2.41815 -1.1169 
-1.95151 0.911413 0.0197472 -1.50389 -0.0394476 2.41816 -1.11691 
-1.95181 0.911755 0.0197505 -1.50385 -0.0394437 2.41817 -1.1169 
-1.95206 0.912141 0.0197545 -1.50366 -0.0394449 2.41821 -1.11691 
-1.95228 0.912604 0.0197525 -1.50318 -0.0394465 2.41821 -1.1169 
-1.95246 0.913122 0.0197509 -1.50254 -0.0394433 2.41821 -1.1169 
-1.95255 0.913671 0.0197777 -1.50184 -0.0394416 2.4182 -1.11689 
-1.95251 0.914206 0.0197924 -1.50117 -0.039439 2.4182 -1.1169 
-1.95243 0.914852 0.019797 -1.50039 -0.0394396 2.41821 -1.11689 
-1.95236 0.915498 0.0198028 -1.4996 -0.0394396 2.4182 -1.1169 
-1.95234 0.91618 0.0198036 -1.49887 -0.0394396 2.4182 -1.11689 
-1.95233 0.916979 0.0198059 -1.4981 -0.039439 2.4182 -1.11689 
-1.95233 0.917829 0.0198151 -1.49735 -0.039437 2.41821 -1.11689 
-1.95232 0.918701 0.0198182 -1.49666 -0.0394345 2.4182 -1.1169 
-1.95233 0.919577 0.0198161 -1.496 -0.0394278 2.4182 -1.11688 
-1.95235 0.920485 0.0198023 -1.49538 -0.039423 2.4182 -1.11688 
-1.95236 0.92138 0.0198013 -1.49483 -0.0394224 2.41819 -1.11689 
-1.95238 0.922193 0.0198023 -1.49436 -0.0394192 2.4182 -1.11688 
-1.95238 0.923007 0.0198009 -1.49394 -0.0394169 2.4182 -1.11687 
-1.95239 0.923642 0.0197902 -1.49361 -0.0394157 2.4182 -1.11687 
-1.95245 0.924164 0.0197966 -1.49325 -0.0394146 2.4182 -1.11687 
-1.95247 0.92463 0.0197968 -1.49289 -0.0394146 2.41819 -1.11687 
-1.95246 0.925029 0.0197979 -1.4925 -0.0394091 2.41819 -1.11686 
-1.95244 0.925394 0.01981 -1.49208 -0.0394095 2.41819 -1.11686 
-1.9524 0.925771 0.0198185 -1.49161 -0.0394109 2.41818 -1.11686 
-1.95236 0.926142 0.019814 -1.49114 -0.0394102 2.41818 -1.11685 
-1.95234 0.926472 0.0198232 -1.49069 -0.0394095 2.41817 -1.11684 
-1.95232 0.926829 0.0198327 -1.49032 -0.039409 2.41816 -1.11685 
-1.95225 0.927197 0.0198339 -1.48998 -0.0394114 2.41815 -1.11685 
-1.95218 0.927582 0.0198382 -1.48964 -0.0394111 2.41814 -1.11685 
-1.95211 0.928025 0.0198375 -1.48919 -0.0394085 2.41812 -1.11684 
-1.95207 0.928554 0.0198257 -1.48868 -0.03941 2.41809 -1.11683 
-1.95207 0.92905 0.0198355 -1.48812 -0.0394049 2.41777 -1.11681 
-1.95206 0.929626 0.0198392 -1.48755 -0.0394067 2.41709 -1.11679 
-1.95203 0.930269 0.0198437 -1.48701 -0.0394042 2.41694 -1.1167 
-1.952 0.930898 0.0198501 -1.4865 -0.0394058 2.41692 -1.11655 
-1.95193 0.931333 0.019859 -1.48617 -0.0394054 2.41691 -1.11653 
-1.95187 0.931674 0.0198618 -1.48602 -0.0394061 2.41691 -1.11652 
-1.95189 0.931986 0.019838 -1.48598 -0.0394054 2.41691 -1.11649 
-1.95198 0.932333 0.0198154 -1.48598 -0.0394071 2.4169 -1.11649 
-1.95208 0.932697 0.0198132 -1.48597 -0.0394061 2.4169 -1.11649 
-1.95214 0.933128 0.0198088 -1.48595 -0.0394073 2.4169 -1.11648 
-1.95218 0.933695 0.0197989 -1.48587 -0.0394061 2.4169 -1.11648 
-1.95224 0.934471 0.0197909 -1.48567 -0.0394067 2.41691 -1.11648 
-1.9523 0.935344 0.0197844 -1.48537 -0.0394061 2.41691 -1.11647 
-1.95239 0.936336 0.0197865 -1.485 -0.0394061 2.41691 -1.11646 
-1.95242 0.937413 0.0197781 -1.48452 -0.0394061 2.41691 -1.11646 
-1.95247 0.938698 0.0197852 -1.48372 -0.0394047 2.41691 -1.11645 
-1.95252 0.940247 0.0197864 -1.48245 -0.0393949 2.4169 -1.11643 
-1.95252 0.942003 0.0197913 -1.48087 -0.0393885 2.4169 -1.11642 
-1.9525 0.943899 0.0198095 -1.47894 -0.0393765 2.4169 -1.11641 
-1.95244 0.945985 0.0198583 -1.47656 -0.0393379 2.41688 -1.11634 
-1.95228 0.948468 0.0198961 -1.47375 -0.0393153 2.41677 -1.1161 
-1.95208 0.951025 0.0198958 -1.471 -0.0393137 2.41648 -1.1161 
-1.95194 0.95334 0.0198706 -1.46873 -0.0393111 2.41572 -1.11609 
-1.95198 0.955483 0.0198705 -1.46699 -0.0393108 2.41422 -1.11609 
-1.95205 0.957512 0.0198579 -1.46541 -0.0393077 2.41323 -1.11609 
-1.95211 0.959261 0.0198748 -1.46414 -0.039296 2.41292 -1.11608 
-1.9521 0.960895 0.0198829 -1.46292 -0.0392592 2.41291 -1.11607 
-1.9521 0.962341 0.0198825 -1.46181 -0.0392388 2.41289 -1.11607 
-1.95213 0.963488 0.0198856 -1.46093 -0.0391859 2.41288 -1.11605 
-1.95211 0.964473 0.0198885 -1.46017 -0.0390684 2.41288 -1.11603 
-1.95212 0.965384 0.0198791 -1.45951 -0.0390162 2.41288 -1.116 
-1.95217 0.966266 0.0198808 -1.45889 -0.0389529 2.41289 -1.11584 
-1.95222 0.967149 0.0198829 -1.45827 -0.0388657 2.41289 -1.11552 
-1.95224 0.968088 0.0198706 -1.4576 -0.0388076 2.41288 -1.11527 
-1.95228 0.969073 0.0198759 -1.45687 -0.0387543 2.41288 -1.11511 
-1.95233 0.970254 0.0198861 -1.45608 -0.0386332 2.41288 -1.11495 
-1.95232 0.971435 0.019877 -1.45539 -0.0385595 2.41288 -1.11486 
-1.95237 0.972732 0.0198708 -1.45465 -0.0385267 2.41288 -1.11478 
-1.95244 0.974194 0.0198555 -1.45373 -0.0384648 2.41288 -1.11458 
-1.9526 0.975843 0.0197456 -1.45265 -0.0384689 2.4129 -1.11438 
-1.95302 0.977667 0.0196729 -1.45136 -0.0384688 2.4129 -1.11437 
-1.95358 0.979508 0.0196823 -1.44997 -0.0384688 2.4129 -1.11437 
-1.95411 0.981218 0.0196835 -1.44859 -0.0384706 2.4129 -1.11437 
-1.95457 0.982797 0.0196863 -1.44728 -0.0384723 2.41289 -1.11437 
-1.95492 0.984011 0.0196935 -1.44641 -0.0384841 2.4129 -1.11437 
-1.95512 0.984488 0.0196816 -1.44568 -0.0385096 2.41289 -1.11436 
-1.95524 0.984484 0.0196971 -1.44524 -0.0385084 2.41289 -1.11437 
-1.95528 0.984538 0.0196862 -1.44517 -0.0385077 2.41288 -1.11436 
-1.95535 0.984776 0.0196821 -1.44519 -0.0385084 2.41287 -1.11437 
-1.95536 0.984871 0.0196854 -1.44518 -0.0385065 2.41287 -1.11435 
-1.95535 0.98488 0.0196912 -1.44518 -0.0385058 2.41286 -1.11427 
-1.95534 0.984951 0.0196922 -1.44519 -0.0385084 2.41286 -1.11391 
-1.95531 0.985029 0.0196939 -1.44519 -0.0385071 2.41284 -1.1135 
-1.95523 0.985102 0.0196993 -1.44518 -0.0385077 2.41284 -1.1131 
-1.95512 0.9852 0.0196971 -1.44518 -0.0385071 2.41285 -1.11224 
-1.95496 0.985298 0.0196971 -1.44519 -0.0385124 2.41285 -1.11051 
-1.95476 0.985357 0.0196918 -1.44518 -0.0385218 2.41284 -1.10785 
-1.95454 0.985369 0.0196916 -1.4452 -0.0385234 2.41283 -1.10486 
-1.95437 0.985391 0.019687 -1.44521 -0.0385208 2.41282 -1.10221 
-1.95429 0.985401 0.0197036 -1.44523 -0.0385215 2.4128 -1.09972 
-1.95417 0.985399 0.0197205 -1.44525 -0.0385149 2.41266 -1.09748 
-1.95393 0.985384 0.0197143 -1.44525 -0.0385096 2.41219 -1.09449 
-1.95376 0.985391 0.0197034 -1.44524 -0.0385074 2.41216 -1.09162 
-1.95373 0.985397 0.0197094 -1.44525 -0.0385007 2.41214 -1.08835 
-1.95375 0.985396 0.019705 -1.44525 -0.0384981 2.41211 -1.08399 
-1.95379 0.985396 0.0197067 -1.44525 -0.0384939 2.41204 -1.07939 
-1.95373 0.985394 0.0197246 -1.44525 -0.0384946 2.41189 -1.075 
-1.95366 0.985387 0.0197448 -1.44525 -0.0384965 2.41171 -1.07033 
-1.9535 0.985387 0.0197503 -1.44525 -0.0384953 2.41167 -1.0647 
-1.95335 0.985387 0.0197346 -1.44525 -0.0384959 2.41165 -1.05971 
-1.95332 0.985386 0.019754 -1.44525 -0.0384735 2.41163 -1.05515 
-1.95328 0.985389 0.0198075 -1.44526 -0.0384002 2.41163 -1.04958 
-1.95318 0.985387 0.0198243 -1.44529 -0.0382355 2.41159 -1.04213 
-1.95305 0.985371 0.0198307 -1.44531 -0.0379609 2.41143 -1.03311 
-1.95296 0.985353 0.0198504 -1.44532 -0.0373987 2.41127 -1.0201 
-1.95285 0.985337 0.0199284 -1.44536 -0.0370038 2.4112 -1.00484 
-1.95265 0.985267 0.0199138 -1.44546 -0.0369498 2.41107 -0.988077 
-1.95258 0.985184 0.0199058 -1.44554 -0.0369628 2.41088 -0.970674 
-1.95264 0.985107 0.0199079 -1.44572 -0.0369622 2.41081 -0.954507 
-1.95262 0.984851 0.0199136 -1.44609 -0.0369801 2.41059 -0.940538 
-1.95252 0.984403 0.0200584 -1.44666 -0.0369697 2.41005 -0.929286 
-1.95205 0.984042 0.0201681 -1.44723 -0.0369442 2.4097 -0.91984 
-1.95128 0.983782 0.0201191 -1.44763 -0.0369347 2.40964 -0.910208 
-1.95054 0.983637 0.0200677 -1.44787 -0.0369163 2.40954 -0.897886 
-1.94992 0.983527 0.0200841 -1.448 -0.0368518 2.40929 -0.885492 
-1.94928 0.983436 0.0200998 -1.44805 -0.0367937 2.40901 -0.873389 
-1.94863 0.983419 0.0201164 -1.44806 -0.0365599 2.40875 -0.859864 
-1.94798 0.983413 0.0201661 -1.44807 -0.0358694 2.40868 -0.845851 
-1.94722 0.983417 0.0201589 -1.44807 -0.0351789 2.40867 -0.831478 
-1.94646 0.98341 0.0201637 -1.44814 -0.034924 2.40864 -0.816944 
-1.94572 0.983361 0.0201338 -1.44825 -0.034698 2.40862 -0.803081 
-1.94511 0.983279 0.0201687 -1.44841 -0.0343143 2.40862 -0.789453 
-1.94448 0.983242 0.0201573 -1.44845 -0.0339548 2.40861 -0.776748 
-1.94398 0.98325 0.0201348 -1.44844 -0.0334167 2.40864 -0.765046 
-1.94373 0.98325 0.0201502 -1.44841 -0.0325159 2.40865 -0.75299 
-1.94355 0.983277 0.0201942 -1.44833 -0.0314261 2.40867 -0.740986 
-1.94334 0.983309 0.0201578 -1.4483 -0.0300927 2.40866 -0.729258 
-1.94335 0.983301 0.0201928 -1.44829 -0.0286513 2.40866 -0.717185 
-1.94335 0.983312 0.02012 -1.44832 -0.0275344 2.40867 -0.705319 
-1.9435 0.983303 0.0201263 -1.4483 -0.0264715 2.40866 -0.692379 
-1.94376 0.983286 0.0200927 -1.44835 -0.0253256 2.40866 -0.677551 
-1.94403 0.983301 0.0200255 -1.44834 -0.0243559 2.40867 -0.660702 
-1.94447 0.983265 0.0200618 -1.44839 -0.0235373 2.40865 -0.643119 
-1.94484 0.983276 0.0200492 -1.44835 -0.0228167 2.40866 -0.625426 
-1.94524 0.983282 0.0200321 -1.44836 -0.0224341 2.40867 -0.60937 
-1.94577 0.983272 0.0200253 -1.44835 -0.0224028 2.40867 -0.594215 
-1.94637 0.983265 0.0200538 -1.44834 -0.0223743 2.40867 -0.579997 
-1.94686 0.983266 0.0200566 -1.44836 -0.0221438 2.40867 -0.566953 
-1.94725 0.983271 0.0200436 -1.44834 -0.0219163 2.40868 -0.554194 
-1.94771 0.983268 0.0200563 -1.44834 -0.021838 2.40867 -0.542161 
-1.94812 0.98327 0.0200572 -1.44834 -0.0216367 2.40868 -0.531443 
-1.94847 0.983271 0.0200974 -1.4483 -0.0210894 2.4087 -0.520554 
-1.94857 0.983306 0.0201493 -1.44824 -0.0198173 2.4087 -0.50839 
-1.94853 0.983311 0.0201455 -1.44825 -0.0182818 2.4087 -0.496866 
-1.94851 0.983315 0.0201593 -1.44825 -0.0169848 2.40871 -0.486237 
-1.94845 0.983323 0.0201487 -1.44825 -0.015232 2.40871 -0.472268 
-1.94846 0.983316 0.0201503 -1.44825 -0.0139505 2.40871 -0.460813 
-1.94853 0.983318 0.0200286 -1.44825 -0.0127975 2.40871 -0.45031 
-1.94878 0.983314 0.0200407 -1.44826 -0.011292 2.40871 -0.439476 
-1.94902 0.98331 0.0200426 -1.44824 -0.00981056 2.40872 -0.427839 
-1.94921 0.983314 0.0200444 -1.44825 -0.00844004 2.40872 -0.417618 
-1.94934 0.983314 0.0200461 -1.44823 -0.00680436 2.40873 -0.406877 
-1.94942 0.983316 0.0200487 -1.44819 -0.00484534 2.40877 -0.395408 
-1.94947 0.983361 0.0200359 -1.44811 -0.00336823 2.40892 -0.384743 
-1.94959 0.983398 0.0200374 -1.44807 -0.00167569 2.40907 -0.372266 
-1.94967 0.983417 0.0200389 -1.44802 0.000162238 2.40908 -0.359364 
-1.94974 0.983429 0.0200237 -1.44796 0.00183926 2.40908 -0.345738 
-1.94986 0.983434 0.0200475 -1.44793 0.00311724 2.4091 -0.331678 
-1.94986 0.98344 0.0200757 -1.44791 0.0040138 2.40909 -0.316961 
-1.94974 0.983443 0.0200824 -1.44791 0.00449648 2.40909 -0.300781 
-1.94967 0.983447 0.0200813 -1.44789 0.00463259 2.40911 -0.285713 
-1.94964 0.983467 0.020106 -1.44786 0.00464159 2.4091 -0.268754 
-1.94958 0.983496 0.0201611 -1.44779 0.00467266 2.4091 -0.252202 
-1.94951 0.983526 0.0201496 -1.44777 0.00470487 2.4091 -0.235694 
-1.94947 0.983523 0.0201986 -1.44776 0.00479578 2.40911 -0.218135 
-1.94937 0.983547 0.020172 -1.44772 0.00481258 2.4091 -0.200325 
-1.9494 0.98358 0.020138 -1.4477 0.00480998 2.40912 -0.183372 
-1.94951 0.983599 0.020145 -1.4476 0.00482473 2.40912 -0.168036 
-1.94954 0.983746 0.020172 -1.44738 0.00488801 2.40919 -0.153217 
-1.94952 0.98393 0.0201752 -1.44716 0.00506652 2.4096 -0.139892 
-1.94953 0.984131 0.0201776 -1.44694 0.00531254 2.41016 -0.125681 
-1.94952 0.984389 0.0201939 -1.4466 0.00550126 2.41052 -0.111367 
-1.94948 0.984655 0.0201958 -1.4462 0.00573509 2.41062 -0.0985931 
-1.94951 0.984881 0.0201855 -1.4458 0.00614561 2.41067 -0.0849536 
-1.94962 0.985053 0.020064 -1.44566 0.00648276 2.41066 -0.0707628 
-1.95004 0.985044 0.0200012 -1.44568 0.0065715 2.41063 -0.0565472 
-1.95074 0.985045 0.0200348 -1.44567 0.00658181 2.41065 -0.0419813 
-1.95139 0.985029 0.0200815 -1.44567 0.0066616 2.41065 -0.0283041 
-1.95189 0.985027 0.0200811 -1.44568 0.00682868 2.41063 -0.015055 
-1.95234 0.985024 0.0200678 -1.44572 0.00685033 2.41061 -0.0030418 
-1.9528 0.985019 0.0200751 -1.44573 0.00687812 2.41061 0.00842556 
-1.95313 0.985019 0.0200879 -1.4457 0.00702794 2.41063 0.0189952 
-1.95327 0.985024 0.0200847 -1.44571 0.00722385 2.41064 0.0281678 
-1.95332 0.985035 0.020052 -1.44571 0.00736022 2.41065 0.041896 
-1.95339 0.985038 0.0200492 -1.44571 0.00738517 2.41064 0.0534218 
-1.95344 0.985039 0.0200563 -1.44572 0.00743745 2.41064 0.0646758 
-1.95346 0.985034 0.0200517 -1.44574 0.00745211 2.41063 0.0770242 
-1.95346 0.985035 0.0200602 -1.44575 0.00745996 2.41064 0.0880708 
-1.95344 0.985027 0.0200804 -1.44575 0.00750979 2.41064 0.0979285 
-1.95342 0.98503 0.0200799 -1.44577 0.00753157 2.41063 0.108364 
-1.9534 0.985022 0.0201008 -1.44578 0.00753157 2.41064 0.118933 
-1.95335 0.98502 0.0201435 -1.4458 0.00755751 2.41064 0.128075 
-1.95329 0.985016 0.0201844 -1.44581 0.00763736 2.41064 0.137358 
-1.95316 0.985014 0.0201965 -1.44581 0.00767786 2.41065 0.1465 
-1.95302 0.985019 0.0202076 -1.44581 0.00768063 2.41065 0.155511 
-1.95286 0.985015 0.0202063 -1.44581 0.00769432 2.41066 0.163935 
-1.95276 0.985016 0.020231 -1.4458 0.00779664 2.41066 0.171682 
-1.95261 0.985013 0.0202492 -1.44581 0.00786278 2.41068 0.180106 
-1.9524 0.985019 0.020255 -1.4458 0.00786829 2.41069 0.18816 
-1.95222 0.98502 0.0202472 -1.4458 0.00787274 2.41069 0.197237 
-1.95213 0.985017 0.0202625 -1.4458 0.00790296 2.41071 0.205344 
-1.95206 0.985017 0.0202653 -1.44582 0.00796057 2.41069 0.214279 
-1.952 0.985013 0.0202685 -1.44583 0.00796612 2.4107 0.223194 
-1.95195 0.985015 0.0203057 -1.44583 0.0079915 2.4107 0.231849 
-1.95187 0.985019 0.0203543 -1.44583 0.0080154 2.41071 0.239693 
-1.95173 0.985018 0.0203474 -1.44584 0.00804863 2.4107 0.247079 
-1.95163 0.985012 0.0203459 -1.44584 0.00806185 2.41071 0.254984 
-1.95154 0.985013 0.0203543 -1.44583 0.00807276 2.41071 0.26264 
-1.95145 0.985015 0.0203527 -1.44584 0.00808274 2.4107 0.270231 
-1.95141 0.985019 0.0203488 -1.44584 0.00808513 2.41071 0.277494 
-1.9514 0.985016 0.0203505 -1.44585 0.00810894 2.41071 0.283384 
-1.95141 0.985008 0.020351 -1.44587 0.00820768 2.41071 0.289953 
-1.95139 0.98501 0.0203575 -1.44587 0.00824437 2.41071 0.296274 
-1.95137 0.985011 0.0203583 -1.44587 0.00827861 2.41071 0.301898 
-1.95139 0.985006 0.0203542 -1.44587 0.00834437 2.41072 0.308134 
-1.95138 0.985004 0.0203579 -1.44586 0.00841191 2.41071 0.314758 
-1.95134 0.985004 0.0203675 -1.44589 0.0084587 2.41071 0.320626 
-1.9513 0.984986 0.0203787 -1.44592 0.00849362 2.41071 0.325826 
-1.95126 0.984985 0.0203779 -1.44593 0.00850337 2.41071 0.331036 
-1.95122 0.984981 0.0203809 -1.44592 0.00852928 2.41071 0.335837 
-1.95119 0.984976 0.0203792 -1.44593 0.00857462 2.41071 0.340908 
-1.95117 0.984975 0.0203855 -1.44592 0.0085922 2.41072 0.346844 
-1.9511 0.984976 0.0204033 -1.44594 0.00859413 2.41071 0.352212 
-1.95099 0.984966 0.0204023 -1.44596 0.00866922 2.41071 0.356523 
-1.95095 0.98493 0.0204282 -1.44605 0.00899756 2.41071 0.361136 
-1.95091 0.984875 0.0204469 -1.44613 0.00966391 2.41071 0.366112 
-1.95086 0.984873 0.0204485 -1.44612 0.0105426 2.41072 0.371519 
-1.95081 0.984873 0.0204534 -1.44613 0.0115829 2.41071 0.376706 
-1.95073 0.984878 0.0204586 -1.44613 0.0126131 2.41073 0.381739 
-1.95066 0.984875 0.0204324 -1.44613 0.0133663 2.41075 0.386802 
-1.95069 0.98488 0.0204248 -1.44614 0.0136975 2.41095 0.392442 
-1.95072 0.984882 0.0204241 -1.44619 0.0138726 2.41115 0.397381 
-1.95072 0.984884 0.0204126 -1.44619 0.014109 2.41122 0.401963 
-1.95075 0.984882 0.0204052 -1.44621 0.0143779 2.41127 0.407629 
-1.95077 0.984885 0.0204129 -1.44621 0.0145045 2.41134 0.414179 
-1.95077 0.984889 0.0203999 -1.44622 0.0145559 2.41144 0.420769 
-1.9508 0.98488 0.0203871 -1.4463 0.0145517 2.41145 0.428505 
-1.95091 0.984552 0.0203742 -1.44688 0.0145563 2.41144 0.434023 
-1.95105 0.984075 0.0204118 -1.44756 0.0145667 2.4115 0.437067 
-1.95102 0.984085 0.0204133 -1.44757 0.0145747 2.41167 0.438988 
-1.95102 0.984091 0.0204111 -1.44761 0.0145815 2.41181 0.439649 
-1.95105 0.984094 0.020415 -1.44761 0.014688 2.41185 0.440001 
-1.95106 0.984101 0.0204145 -1.44761 0.0149523 2.41187 0.440634 
-1.95105 0.984102 0.0204075 -1.44761 0.015138 2.41188 0.442143 
-1.95107 0.9841 0.0204045 -1.44761 0.015143 2.41189 0.444031 
-1.95106 0.984099 0.0204003 -1.44765 0.0151415 2.41189 0.445261 
-1.95108 0.984097 0.0203972 -1.44765 0.0151433 2.4119 0.445911 
-1.95109 0.984102 0.020398 -1.44765 0.0151441 2.41191 0.446293 
-1.95109 0.984102 0.0203924 -1.44766 0.0151456 2.41192 0.446856 
-1.95112 0.984097 0.0203948 -1.44767 0.015143 2.41192 0.44784 
-1.95111 0.984095 0.0203924 -1.44767 0.0151442 2.41192 0.448181 
-1.95111 0.984093 0.0203957 -1.44767 0.0151456 2.41193 0.448341 
-1.95112 0.984095 0.0203935 -1.44768 0.0151455 2.41193 0.448556 
-1.95112 0.984093 0.0203933 -1.44768 0.0151478 2.41193 0.448772 
-1.95112 0.984091 0.0203875 -1.44768 0.0151474 2.41194 0.448981 
-1.95113 0.984091 0.0203928 -1.44768 0.0151509 2.41194 0.44937 
-1.95113 0.984093 0.0203911 -1.44768 0.0151484 2.41195 0.449851 
-1.95112 0.984091 0.0203911 -1.44768 0.0151484 2.41195 0.450122 
-1.95114 0.984094 0.0203911 -1.44768 0.0151478 2.41197 0.450311 
-1.95115 0.984091 0.020388 -1.44768 0.0151497 2.41198 0.450904 
-1.95114 0.984091 0.0203879 -1.44767 0.0151465 2.41199 0.451493 
-1.95114 0.984089 0.0203867 -1.44768 0.0151471 2.41199 0.451721 
-1.95115 0.984089 0.0203843 -1.44768 0.015149 2.412 0.451929 
-1.95115 0.984089 0.0203843 -1.44767 0.0151459 2.412 0.452105 
-1.95114 0.984089 0.0203835 -1.44768 0.0151459 2.412 0.452123 
-1.95115 0.984092 0.0203872 -1.44768 0.0151446 2.412 0.452128 
-1.95115 0.98409 0.0203816 -1.44768 0.0151444 2.412 0.452141 
-1.95114 0.984089 0.0203811 -1.44768 0.0151397 2.412 0.452141 
-1.95114 0.984089 0.0203795 -1.44768 0.0151372 2.41199 0.452143 
-1.95114 0.984094 0.0203804 -1.44768 0.0151366 2.412 0.45214 
-1.95114 0.984089 0.020377 -1.44768 0.0151247 2.412 0.452134 
-1.95113 0.984083 0.0203711 -1.44768 0.0151129 2.41199 0.452135 
-1.95113 0.984087 0.0203731 -1.44768 0.0151058 2.41199 0.452135 
-1.95112 0.984071 0.0203747 -1.44768 0.0150881 2.41198 0.452117 
-1.95112 0.984061 0.0203711 -1.44768 0.0150581 2.41198 0.452096 
-1.95111 0.984055 0.0203679 -1.44769 0.0150236 2.41197 0.452051 
-1.95111 0.984048 0.0203709 -1.44768 0.0149054 2.41197 0.451958 
-1.9511 0.984021 0.0203731 -1.4477 0.0148844 2.41197 0.451761 
-1.9511 0.984006 0.0203731 -1.4477 0.0148802 2.41198 0.451568 
-1.95111 0.983995 0.0203747 -1.4477 0.0148783 2.41198 0.451521 
-1.95111 0.983994 0.0203764 -1.4477 0.0148675 2.41197 0.451355 
-1.95109 0.983984 0.0203711 -1.4477 0.0148318 2.41197 0.451061 
-1.95109 0.983955 0.0203711 -1.4477 0.0147624 2.41197 0.450853 
-1.9511 0.983919 0.0203648 -1.44769 0.0146871 2.41196 0.450709 
-1.9511 0.983919 0.0203662 -1.4477 0.0146145 2.41196 0.450554 
-1.95109 0.983899 0.0203614 -1.44771 0.014366 2.41195 0.449949 
-1.95108 0.983873 0.0203623 -1.44772 0.014119 2.41195 0.449184 
-1.95107 0.983847 0.0203527 -1.44773 0.0139655 2.41195 0.448933 
-1.95108 0.983826 0.0203487 -1.44773 0.0138956 2.41195 0.448918 
-1.95109 0.983803 0.0203479 -1.44771 0.0138728 2.41195 0.448904 
-1.95106 0.983768 0.0203542 -1.44769 0.0138434 2.41194 0.44889 
-1.95102 0.983744 0.0203584 -1.44768 0.0138311 2.41194 0.44889 
-1.95105 0.983717 0.020366 -1.44767 0.0138225 2.41194 0.448886 
-1.95118 0.983456 0.020319 -1.44764 0.0138219 2.41191 0.448864 
-1.95128 0.983178 0.0203035 -1.44765 0.0138405 2.41188 0.448868 
-1.95124 0.983166 0.0203129 -1.44769 0.0138352 2.41189 0.44887 
-1.95125 0.98315 0.0203136 -1.44769 0.0138334 2.41189 0.44887 
-1.95128 0.983147 0.0203104 -1.44769 0.0138278 2.4119 0.448868 
-1.95125 0.983109 0.0203081 -1.44769 0.0138003 2.41188 0.448871 
-1.95127 0.983104 0.0203044 -1.4477 0.0137926 2.41189 0.448866 
-1.95127 0.983094 0.0203044 -1.4477 0.0137913 2.41188 0.44887 
-1.95126 0.983096 0.020305 -1.4477 0.0137887 2.41189 0.448867 
-1.95128 0.98309 0.0203029 -1.4477 0.0137895 2.41189 0.448866 
-1.95126 0.983095 0.0203034 -1.4477 0.0137839 2.41189 0.448867 
-1.95127 0.983092 0.0203029 -1.44771 0.0137839 2.41189 0.448867 
-1.95127 0.983087 0.0202996 -1.4477 0.0137852 2.41189 0.448867 
-1.95126 0.983088 0.0203029 -1.4477 0.0137833 2.41189 0.448864 
-1.95127 0.983088 0.0203012 -1.4477 0.0137839 2.41189 0.448867 
-1.95127 0.983084 0.0202996 -1.4477 0.0137845 2.41189 0.448867 
-1.95127 0.983083 0.0203012 -1.4477 0.0137836 2.41189 0.448867 
-1.95127 0.983087 0.0202976 -1.4477 0.0137839 2.41189 0.448862 
-1.95126 0.983073 0.0203012 -1.4477 0.01378 2.41189 0.448867 
-1.95127 0.98308 0.0203022 -1.4477 0.0137809 2.41189 0.448865 
-1.95127 0.983076 0.0203029 -1.4477 0.0137791 2.41189 0.448864 
-1.95128 0.98308 0.0202996 -1.4477 0.0137791 2.41189 0.448861 
-1.95127 0.983078 0.0202996 -1.4477 0.0137802 2.41189 0.448862 
