0.999114 -0.0411891 0.00739834 0 -0.040889 -0.998471 -0.0369374 0 0.00890861 0.0366029 -0.99929 0 -0.156502 -0.397242 0.533442 1 
0.999114 -0.0411943 0.00739577 0 -0.0408943 -0.998471 -0.0369362 0 0.00890619 0.0366017 -0.99929 0 -0.156505 -0.397239 0.533443 1 
0.999115 -0.0411833 0.00739511 0 -0.0408835 -0.998471 -0.0369328 0 0.008905 0.0365985 -0.99929 0 -0.156499 -0.397242 0.533445 1 
0.999114 -0.0411938 0.00739165 0 -0.0408941 -0.998471 -0.0369239 0 0.00890156 0.0365896 -0.999291 0 -0.156503 -0.397241 0.533449 1 
0.999114 -0.0411993 0.00739355 0 -0.0408995 -0.998471 -0.0369285 0 0.00890385 0.0365941 -0.999291 0 -0.156503 -0.397239 0.533447 1 
0.999114 -0.0411911 0.00739636 0 -0.0408912 -0.998471 -0.0369323 0 0.00890651 0.0365978 -0.99929 0 -0.156501 -0.39724 0.533445 1 
0.999114 -0.041186 0.00739639 0 -0.0408861 -0.998471 -0.036934 0 0.00890642 0.0365996 -0.99929 0 -0.156502 -0.397241 0.533445 1 
0.999114 -0.0411892 0.00739374 0 -0.0408894 -0.998471 -0.0369306 0 0.00890375 0.0365963 -0.99929 0 -0.156502 -0.397242 0.533446 1 
0.999114 -0.041193 0.00739481 0 -0.0408931 -0.998471 -0.0369328 0 0.00890505 0.0365984 -0.99929 0 -0.156501 -0.39724 0.533445 1 
0.999114 -0.0411919 0.00739623 0 -0.040892 -0.998471 -0.0369367 0 0.00890658 0.0366022 -0.99929 0 -0.156502 -0.39724 0.533443 1 
0.999114 -0.0411906 0.00739542 0 -0.0408907 -0.998471 -0.0369366 0 0.00890572 0.0366022 -0.99929 0 -0.156503 -0.397241 0.533444 1 
0.999114 -0.0411896 0.00739546 0 -0.0408897 -0.998471 -0.0369348 0 0.00890566 0.0366004 -0.99929 0 -0.156503 -0.39724 0.533444 1 
0.999114 -0.0411895 0.00739543 0 -0.0408896 -0.998471 -0.0369366 0 0.00890569 0.0366022 -0.99929 0 -0.156502 -0.397241 0.533444 1 
0.999114 -0.0411925 0.00739291 0 -0.0408927 -0.998471 -0.0369335 0 0.00890316 0.0365991 -0.99929 0 -0.1565 -0.397241 0.533445 1 
0.999115 -0.0411833 0.00739478 0 -0.0408834 -0.998471 -0.0369341 0 0.00890472 0.0365998 -0.99929 0 -0.1565 -0.397242 0.533444 1 
0.999115 -0.0411827 0.00739363 0 -0.0408828 -0.998471 -0.036934 0 0.00890354 0.0365997 -0.99929 0 -0.156501 -0.397242 0.533445 1 
0.999115 -0.041184 0.00739326 0 -0.0408842 -0.998471 -0.0369315 0 0.00890312 0.0365973 -0.99929 0 -0.1565 -0.397241 0.533446 1 
0.999114 -0.0411898 0.00739435 0 -0.0408899 -0.998471 -0.0369329 0 0.00890448 0.0365986 -0.99929 0 -0.156502 -0.397241 0.533445 1 
0.999115 -0.0411829 0.00739765 0 -0.040883 -0.998472 -0.0369297 0 0.00890739 0.0365953 -0.99929 0 -0.1565 -0.397241 0.533446 1 
0.999115 -0.0411835 0.00739276 0 -0.0408837 -0.998472 -0.0369304 0 0.00890255 0.0365962 -0.99929 0 -0.156499 -0.397242 0.533445 1 
0.999114 -0.0411876 0.0073959 0 -0.0408877 -0.998471 -0.0369362 0 0.00890608 0.0366018 -0.99929 0 -0.156501 -0.397241 0.533443 1 
0.999114 -0.0411897 0.00739809 0 -0.0408897 -0.998471 -0.0369412 0 0.00890855 0.0366067 -0.99929 0 -0.156502 -0.397241 0.533442 1 
0.999114 -0.0411934 0.00739842 0 -0.0408933 -0.998471 -0.0369335 0 0.0089087 0.0365989 -0.99929 0 -0.156501 -0.397241 0.533444 1 
0.999114 -0.0411936 0.00739485 0 -0.0408938 -0.998471 -0.0369321 0 0.00890508 0.0365977 -0.99929 0 -0.156503 -0.397241 0.533445 1 
0.999114 -0.0411878 0.00739612 0 -0.0408879 -0.998471 -0.0369355 0 0.00890628 0.036601 -0.99929 0 -0.156503 -0.397241 0.533444 1 
0.999115 -0.0411843 0.00739704 0 -0.0408843 -0.998471 -0.0369342 0 0.00890702 0.0365998 -0.99929 0 -0.156502 -0.39724 0.533444 1 
0.999114 -0.0411925 0.00739545 0 -0.0408926 -0.998471 -0.0369346 0 0.00890575 0.0366002 -0.99929 0 -0.156501 -0.397241 0.533444 1 
0.999114 -0.0411905 0.00739496 0 -0.0408906 -0.998471 -0.0369346 0 0.00890518 0.0366002 -0.99929 0 -0.156501 -0.397241 0.533445 1 
0.999115 -0.0411835 0.0073961 0 -0.0408836 -0.998471 -0.0369346 0 0.00890607 0.0366002 -0.99929 0 -0.1565 -0.397241 0.533444 1 
0.999115 -0.041186 0.0073937 0 -0.0408862 -0.998471 -0.0369323 0 0.00890366 0.036598 -0.99929 0 -0.156501 -0.397241 0.533445 1 
0.999115 -0.0411821 0.00739407 0 -0.0408822 -0.998471 -0.0369357 0 0.00890403 0.0366015 -0.99929 0 -0.156499 -0.397242 0.533444 1 
0.999114 -0.0411897 0.00739304 0 -0.0408899 -0.998471 -0.0369317 0 0.00890311 0.0365974 -0.99929 0 -0.156503 -0.39724 0.533446 1 
0.999115 -0.0411798 0.00739157 0 -0.0408801 -0.998472 -0.0369298 0 0.00890121 0.0365957 -0.999291 0 -0.1565 -0.397242 0.533447 1 
0.999115 -0.0411853 0.00739629 0 -0.0408853 -0.998471 -0.0369361 0 0.00890638 0.0366017 -0.99929 0 -0.156501 -0.397241 0.533444 1 
0.999114 -0.0411882 0.00739523 0 -0.0408882 -0.998471 -0.0369358 0 0.00890541 0.0366014 -0.99929 0 -0.156502 -0.397241 0.533444 1 
0.999114 -0.0411907 0.00739732 0 -0.0408908 -0.998471 -0.0369311 0 0.0089074 0.0365966 -0.99929 0 -0.156501 -0.397241 0.533445 1 
0.999114 -0.041186 0.00739516 0 -0.0408861 -0.998471 -0.0369343 0 0.0089052 0.0365999 -0.99929 0 -0.156502 -0.397241 0.533445 1 
0.999114 -0.0411899 0.00739276 0 -0.0408902 -0.998471 -0.0369318 0 0.00890285 0.0365975 -0.99929 0 -0.1565 -0.397241 0.533446 1 
0.999114 -0.0411906 0.00739584 0 -0.0408907 -0.998471 -0.0369347 0 0.00890607 0.0366003 -0.99929 0 -0.156503 -0.397241 0.533444 1 
0.999115 -0.0411854 0.00739366 0 -0.0408856 -0.998471 -0.0369319 0 0.00890359 0.0365976 -0.99929 0 -0.156501 -0.397241 0.533446 1 
0.999115 -0.0411856 0.00739545 0 -0.0408857 -0.998471 -0.0369375 0 0.00890561 0.0366031 -0.99929 0 -0.156501 -0.397242 0.533443 1 
0.999114 -0.0411903 0.0073956 0 -0.0408904 -0.998471 -0.0369374 0 0.00890592 0.036603 -0.99929 0 -0.156501 -0.397242 0.533443 1 
0.999114 -0.041192 0.00739693 0 -0.0408921 -0.998471 -0.0369294 0 0.00890699 0.0365949 -0.99929 0 -0.156502 -0.39724 0.533446 1 
0.999113 -0.041214 0.00739883 0 -0.040914 -0.99847 -0.0369335 0 0.00890986 0.0365988 -0.99929 0 -0.156512 -0.397237 0.533444 1 
0.999113 -0.0412125 0.007398 0 -0.0409126 -0.99847 -0.0369276 0 0.00890873 0.0365929 -0.999291 0 -0.156513 -0.397236 0.533447 1 
0.999114 -0.041199 0.00739699 0 -0.040899 -0.998471 -0.0369367 0 0.00890761 0.0366022 -0.99929 0 -0.156506 -0.39724 0.533443 1 
0.999114 -0.0412043 0.00739544 0 -0.0409044 -0.998471 -0.0369328 0 0.00890609 0.0365983 -0.99929 0 -0.156507 -0.397238 0.533445 1 
0.999113 -0.0412314 0.00740036 0 -0.0409313 -0.99847 -0.0369296 0 0.00891186 0.0365946 -0.99929 0 -0.156519 -0.397235 0.533445 1 
0.999112 -0.0412558 0.00740771 0 -0.0409554 -0.998468 -0.036935 0 0.00892032 0.0365996 -0.99929 0 -0.156529 -0.39723 0.533443 1 
0.999113 -0.0412187 0.00739782 0 -0.0409187 -0.99847 -0.0369272 0 0.00890877 0.0365924 -0.999291 0 -0.156515 -0.397237 0.533447 1 
0.999115 -0.0411741 0.00738981 0 -0.0408744 -0.998472 -0.0369379 0 0.00889957 0.0366039 -0.99929 0 -0.156493 -0.397245 0.533444 1 
0.999116 -0.0411615 0.00738989 0 -0.0408619 -0.998472 -0.0369327 0 0.00889898 0.0365988 -0.99929 0 -0.156491 -0.397247 0.533445 1 
0.999115 -0.0411716 0.00739121 0 -0.0408719 -0.998472 -0.0369332 0 0.00890068 0.0365991 -0.99929 0 -0.156494 -0.397245 0.533446 1 
0.999115 -0.0411638 0.00739027 0 -0.0408641 -0.998472 -0.0369363 0 0.00889959 0.0366023 -0.99929 0 -0.156491 -0.397245 0.533445 1 
0.999116 -0.0411476 0.00739131 0 -0.0408479 -0.998473 -0.0369399 0 0.00890018 0.036606 -0.99929 0 -0.156484 -0.397248 0.533443 1 
0.999115 -0.0411617 0.00739437 0 -0.0408618 -0.998472 -0.0369458 0 0.008904 0.0366117 -0.99929 0 -0.156491 -0.397244 0.53344 1 
0.999115 -0.041177 0.00739671 0 -0.040877 -0.998471 -0.0369468 0 0.00890694 0.0366124 -0.99929 0 -0.156494 -0.397242 0.533439 1 
0.999116 -0.041153 0.00739011 0 -0.0408533 -0.998472 -0.0369406 0 0.00889921 0.0366067 -0.99929 0 -0.156487 -0.397247 0.533442 1 
0.999116 -0.0411468 0.00738944 0 -0.0408471 -0.998473 -0.0369432 0 0.00889842 0.0366094 -0.99929 0 -0.156483 -0.397248 0.533442 1 
0.999116 -0.0411448 0.007386 0 -0.0408453 -0.998473 -0.036932 0 0.00889445 0.0365984 -0.99929 0 -0.156485 -0.397249 0.533446 1 
0.999115 -0.0411764 0.0073772 0 -0.0408775 -0.998473 -0.036894 0 0.00888526 0.0365605 -0.999292 0 -0.156499 -0.39725 0.53346 1 
0.999115 -0.0411896 0.00736429 0 -0.0408916 -0.998474 -0.0368517 0 0.00887113 0.0365187 -0.999294 0 -0.156504 -0.397251 0.533479 1 
0.999113 -0.0412206 0.00737561 0 -0.040922 -0.998472 -0.0368703 0 0.00888433 0.0365365 -0.999293 0 -0.156519 -0.397244 0.53347 1 
0.999112 -0.0412568 0.0074023 0 -0.0409567 -0.998469 -0.0369253 0 0.00891456 0.0365901 -0.999291 0 -0.156535 -0.397241 0.533443 1 
0.999109 -0.0413145 0.00741064 0 -0.0410141 -0.998466 -0.0369279 0 0.0089251 0.0365918 -0.99929 0 -0.156558 -0.397232 0.533441 1 
0.99911 -0.0412894 0.00739581 0 -0.0409898 -0.998468 -0.0368955 0 0.00890805 0.0365603 -0.999292 0 -0.156548 -0.397234 0.533457 1 
0.999112 -0.0412462 0.00738528 0 -0.040947 -0.99847 -0.0368899 0 0.00889573 0.0365555 -0.999292 0 -0.156531 -0.397243 0.533459 1 
0.999111 -0.0412785 0.00739629 0 -0.0409788 -0.998469 -0.0369052 0 0.00890852 0.03657 -0.999291 0 -0.156545 -0.397238 0.533452 1 
0.99911 -0.0413032 0.0074037 0 -0.0410032 -0.998468 -0.0368957 0 0.00891644 0.03656 -0.999292 0 -0.156555 -0.397235 0.533453 1 
0.99911 -0.0413017 0.00739902 0 -0.0410019 -0.998468 -0.0369011 0 0.00891193 0.0365656 -0.999292 0 -0.156557 -0.397235 0.533451 1 
0.99911 -0.0412919 0.00739352 0 -0.0409924 -0.998469 -0.0368889 0 0.00890558 0.0365537 -0.999292 0 -0.156552 -0.397236 0.533457 1 
0.999109 -0.0413288 0.00740363 0 -0.0410288 -0.998467 -0.0368986 0 0.00891742 0.0365626 -0.999292 0 -0.156567 -0.397231 0.533452 1 
0.999107 -0.0413614 0.00741061 0 -0.0410611 -0.998465 -0.0369063 0 0.00892591 0.0365698 -0.999291 0 -0.15658 -0.397225 0.533446 1 
0.999108 -0.0413407 0.00740524 0 -0.0410406 -0.998466 -0.0369062 0 0.00891978 0.0365701 -0.999291 0 -0.156571 -0.397228 0.533447 1 
0.999109 -0.0413197 0.00738617 0 -0.0410206 -0.998468 -0.0368669 0 0.00889836 0.0365318 -0.999293 0 -0.156563 -0.397234 0.533465 1 
0.999108 -0.0413562 0.00738943 0 -0.0410571 -0.998467 -0.0368505 0 0.00890227 0.0365149 -0.999293 0 -0.156578 -0.397228 0.533469 1 
0.999107 -0.0413653 0.0074269 0 -0.041064 -0.998464 -0.0369471 0 0.00894399 0.0366098 -0.99929 0 -0.156581 -0.397227 0.533425 1 
0.99911 -0.0412975 0.00740993 0 -0.0409969 -0.998466 -0.0369463 0 0.00892453 0.0366104 -0.99929 0 -0.156554 -0.397242 0.533426 1 
0.999112 -0.0412412 0.00738592 0 -0.0409419 -0.99847 -0.0368948 0 0.00889638 0.0365604 -0.999292 0 -0.15653 -0.397247 0.533452 1 
0.999112 -0.041251 0.00743443 0 -0.0409488 -0.998465 -0.0370258 0 0.00895055 0.0366892 -0.999287 0 -0.156531 -0.39724 0.533394 1 
0.99911 -0.0412666 0.00750547 0 -0.04096 -0.998458 -0.0372143 0 0.00902977 0.0368744 -0.999279 0 -0.156542 -0.39725 0.533308 1 
0.999112 -0.0412257 0.00750348 0 -0.0409191 -0.998459 -0.0372314 0 0.00902698 0.036892 -0.999278 0 -0.156524 -0.397265 0.533299 1 
0.999111 -0.0412567 0.00746629 0 -0.0409525 -0.998462 -0.0371211 0 0.00898647 0.0367831 -0.999283 0 -0.156557 -0.397298 0.533275 1 
0.999102 -0.0415226 0.00713454 0 -0.0412393 -0.998488 -0.036091 0 0.00862251 0.0357651 -0.999323 0 -0.156785 -0.39754 0.533251 1 
0.99909 -0.0418835 0.00681421 0 -0.0416196 -0.998507 -0.0351177 0 0.00827505 0.0348028 -0.99936 0 -0.157072 -0.397825 0.533136 1 
0.999066 -0.0424634 0.00663051 0 -0.04221 -0.998501 -0.034565 0 0.00808848 0.0342536 -0.99938 0 -0.157442 -0.398091 0.532813 1 
0.999026 -0.0433902 0.00673889 0 -0.0431309 -0.998455 -0.0347629 0 0.008237 0.0344391 -0.999373 0 -0.157953 -0.398282 0.532194 1 
0.998973 -0.0444946 0.00734884 0 -0.0441992 -0.99835 -0.0363853 0 0.00895584 0.0360239 -0.999311 0 -0.158492 -0.398348 0.531109 1 
0.998916 -0.0455719 0.00842437 0 -0.0452069 -0.998192 -0.0393622 0 0.0102031 0.0389395 -0.999189 0 -0.159004 -0.398387 0.52951 1 
0.998862 -0.0465068 0.00959284 0 -0.0460591 -0.998023 -0.0425432 0 0.0115526 0.0420538 -0.999049 0 -0.159545 -0.398661 0.527524 1 
0.998815 -0.0471943 0.011061 0 -0.0466314 -0.997816 -0.046568 0 0.0132348 0.0459979 -0.998854 0 -0.160056 -0.399127 0.524862 1 
0.998771 -0.0476422 0.0129435 0 -0.0469135 -0.997549 -0.0517297 0 0.0153766 0.0510599 -0.998577 0 -0.160471 -0.399673 0.521554 1 
0.998733 -0.0478757 0.0148828 0 -0.0469554 -0.997259 -0.0570174 0 0.0175721 0.0562474 -0.998262 0 -0.160845 -0.400364 0.518006 1 
0.998706 -0.0478744 0.0166138 0 -0.0467652 -0.996987 -0.0617262 0 0.0195192 0.0608706 -0.997955 0 -0.161279 -0.401483 0.51401 1 
0.998688 -0.0478808 0.017614 0 -0.0466542 -0.996819 -0.0644647 0 0.0206449 0.0635596 -0.997764 0 -0.161947 -0.403285 0.509673 1 
0.998658 -0.0483393 0.018086 0 -0.0470567 -0.996723 -0.0656537 0 0.0212008 0.0647157 -0.997679 0 -0.162877 -0.405826 0.50474 1 
0.998632 -0.0488611 0.0181227 0 -0.0475716 -0.996688 -0.0658143 0 0.0212788 0.0648634 -0.997667 0 -0.16396 -0.408689 0.499681 1 
0.998629 -0.0492699 0.0170991 0 -0.0480973 -0.996826 -0.0632863 0 0.0201633 0.0623784 -0.997849 0 -0.165581 -0.412648 0.493798 1 
0.998664 -0.0489868 0.0158594 0 -0.0479582 -0.997049 -0.0597832 0 0.0187416 0.0589439 -0.998085 0 -0.167102 -0.416442 0.488599 1 
0.998699 -0.0486226 0.0147134 0 -0.0477218 -0.997258 -0.0563836 0 0.0174149 0.0556092 -0.998301 0 -0.168758 -0.420668 0.482768 1 
0.998749 -0.0481423 0.0127891 0 -0.0474305 -0.997557 -0.0510969 0 0.0152181 0.0504274 -0.998612 0 -0.17057 -0.425308 0.476873 1 
0.998805 -0.0474716 0.010726 0 -0.0469347 -0.997841 -0.0457282 0 0.0128739 0.045171 -0.998896 0 -0.172372 -0.430069 0.471085 1 
0.998864 -0.0465926 0.00896283 0 -0.0461887 -0.998083 -0.0409495 0 0.0108538 0.0404898 -0.999121 0 -0.174065 -0.434905 0.46497 1 
0.99894 -0.0452687 0.00712876 0 -0.0449806 -0.998315 -0.0364003 0 0.00876471 0.0360418 -0.999312 0 -0.175615 -0.439876 0.458718 1 
0.999016 -0.0437118 0.00602503 0 -0.0434793 -0.998451 -0.0344503 0 0.00752172 0.0341551 -0.999388 0 -0.176974 -0.444542 0.452094 1 
0.999115 -0.0415736 0.00457677 0 -0.0413989 -0.998579 -0.0332677 0 0.00595344 0.0330495 -0.999436 0 -0.178314 -0.449479 0.444828 1 
0.999214 -0.0392655 0.00329491 0 -0.0391293 -0.998633 -0.0343884 0 0.00464077 0.0342331 -0.999403 0 -0.179505 -0.453961 0.437669 1 
0.999294 -0.0372934 0.00136364 0 -0.03722 -0.998646 -0.0360809 0 0.00270742 0.0360053 -0.999348 0 -0.18077 -0.458262 0.430739 1 
0.999369 -0.0352371 -0.000242989 0 -0.0352201 -0.998618 -0.0387563 0 0.00112303 0.0387412 -0.999249 0 -0.181827 -0.462345 0.423858 1 
0.999429 -0.0334485 -0.00174884 0 -0.0334925 -0.99854 -0.0421576 0 -0.000336179 0.0421929 -0.999109 0 -0.182877 -0.466718 0.416436 1 
0.999437 -0.0330866 -0.00353255 0 -0.0332104 -0.998463 -0.0441462 0 -0.00206652 0.0442395 -0.999019 0 -0.183871 -0.471215 0.409336 1 
0.999409 -0.0336768 -0.0054008 0 -0.0338941 -0.998306 -0.0470819 0 -0.00380616 0.047238 -0.998876 0 -0.184885 -0.475841 0.401596 1 
0.999342 -0.0351145 -0.00798584 0 -0.0354671 -0.998139 -0.049411 0 -0.00623606 0.0496627 -0.998747 0 -0.185966 -0.480485 0.393771 1 
0.999257 -0.0363534 -0.0120142 0 -0.036912 -0.998052 -0.0501002 0 -0.0101697 0.0505075 -0.998672 0 -0.187267 -0.485234 0.386175 1 
0.999182 -0.0365217 -0.0167985 0 -0.0373339 -0.997997 -0.0508883 0 -0.0149066 0.0514748 -0.998563 0 -0.188769 -0.489922 0.378473 1 
0.999077 -0.0361051 -0.0228605 0 -0.037236 -0.997987 -0.0511436 0 -0.0209684 0.0519486 -0.99843 0 -0.190616 -0.494779 0.370269 1 
0.998902 -0.035554 -0.030197 0 -0.0370237 -0.998074 -0.0495908 0 -0.0283762 0.0506553 -0.998313 0 -0.192696 -0.499804 0.362454 1 
0.998673 -0.0347848 -0.0377315 0 -0.0365469 -0.998214 -0.0470615 0 -0.0360278 0.0483789 -0.998179 0 -0.194824 -0.505018 0.35436 1 
0.998432 -0.0331034 -0.0449348 0 -0.0350749 -0.998414 -0.0438187 0 -0.0434138 0.0453269 -0.998028 0 -0.196941 -0.510365 0.345983 1 
0.998166 -0.030738 -0.0519602 0 -0.0328101 -0.998671 -0.0395079 0 -0.0506778 0.0411411 -0.997867 0 -0.199064 -0.51567 0.337805 1 
0.997888 -0.0279662 -0.0584681 0 -0.0299796 -0.998968 -0.0338471 0 -0.0574622 0.0355291 -0.997715 0 -0.20104 -0.521104 0.329807 1 
0.997618 -0.0259341 -0.0637756 0 -0.0277707 -0.99921 -0.0280809 0 -0.0629982 0.0297856 -0.997569 0 -0.202759 -0.526376 0.321996 1 
0.997375 -0.0242972 -0.0680638 0 -0.0258433 -0.999416 -0.0219271 0 -0.0674926 0.023629 -0.99744 0 -0.204407 -0.532124 0.312732 1 
0.997257 -0.0234386 -0.0700772 0 -0.0246305 -0.999556 -0.0161931 0 -0.0696679 0.017875 -0.99741 0 -0.205592 -0.537179 0.304223 1 
0.997239 -0.0225318 -0.0706288 0 -0.0233294 -0.999663 -0.0104882 0 -0.07037 0.0121072 -0.997447 0 -0.206441 -0.541902 0.296375 1 
0.997271 -0.0212697 -0.0705595 0 -0.0217639 -0.999734 -0.00624299 0 -0.0704093 0.00776175 -0.997488 0 -0.207237 -0.546442 0.287786 1 
0.997328 -0.0207031 -0.0699157 0 -0.0210269 -0.999762 -0.00389902 0 -0.0698196 0.00535882 -0.997545 0 -0.208063 -0.55051 0.279002 1 
0.997373 -0.0215481 -0.0690219 0 -0.0217831 -0.99975 -0.00265374 0 -0.0689488 0.00415037 -0.997612 0 -0.208894 -0.553993 0.270701 1 
0.997411 -0.0233082 -0.0678923 0 -0.0235078 -0.999712 -0.00214175 0 -0.0678241 0.00373227 -0.99769 0 -0.209718 -0.557425 0.262233 1 
0.997457 -0.0253669 -0.0664583 0 -0.0256061 -0.999659 -0.00274848 0 -0.0663672 0.00444332 -0.997785 0 -0.210523 -0.560592 0.253677 1 
0.997514 -0.0281504 -0.0644522 0 -0.0285675 -0.999567 -0.00555942 0 -0.064269 0.00738698 -0.997905 0 -0.211332 -0.563301 0.244895 1 
0.997576 -0.0309727 -0.0621558 0 -0.031636 -0.999443 -0.00971653 0 -0.0618214 0.0116596 -0.998019 0 -0.212115 -0.565707 0.236248 1 
0.997651 -0.0331883 -0.0597707 0 -0.0341108 -0.999304 -0.0144805 0 -0.0592497 0.0164856 -0.998107 0 -0.212851 -0.567977 0.227854 1 
0.997754 -0.0340725 -0.0574995 0 -0.0352273 -0.999185 -0.0191908 0 -0.0567998 0.0211737 -0.998161 0 -0.21357 -0.57012 0.219934 1 
0.997906 -0.034111 -0.0547767 0 -0.0355512 -0.999032 -0.0255358 0 -0.0538536 0.0274302 -0.998172 0 -0.214311 -0.572132 0.21162 1 
0.998076 -0.0338055 -0.0517877 0 -0.035543 -0.998813 -0.0330048 0 -0.0506115 0.0347826 -0.998113 0 -0.214977 -0.573919 0.203287 1 
0.998232 -0.0334607 -0.0489332 0 -0.035447 -0.998549 -0.0403042 0 -0.0475145 0.0419683 -0.997988 0 -0.215545 -0.575538 0.195567 1 
0.998377 -0.0332021 -0.0460706 0 -0.0354029 -0.998219 -0.0478055 0 -0.0444022 0.0493598 -0.997794 0 -0.216191 -0.577315 0.187978 1 
0.998519 -0.032934 -0.0430762 0 -0.0353185 -0.997806 -0.0558173 0 -0.0411442 0.0572571 -0.997511 0 -0.216769 -0.578964 0.180344 1 
0.998643 -0.0326622 -0.0403324 0 -0.0351699 -0.997377 -0.0631175 0 -0.0381658 0.0644515 -0.997191 0 -0.217304 -0.580622 0.173153 1 
0.998753 -0.0324312 -0.0377114 0 -0.0350161 -0.99692 -0.0700364 0 -0.0353245 0.0712709 -0.996831 0 -0.217883 -0.582429 0.165984 1 
0.998836 -0.0322327 -0.0356014 0 -0.034844 -0.996539 -0.0753442 0 -0.0330503 0.0764985 -0.996522 0 -0.218587 -0.584608 0.159491 1 
0.99891 -0.0320114 -0.0336756 0 -0.0346236 -0.996177 -0.0800836 0 -0.0309838 0.0811639 -0.996219 0 -0.219237 -0.586773 0.153358 1 
0.998982 -0.0317037 -0.0317802 0 -0.0342994 -0.9958 -0.0847698 0 -0.0289598 0.0857752 -0.995894 0 -0.219874 -0.58906 0.146921 1 
0.999036 -0.0314143 -0.0303587 0 -0.0339792 -0.995528 -0.0880344 0 -0.0274579 0.0889828 -0.995655 0 -0.220581 -0.591568 0.141125 1 
0.999073 -0.0311244 -0.0294157 0 -0.0336464 -0.995405 -0.0895411 0 -0.0264942 0.0904496 -0.995549 0 -0.221386 -0.594488 0.135868 1 
0.999115 -0.0306861 -0.0284227 0 -0.0331616 -0.995274 -0.0911646 0 -0.0254914 0.0920282 -0.99543 0 -0.222058 -0.597253 0.1302 1 
0.99914 -0.0303045 -0.0279468 0 -0.032744 -0.995264 -0.0914205 0 -0.0250445 0.0922588 -0.99542 0 -0.222825 -0.60024 0.125358 1 
0.999163 -0.0299689 -0.0274894 0 -0.0323712 -0.995263 -0.0915698 0 -0.0246154 0.0923849 -0.995419 0 -0.223568 -0.603144 0.120863 1 
0.999194 -0.0295395 -0.0268301 0 -0.0319006 -0.995209 -0.0923181 0 -0.023975 0.0931014 -0.995368 0 -0.22422 -0.60596 0.115869 1 
0.999218 -0.0290725 -0.02644 0 -0.0314077 -0.995191 -0.0926786 0 -0.0236189 0.0934383 -0.995345 0 -0.224798 -0.608664 0.111729 1 
0.999249 -0.0286358 -0.0257347 0 -0.0309365 -0.995085 -0.0939683 0 -0.0229178 0.0946957 -0.995242 0 -0.225248 -0.610962 0.107512 1 
0.999277 -0.0280465 -0.0252918 0 -0.0303235 -0.995038 -0.094665 0 -0.0225117 0.0953653 -0.995188 0 -0.22555 -0.613156 0.104078 1 
0.999307 -0.0274401 -0.0247717 0 -0.0296926 -0.994959 -0.0956832 0 -0.0220217 0.0963543 -0.995103 0 -0.225796 -0.615218 0.100448 1 
0.999331 -0.026769 -0.0245097 0 -0.0290048 -0.994955 -0.0959402 0 -0.0218183 0.0965888 -0.995085 0 -0.22604 -0.617411 0.097341 1 
0.999359 -0.0261702 -0.0240455 0 -0.0283821 -0.99489 -0.0967927 0 -0.0213899 0.0974149 -0.995014 0 -0.226246 -0.619344 0.0938709 1 
0.999373 -0.0255825 -0.0240632 0 -0.0277865 -0.994962 -0.0962229 0 -0.0214807 0.0968331 -0.995069 0 -0.226545 -0.62157 0.0913963 1 
0.999392 -0.0250755 -0.0238078 0 -0.0272636 -0.994947 -0.0965305 0 -0.0212674 0.0971228 -0.995045 0 -0.226785 -0.623432 0.0884481 1 
0.999402 -0.0247205 -0.023789 0 -0.0269011 -0.994989 -0.0961956 0 -0.0212922 0.0967799 -0.995078 0 -0.227129 -0.625281 0.0860429 1 
0.999403 -0.0245496 -0.0239041 0 -0.0267266 -0.995063 -0.0954741 0 -0.0214427 0.0960578 -0.995145 0 -0.227618 -0.627172 0.0838816 1 
0.999409 -0.0244881 -0.0237011 0 -0.0266518 -0.995039 -0.095753 0 -0.0212391 0.09633 -0.995123 0 -0.228067 -0.628667 0.0811538 1 
0.999405 -0.0245946 -0.0237903 0 -0.0267523 -0.995099 -0.095094 0 -0.0213354 0.0956757 -0.995184 0 -0.228635 -0.630225 0.0790379 1 
0.999392 -0.0248862 -0.0240198 0 -0.0270436 -0.995184 -0.0941209 0 -0.0215622 0.0947151 -0.995271 0 -0.229331 -0.631742 0.0771468 1 
0.999383 -0.0252741 -0.0240089 0 -0.0274193 -0.995215 -0.0936846 0 -0.0215266 0.0942869 -0.995312 0 -0.230018 -0.633022 0.074649 1 
0.999367 -0.0255929 -0.0243054 0 -0.0277287 -0.99536 -0.0920377 0 -0.0218376 0.0926552 -0.995459 0 -0.230698 -0.634419 0.072507 1 
0.999335 -0.0260068 -0.0251617 0 -0.0281374 -0.995678 -0.0883989 0 -0.0227544 0.0890498 -0.995767 0 -0.231575 -0.636195 0.0707733 1 
0.999294 -0.0265206 -0.0262482 0 -0.0286344 -0.996067 -0.083737 0 -0.0239247 0.0844311 -0.996142 0 -0.23255 -0.637986 0.0687108 1 
0.999257 -0.0269626 -0.0272012 0 -0.0290457 -0.996415 -0.0793399 0 -0.0249649 0.0800726 -0.996476 0 -0.233373 -0.639481 0.0666664 1 
0.999211 -0.0274586 -0.0283501 0 -0.0295004 -0.996789 -0.074308 0 -0.0262192 0.0750871 -0.996832 0 -0.234254 -0.641048 0.0650147 1 
0.999156 -0.0280041 -0.0297429 0 -0.0299852 -0.997198 -0.0683967 0 -0.0277447 0.0692322 -0.997215 0 -0.235217 -0.642764 0.0636452 1 
0.999101 -0.0286347 -0.030947 0 -0.030548 -0.997522 -0.0632288 0 -0.0290604 0.0641186 -0.997519 0 -0.23616 -0.644258 0.0622505 1 
0.999054 -0.029323 -0.031814 0 -0.0311711 -0.997747 -0.0592399 0 -0.0300059 0.0601767 -0.997737 0 -0.237013 -0.645335 0.0606285 1 
0.998998 -0.0302329 -0.0327181 0 -0.0320006 -0.997968 -0.054924 0 -0.0309917 0.055917 -0.997954 0 -0.238007 -0.646293 0.0586369 1 
0.998953 -0.031082 -0.0332671 0 -0.03279 -0.998094 -0.052092 0 -0.0315852 0.0531293 -0.998088 0 -0.23881 -0.646831 0.0569846 1 
0.998915 -0.0319712 -0.0335701 0 -0.0336375 -0.998158 -0.0503046 0 -0.0319005 0.0513802 -0.99817 0 -0.239557 -0.64711 0.0555206 1 
0.998874 -0.0330334 -0.0337557 0 -0.0346632 -0.998193 -0.0488966 0 -0.0320801 0.0500126 -0.998233 0 -0.240369 -0.647268 0.0540131 1 
0.998834 -0.034211 -0.0337741 0 -0.0358184 -0.998186 -0.0481921 0 -0.0320648 0.0493466 -0.998267 0 -0.241208 -0.647246 0.0524621 1 
0.998798 -0.0353711 -0.0336373 0 -0.036968 -0.998148 -0.0481024 0 -0.0318742 0.0492891 -0.998276 0 -0.241997 -0.647073 0.0508942 1 
0.998767 -0.0365712 -0.0332741 0 -0.038171 -0.99807 -0.0487861 0 -0.0314263 0.049997 -0.998255 0 -0.242757 -0.646704 0.0491259 1 
0.998743 -0.0376891 -0.0327627 0 -0.0393015 -0.997964 -0.0500484 0 -0.0308103 0.0512741 -0.998209 0 -0.243418 -0.646227 0.0474095 1 
0.998723 -0.0385954 -0.0323107 0 -0.0402206 -0.997865 -0.05126 0 -0.0302639 0.0524951 -0.998162 0 -0.243949 -0.645836 0.0459386 1 
0.998702 -0.039404 -0.0319625 0 -0.0410364 -0.997787 -0.0521349 0 -0.029838 0.0533799 -0.998128 0 -0.24445 -0.645591 0.0446043 1 
0.998679 -0.0401568 -0.0317512 0 -0.0417913 -0.997731 -0.0526096 0 -0.0295671 0.0538681 -0.99811 0 -0.244944 -0.645516 0.0434949 1 
0.998662 -0.0407382 -0.0315605 0 -0.0423739 -0.997684 -0.0530186 0 -0.0293281 0.054286 -0.998095 0 -0.245366 -0.645552 0.0425258 1 
0.998649 -0.0411319 -0.0314368 0 -0.0427678 -0.997654 -0.0532697 0 -0.0291725 0.0545433 -0.998085 0 -0.2457 -0.645745 0.0415601 1 
0.998638 -0.0414264 -0.031414 0 -0.0430597 -0.997644 -0.0532335 0 -0.0291352 0.0545147 -0.998088 0 -0.246011 -0.646073 0.0406704 1 
0.998629 -0.0416549 -0.0313899 0 -0.0432838 -0.997639 -0.0531355 0 -0.029103 0.0544224 -0.998094 0 -0.246294 -0.646423 0.0397406 1 
0.998625 -0.0418004 -0.0313257 0 -0.043426 -0.997632 -0.053148 0 -0.0290305 0.0544363 -0.998095 0 -0.246506 -0.646771 0.0387819 1 
0.998621 -0.0419019 -0.0313183 0 -0.043526 -0.99763 -0.0531116 0 -0.0290191 0.0544025 -0.998097 0 -0.246713 -0.647167 0.0379294 1 
0.998615 -0.0420094 -0.0313629 0 -0.0436287 -0.997638 -0.0528702 0 -0.0290684 0.0541664 -0.998109 0 -0.24694 -0.647641 0.0371843 1 
0.99861 -0.042084 -0.0314375 0 -0.0436969 -0.997654 -0.0525109 0 -0.0291545 0.0538126 -0.998125 0 -0.24717 -0.648162 0.0365018 1 
0.998605 -0.0421033 -0.0315478 0 -0.0437083 -0.997678 -0.0520416 0 -0.029284 0.053349 -0.998146 0 -0.247356 -0.648708 0.0359479 1 
0.9986 -0.0421293 -0.0316759 0 -0.0437261 -0.997704 -0.0515311 0 -0.0294328 0.052845 -0.998169 0 -0.247543 -0.649272 0.035408 1 
0.998594 -0.0421616 -0.0318234 0 -0.0437498 -0.997731 -0.0509805 0 -0.0296023 0.0523021 -0.998192 0 -0.247744 -0.649829 0.0349292 1 
0.998587 -0.0422323 -0.0319558 0 -0.0438136 -0.997752 -0.0505183 0 -0.0297511 0.051848 -0.998212 0 -0.247959 -0.65034 0.0344058 1 
0.998581 -0.0423291 -0.0320094 0 -0.0439066 -0.997759 -0.0502988 0 -0.0298091 0.0516339 -0.998221 0 -0.248145 -0.650705 0.0338487 1 
0.998579 -0.0423628 -0.0320239 0 -0.0439378 -0.997763 -0.0501931 0 -0.0298266 0.0515298 -0.998226 0 -0.248275 -0.651008 0.0332915 1 
0.998581 -0.0423556 -0.0319862 0 -0.0439292 -0.997763 -0.0502092 0 -0.0297886 0.051544 -0.998226 0 -0.248346 -0.651247 0.0327284 1 
0.998581 -0.042358 -0.0319653 0 -0.0439327 -0.997759 -0.0502849 0 -0.0297642 0.0516189 -0.998223 0 -0.248405 -0.651425 0.0322225 1 
0.998572 -0.0425662 -0.0319871 0 -0.0441447 -0.997745 -0.0503776 0 -0.0297711 0.0517187 -0.998218 0 -0.248604 -0.651493 0.0318174 1 
0.998559 -0.0428214 -0.0320434 0 -0.0443961 -0.997744 -0.0501624 0 -0.0298237 0.0515137 -0.998227 0 -0.24886 -0.651693 0.0315237 1 
0.99855 -0.0429232 -0.032198 0 -0.0444916 -0.997764 -0.04969 0 -0.0299937 0.0510515 -0.998246 0 -0.249049 -0.652 0.0314289 1 
0.998543 -0.042936 -0.0323946 0 -0.044496 -0.997794 -0.0490779 0 -0.0302165 0.0504488 -0.998269 0 -0.249178 -0.65236 0.0314703 1 
0.998536 -0.0429193 -0.032612 0 -0.0444666 -0.997833 -0.0483014 0 -0.0304689 0.0496818 -0.9983 0 -0.249292 -0.652774 0.0316369 1 
0.998535 -0.042789 -0.0328228 0 -0.0443265 -0.997871 -0.0476422 0 -0.030715 0.0490283 -0.998325 0 -0.249327 -0.65315 0.0317862 1 
0.998536 -0.0426161 -0.0330218 0 -0.0441449 -0.997907 -0.0470389 0 -0.0309487 0.0484287 -0.998347 0 -0.249324 -0.653507 0.0319248 1 
0.998533 -0.0425336 -0.0332281 0 -0.044053 -0.997941 -0.046418 0 -0.031186 0.0478146 -0.998369 0 -0.249372 -0.65386 0.0320571 1 
0.998526 -0.0425558 -0.0334073 0 -0.0440658 -0.997966 -0.0458472 0 -0.0313889 0.0472527 -0.99839 0 -0.249488 -0.654174 0.0321418 1 
0.998517 -0.0426417 -0.0335548 0 -0.0441455 -0.997982 -0.0454284 0 -0.0315506 0.0468432 -0.998404 0 -0.249634 -0.654424 0.0321229 1 
0.998507 -0.0428132 -0.0336325 0 -0.0443133 -0.997985 -0.0452019 0 -0.0316301 0.0466257 -0.998412 0 -0.249817 -0.654586 0.0319747 1 
0.998492 -0.0431431 -0.0336499 0 -0.044641 -0.997974 -0.0451118 0 -0.031636 0.0465469 -0.998415 0 -0.250087 -0.654679 0.0316975 1 
0.998477 -0.0435004 -0.0336361 0 -0.0449968 -0.997959 -0.0450912 0 -0.0316066 0.046537 -0.998416 0 -0.250373 -0.654766 0.0313164 1 
0.998464 -0.0438353 -0.0335946 0 -0.0453333 -0.997939 -0.0452048 0 -0.0315444 0.0466592 -0.998413 0 -0.25064 -0.654821 0.0308265 1 
0.998452 -0.044183 -0.0334971 0 -0.0456837 -0.997912 -0.0454421 0 -0.03142 0.046903 -0.998405 0 -0.250897 -0.654817 0.0302801 1 
0.998444 -0.0444697 -0.0333487 0 -0.0459739 -0.997883 -0.045784 0 -0.0312427 0.0472468 -0.998395 0 -0.251091 -0.654791 0.0296711 1 
0.99844 -0.0446544 -0.0332305 0 -0.0461624 -0.99786 -0.0460902 0 -0.0311018 0.0475532 -0.998384 0 -0.251232 -0.654807 0.0290705 1 
0.998435 -0.044838 -0.0331247 0 -0.0463479 -0.997841 -0.0463159 0 -0.0309771 0.0477796 -0.998377 0 -0.251378 -0.654867 0.0284838 1 
0.998433 -0.0449367 -0.0330536 0 -0.046448 -0.99783 -0.0464712 0 -0.0308942 0.0479345 -0.998373 0 -0.251485 -0.654978 0.0279315 1 
0.998433 -0.0449462 -0.0330339 0 -0.0464559 -0.99783 -0.04645 0 -0.030875 0.0479128 -0.998374 0 -0.25155 -0.655172 0.0274889 1 
0.998429 -0.0449856 -0.0331002 0 -0.0464896 -0.997842 -0.0461674 0 -0.0309525 0.0476347 -0.998385 0 -0.251665 -0.655474 0.0271607 1 
0.998421 -0.0450505 -0.0332773 0 -0.0465449 -0.997866 -0.0455892 0 -0.0311531 0.047067 -0.998406 0 -0.251842 -0.655882 0.0269966 1 
0.998411 -0.0450791 -0.0335312 0 -0.0465594 -0.997903 -0.0447609 0 -0.0314437 0.0462519 -0.998435 0 -0.252021 -0.656391 0.0269794 1 
0.998399 -0.045105 -0.0338502 0 -0.0465678 -0.997947 -0.0437463 0 -0.0318082 0.0452535 -0.998469 0 -0.252208 -0.656937 0.0271523 1 
0.998386 -0.0451517 -0.0341786 0 -0.0465958 -0.997991 -0.0427056 0 -0.0321823 0.0442301 -0.998503 0 -0.252396 -0.657447 0.0274409 1 
0.998374 -0.0451741 -0.0344829 0 -0.0466007 -0.998031 -0.0417521 0 -0.0325295 0.0432919 -0.998533 0 -0.252549 -0.65789 0.0277803 1 
0.998366 -0.0451533 -0.0347507 0 -0.0465646 -0.998067 -0.0409351 0 -0.0328358 0.0424872 -0.998557 0 -0.252644 -0.658256 0.0281261 1 
0.998363 -0.0450538 -0.0349548 0 -0.0464517 -0.998099 -0.0402669 0 -0.0330748 0.0418255 -0.998577 0 -0.252669 -0.658571 0.0284097 1 
0.998366 -0.0448663 -0.035115 0 -0.0462552 -0.998127 -0.0397923 0 -0.0332646 0.0413524 -0.998591 0 -0.252609 -0.65883 0.0286078 1 
0.998372 -0.0446738 -0.0351994 0 -0.0460571 -0.998147 -0.039521 0 -0.0333693 0.0410786 -0.998599 0 -0.252512 -0.658997 0.0287301 1 
0.998385 -0.0443705 -0.0352026 0 -0.0457518 -0.998164 -0.039454 0 -0.033388 0.0410016 -0.998601 0 -0.25232 -0.659105 0.0287486 1 
0.9984 -0.0440544 -0.0351779 0 -0.0454381 -0.998174 -0.0395557 0 -0.0333717 0.0410916 -0.998598 0 -0.252103 -0.659154 0.0286767 1 
0.998409 -0.0438728 -0.0351541 0 -0.0452579 -0.99818 -0.0396237 0 -0.0333523 0.0411524 -0.998596 0 -0.251974 -0.65918 0.028626 1 
0.998419 -0.0436984 -0.0350834 0 -0.0450849 -0.998182 -0.0397531 0 -0.0332831 0.0412727 -0.998593 0 -0.251842 -0.659183 0.0285287 1 
0.998431 -0.0435394 -0.0349275 0 -0.0449262 -0.998181 -0.0399541 0 -0.0331251 0.0414614 -0.998591 0 -0.251686 -0.659165 0.0283549 1 
0.998437 -0.0434723 -0.0348556 0 -0.0448631 -0.998176 -0.0401666 0 -0.0330465 0.0416683 -0.998585 0 -0.251618 -0.659118 0.0281997 1 
0.998443 -0.0434148 -0.0347508 0 -0.0448102 -0.998167 -0.0404348 0 -0.0329323 0.0419299 -0.998578 0 -0.251546 -0.659051 0.0279949 1 
0.99845 -0.0433464 -0.0346239 0 -0.0447496 -0.998154 -0.0408345 0 -0.0327906 0.0423215 -0.998566 0 -0.251464 -0.658946 0.0276978 1 
0.998454 -0.0433756 -0.0344886 0 -0.0447861 -0.998136 -0.0412344 0 -0.0326364 0.042716 -0.998554 0 -0.251448 -0.658814 0.0273981 1 
0.998457 -0.043421 -0.0343363 0 -0.0448389 -0.998115 -0.0416638 0 -0.0324631 0.04314 -0.998541 0 -0.251432 -0.658671 0.0270775 1 
0.998464 -0.0433981 -0.0341491 0 -0.0448257 -0.998093 -0.0422113 0 -0.0322527 0.0436781 -0.998525 0 -0.251365 -0.658508 0.026663 1 
0.998469 -0.0434386 -0.0339776 0 -0.0448754 -0.998068 -0.0427348 0 -0.0320562 0.044195 -0.998508 0 -0.251338 -0.65834 0.0262671 1 
0.998471 -0.0435301 -0.0337753 0 -0.0449766 -0.998039 -0.0433186 0 -0.031824 0.0447723 -0.99849 0 -0.251345 -0.658134 0.0258358 1 
0.998475 -0.0436001 -0.0335826 0 -0.0450554 -0.998011 -0.043871 0 -0.0316037 0.045318 -0.998473 0 -0.25133 -0.657948 0.02542 1 
0.998477 -0.0436789 -0.033416 0 -0.0451421 -0.997985 -0.0443643 0 -0.0314115 0.0458061 -0.998456 0 -0.251332 -0.657776 0.0250498 1 
0.998479 -0.0437461 -0.0332761 0 -0.0452154 -0.997964 -0.0447665 0 -0.0312506 0.0462038 -0.998443 0 -0.251338 -0.657633 0.0247511 1 
0.998482 -0.0437634 -0.0331453 0 -0.0452387 -0.997946 -0.0451511 0 -0.0311019 0.046583 -0.99843 0 -0.25131 -0.657511 0.0244606 1 
0.998486 -0.0437666 -0.0330426 0 -0.0452465 -0.997932 -0.045455 0 -0.0309854 0.0468822 -0.99842 0 -0.251286 -0.657424 0.0242121 1 
0.998487 -0.0437844 -0.0329718 0 -0.0452667 -0.997922 -0.0456375 0 -0.0309057 0.0470619 -0.998414 0 -0.251284 -0.657381 0.0240302 1 
0.998491 -0.0437519 -0.032888 0 -0.0452365 -0.997914 -0.0458395 0 -0.0308145 0.047259 -0.998407 0 -0.251243 -0.65735 0.023817 1 
0.998494 -0.0437278 -0.0328423 0 -0.0452137 -0.99791 -0.0459511 0 -0.030765 0.0473678 -0.998404 0 -0.251225 -0.657357 0.0236377 1 
0.998494 -0.0437482 -0.0328255 0 -0.0452345 -0.997907 -0.0459936 0 -0.0307453 0.04741 -0.998402 0 -0.251252 -0.657389 0.0234823 1 
0.998494 -0.0437525 -0.0327981 0 -0.0452396 -0.997904 -0.04606 0 -0.0307147 0.0474753 -0.9984 0 -0.251268 -0.657415 0.0233095 1 
0.998496 -0.0437474 -0.0327501 0 -0.0452351 -0.9979 -0.0461551 0 -0.0306628 0.0475681 -0.998397 0 -0.251258 -0.657442 0.0231084 1 
0.998494 -0.0437952 -0.0327396 0 -0.0452824 -0.997898 -0.0461524 0 -0.0306501 0.0475663 -0.998398 0 -0.251298 -0.657499 0.0229461 1 
0.998491 -0.043847 -0.0327636 0 -0.0453329 -0.997899 -0.046074 0 -0.0306752 0.0474907 -0.998401 0 -0.251364 -0.657588 0.0228122 1 
0.998488 -0.0438875 -0.0327992 0 -0.045371 -0.997904 -0.0459435 0 -0.0307147 0.0473631 -0.998405 0 -0.251436 -0.657715 0.0226658 1 
0.998484 -0.0439514 -0.0328496 0 -0.0454321 -0.997908 -0.0457755 0 -0.0307696 0.0471994 -0.998411 0 -0.251526 -0.657857 0.0225261 1 
0.998477 -0.0440362 -0.0329298 0 -0.0455121 -0.997917 -0.0454999 0 -0.0308582 0.0469302 -0.998421 0 -0.251635 -0.658026 0.0224733 1 
0.99847 -0.04412 -0.0330422 0 -0.0455897 -0.997931 -0.0451318 0 -0.0309832 0.0465701 -0.998434 0 -0.251756 -0.658214 0.0225075 1 
0.998466 -0.0441427 -0.0331326 0 -0.0456075 -0.997943 -0.0448415 0 -0.0310856 0.0462847 -0.998444 0 -0.251822 -0.658379 0.022525 1 
0.998463 -0.0441661 -0.0332 0 -0.0456279 -0.997951 -0.0446435 0 -0.0311609 0.0460906 -0.998451 0 -0.251881 -0.658496 0.0225164 1 
0.998462 -0.0441868 -0.033201 0 -0.0456483 -0.99795 -0.0446318 0 -0.0311615 0.0460796 -0.998452 0 -0.251907 -0.658528 0.0224409 1 
0.998462 -0.0442109 -0.0331707 0 -0.0456748 -0.997944 -0.0447542 0 -0.0311245 0.0462014 -0.998447 0 -0.251918 -0.658494 0.0223202 1 
0.998458 -0.0443001 -0.0331642 0 -0.0457636 -0.99794 -0.0447547 0 -0.0311138 0.0462042 -0.998447 0 -0.251975 -0.65848 0.0222994 1 
0.998455 -0.0443642 -0.0331662 0 -0.0458272 -0.997938 -0.0447359 0 -0.0311137 0.0461876 -0.998448 0 -0.252024 -0.658469 0.0223065 1 
0.998456 -0.0443632 -0.033151 0 -0.0458267 -0.997936 -0.0447757 0 -0.0310967 0.0462267 -0.998447 0 -0.252018 -0.658457 0.0222769 1 
0.998455 -0.0443729 -0.03315 0 -0.045837 -0.997934 -0.0447966 0 -0.0310943 0.0462478 -0.998446 0 -0.252022 -0.658449 0.0222602 1 
0.998455 -0.0443863 -0.0331509 0 -0.0458507 -0.997933 -0.0448056 0 -0.0310942 0.0462572 -0.998446 0 -0.25203 -0.658446 0.0222527 1 
0.998455 -0.0444003 -0.0331335 0 -0.0458652 -0.997931 -0.0448459 0 -0.0310744 0.0462971 -0.998444 0 -0.252035 -0.658429 0.0222214 1 
0.998454 -0.0444305 -0.0330964 0 -0.0458971 -0.997925 -0.0449535 0 -0.031031 0.046404 -0.998441 0 -0.252045 -0.658388 0.0221413 1 
0.998455 -0.0444638 -0.033037 0 -0.0459341 -0.997913 -0.0451647 0 -0.0309605 0.0466133 -0.998433 0 -0.252053 -0.658311 0.0219856 1 
0.998455 -0.044557 -0.0329179 0 -0.0460324 -0.997893 -0.0455088 0 -0.0308214 0.0469546 -0.998421 0 -0.252077 -0.658181 0.0217286 1 
0.998455 -0.0446614 -0.0327566 0 -0.0461429 -0.997867 -0.0459601 0 -0.0306347 0.0474015 -0.998406 0 -0.252097 -0.658013 0.0213917 1 
0.998458 -0.0447374 -0.0325768 0 -0.0462267 -0.997839 -0.0464949 0 -0.0304269 0.04793 -0.998387 0 -0.252098 -0.657825 0.0209945 1 
0.998456 -0.0449138 -0.0323949 0 -0.0464141 -0.997799 -0.0471543 0 -0.0302063 0.048586 -0.998362 0 -0.252163 -0.657573 0.0205125 1 
0.998449 -0.0451863 -0.0322158 0 -0.0466957 -0.997757 -0.0477531 0 -0.0299863 0.0491844 -0.998339 0 -0.252293 -0.657318 0.0200396 1 
0.998448 -0.0453127 -0.0320884 0 -0.046823 -0.99774 -0.0479922 0 -0.0298418 0.0494211 -0.998332 0 -0.252344 -0.657229 0.0196145 1 
0.998447 -0.0453068 -0.0321289 0 -0.0468113 -0.997753 -0.0477307 0 -0.0298947 0.0491615 -0.998343 0 -0.252369 -0.657313 0.0193242 1 
0.998451 -0.0452681 -0.0320589 0 -0.0467736 -0.997748 -0.0478793 0 -0.0298198 0.0493056 -0.998338 0 -0.252334 -0.657295 0.0190636 1 
0.998455 -0.0452276 -0.0319773 0 -0.0467355 -0.997739 -0.0480934 0 -0.0297304 0.0495145 -0.998331 0 -0.252292 -0.657246 0.018858 1 
0.998458 -0.0451912 -0.0319268 0 -0.046701 -0.997734 -0.0482396 0 -0.029675 0.0496572 -0.998325 0 -0.252257 -0.657214 0.0187238 1 
0.998463 -0.0451293 -0.0318758 0 -0.0466395 -0.997732 -0.0483383 0 -0.0296226 0.0497516 -0.998322 0 -0.25221 -0.657197 0.018645 1 
0.998468 -0.0450538 -0.0318135 0 -0.0465616 -0.997734 -0.0483601 0 -0.0295632 0.0497683 -0.998323 0 -0.252134 -0.657213 0.0186069 1 
0.998469 -0.0450309 -0.0318228 0 -0.0465394 -0.997735 -0.0483689 0 -0.0295732 0.0497768 -0.998322 0 -0.252124 -0.657217 0.018596 1 
0.998468 -0.045053 -0.0318235 0 -0.0465617 -0.997734 -0.048375 0 -0.0295725 0.0497836 -0.998322 0 -0.252145 -0.657207 0.0185902 1 
0.998469 -0.0450389 -0.0318105 0 -0.0465471 -0.997734 -0.0483801 0 -0.02956 0.0497877 -0.998322 0 -0.252127 -0.657212 0.0185745 1 
0.99847 -0.0450105 -0.0318061 0 -0.0465191 -0.997735 -0.0483984 0 -0.0295562 0.0498049 -0.998322 0 -0.252112 -0.657216 0.0185517 1 
0.998471 -0.0450189 -0.0317825 0 -0.0465278 -0.997732 -0.0484518 0 -0.0295297 0.0498575 -0.99832 0 -0.25211 -0.657198 0.0185094 1 
0.998473 -0.0450037 -0.0317275 0 -0.0465146 -0.997724 -0.048612 0 -0.0294681 0.0500145 -0.998314 0 -0.252085 -0.65715 0.0183893 1 
0.998476 -0.0449924 -0.0316462 0 -0.0465059 -0.997714 -0.0488355 0 -0.0293772 0.0502338 -0.998305 0 -0.25205 -0.657083 0.0182113 1 
0.998478 -0.0449881 -0.0315877 0 -0.0465027 -0.997707 -0.0489731 0 -0.0293126 0.0503685 -0.9983 0 -0.252032 -0.65703 0.0179833 1 
0.99848 -0.0449655 -0.0315665 0 -0.0464776 -0.997711 -0.0489261 0 -0.0292948 0.0503198 -0.998303 0 -0.252009 -0.657023 0.0177325 1 
0.998482 -0.0449522 -0.031537 0 -0.0464625 -0.997712 -0.048915 0 -0.0292666 0.050307 -0.998305 0 -0.251992 -0.657008 0.0174681 1 
0.998481 -0.044955 -0.0315503 0 -0.046461 -0.99772 -0.0487442 0 -0.0292877 0.050137 -0.998313 0 -0.251998 -0.657006 0.0171629 1 
0.998482 -0.0449167 -0.0315715 0 -0.0464164 -0.997735 -0.0484929 0 -0.0293224 0.0498856 -0.998324 0 -0.251976 -0.657013 0.0168299 1 
0.998483 -0.0448841 -0.0315901 0 -0.0463774 -0.997749 -0.0482439 0 -0.0293542 0.0496367 -0.998336 0 -0.251953 -0.657018 0.0164954 1 
0.998481 -0.0448957 -0.0316247 0 -0.0463815 -0.997764 -0.04793 0 -0.0294027 0.049325 -0.99835 0 -0.251962 -0.657025 0.0161632 1 
0.998483 -0.0448574 -0.0316116 0 -0.0463384 -0.997772 -0.0477878 0 -0.0293981 0.0491811 -0.998357 0 -0.251931 -0.657005 0.0158032 1 
0.998486 -0.0448063 -0.0316136 0 -0.0462813 -0.997785 -0.0475796 0 -0.0294122 0.0489716 -0.998367 0 -0.251893 -0.657012 0.0154836 1 
0.998484 -0.0447929 -0.0316791 0 -0.0462595 -0.997805 -0.0471837 0 -0.0294967 0.0485786 -0.998384 0 -0.251894 -0.657044 0.0151779 1 
0.998481 -0.0448053 -0.0317585 0 -0.0462622 -0.997826 -0.0467277 0 -0.0295964 0.0481269 -0.998403 0 -0.251916 -0.657085 0.0149057 1 
0.998482 -0.044803 -0.031748 0 -0.0462556 -0.997832 -0.0466032 0 -0.0295918 0.0480019 -0.998409 0 -0.251904 -0.65706 0.0145933 1 
0.998484 -0.0447937 -0.0316893 0 -0.0462448 -0.997831 -0.0466435 0 -0.0295318 0.0480392 -0.998409 0 -0.251872 -0.657006 0.0142916 1 
0.998484 -0.0447674 -0.0317191 0 -0.0462129 -0.997843 -0.0464077 0 -0.0295738 0.0478041 -0.998419 0 -0.251857 -0.657024 0.0140288 1 
0.998478 -0.044804 -0.0318727 0 -0.0462385 -0.997871 -0.0457914 0 -0.0297538 0.0471964 -0.998442 0 -0.251926 -0.657133 0.0139306 1 
0.998475 -0.0449188 -0.0317772 0 -0.0463534 -0.997858 -0.0459478 0 -0.0296458 0.0473516 -0.998438 0 -0.251963 -0.657037 0.0136869 1 
0.998475 -0.045014 -0.0316632 0 -0.0464479 -0.997846 -0.0461081 0 -0.0295201 0.0475094 -0.998434 0 -0.251965 -0.65697 0.0134281 1 
0.998478 -0.0450221 -0.0315448 0 -0.0464557 -0.997838 -0.0462908 0 -0.0293931 0.0476867 -0.99843 0 -0.251927 -0.656934 0.0131218 1 
0.998481 -0.0449915 -0.031495 0 -0.0464251 -0.997835 -0.0463715 0 -0.029341 0.0477641 -0.998428 0 -0.25191 -0.656948 0.0128259 1 
0.998482 -0.0450216 -0.031439 0 -0.0464559 -0.997828 -0.0464903 0 -0.0292782 0.0478812 -0.998424 0 -0.251929 -0.656956 0.0124904 1 
0.998482 -0.0450588 -0.0313833 0 -0.0464952 -0.997819 -0.046651 0 -0.0292134 0.0480402 -0.998418 0 -0.25196 -0.656973 0.012141 1 
0.998483 -0.0450975 -0.0312689 0 -0.0465367 -0.997803 -0.046939 0 -0.0290839 0.0483239 -0.998408 0 -0.251981 -0.656962 0.0116731 1 
0.998486 -0.0451276 -0.0311453 0 -0.0465661 -0.997794 -0.0471207 0 -0.0289507 0.0485006 -0.998404 0 -0.251984 -0.657026 0.0111704 1 
0.998483 -0.045166 -0.0311904 0 -0.0466009 -0.997801 -0.0469242 0 -0.029003 0.0483074 -0.998411 0 -0.252081 -0.657247 0.0107029 1 
0.998476 -0.0452946 -0.0312356 0 -0.0467259 -0.997805 -0.0467254 0 -0.0290512 0.0481146 -0.998419 0 -0.252249 -0.657494 0.0102579 1 
0.998472 -0.045437 -0.0311452 0 -0.0468695 -0.997789 -0.0469222 0 -0.0289449 0.0483112 -0.998413 0 -0.252376 -0.657592 0.00957695 1 
0.998471 -0.0455838 -0.0309536 0 -0.0470212 -0.997758 -0.047417 0 -0.0287233 0.0488009 -0.998395 0 -0.252458 -0.657549 0.00878642 1 
0.998474 -0.0457099 -0.0306882 0 -0.047154 -0.997719 -0.0481121 0 -0.0284196 0.0494867 -0.99837 0 -0.252507 -0.657421 0.00790019 1 
0.998476 -0.0458783 -0.0303671 0 -0.0473285 -0.997672 -0.0488966 0 -0.0280537 0.0502603 -0.998342 0 -0.25254 -0.657236 0.00696927 1 
0.998479 -0.0459807 -0.0300964 0 -0.0474362 -0.997633 -0.0495791 0 -0.027746 0.0509324 -0.998317 0 -0.252561 -0.657139 0.00602367 1 
0.998484 -0.0460134 -0.0298973 0 -0.0474726 -0.997606 -0.0500844 0 -0.0275217 0.0514288 -0.998297 0 -0.252578 -0.657139 0.00515638 1 
0.998489 -0.046018 -0.0297094 0 -0.0474795 -0.997584 -0.0505216 0 -0.0273132 0.0518568 -0.998281 0 -0.252566 -0.657163 0.00436147 1 
0.998493 -0.0460181 -0.0295709 0 -0.0474815 -0.997567 -0.0508557 0 -0.0271592 0.0521841 -0.998268 0 -0.252555 -0.657171 0.0037779 1 
0.998497 -0.0460337 -0.0294173 0 -0.0475002 -0.997545 -0.0512663 0 -0.0269857 0.0525876 -0.998252 0 -0.252562 -0.657165 0.0030926 1 
0.998499 -0.0460894 -0.0292752 0 -0.0475576 -0.997525 -0.0516113 0 -0.0268245 0.0529271 -0.998238 0 -0.252571 -0.657134 0.00256714 1 
0.998501 -0.0461633 -0.0290843 0 -0.0476315 -0.997501 -0.0519924 0 -0.026612 0.0533009 -0.998224 0 -0.252545 -0.657046 0.00213765 1 
0.998503 -0.0462552 -0.0288571 0 -0.0477213 -0.997477 -0.0523705 0 -0.0263624 0.0536702 -0.998211 0 -0.252491 -0.656928 0.00178921 1 
0.998504 -0.0463257 -0.0287102 0 -0.0477899 -0.997462 -0.0526044 0 -0.0262009 0.0538988 -0.998203 0 -0.252457 -0.656859 0.00156237 1 
0.998501 -0.0464775 -0.0285549 0 -0.047935 -0.997451 -0.0526749 0 -0.0260344 0.0539658 -0.998203 0 -0.252447 -0.656844 0.00141286 1 
0.998497 -0.0466728 -0.0283973 0 -0.0481231 -0.997439 -0.0527319 0 -0.0258639 0.0540202 -0.998205 0 -0.252458 -0.656828 0.00125993 1 
0.998495 -0.046757 -0.0283294 0 -0.0482054 -0.997431 -0.0528043 0 -0.0257881 0.0540915 -0.998203 0 -0.252483 -0.656811 0.0010894 1 
0.998495 -0.046805 -0.0282509 0 -0.0482525 -0.997422 -0.0529394 0 -0.0257007 0.0542239 -0.998198 0 -0.252489 -0.656783 0.00085365 1 
0.998492 -0.0469352 -0.0281318 0 -0.0483792 -0.997409 -0.0530589 0 -0.0255691 0.0543409 -0.998195 0 -0.252517 -0.656757 0.000532867 1 
0.998486 -0.0470976 -0.0280585 0 -0.0485389 -0.997398 -0.0531147 0 -0.0254844 0.0543973 -0.998194 0 -0.252598 -0.656722 0.000125246 1 
0.998477 -0.0473022 -0.0280381 0 -0.0487354 -0.997403 -0.052851 0 -0.0254658 0.054138 -0.998209 0 -0.252724 -0.656737 -0.000410669 1 
0.998462 -0.0476031 -0.0280621 0 -0.0490207 -0.997423 -0.0521996 0 -0.0255054 0.0534959 -0.998242 0 -0.25289 -0.656787 -0.0010874 1 
0.998445 -0.0479331 -0.0281192 0 -0.049333 -0.997449 -0.0514043 0 -0.025584 0.0527126 -0.998282 0 -0.253092 -0.656795 -0.00193962 1 
0.998428 -0.0482203 -0.0282317 0 -0.0496005 -0.997486 -0.0504226 0 -0.0257298 0.0517447 -0.998329 0 -0.253301 -0.656801 -0.00293969 1 
0.998408 -0.0485107 -0.0284392 0 -0.0498638 -0.997545 -0.0489734 0 -0.0259942 0.0503144 -0.998395 0 -0.253515 -0.656912 -0.00404134 1 
0.998392 -0.0487878 -0.0285143 0 -0.0501192 -0.997579 -0.0480109 0 -0.0261034 0.0493637 -0.99844 0 -0.253683 -0.65688 -0.00524794 1 
0.99838 -0.0490965 -0.028427 0 -0.0504033 -0.997602 -0.0472381 0 -0.0260401 0.0485953 -0.998479 0 -0.253786 -0.656807 -0.00659298 1 
0.99837 -0.0493501 -0.0283446 0 -0.0506362 -0.997619 -0.0466083 0 -0.0259775 0.0479685 -0.998511 0 -0.253839 -0.656703 -0.00799749 1 
0.998366 -0.0496829 -0.0278757 0 -0.0509654 -0.997567 -0.0473572 0 -0.0254555 0.0487014 -0.998489 0 -0.253826 -0.656269 -0.00936914 1 
0.998337 -0.0502043 -0.0280025 0 -0.0514406 -0.997637 -0.04533 0 -0.025661 0.046696 -0.998579 0 -0.254021 -0.656537 -0.00976326 1 
0.998308 -0.0504119 -0.0286454 0 -0.0515912 -0.997773 -0.0420412 0 -0.0264627 0.0434487 -0.998705 0 -0.254233 -0.657231 -0.00945737 1 
0.9983 -0.0504508 -0.0288515 0 -0.0516217 -0.997799 -0.0413923 0 -0.0267002 0.0428121 -0.998726 0 -0.254324 -0.657392 -0.00932616 1 
0.998296 -0.0505748 -0.0287889 0 -0.0517493 -0.997782 -0.0416308 0 -0.0266201 0.0430505 -0.998718 0 -0.254383 -0.657278 -0.00949782 1 
0.998292 -0.0507433 -0.028634 0 -0.0519209 -0.997758 -0.042001 0 -0.026439 0.0434168 -0.998707 0 -0.254439 -0.657109 -0.00978248 1 
0.998286 -0.0509304 -0.0285076 0 -0.0521087 -0.997738 -0.0422406 0 -0.0262923 0.0436545 -0.998701 0 -0.254499 -0.65699 -0.0100058 1 
0.998277 -0.0511811 -0.0283752 0 -0.052352 -0.997728 -0.0421861 0 -0.0261521 0.0435997 -0.998707 0 -0.254557 -0.656976 -0.0099955 1 
0.998273 -0.0513462 -0.0282178 0 -0.0525119 -0.997716 -0.0422521 0 -0.0259843 0.0436617 -0.998708 0 -0.254537 -0.656942 -0.0100747 1 
0.998272 -0.0513877 -0.0281735 0 -0.0525518 -0.997714 -0.0422657 0 -0.0259377 0.0436741 -0.998709 0 -0.254527 -0.656936 -0.010086 1 
0.998272 -0.0513929 -0.0281545 0 -0.0525573 -0.997712 -0.0423086 0 -0.0259162 0.043716 -0.998708 0 -0.254525 -0.656921 -0.0101167 1 
0.998271 -0.0514281 -0.0281248 0 -0.0525918 -0.997709 -0.0423324 0 -0.0258838 0.0437392 -0.998708 0 -0.254522 -0.656909 -0.010136 1 
0.99827 -0.0514835 -0.0280577 0 -0.052645 -0.997705 -0.0423652 0 -0.0258127 0.0437699 -0.998708 0 -0.254506 -0.656894 -0.0101606 1 
0.998268 -0.0515676 -0.0279848 0 -0.0527259 -0.9977 -0.0423649 0 -0.0257363 0.0437678 -0.99871 0 -0.254492 -0.656891 -0.0101753 1 
0.998267 -0.0515924 -0.0279516 0 -0.0527499 -0.997698 -0.0423878 0 -0.0257009 0.0437897 -0.99871 0 -0.254484 -0.656882 -0.0101893 1 
0.998267 -0.0516198 -0.0279276 0 -0.052777 -0.997695 -0.0424193 0 -0.0256741 0.0438206 -0.998709 0 -0.25448 -0.656868 -0.0102026 1 
0.998265 -0.0516773 -0.0278938 0 -0.0528328 -0.997693 -0.0424128 0 -0.0256381 0.0438138 -0.998711 0 -0.254482 -0.656865 -0.0102063 1 
0.998261 -0.0517906 -0.0278248 0 -0.0529428 -0.997687 -0.0424058 0 -0.0255647 0.043806 -0.998713 0 -0.254481 -0.656862 -0.0102119 1 
0.998255 -0.051953 -0.0277091 0 -0.0530995 -0.99768 -0.042384 0 -0.0254433 0.0437822 -0.998717 0 -0.254469 -0.656861 -0.0102159 1 
0.998238 -0.0523855 -0.0275184 0 -0.0535228 -0.997658 -0.0423577 0 -0.0252355 0.0437568 -0.998723 0 -0.25445 -0.656855 -0.0102275 1 
0.998191 -0.0534133 -0.0272334 0 -0.0545361 -0.997606 -0.0423042 0 -0.0249091 0.0437138 -0.998734 0 -0.254415 -0.656843 -0.0102447 1 
0.9981 -0.0552403 -0.0269495 0 -0.0563477 -0.997508 -0.0422269 0 -0.0245502 0.0436661 -0.998744 0 -0.254362 -0.65684 -0.0102577 1 
0.997966 -0.0577105 -0.0267244 0 -0.0588064 -0.997367 -0.042219 0 -0.024218 0.0437056 -0.998751 0 -0.25429 -0.656826 -0.0102775 1 
0.997758 -0.0612553 -0.0265918 0 -0.0623422 -0.997154 -0.0421724 0 -0.0239333 0.0437364 -0.998756 0 -0.254224 -0.656815 -0.0102944 1 
0.99745 -0.0660631 -0.0266261 0 -0.0671484 -0.996842 -0.0421658 0 -0.0237568 0.043847 -0.998756 0 -0.254137 -0.656812 -0.010295 1 
0.997066 -0.0715698 -0.0268041 0 -0.072659 -0.996456 -0.0421415 0 -0.0236936 0.0439663 -0.998752 0 -0.254009 -0.65683 -0.0103064 1 
0.996593 -0.0778173 -0.0269858 0 -0.0789131 -0.995976 -0.0422465 0 -0.0235902 0.044233 -0.998743 0 -0.253868 -0.656814 -0.0103204 1 
0.996092 -0.0839445 -0.0270888 0 -0.0850501 -0.995455 -0.0426292 0 -0.0233877 0.0447674 -0.998724 0 -0.253673 -0.656767 -0.0103209 1 
0.995485 -0.09083 -0.02721 0 -0.0919472 -0.994822 -0.0430868 0 -0.023156 0.045395 -0.998701 0 -0.253411 -0.656718 -0.0103317 1 
0.994784 -0.0981439 -0.0274525 0 -0.0992752 -0.994102 -0.0434326 0 -0.0230284 0.0459323 -0.998679 0 -0.253165 -0.656693 -0.0103246 1 
0.993936 -0.10632 -0.027703 0 -0.107464 -0.993238 -0.0437007 0 -0.0228698 0.0464137 -0.99866 0 -0.252972 -0.656644 -0.0103209 1 
0.992973 -0.114907 -0.0279689 0 -0.116056 -0.992271 -0.0436919 0 -0.0227327 0.0466317 -0.998653 0 -0.252754 -0.656646 -0.0103116 1 
0.991889 -0.123852 -0.0282478 0 -0.125006 -0.991189 -0.0435803 0 -0.0226019 0.0467589 -0.99865 0 -0.252514 -0.656663 -0.0103018 1 
0.99051 -0.134405 -0.028394 0 -0.135551 -0.989816 -0.0432528 0 -0.0222919 0.0466921 -0.998661 0 -0.252228 -0.656739 -0.0102973 1 
0.988736 -0.146884 -0.0283899 0 -0.148011 -0.98805 -0.0427785 0 -0.0217676 0.0464995 -0.998681 0 -0.251873 -0.656874 -0.0102987 1 
0.986639 -0.160378 -0.0283587 0 -0.161482 -0.98596 -0.0422762 0 -0.0211808 0.0462916 -0.998703 0 -0.251551 -0.656994 -0.0102968 1 
0.983927 -0.176225 -0.028508 0 -0.177314 -0.98326 -0.0417194 0 -0.0206792 0.0461047 -0.998723 0 -0.251246 -0.657114 -0.0102876 1 
0.980664 -0.193508 -0.028858 0 -0.19459 -0.98001 -0.0411718 0 -0.0203145 0.0459921 -0.998735 0 -0.250981 -0.657207 -0.0102937 1 
0.977006 -0.211151 -0.0292606 0 -0.212229 -0.976365 -0.040621 0 -0.0199922 0.0458978 -0.998746 0 -0.250753 -0.657285 -0.0103013 1 
0.972609 -0.230485 -0.02983 0 -0.231565 -0.971985 -0.0400374 0 -0.0197666 0.0458492 -0.998753 0 -0.250544 -0.65735 -0.0103107 1 
0.967748 -0.25004 -0.0304048 0 -0.251122 -0.967143 -0.0394151 0 -0.0195509 0.0457801 -0.99876 0 -0.250386 -0.657406 -0.0103084 1 
0.962219 -0.27049 -0.0308144 0 -0.271565 -0.961631 -0.0387143 0 -0.0191606 0.0456206 -0.998775 0 -0.250287 -0.657451 -0.0103064 1 
0.956029 -0.291549 -0.0314346 0 -0.292626 -0.95546 -0.0380441 0 -0.0189432 0.0455707 -0.998781 0 -0.250148 -0.657493 -0.010319 1 
0.949641 -0.311651 -0.0322014 0 -0.312738 -0.949093 -0.0373812 0 -0.0189126 0.0455702 -0.998782 0 -0.250006 -0.65754 -0.0103239 1 
0.94299 -0.331156 -0.0329683 0 -0.332256 -0.942463 -0.0367549 0 -0.0189001 0.0456142 -0.99878 0 -0.249897 -0.657563 -0.0103361 1 
0.935851 -0.350755 -0.0336957 0 -0.351866 -0.935341 -0.0361714 0 -0.01883 0.0457083 -0.998777 0 -0.249858 -0.657518 -0.0103747 1 
0.928853 -0.368827 -0.0343544 0 -0.369947 -0.928361 -0.0355817 0 -0.0187701 0.0457603 -0.998776 0 -0.249827 -0.657492 -0.0103778 1 
0.922349 -0.384755 -0.0348856 0 -0.385883 -0.921869 -0.0351149 0 -0.0186496 0.0458508 -0.998774 0 -0.249821 -0.657448 -0.0103764 1 
0.916134 -0.399289 -0.0353246 0 -0.400425 -0.915655 -0.0348853 0 -0.0184162 0.0461053 -0.998767 0 -0.249819 -0.657343 -0.0103653 1 
0.910287 -0.412398 -0.0358692 0 -0.413549 -0.909809 -0.0347109 0 -0.0183197 0.0464314 -0.998753 0 -0.249935 -0.657178 -0.0103634 1 
0.905336 -0.42313 -0.0361819 0 -0.424287 -0.90486 -0.0344958 0 -0.0181437 0.0465826 -0.99875 0 -0.250069 -0.657045 -0.0103502 1 
0.89995 -0.434477 -0.0360669 0 -0.435618 -0.899468 -0.034269 0 -0.0175523 0.0465526 -0.998762 0 -0.250177 -0.656917 -0.010333 1 
0.894417 -0.445786 -0.0357047 0 -0.446901 -0.893922 -0.0341081 0 -0.0167126 0.0464642 -0.99878 0 -0.250251 -0.656779 -0.0103284 1 
0.888986 -0.456562 -0.0351519 0 -0.457643 -0.888476 -0.0339671 0 -0.0157239 0.0462842 -0.998805 0 -0.250254 -0.65669 -0.0103109 1 
0.882741 -0.4686 -0.0341021 0 -0.469625 -0.882202 -0.0339527 0 -0.014175 0.0459876 -0.998841 0 -0.250207 -0.656587 -0.0103203 1 
0.875582 -0.481936 -0.0327833 0 -0.482892 -0.875012 -0.033914 0 -0.0123416 0.0455262 -0.998887 0 -0.250172 -0.656502 -0.0102992 1 
0.867499 -0.496406 -0.0317501 0 -0.497303 -0.866911 -0.0337059 0 -0.0107929 0.0450301 -0.998927 0 -0.250128 -0.656497 -0.0102867 1 
0.859264 -0.510573 -0.0310055 0 -0.511425 -0.858665 -0.0334771 0 -0.009531 0.0446235 -0.998958 0 -0.250052 -0.656517 -0.0102936 1 
0.85022 -0.525523 -0.0305287 0 -0.52634 -0.849615 -0.0331855 0 -0.00849812 0.0442843 -0.998983 0 -0.249998 -0.656531 -0.0102981 1 
0.842092 -0.538446 -0.0306204 0 -0.539255 -0.841491 -0.0328152 0 -0.00809771 0.0441464 -0.998992 0 -0.249978 -0.656537 -0.0102996 1 
0.83433 -0.550384 -0.0308586 0 -0.551192 -0.833736 -0.0324382 0 -0.00787463 0.044074 -0.998997 0 -0.249936 -0.656551 -0.0103011 1 
0.824985 -0.564279 -0.0311334 0 -0.565086 -0.8244 -0.0319975 0 -0.00761099 0.0439913 -0.999003 0 -0.249878 -0.656568 -0.0103097 1 
0.815548 -0.577812 -0.0315558 0 -0.578624 -0.814974 -0.0315103 0 -0.0075102 0.043958 -0.999005 0 -0.249861 -0.656573 -0.0103119 1 
0.805817 -0.591282 -0.0320223 0 -0.592101 -0.805256 -0.0309842 0 -0.00746592 0.0439289 -0.999007 0 -0.2499 -0.656562 -0.0103138 1 
0.795332 -0.605285 -0.0325252 0 -0.606112 -0.794785 -0.0304213 0 -0.0074371 0.0439098 -0.999008 0 -0.249975 -0.656538 -0.0103161 1 
0.785334 -0.618181 -0.0328977 0 -0.619013 -0.784798 -0.0299378 0 -0.00731115 0.0438762 -0.99901 0 -0.250045 -0.656509 -0.0103117 1 
0.775492 -0.630465 -0.0332611 0 -0.631301 -0.774966 -0.0294546 0 -0.00720625 0.0438405 -0.999013 0 -0.250098 -0.656489 -0.0103105 1 
0.764966 -0.643175 -0.0336633 0 -0.644016 -0.764451 -0.0289451 0 -0.00711731 0.0438226 -0.999014 0 -0.250184 -0.656453 -0.0103114 1 
0.754018 -0.655957 -0.0340371 0 -0.656802 -0.753514 -0.0284424 0 -0.00699062 0.0438026 -0.999016 0 -0.250355 -0.656382 -0.0103119 1 
0.743915 -0.66738 -0.0342833 0 -0.668225 -0.74342 -0.0279818 0 -0.00681257 0.0437259 -0.99902 0 -0.250545 -0.656316 -0.0103072 1 
0.733498 -0.678795 -0.0346229 0 -0.679644 -0.733015 -0.0274626 0 -0.00673774 0.0436759 -0.999023 0 -0.250738 -0.656252 -0.0103023 1 
0.72325 -0.689684 -0.0350209 0 -0.69054 -0.722777 -0.0269756 0 -0.0067078 0.0436943 -0.999022 0 -0.250898 -0.656184 -0.0103062 1 
0.713595 -0.699651 -0.0353705 0 -0.700513 -0.713133 -0.0265434 0 -0.00665288 0.0437196 -0.999022 0 -0.251069 -0.656104 -0.0103111 1 
0.704127 -0.709166 -0.0356205 0 -0.71003 -0.703674 -0.0260933 0 -0.00656093 0.0436655 -0.999025 0 -0.251273 -0.656031 -0.0103053 1 
0.695144 -0.717966 -0.0357934 0 -0.718829 -0.694699 -0.0256713 0 -0.00643473 0.0435754 -0.999029 0 -0.251386 -0.656012 -0.0102885 1 
0.687085 -0.725673 -0.0359789 0 -0.726537 -0.686643 -0.0254077 0 -0.0062671 0.0435981 -0.999029 0 -0.251481 -0.655941 -0.0103107 1 
0.679094 -0.733154 -0.0360164 0 -0.734013 -0.678658 -0.0250743 0 -0.00605958 0.0434652 -0.999037 0 -0.251584 -0.655928 -0.0102925 1 
0.670051 -0.741428 -0.0359968 0 -0.742279 -0.66962 -0.0247271 0 -0.0057709 0.0432889 -0.999046 0 -0.251647 -0.655935 -0.0102777 1 
0.661418 -0.749134 -0.0361416 0 -0.749984 -0.660987 -0.0244992 0 -0.00553602 0.0433107 -0.999046 0 -0.25173 -0.655866 -0.0103012 1 
0.652631 -0.756797 -0.0362113 0 -0.757645 -0.652201 -0.0242586 0 -0.00525828 0.0432681 -0.99905 0 -0.251878 -0.65578 -0.0103071 1 
0.643756 -0.764364 -0.0361649 0 -0.765203 -0.643324 -0.024064 0 -0.00487219 0.0431657 -0.999056 0 -0.252032 -0.655711 -0.0103097 1 
0.634818 -0.771808 -0.0360487 0 -0.772637 -0.634379 -0.0240032 0 -0.00434276 0.043091 -0.999062 0 -0.252109 -0.65563 -0.0103134 1 
0.626434 -0.778648 -0.0356088 0 -0.779454 -0.625981 -0.0240709 0 -0.00354773 0.0428351 -0.999076 0 -0.252152 -0.655585 -0.0102867 1 
0.616536 -0.786552 -0.0346312 0 -0.787311 -0.616057 -0.0244035 0 -0.00214014 0.042312 -0.999102 0 -0.25212 -0.655605 -0.0102775 1 
0.605966 -0.794773 -0.0334996 0 -0.795478 -0.605454 -0.0249022 0 -0.00049087 0.0417389 -0.999128 0 -0.252077 -0.655616 -0.0102771 1 
0.596368 -0.802041 -0.0325043 0 -0.802699 -0.595829 -0.0253705 0 0.000981203 0.0412221 -0.99915 0 -0.252038 -0.655629 -0.0102782 1 
0.587104 -0.808883 -0.0315888 0 -0.809496 -0.586541 -0.0257975 0 0.00233906 0.0407176 -0.999168 0 -0.252048 -0.65563 -0.0102745 1 
0.577921 -0.815494 -0.0309557 0 -0.816074 -0.577341 -0.0260947 0 0.00340811 0.0403435 -0.99918 0 -0.252096 -0.655608 -0.0102792 1 
0.568967 -0.82178 -0.0305667 0 -0.822338 -0.568381 -0.0261477 0 0.00411425 0.0400141 -0.999191 0 -0.252168 -0.655606 -0.0102615 1 
0.560054 -0.827888 -0.0303771 0 -0.828432 -0.559463 -0.0261212 0 0.00463058 0.0397954 -0.999197 0 -0.252179 -0.65562 -0.0102711 1 
0.551237 -0.833783 -0.0303953 0 -0.834323 -0.550646 -0.0259839 0 0.00492796 0.0396835 -0.9992 0 -0.252267 -0.655587 -0.0102688 1 
0.542737 -0.839338 -0.0304848 0 -0.839876 -0.542149 -0.0257656 0 0.00509884 0.0395881 -0.999203 0 -0.25231 -0.655583 -0.0102652 1 
0.533243 -0.845392 -0.0307322 0 -0.845935 -0.532659 -0.025494 0 0.00518275 0.0395927 -0.999202 0 -0.252323 -0.655565 -0.0102818 1 
0.523546 -0.851425 -0.0309232 0 -0.85197 -0.522966 -0.0251925 0 0.00527788 0.0395359 -0.999204 0 -0.252309 -0.655579 -0.0102763 1 
0.512828 -0.857912 -0.0312221 0 -0.858463 -0.512253 -0.0248716 0 0.00534413 0.0395587 -0.999203 0 -0.25231 -0.655562 -0.0102885 1 
0.502963 -0.863724 -0.0314686 0 -0.86428 -0.502394 -0.0245279 0 0.00537581 0.0395351 -0.999204 0 -0.252301 -0.655571 -0.0102824 1 
0.492366 -0.869798 -0.0317533 0 -0.87036 -0.491802 -0.0241907 0 0.00542482 0.0395483 -0.999203 0 -0.252273 -0.655568 -0.0102925 1 
0.481792 -0.875692 -0.0319434 0 -0.876257 -0.481231 -0.0238809 0 0.00554031 0.039497 -0.999204 0 -0.252226 -0.655588 -0.0102914 1 
0.471207 -0.881425 -0.032166 0 -0.881994 -0.47065 -0.0235875 0 0.0056518 0.0394855 -0.999204 0 -0.252183 -0.655595 -0.0102963 1 
0.459781 -0.887433 -0.0323207 0 -0.888003 -0.45923 -0.0232339 0 0.00577599 0.0393841 -0.999207 0 -0.25214 -0.655634 -0.0102811 1 
0.448947 -0.892956 -0.0325226 0 -0.893528 -0.448399 -0.0229528 0 0.00591285 0.0393651 -0.999207 0 -0.25211 -0.655632 -0.0102876 1 
0.437867 -0.898437 -0.0326173 0 -0.899008 -0.437321 -0.0226942 0 0.00612524 0.039261 -0.99921 0 -0.252115 -0.65564 -0.0102779 1 
0.426053 -0.904093 -0.0327924 0 -0.904666 -0.425509 -0.0224266 0 0.00632241 0.0392218 -0.999211 0 -0.252129 -0.655624 -0.0102889 1 
0.414652 -0.909374 -0.0329219 0 -0.909946 -0.414108 -0.0222171 0 0.00657052 0.0391702 -0.999211 0 -0.252171 -0.655592 -0.0102972 1 
0.402084 -0.915001 -0.0329033 0 -0.915565 -0.401535 -0.0221694 0 0.00707336 0.0390399 -0.999213 0 -0.2522 -0.655553 -0.0103023 1 
0.388629 -0.920797 -0.0328731 0 -0.921352 -0.388074 -0.0221069 0 0.00759889 0.0388798 -0.999215 0 -0.252215 -0.655531 -0.0103052 1 
0.37547 -0.926243 -0.0328259 0 -0.926789 -0.37491 -0.0220372 0 0.00810518 0.0386977 -0.999218 0 -0.252217 -0.655528 -0.0103025 1 
0.363025 -0.931194 -0.0327408 0 -0.931729 -0.362458 -0.0220454 0 0.0086615 0.0385093 -0.999221 0 -0.252221 -0.655521 -0.0103018 1 
0.350703 -0.935908 -0.0326224 0 -0.936431 -0.350128 -0.0221198 0 0.00928025 0.0383068 -0.999223 0 -0.252227 -0.655505 -0.0103061 1 
0.339311 -0.940105 -0.0324068 0 -0.940611 -0.338724 -0.0223194 0 0.0100058 0.0380561 -0.999226 0 -0.252176 -0.655515 -0.0103125 1 
0.328646 -0.943898 -0.0320775 0 -0.944381 -0.328044 -0.0226492 0 0.0108559 0.0377376 -0.999229 0 -0.252137 -0.655531 -0.0103094 1 
0.317989 -0.947553 -0.0317241 0 -0.948011 -0.31737 -0.0230618 0 0.0117842 0.0374089 -0.999231 0 -0.252094 -0.65554 -0.0103155 1 
0.306524 -0.951335 -0.0313882 0 -0.951768 -0.30589 -0.0234335 0 0.012692 0.0370579 -0.999233 0 -0.252033 -0.655568 -0.0103088 1 
0.296845 -0.954409 -0.0311072 0 -0.95482 -0.296197 -0.0238088 0 0.0135097 0.03677 -0.999232 0 -0.25195 -0.655595 -0.0103115 1 
0.286443 -0.957587 -0.0309483 0 -0.957981 -0.285782 -0.0240985 0 0.0142322 0.0365514 -0.99923 0 -0.251918 -0.655578 -0.0103132 1 
0.275783 -0.960713 -0.0308948 0 -0.961096 -0.275113 -0.0242374 0 0.0147859 0.0363778 -0.999229 0 -0.251956 -0.655537 -0.0102914 1 
0.264736 -0.963816 -0.0308996 0 -0.96419 -0.264059 -0.0243237 0 0.0152845 0.0362332 -0.999226 0 -0.252017 -0.655488 -0.0102917 1 
0.255114 -0.96641 -0.0308046 0 -0.966772 -0.25443 -0.0244584 0 0.0157995 0.0360214 -0.999226 0 -0.252044 -0.655481 -0.0102842 1 
0.244682 -0.969107 -0.0307028 0 -0.969455 -0.243991 -0.0246002 0 0.0163494 0.035785 -0.999226 0 -0.252046 -0.655489 -0.0102761 1 
0.234202 -0.971694 -0.0306773 0 -0.972032 -0.233503 -0.0246968 0 0.0168348 0.0356041 -0.999224 0 -0.252023 -0.655497 -0.010278 1 
0.224832 -0.973902 -0.0307621 0 -0.974237 -0.224129 -0.0246916 0 0.0171529 0.0355217 -0.999222 0 -0.251965 -0.655504 -0.0102862 1 
0.21619 -0.975855 -0.0308054 0 -0.976185 -0.215482 -0.0247253 0 0.0174906 0.0354178 -0.99922 0 -0.251902 -0.655512 -0.0102854 1 
0.207861 -0.97766 -0.0308996 0 -0.977987 -0.207149 -0.0247356 0 0.0177825 0.0353616 -0.999216 0 -0.25184 -0.655508 -0.0102785 1 
0.200362 -0.97922 -0.0310408 0 -0.979546 -0.199643 -0.0247614 0 0.0180501 0.0353678 -0.999211 0 -0.25172 -0.655487 -0.0102714 1 
0.192629 -0.980766 -0.0311931 0 -0.981091 -0.191905 -0.0247671 0 0.0183049 0.0353748 -0.999206 0 -0.251566 -0.655477 -0.0102598 1 
0.186002 -0.98204 -0.0313329 0 -0.982366 -0.185275 -0.0247189 0 0.0184701 0.0353788 -0.999203 0 -0.251436 -0.655482 -0.0102384 1 
0.18016 -0.983125 -0.0314342 0 -0.983451 -0.179429 -0.0247111 0 0.0186543 0.0353666 -0.9992 0 -0.251328 -0.655482 -0.0102217 1 
0.173468 -0.984327 -0.0314631 0 -0.984648 -0.172734 -0.0247579 0 0.0189355 0.0352755 -0.999198 0 -0.251203 -0.655518 -0.0102193 1 
0.166251 -0.985571 -0.0314883 0 -0.985887 -0.165513 -0.0247633 0 0.0191946 0.0351615 -0.999197 0 -0.251032 -0.65559 -0.0102133 1 
0.159315 -0.986713 -0.0315766 0 -0.987028 -0.158575 -0.0247169 0 0.0193816 0.0351054 -0.999196 0 -0.25082 -0.655666 -0.0102154 1 
0.15195 -0.987871 -0.0316683 0 -0.988185 -0.151208 -0.0246411 0 0.0195541 0.035039 -0.999195 0 -0.250587 -0.655755 -0.0102163 1 
0.145024 -0.98891 -0.0317156 0 -0.989221 -0.144281 -0.0246042 0 0.0197558 0.0349426 -0.999194 0 -0.250391 -0.655835 -0.0102137 1 
0.138321 -0.989869 -0.0317431 0 -0.990176 -0.137574 -0.0246223 0 0.0200062 0.0348377 -0.999193 0 -0.250211 -0.655906 -0.0102141 1 
0.132023 -0.990726 -0.0318314 0 -0.991032 -0.131274 -0.0245604 0 0.0201544 0.0347891 -0.999191 0 -0.250066 -0.655958 -0.0102144 1 
0.126147 -0.991489 -0.0319041 0 -0.991794 -0.125397 -0.0245279 0 0.0203188 0.0347371 -0.99919 0 -0.249947 -0.655999 -0.0102185 1 
0.120132 -0.992234 -0.0319379 0 -0.992535 -0.119378 -0.0245605 0 0.0205575 0.0346507 -0.999188 0 -0.249834 -0.656041 -0.0102204 1 
0.114213 -0.992931 -0.0320018 0 -0.99323 -0.113458 -0.0245231 0 0.0207193 0.0345867 -0.999187 0 -0.24974 -0.656077 -0.0102199 1 
0.109969 -0.993409 -0.032049 0 -0.993706 -0.109211 -0.0245261 0 0.0208648 0.034545 -0.999185 0 -0.249661 -0.656102 -0.0102239 1 
0.106214 -0.993818 -0.0320151 0 -0.994109 -0.10545 -0.0246693 0 0.0211412 0.0344474 -0.999183 0 -0.249622 -0.656114 -0.010227 1 
0.102919 -0.99417 -0.0318443 0 -0.994444 -0.102144 -0.0250703 0 0.0216718 0.0342483 -0.999178 0 -0.24957 -0.656132 -0.0102265 1 
0.0991818 -0.994561 -0.0315104 0 -0.994804 -0.0983881 -0.0258158 0 0.0225756 0.0339078 -0.99917 0 -0.249466 -0.656171 -0.010225 1 
0.0949469 -0.994986 -0.0311397 0 -0.995193 -0.0941324 -0.0266573 0 0.0235928 0.0335217 -0.999159 0 -0.249356 -0.656214 -0.0102227 1 
0.090851 -0.995379 -0.0307802 0 -0.995551 -0.0900168 -0.027485 0 0.0245877 0.0331409 -0.999148 0 -0.249245 -0.656256 -0.0102207 1 
0.0866519 -0.995763 -0.0304604 0 -0.995902 -0.0857998 -0.0282514 0 0.0255187 0.0327843 -0.999137 0 -0.249132 -0.6563 -0.0102213 1 
0.0826559 -0.99611 -0.030228 0 -0.996223 -0.0817909 -0.0288148 0 0.0262308 0.0324961 -0.999128 0 -0.249035 -0.656341 -0.010217 1 
0.0785736 -0.996444 -0.0301074 0 -0.996541 -0.0777006 -0.0291458 0 0.0267033 0.032294 -0.999122 0 -0.248953 -0.656378 -0.0102155 1 
0.0742797 -0.996775 -0.0300627 0 -0.996865 -0.0734062 -0.0291839 0 0.0268835 0.0321368 -0.999122 0 -0.248891 -0.65642 -0.0102096 1 
0.0693222 -0.997132 -0.0300417 0 -0.997223 -0.0684549 -0.0289965 0 0.0268574 0.031969 -0.999128 0 -0.248839 -0.656474 -0.0102116 1 
0.0648879 -0.997426 -0.0301856 0 -0.997521 -0.0640204 -0.0288666 0 0.0268603 0.0319845 -0.999127 0 -0.248784 -0.656487 -0.0102174 1 
0.0613469 -0.997647 -0.0303018 0 -0.997745 -0.0604788 -0.0287786 0 0.0268788 0.0319996 -0.999126 0 -0.248741 -0.656493 -0.0102229 1 
0.0584285 -0.99782 -0.0303621 0 -0.99792 -0.0575608 -0.0287054 0 0.0268957 0.0319767 -0.999127 0 -0.24871 -0.656511 -0.0102179 1 
0.0555087 -0.997985 -0.0304254 0 -0.998085 -0.0546405 -0.0286606 0 0.0269409 0.0319587 -0.999126 0 -0.248686 -0.65652 -0.0102175 1 
0.0524362 -0.998149 -0.0304994 0 -0.99825 -0.0515678 -0.0285941 0 0.0269689 0.0319461 -0.999126 0 -0.248649 -0.656535 -0.010217 1 
0.0491582 -0.998313 -0.0305745 0 -0.998416 -0.0482888 -0.0285511 0 0.027027 0.0319302 -0.999125 0 -0.248613 -0.656547 -0.0102182 1 
0.0456068 -0.99848 -0.0306261 0 -0.998581 -0.0447359 -0.0285431 0 0.0271302 0.031885 -0.999123 0 -0.248586 -0.656559 -0.0102156 1 
0.0418795 -0.998642 -0.03068 0 -0.998741 -0.0410067 -0.028546 0 0.0272496 0.0318375 -0.999122 0 -0.248538 -0.656578 -0.0102162 1 
0.0382266 -0.998787 -0.0307351 0 -0.998886 -0.0373532 -0.0285033 0 0.0273212 0.0317911 -0.999121 0 -0.248487 -0.656603 -0.0102124 1 
0.0340347 -0.998935 -0.0308318 0 -0.999036 -0.0331609 -0.0284206 0 0.0273685 0.03177 -0.99912 0 -0.248448 -0.656618 -0.0102142 1 
0.0298129 -0.999066 -0.0309578 0 -0.99917 -0.0289385 -0.0283178 0 0.027396 0.031777 -0.999119 0 -0.248416 -0.656624 -0.0102198 1 
0.0257698 -0.999175 -0.0310691 0 -0.999282 -0.0248946 -0.0282323 0 0.0274361 0.0317749 -0.999118 0 -0.248394 -0.656627 -0.0102238 1 
0.021727 -0.999269 -0.0311426 0 -0.999375 -0.0208504 -0.0281986 0 0.0275292 0.0317364 -0.999117 0 -0.248386 -0.656629 -0.0102224 1 
0.018002 -0.999342 -0.0311846 0 -0.999446 -0.0171238 -0.0282016 0 0.0276496 0.0316756 -0.999116 0 -0.24837 -0.656639 -0.0102203 1 
0.0136126 -0.999412 -0.0311703 0 -0.999511 -0.012734 -0.0282124 0 0.0277994 0.0315397 -0.999116 0 -0.248348 -0.656669 -0.0102103 1 
0.00919442 -0.99948 -0.0305996 0 -0.999564 -0.00833827 -0.0279898 0 0.0277207 0.0308442 -0.99914 0 -0.248339 -0.656831 -0.0101867 1 
0.00543989 -0.999532 -0.0297978 0 -0.999597 -0.00461545 -0.0276668 0 0.0275168 0.0299368 -0.999173 0 -0.248322 -0.657035 -0.0101972 1 
0.00159962 -0.999564 -0.0291667 0 -0.999616 -0.000801335 -0.0273608 0 0.027326 0.0291998 -0.9992 0 -0.248324 -0.657219 -0.0102044 1 
-0.00242467 -0.999573 -0.0288016 0 -0.999617 0.00320663 -0.0271344 0 0.0272157 0.0287253 -0.999217 0 -0.24834 -0.657374 -0.0102161 1 
-0.00664811 -0.999561 -0.0285274 0 -0.9996 0.00741672 -0.0269218 0 0.0271221 0.0283376 -0.99923 0 -0.24835 -0.657556 -0.0102426 1 
-0.0111447 -0.999528 -0.0282735 0 -0.999562 0.0119016 -0.0267439 0 0.0270683 0.0279636 -0.999242 0 -0.248354 -0.657766 -0.010276 1 
-0.0156003 -0.999475 -0.0280534 0 -0.999501 0.0163488 -0.0266522 0 0.0270973 0.0276241 -0.999251 0 -0.248372 -0.657943 -0.0102931 1 
-0.0194923 -0.999413 -0.0278137 0 -0.999432 0.0202331 -0.0266078 0 0.0271555 0.0272798 -0.999259 0 -0.248366 -0.658101 -0.0103131 1 
-0.0229702 -0.999349 -0.027468 0 -0.999354 0.0237026 -0.0266409 0 0.0272751 0.0268389 -0.999268 0 -0.248342 -0.658273 -0.0103424 1 
-0.0278511 -0.999239 -0.0269426 0 -0.999221 0.0285748 -0.0268591 0 0.0276091 0.0261741 -0.999276 0 -0.248326 -0.658482 -0.0103582 1 
-0.0330014 -0.999095 -0.0264566 0 -0.999051 0.0337203 -0.0272043 0 0.0280724 0.0255342 -0.99928 0 -0.248305 -0.658697 -0.0104011 1 
-0.0357524 -0.999001 -0.0264311 0 -0.998952 0.0364728 -0.0272943 0 0.0282316 0.025428 -0.999278 0 -0.248304 -0.658733 -0.0104174 1 
-0.0362082 -0.998985 -0.026432 0 -0.998935 0.0369289 -0.0273084 0 0.0282573 0.0254156 -0.999278 0 -0.248299 -0.658734 -0.0104175 1 
-0.0368661 -0.998962 -0.0263945 0 -0.998907 0.0375888 -0.0274288 0 0.0283931 0.0253549 -0.999275 0 -0.248302 -0.658736 -0.0104138 1 
-0.0380011 -0.998921 -0.026337 0 -0.998858 0.0387272 -0.0276288 0 0.0286195 0.0252575 -0.999271 0 -0.248297 -0.65874 -0.0104127 1 
-0.038836 -0.99889 -0.0263085 0 -0.998822 0.0395644 -0.0277566 0 0.0287672 0.0252 -0.999268 0 -0.248279 -0.658747 -0.0104114 1 
-0.0394 -0.998868 -0.0262832 0 -0.998796 0.0401305 -0.0278728 0 0.0288966 0.0251538 -0.999266 0 -0.248263 -0.658752 -0.0104121 1 
-0.0400817 -0.998842 -0.0262615 0 -0.998765 0.0408143 -0.0279784 0 0.0290184 0.0251082 -0.999263 0 -0.24825 -0.658756 -0.0104119 1 
-0.0404344 -0.998827 -0.026273 0 -0.99875 0.0411676 -0.027995 0 0.0290443 0.0251087 -0.999263 0 -0.248242 -0.658755 -0.0104154 1 
-0.040562 -0.998822 -0.0262752 0 -0.998745 0.0412958 -0.0280124 0 0.029065 0.0251064 -0.999262 0 -0.248248 -0.658749 -0.0104172 1 
-0.0406872 -0.998817 -0.0262536 0 -0.998738 0.0414216 -0.0280598 0 0.0291146 0.0250793 -0.999261 0 -0.248251 -0.658751 -0.0104144 1 
-0.0409191 -0.998808 -0.0262433 0 -0.998727 0.0416543 -0.0281056 0 0.0291658 0.0250603 -0.99926 0 -0.248252 -0.658749 -0.0104145 1 
-0.0411701 -0.998798 -0.0262421 0 -0.998716 0.0419056 -0.0281241 0 0.0291905 0.0250511 -0.99926 0 -0.248261 -0.658746 -0.0104136 1 
-0.0413743 -0.998789 -0.0262393 0 -0.998707 0.0421098 -0.0281237 0 0.0291952 0.0250422 -0.99926 0 -0.248261 -0.658748 -0.0104102 1 
-0.0414849 -0.998785 -0.0262517 0 -0.998703 0.0422205 -0.0281143 0 0.0291891 0.0250518 -0.99926 0 -0.248268 -0.658742 -0.0104111 1 
-0.0414876 -0.998784 -0.02625 0 -0.998703 0.0422231 -0.0281136 0 0.0291883 0.0250501 -0.99926 0 -0.248273 -0.658742 -0.0104113 1 
-0.0414774 -0.998785 -0.0262485 0 -0.998704 0.0422127 -0.028106 0 0.0291804 0.0250492 -0.99926 0 -0.248269 -0.658744 -0.0104091 1 
-0.0414727 -0.998785 -0.0262492 0 -0.998704 0.0422078 -0.0281 0 0.0291743 0.0250503 -0.99926 0 -0.24827 -0.658744 -0.0104079 1 
-0.0414661 -0.998786 -0.0262422 0 -0.998705 0.0422007 -0.0280878 0 0.0291617 0.025044 -0.999261 0 -0.248275 -0.658746 -0.0104023 1 
-0.0414286 -0.998787 -0.0262431 0 -0.998707 0.0421627 -0.0280661 0 0.0291391 0.0250469 -0.999262 0 -0.248275 -0.658748 -0.0103966 1 
-0.0413361 -0.998791 -0.0262311 0 -0.998712 0.0420685 -0.0280102 0 0.0290805 0.0250399 -0.999263 0 -0.248281 -0.658757 -0.0103802 1 
-0.0408802 -0.998809 -0.0262818 0 -0.998739 0.0416077 -0.0277561 0 0.0288171 0.0251144 -0.999269 0 -0.248298 -0.65876 -0.0103618 1 
-0.0399456 -0.998845 -0.0263527 0 -0.998788 0.0406653 -0.0273647 0 0.0284053 0.0252281 -0.999278 0 -0.248324 -0.658766 -0.010333 1 
-0.0398598 -0.998849 -0.0263025 0 -0.998794 0.0405767 -0.0273077 0 0.0283441 0.0251828 -0.999281 0 -0.248346 -0.658785 -0.0102952 1 
-0.0398632 -0.99885 -0.0262686 0 -0.998794 0.040579 -0.0273013 0 0.0283364 0.0251491 -0.999282 0 -0.24836 -0.658794 -0.0102725 1 
-0.0398194 -0.998852 -0.0262521 0 -0.998796 0.0405343 -0.0272875 0 0.0283208 0.0251344 -0.999283 0 -0.248345 -0.658808 -0.0102615 1 
-0.0397866 -0.998855 -0.0262186 0 -0.998798 0.0405001 -0.0272693 0 0.0283005 0.0251026 -0.999284 0 -0.248351 -0.65882 -0.010238 1 
-0.0397671 -0.998856 -0.0262078 0 -0.998799 0.0404802 -0.0272656 0 0.0282959 0.0250925 -0.999285 0 -0.248347 -0.658828 -0.0102238 1 
-0.0397225 -0.998858 -0.0261899 0 -0.998801 0.0404349 -0.027256 0 0.0282844 0.0250763 -0.999285 0 -0.248333 -0.65884 -0.010212 1 
-0.0397336 -0.998858 -0.0261593 0 -0.998801 0.0404446 -0.027238 0 0.0282655 0.0250462 -0.999287 0 -0.248349 -0.658849 -0.0101883 1 
-0.0396674 -0.998861 -0.0261597 0 -0.998804 0.0403783 -0.0272306 0 0.0282564 0.0250488 -0.999287 0 -0.248318 -0.658862 -0.0101831 1 
-0.0396957 -0.99886 -0.0261358 0 -0.998803 0.0404057 -0.0272217 0 0.0282473 0.0250244 -0.999288 0 -0.248346 -0.658861 -0.0101595 1 
-0.0396217 -0.998865 -0.0260566 0 -0.998808 0.0403273 -0.0271353 0 0.0281559 0.0249509 -0.999292 0 -0.248379 -0.658884 -0.0100923 1 
-0.0395958 -0.998868 -0.0259763 0 -0.99881 0.0402985 -0.0271061 0 0.0281227 0.0248725 -0.999295 0 -0.248383 -0.658916 -0.00999385 1 
-0.0396162 -0.998868 -0.0259635 0 -0.99881 0.0403181 -0.0270958 0 0.0281125 0.0248597 -0.999296 0 -0.248402 -0.658914 -0.00999763 1 
-0.039626 -0.99887 -0.0258614 0 -0.998811 0.0403241 -0.027055 0 0.0280678 0.024759 -0.999299 0 -0.248425 -0.65895 -0.00992891 1 
-0.0396381 -0.99887 -0.0258433 0 -0.99881 0.0403355 -0.0270454 0 0.0280578 0.024741 -0.9993 0 -0.248439 -0.65895 -0.00991522 1 
-0.0396275 -0.998871 -0.0258408 0 -0.998811 0.0403248 -0.0270451 0 0.0280571 0.0247389 -0.9993 0 -0.248433 -0.658954 -0.00990876 1 
-0.0396488 -0.99887 -0.0258273 0 -0.99881 0.0403454 -0.0270312 0 0.0280433 0.0247253 -0.999301 0 -0.248449 -0.658954 -0.0099011 1 
-0.0396529 -0.99887 -0.025819 0 -0.99881 0.0403491 -0.0270272 0 0.0280389 0.0247171 -0.999301 0 -0.248456 -0.658955 -0.00989321 1 
-0.0396387 -0.998871 -0.0258176 0 -0.998811 0.040335 -0.0270292 0 0.0280406 0.0247159 -0.999301 0 -0.248446 -0.658959 -0.00989706 1 
-0.0396437 -0.998871 -0.0258161 0 -0.998811 0.04034 -0.027031 0 0.0280424 0.0247143 -0.999301 0 -0.248445 -0.65896 -0.00989159 1 
-0.0396529 -0.99887 -0.0258135 0 -0.99881 0.040349 -0.0270264 0 0.028038 0.0247116 -0.999301 0 -0.248453 -0.658958 -0.00989383 1 
-0.0396379 -0.998871 -0.0258186 0 -0.998811 0.0403342 -0.0270289 0 0.0280403 0.024717 -0.999301 0 -0.248441 -0.65896 -0.00989623 1 
-0.0396535 -0.99887 -0.0258086 0 -0.998811 0.0403493 -0.0270222 0 0.0280336 0.0247068 -0.999302 0 -0.248454 -0.65896 -0.00988933 1 
-0.0396449 -0.998871 -0.0258066 0 -0.998811 0.0403407 -0.0270229 0 0.0280339 0.0247051 -0.999302 0 -0.248448 -0.658962 -0.00988998 1 
-0.0396461 -0.998871 -0.0258032 0 -0.998811 0.0403418 -0.0270227 0 0.0280337 0.0247017 -0.999302 0 -0.248451 -0.658962 -0.00988626 1 
-0.0396486 -0.998871 -0.0258044 0 -0.998811 0.0403442 -0.0270184 0 0.0280295 0.024703 -0.999302 0 -0.248452 -0.658961 -0.00989118 1 
-0.0396489 -0.998871 -0.0258015 0 -0.998811 0.0403444 -0.0270177 0 0.0280287 0.0247001 -0.999302 0 -0.248454 -0.658963 -0.00988394 1 
-0.0396474 -0.998871 -0.0257982 0 -0.998811 0.0403428 -0.0270188 0 0.0280296 0.0246968 -0.999302 0 -0.248455 -0.658964 -0.0098842 1 
-0.0396506 -0.998871 -0.0257891 0 -0.998811 0.0403457 -0.0270144 0 0.0280249 0.0246878 -0.999302 0 -0.248454 -0.658967 -0.00988009 1 
-0.039654 -0.998871 -0.0257903 0 -0.998811 0.0403491 -0.0270145 0 0.0280252 0.0246889 -0.999302 0 -0.248457 -0.658966 -0.00987657 1 
-0.0396513 -0.998871 -0.0257925 0 -0.998811 0.0403466 -0.0270168 0 0.0280275 0.0246911 -0.999302 0 -0.248454 -0.658966 -0.00988222 1 
-0.0396496 -0.998871 -0.02579 0 -0.998811 0.0403448 -0.0270191 0 0.0280296 0.0246885 -0.999302 0 -0.248453 -0.658967 -0.00987983 1 
-0.0396424 -0.998871 -0.0257898 0 -0.998811 0.0403375 -0.0270143 0 0.0280246 0.0246887 -0.999302 0 -0.248452 -0.658968 -0.0098808 1 
-0.0396442 -0.998871 -0.0257889 0 -0.998811 0.0403394 -0.0270176 0 0.028028 0.0246876 -0.999302 0 -0.24845 -0.658968 -0.00987973 1 
-0.0396504 -0.998871 -0.0257903 0 -0.998811 0.0403456 -0.0270164 0 0.028027 0.0246889 -0.999302 0 -0.248454 -0.658966 -0.0098793 1 
-0.0396474 -0.998871 -0.0257926 0 -0.998811 0.0403426 -0.0270161 0 0.0280266 0.0246913 -0.999302 0 -0.248455 -0.658966 -0.00988222 1 
-0.0396456 -0.998871 -0.0257978 0 -0.998811 0.040341 -0.027016 0 0.0280268 0.0246965 -0.999302 0 -0.248453 -0.658965 -0.0098832 1 
-0.0396495 -0.998871 -0.0257832 0 -0.998811 0.0403444 -0.0270146 0 0.0280248 0.0246819 -0.999302 0 -0.248456 -0.658969 -0.00987842 1 
-0.0396528 -0.998871 -0.0257893 0 -0.998811 0.0403479 -0.0270136 0 0.0280242 0.0246879 -0.999302 0 -0.248456 -0.658968 -0.0098788 1 
-0.0396461 -0.998871 -0.0257859 0 -0.998811 0.040341 -0.0270132 0 0.0280235 0.0246848 -0.999302 0 -0.248456 -0.658969 -0.00987847 1 
