0.999098 -0.0416218 0.00715718 0 -0.0413402 -0.998494 -0.0358003 0 0.00863664 0.0354729 -0.999333 0 -0.156414 -0.397036 0.534301 1 
0.999099 -0.0416065 0.00715686 0 -0.0413248 -0.998494 -0.035805 0 0.00863597 0.0354776 -0.999333 0 -0.156409 -0.397038 0.534299 1 
0.999099 -0.0415991 0.00715617 0 -0.0413174 -0.998494 -0.0358111 0 0.00863527 0.0354839 -0.999333 0 -0.156403 -0.397039 0.534298 1 
0.999098 -0.0416204 0.00716079 0 -0.0413386 -0.998494 -0.0358042 0 0.00864036 0.0354766 -0.999333 0 -0.156413 -0.397036 0.5343 1 
0.999098 -0.0416235 0.00715536 0 -0.041342 -0.998494 -0.0357971 0 0.00863475 0.0354697 -0.999333 0 -0.156416 -0.397035 0.534302 1 
0.999099 -0.041611 0.00715751 0 -0.0413293 -0.998494 -0.0358045 0 0.00863676 0.0354771 -0.999333 0 -0.156409 -0.397037 0.5343 1 
0.999098 -0.0416151 0.0071575 0 -0.0413334 -0.998494 -0.0358083 0 0.00863705 0.0354808 -0.999333 0 -0.156409 -0.397037 0.534298 1 
0.999098 -0.0416293 0.00715997 0 -0.0413476 -0.998494 -0.0358022 0 0.00863977 0.0354746 -0.999333 0 -0.156416 -0.397034 0.5343 1 
0.999097 -0.0416386 0.00716145 0 -0.0413568 -0.998493 -0.0358096 0 0.00864188 0.0354818 -0.999333 0 -0.15642 -0.397034 0.534297 1 
0.999098 -0.0416342 0.00715868 0 -0.0413524 -0.998493 -0.0358067 0 0.00863884 0.0354791 -0.999333 0 -0.156417 -0.397035 0.534298 1 
0.999098 -0.0416327 0.00715636 0 -0.041351 -0.998493 -0.0358092 0 0.00863658 0.0354816 -0.999333 0 -0.156419 -0.397033 0.534299 1 
0.999097 -0.0416537 0.00716421 0 -0.0413717 -0.998492 -0.0358122 0 0.00864529 0.0354841 -0.999333 0 -0.156426 -0.397032 0.534295 1 
0.999096 -0.0416647 0.00716486 0 -0.0413826 -0.998492 -0.0358165 0 0.0086465 0.0354883 -0.999333 0 -0.156432 -0.397031 0.534294 1 
0.999097 -0.0416578 0.00716527 0 -0.0413756 -0.998491 -0.0358302 0 0.00864723 0.0355021 -0.999332 0 -0.156433 -0.397034 0.534288 1 
0.999097 -0.0416549 0.00717541 0 -0.0413722 -0.998491 -0.0358414 0 0.00865772 0.0355129 -0.999332 0 -0.156432 -0.397038 0.534281 1 
0.999095 -0.0416859 0.00717483 0 -0.0414033 -0.99849 -0.0358289 0 0.00865772 0.0355001 -0.999332 0 -0.156443 -0.397032 0.534287 1 
0.999097 -0.0416478 0.00717413 0 -0.0413652 -0.998491 -0.035841 0 0.00865617 0.0355125 -0.999332 0 -0.156428 -0.397038 0.534283 1 
0.999097 -0.0416562 0.00717746 0 -0.0413733 -0.998491 -0.0358561 0 0.00866042 0.0355274 -0.999331 0 -0.156431 -0.39704 0.534277 1 
0.999097 -0.0416349 0.00718068 0 -0.0413518 -0.998491 -0.0358658 0 0.00866328 0.0355372 -0.999331 0 -0.156423 -0.397046 0.534271 1 
0.999095 -0.0416984 0.00719262 0 -0.0414148 -0.998488 -0.0358742 0 0.00867781 0.0355445 -0.99933 0 -0.15645 -0.397037 0.534267 1 
0.999095 -0.0416833 0.00718817 0 -0.0413999 -0.998489 -0.0358677 0 0.00867256 0.0355384 -0.999331 0 -0.156444 -0.397039 0.53427 1 
0.999097 -0.0416414 0.00718546 0 -0.0413581 -0.99849 -0.0358759 0 0.0086687 0.035547 -0.99933 0 -0.156427 -0.397047 0.534267 1 
0.999096 -0.0416614 0.00718568 0 -0.0413781 -0.99849 -0.0358658 0 0.00866921 0.0355367 -0.999331 0 -0.156436 -0.397043 0.534271 1 
0.999096 -0.0416776 0.00719114 0 -0.0413941 -0.998489 -0.0358696 0 0.0086754 0.0355402 -0.999331 0 -0.156446 -0.39704 0.534268 1 
0.999096 -0.0416768 0.00719107 0 -0.0413932 -0.998489 -0.0358826 0 0.00867584 0.0355531 -0.99933 0 -0.15644 -0.397042 0.534263 1 
0.999097 -0.0416436 0.00718245 0 -0.0413605 -0.998491 -0.0358715 0 0.0086656 0.0355427 -0.999331 0 -0.156427 -0.397047 0.534269 1 
0.999097 -0.0416552 0.00718511 0 -0.041372 -0.99849 -0.0358711 0 0.00866865 0.0355421 -0.999331 0 -0.156434 -0.397044 0.534269 1 
0.999096 -0.0416731 0.00719115 0 -0.0413895 -0.998489 -0.0358755 0 0.0086755 0.0355461 -0.99933 0 -0.15644 -0.397042 0.534266 1 
0.999096 -0.0416762 0.00719016 0 -0.0413927 -0.998489 -0.0358734 0 0.00867453 0.035544 -0.99933 0 -0.15644 -0.397042 0.534267 1 
0.999096 -0.041666 0.00718461 0 -0.0413827 -0.998489 -0.0358797 0 0.00866888 0.0355506 -0.99933 0 -0.156437 -0.397043 0.534265 1 
0.999096 -0.0416591 0.00718837 0 -0.0413756 -0.99849 -0.0358748 0 0.00867219 0.0355457 -0.99933 0 -0.156435 -0.397044 0.534267 1 
0.999096 -0.0416709 0.00719045 0 -0.0413874 -0.998489 -0.0358751 0 0.0086747 0.0355457 -0.99933 0 -0.156441 -0.397041 0.534266 1 
0.999096 -0.0416682 0.00718886 0 -0.0413847 -0.998489 -0.0358725 0 0.00867291 0.0355433 -0.999331 0 -0.156438 -0.397043 0.534268 1 
0.999097 -0.041656 0.0071814 0 -0.0413728 -0.99849 -0.0358787 0 0.00866528 0.0355499 -0.99933 0 -0.156434 -0.397043 0.534266 1 
0.999096 -0.0416642 0.00719074 0 -0.0413806 -0.998489 -0.0358785 0 0.00867489 0.0355492 -0.99933 0 -0.156437 -0.397043 0.534265 1 
0.999096 -0.0416686 0.00718929 0 -0.0413852 -0.998489 -0.0358773 0 0.00867355 0.035548 -0.99933 0 -0.156439 -0.397043 0.534266 1 
0.999096 -0.0416603 0.00718512 0 -0.041377 -0.99849 -0.0358714 0 0.00866885 0.0355424 -0.999331 0 -0.156436 -0.397043 0.534269 1 
0.999096 -0.0416614 0.00718819 0 -0.041378 -0.99849 -0.0358756 0 0.00867213 0.0355465 -0.99933 0 -0.156434 -0.397044 0.534266 1 
0.999096 -0.0416646 0.00718818 0 -0.0413812 -0.99849 -0.0358743 0 0.00867218 0.0355451 -0.99933 0 -0.156437 -0.397043 0.534266 1 
0.999096 -0.0416708 0.00719124 0 -0.0413872 -0.998489 -0.0358773 0 0.00867558 0.0355479 -0.99933 0 -0.15644 -0.397042 0.534265 1 
0.999096 -0.0416667 0.00718777 0 -0.0413833 -0.99849 -0.0358727 0 0.00867178 0.0355435 -0.999331 0 -0.156435 -0.397044 0.534267 1 
0.999096 -0.0416651 0.00718418 0 -0.0413818 -0.99849 -0.0358735 0 0.00866816 0.0355445 -0.999331 0 -0.156438 -0.397043 0.534268 1 
0.999096 -0.0416644 0.00718674 0 -0.0413811 -0.99849 -0.0358703 0 0.00867057 0.0355412 -0.999331 0 -0.156437 -0.397043 0.534269 1 
0.999096 -0.0416702 0.00718515 0 -0.0413869 -0.998489 -0.0358713 0 0.00866922 0.0355422 -0.999331 0 -0.156441 -0.397042 0.534268 1 
0.999096 -0.0416691 0.00718736 0 -0.0413857 -0.99849 -0.0358695 0 0.00867132 0.0355403 -0.999331 0 -0.156439 -0.397043 0.534268 1 
0.999096 -0.0416718 0.00719152 0 -0.0413883 -0.998489 -0.0358777 0 0.00867592 0.0355483 -0.99933 0 -0.15644 -0.397042 0.534265 1 
0.999096 -0.0416659 0.00718981 0 -0.0413825 -0.998489 -0.0358765 0 0.00867394 0.0355472 -0.99933 0 -0.156438 -0.397043 0.534265 1 
0.999096 -0.0416756 0.00718792 0 -0.0413922 -0.998489 -0.0358716 0 0.0086722 0.0355424 -0.999331 0 -0.156441 -0.397041 0.534268 1 
0.999096 -0.0416575 0.00718705 0 -0.0413742 -0.99849 -0.0358694 0 0.00867059 0.0355403 -0.999331 0 -0.156437 -0.397043 0.534269 1 
0.999096 -0.041668 0.00718767 0 -0.0413846 -0.998489 -0.0358744 0 0.0086718 0.0355452 -0.99933 0 -0.156438 -0.397044 0.534266 1 
0.999096 -0.0416727 0.00718893 0 -0.0413893 -0.998489 -0.0358738 0 0.0086732 0.0355445 -0.99933 0 -0.15644 -0.397042 0.534267 1 
0.999096 -0.0416609 0.00718635 0 -0.0413775 -0.99849 -0.0358783 0 0.00867038 0.0355492 -0.99933 0 -0.156435 -0.397044 0.534266 1 
0.999097 -0.0416562 0.00718526 0 -0.0413729 -0.99849 -0.0358714 0 0.00866884 0.0355424 -0.999331 0 -0.156434 -0.397044 0.534269 1 
0.999096 -0.0416719 0.00718924 0 -0.0413885 -0.998489 -0.0358752 0 0.00867354 0.0355459 -0.99933 0 -0.15644 -0.397041 0.534266 1 
0.999096 -0.0416728 0.0071886 0 -0.0413894 -0.998489 -0.035874 0 0.00867288 0.0355447 -0.99933 0 -0.156438 -0.397042 0.534267 1 
0.999097 -0.0416545 0.00718569 0 -0.0413712 -0.99849 -0.0358748 0 0.00866935 0.0355458 -0.99933 0 -0.156432 -0.397044 0.534267 1 
0.999097 -0.0416464 0.00718198 0 -0.0413633 -0.998491 -0.0358641 0 0.00866492 0.0355353 -0.999331 0 -0.156431 -0.397046 0.534272 1 
0.999097 -0.0416451 0.00717756 0 -0.0413622 -0.998491 -0.035856 0 0.00866012 0.0355274 -0.999331 0 -0.156429 -0.397046 0.534276 1 
0.999097 -0.0416478 0.00717664 0 -0.0413649 -0.998491 -0.0358554 0 0.00865927 0.0355268 -0.999331 0 -0.156429 -0.397047 0.534277 1 
0.999096 -0.0416566 0.00718853 0 -0.0413732 -0.99849 -0.0358788 0 0.00867243 0.0355497 -0.99933 0 -0.156435 -0.397043 0.534266 1 
0.999096 -0.0416599 0.007196 0 -0.0413761 -0.998489 -0.0358974 0 0.00868078 0.0355679 -0.99933 0 -0.156436 -0.397044 0.534259 1 
0.999097 -0.0416479 0.00719732 0 -0.0413638 -0.998488 -0.0359242 0 0.00868277 0.0355947 -0.999329 0 -0.156429 -0.397046 0.534248 1 
0.999098 -0.0416285 0.00719818 0 -0.0413444 -0.99849 -0.0359165 0 0.00868262 0.0355871 -0.999329 0 -0.156422 -0.397048 0.53425 1 
0.999097 -0.0416452 0.00719637 0 -0.0413612 -0.998489 -0.0359112 0 0.0086812 0.0355818 -0.999329 0 -0.156429 -0.397046 0.534252 1 
0.999097 -0.0416517 0.00719725 0 -0.0413676 -0.998489 -0.0359159 0 0.00868249 0.0355864 -0.999329 0 -0.156433 -0.397046 0.534249 1 
0.999097 -0.041647 0.0072142 0 -0.041362 -0.998487 -0.0359548 0 0.00870087 0.0356246 -0.999327 0 -0.156432 -0.397052 0.53423 1 
0.999096 -0.0416579 0.00722418 0 -0.0413723 -0.998486 -0.0359777 0 0.00871216 0.035647 -0.999326 0 -0.15644 -0.397054 0.534218 1 
0.999094 -0.0417055 0.00723277 0 -0.0414197 -0.998484 -0.0359709 0 0.00872216 0.0356394 -0.999327 0 -0.156462 -0.39705 0.534217 1 
0.999093 -0.0417423 0.00723442 0 -0.0414564 -0.998483 -0.0359576 0 0.00872456 0.0356257 -0.999327 0 -0.156478 -0.397045 0.534222 1 
0.999093 -0.0417251 0.0072182 0 -0.0414402 -0.998486 -0.0359183 0 0.00870612 0.0355873 -0.999329 0 -0.156472 -0.397049 0.53424 1 
0.999095 -0.0416971 0.00720831 0 -0.0414127 -0.998487 -0.0359112 0 0.00869496 0.0355809 -0.999329 0 -0.156457 -0.397053 0.534244 1 
0.999094 -0.0417082 0.0072127 0 -0.0414236 -0.998486 -0.0359161 0 0.00869994 0.0355855 -0.999329 0 -0.156463 -0.397051 0.534242 1 
0.999093 -0.0417317 0.00722743 0 -0.0414463 -0.998484 -0.0359448 0 0.00871669 0.0356133 -0.999328 0 -0.156475 -0.397047 0.534228 1 
0.999093 -0.0417376 0.0072204 0 -0.0414526 -0.998485 -0.0359209 0 0.00870888 0.0355897 -0.999329 0 -0.156476 -0.397048 0.534238 1 
0.999092 -0.0417542 0.0071986 0 -0.0414705 -0.998486 -0.0358601 0 0.00868518 0.0355297 -0.999331 0 -0.156482 -0.397045 0.534265 1 
0.999095 -0.0417017 0.00719534 0 -0.0414182 -0.998488 -0.0358611 0 0.0086801 0.0355313 -0.999331 0 -0.15646 -0.397051 0.534266 1 
0.999097 -0.0416463 0.0071868 0 -0.0413629 -0.99849 -0.0358791 0 0.00867035 0.0355501 -0.99933 0 -0.156434 -0.397065 0.534258 1 
0.999097 -0.0416409 0.00719771 0 -0.0413568 -0.998489 -0.0359092 0 0.0086823 0.0355798 -0.999329 0 -0.156433 -0.397063 0.534246 1 
0.999093 -0.0417326 0.00722733 0 -0.0414472 -0.998484 -0.0359399 0 0.00871641 0.0356084 -0.999328 0 -0.156471 -0.397041 0.534233 1 
0.999092 -0.0417613 0.0072324 0 -0.0414757 -0.998483 -0.0359389 0 0.00872245 0.035607 -0.999328 0 -0.156481 -0.397038 0.534231 1 
0.999094 -0.0417117 0.00722613 0 -0.0414262 -0.998485 -0.0359561 0 0.00871514 0.0356248 -0.999327 0 -0.156462 -0.397051 0.534224 1 
0.999093 -0.0417349 0.00724296 0 -0.0414486 -0.998483 -0.0359806 0 0.00873378 0.0356484 -0.999326 0 -0.156474 -0.397049 0.534211 1 
0.99909 -0.04179 0.00725673 0 -0.041503 -0.99848 -0.0359951 0 0.0087501 0.0356619 -0.999326 0 -0.156503 -0.397044 0.534201 1 
0.99909 -0.0418067 0.0072761 0 -0.0415187 -0.998478 -0.0360391 0 0.00877187 0.0357049 -0.999324 0 -0.156509 -0.397044 0.534182 1 
0.999092 -0.0417355 0.00731022 0 -0.0414451 -0.998476 -0.0361775 0 0.00880913 0.0358424 -0.999319 0 -0.156487 -0.397073 0.534123 1 
0.999095 -0.0416677 0.00738201 0 -0.0413726 -0.99847 -0.0364114 0 0.00888807 0.0360737 -0.99931 0 -0.156466 -0.397105 0.534023 1 
0.999094 -0.0416697 0.00746547 0 -0.0413696 -0.998462 -0.0366329 0 0.00898064 0.0362916 -0.999301 0 -0.156476 -0.397133 0.533921 1 
0.999093 -0.0416675 0.00756016 0 -0.0413616 -0.998453 -0.0368995 0 0.00908615 0.0365541 -0.99929 0 -0.156481 -0.397156 0.533796 1 
0.999095 -0.0416098 0.00770694 0 -0.0412944 -0.998439 -0.0373471 0 0.00924909 0.0369957 -0.999273 0 -0.156455 -0.397166 0.533591 1 
0.999097 -0.0415215 0.00784678 0 -0.041197 -0.998427 -0.0377678 0 0.00940279 0.0374112 -0.999256 0 -0.156425 -0.397203 0.533393 1 
0.999102 -0.0413443 0.00813957 0 -0.0410006 -0.998403 -0.0386274 0 0.00972378 0.0382597 -0.999221 0 -0.156354 -0.397244 0.532978 1 
0.999108 -0.0411018 0.00864728 0 -0.040724 -0.998357 -0.0400789 0 0.0102806 0.0396918 -0.999159 0 -0.156267 -0.397315 0.532289 1 
0.999112 -0.0408302 0.00945215 0 -0.0403956 -0.998277 -0.0423253 0 0.0111642 0.0419067 -0.999059 0 -0.156181 -0.397446 0.531212 1 
0.999102 -0.0408344 0.0104248 0 -0.0403268 -0.998164 -0.044978 0 0.0122426 0.044518 -0.998934 0 -0.156252 -0.397648 0.529883 1 
0.999083 -0.0409948 0.0115647 0 -0.040395 -0.998018 -0.0480442 0 0.0135116 0.0475339 -0.998778 0 -0.156501 -0.398091 0.528064 1 
0.99906 -0.0411501 0.0128702 0 -0.0404357 -0.997841 -0.0515595 0 0.0149644 0.0509916 -0.998587 0 -0.156826 -0.398739 0.525776 1 
0.999048 -0.0411114 0.0139505 0 -0.0402951 -0.997693 -0.0544644 0 0.0161577 0.0538515 -0.998418 0 -0.157219 -0.39977 0.52314 1 
0.999047 -0.0409167 0.0145457 0 -0.0400433 -0.997619 -0.0559705 0 0.0168015 0.0553358 -0.998326 0 -0.15771 -0.401198 0.520429 1 
0.999057 -0.040642 0.0146586 0 -0.0397601 -0.997622 -0.0561233 0 0.016905 0.0554886 -0.998316 0 -0.158368 -0.403102 0.517537 1 
0.999069 -0.040455 0.0143471 0 -0.03961 -0.997693 -0.0549669 0 0.016538 0.0543485 -0.998385 0 -0.159234 -0.405395 0.514542 1 
0.999087 -0.0401916 0.0137753 0 -0.0394088 -0.997805 -0.0530298 0 0.0158768 0.0524396 -0.998498 0 -0.160238 -0.408097 0.511132 1 
0.999105 -0.0399128 0.0132689 0 -0.0391832 -0.997904 -0.0513222 0 0.0152898 0.0507573 -0.998594 0 -0.16134 -0.411044 0.507224 1 
0.999118 -0.0397995 0.0126222 0 -0.0391351 -0.998016 -0.0491218 0 0.0145524 0.0485854 -0.998713 0 -0.16256 -0.414122 0.503252 1 
0.999133 -0.0397248 0.0116652 0 -0.0391485 -0.998162 -0.0460521 0 0.0134734 0.0455563 -0.998871 0 -0.163811 -0.417237 0.499437 1 
0.999144 -0.0397251 0.0106301 0 -0.0392369 -0.998305 -0.0427506 0 0.0123106 0.0422977 -0.999029 0 -0.165192 -0.420711 0.49517 1 
0.999141 -0.0400298 0.00978995 0 -0.0396086 -0.998405 -0.0399861 0 0.0113752 0.0395647 -0.999152 0 -0.1667 -0.424376 0.490458 1 
0.999141 -0.0402133 0.00901441 0 -0.0398502 -0.998497 -0.0373701 0 0.0105038 0.0369795 -0.999261 0 -0.168147 -0.4279 0.485697 1 
0.999131 -0.0405683 0.0084543 0 -0.0402452 -0.998553 -0.0354025 0 0.00987847 0.0350321 -0.999337 0 -0.169492 -0.431204 0.481049 1 
0.999094 -0.0415326 0.00823306 0 -0.0412264 -0.998548 -0.034404 0 0.00965018 0.034034 -0.999374 0 -0.170999 -0.434813 0.475553 1 
0.999033 -0.0430006 0.00801214 0 -0.0427093 -0.998515 -0.0335358 0 0.00944248 0.0331618 -0.999405 0 -0.172442 -0.438217 0.470264 1 
0.998951 -0.044847 0.00813435 0 -0.04455 -0.998432 -0.0336084 0 0.00962902 0.0332114 -0.999402 0 -0.173797 -0.441589 0.464799 1 
0.998827 -0.0474662 0.00849243 0 -0.047148 -0.998286 -0.0344012 0 0.010111 0.0339611 -0.999372 0 -0.175203 -0.445048 0.458889 1 
0.998692 -0.0502006 0.00861508 0 -0.0498714 -0.998135 -0.0349196 0 0.0103522 0.0344449 -0.999353 0 -0.176563 -0.448379 0.453326 1 
0.998536 -0.0530958 0.00930813 0 -0.052721 -0.997925 -0.0367121 0 0.0112383 0.0361684 -0.999283 0 -0.177895 -0.45166 0.447384 1 
0.998315 -0.0570532 0.00960733 0 -0.0566533 -0.997671 -0.0377351 0 0.0117381 0.037128 -0.999242 0 -0.17926 -0.454981 0.441572 1 
0.998133 -0.060043 0.0103222 0 -0.0595804 -0.997394 -0.0404383 0 0.0127235 0.0397486 -0.999129 0 -0.18064 -0.458308 0.435194 1 
0.998045 -0.0613934 0.0108673 0 -0.0608769 -0.997219 -0.0427666 0 0.013463 0.0420222 -0.999026 0 -0.18201 -0.461527 0.429294 1 
0.998002 -0.0619548 0.0115923 0 -0.0613703 -0.997074 -0.0453578 0 0.0143688 0.0445566 -0.998904 0 -0.183438 -0.464971 0.422932 1 
0.997974 -0.0623166 0.0120924 0 -0.0616805 -0.996965 -0.0472972 0 0.0150033 0.0464564 -0.998808 0 -0.184874 -0.468281 0.417046 1 
0.997968 -0.0622534 0.0128443 0 -0.0615406 -0.996845 -0.0499354 0 0.0159127 0.0490444 -0.99867 0 -0.186246 -0.471579 0.410871 1 
0.997971 -0.0621606 0.0130681 0 -0.0614228 -0.996808 -0.050807 0 0.0161849 0.0499021 -0.998623 0 -0.187871 -0.475393 0.404363 1 
0.99797 -0.0620615 0.0135699 0 -0.0612695 -0.996727 -0.0525544 0 0.0167874 0.0516174 -0.998526 0 -0.189364 -0.478926 0.397738 1 
0.997974 -0.0619879 0.0136416 0 -0.0611842 -0.996707 -0.0530379 0 0.0168848 0.0520968 -0.998499 0 -0.190799 -0.482252 0.391813 1 
0.997978 -0.0619192 0.0136767 0 -0.0611078 -0.996693 -0.0533866 0 0.0169374 0.0524439 -0.99848 0 -0.192405 -0.48592 0.385081 1 
0.997989 -0.0617608 0.0136112 0 -0.0609522 -0.9967 -0.053438 0 0.016867 0.0525019 -0.998478 0 -0.193923 -0.489501 0.378468 1 
0.997992 -0.0617293 0.0134778 0 -0.0609375 -0.996732 -0.0528534 0 0.0166967 0.0519269 -0.998511 0 -0.195497 -0.493151 0.37188 1 
0.998005 -0.0615275 0.0134522 0 -0.0607459 -0.99677 -0.0523439 0 0.0166297 0.0514234 -0.998538 0 -0.196966 -0.496844 0.364881 1 
0.998013 -0.0614295 0.0132771 0 -0.0606797 -0.996846 -0.0509616 0 0.0163661 0.0500556 -0.998612 0 -0.1984 -0.500455 0.358318 1 
0.99803 -0.06114 0.0133706 0 -0.0603987 -0.996903 -0.050178 0 0.0163974 0.0492726 -0.998651 0 -0.199719 -0.504137 0.351057 1 
0.998048 -0.06094 0.0129459 0 -0.0602561 -0.997023 -0.0479037 0 0.015827 0.047031 -0.998768 0 -0.201023 -0.507632 0.344693 1 
0.998082 -0.0604681 0.0124897 0 -0.0598453 -0.997168 -0.0453418 0 0.0151963 0.0445083 -0.998893 0 -0.202373 -0.511667 0.337328 1 
0.998129 -0.0598439 0.0117593 0 -0.0593018 -0.997345 -0.0420252 0 0.0142433 0.04125 -0.999047 0 -0.203579 -0.51557 0.330415 1 
0.99818 -0.0591698 0.0108047 0 -0.0587195 -0.997538 -0.0380843 0 0.0130318 0.0373812 -0.999216 0 -0.204694 -0.519348 0.324168 1 
0.998246 -0.0581674 0.010106 0 -0.0577843 -0.997713 -0.0347787 0 0.0121061 0.0341344 -0.999344 0 -0.205671 -0.523334 0.316726 1 
0.998309 -0.057263 0.00900337 0 -0.0569661 -0.997905 -0.0303523 0 0.0107228 0.0297887 -0.999499 0 -0.206623 -0.52714 0.310288 1 
0.998372 -0.0562945 0.00806499 0 -0.0560643 -0.998069 -0.0263771 0 0.00953449 0.0258825 -0.99962 0 -0.207499 -0.530899 0.303254 1 
0.998429 -0.0554453 0.0067831 0 -0.0552889 -0.998231 -0.0214109 0 0.00795838 0.0210026 -0.999748 0 -0.208407 -0.534598 0.296816 1 
0.998478 -0.0546993 0.00554101 0 -0.054601 -0.998361 -0.0165563 0 0.00643767 0.0162289 -0.999848 0 -0.209287 -0.53821 0.290165 1 
0.99851 -0.0542232 0.0043479 0 -0.054168 -0.998451 -0.0119318 0 0.00498824 0.0116787 -0.999919 0 -0.21008 -0.541531 0.28396 1 
0.998532 -0.053907 0.00298949 0 -0.0538858 -0.998515 -0.00675917 0 0.00334948 0.00658828 -0.999973 0 -0.211047 -0.544877 0.277672 1 
0.998563 -0.053371 0.00200216 0 -0.0533655 -0.998562 -0.00269887 0 0.00214336 0.0025882 -0.999994 0 -0.211845 -0.547993 0.271126 1 
0.998571 -0.0532492 0.000807885 0 -0.0532507 -0.99857 0.00193701 0 0.000703598 -0.0019773 -0.999998 0 -0.212775 -0.550983 0.265088 1 
0.998569 -0.053296 0.000246825 0 -0.0532966 -0.998558 0.0046389 0 -7.65794e-07 -0.00464551 -0.999989 0 -0.213513 -0.553496 0.258785 1 
0.998553 -0.0535926 -0.000336562 0 -0.0535887 -0.998526 0.00739326 0 -0.000732304 -0.00736467 -0.999973 0 -0.214308 -0.555912 0.252853 1 
0.998508 -0.05443 -0.000258039 0 -0.0544261 -0.998475 0.00813151 0 -0.000700257 -0.00810549 -0.999967 0 -0.214927 -0.55788 0.246539 1 
0.998379 -0.0567422 -0.000189835 0 -0.0567383 -0.998339 0.00896781 0 -0.000698387 -0.00894268 -0.99996 0 -0.215651 -0.559978 0.240113 1 
0.998217 -0.0595302 0.000674412 0 -0.0595335 -0.99819 0.00729387 0 0.000238991 -0.00732115 -0.999973 0 -0.216234 -0.561506 0.233635 1 
0.998097 -0.0614884 0.00125247 0 -0.0614952 -0.998077 0.00640322 0 0.000856351 -0.00646818 -0.999979 0 -0.216749 -0.563062 0.227932 1 
0.997937 -0.063998 0.00253196 0 -0.064006 -0.997935 0.00324273 0 0.00231925 -0.00339817 -0.999992 0 -0.217189 -0.564165 0.221823 1 
0.997742 -0.0669052 0.00385416 0 -0.0669054 -0.99775 -7.2235e-05 0 0.00385039 -0.000185796 -0.999993 0 -0.217646 -0.565434 0.215779 1 
0.997547 -0.0696246 0.00573868 0 -0.0695944 -0.997552 -0.00530727 0 0.00609427 0.00489497 -0.999969 0 -0.217983 -0.566258 0.209641 1 
0.997418 -0.07127 0.00760721 0 -0.0711872 -0.997396 -0.010651 0 0.00834667 0.0100822 -0.999914 0 -0.218194 -0.566945 0.204557 1 
0.997338 -0.0720764 0.0101448 0 -0.0718848 -0.997238 -0.0181304 0 0.0114237 0.0173533 -0.999784 0 -0.218397 -0.56739 0.198655 1 
0.997303 -0.0722449 0.0121755 0 -0.0719385 -0.997112 -0.0239614 0 0.0138717 0.0230213 -0.999639 0 -0.218671 -0.568195 0.193744 1 
0.997265 -0.0723801 0.0142738 0 -0.0719274 -0.996948 -0.0300222 0 0.0164036 0.028914 -0.999447 0 -0.218969 -0.568985 0.188604 1 
0.997233 -0.072456 0.0160171 0 -0.0718641 -0.996795 -0.0348719 0 0.0184928 0.033625 -0.999263 0 -0.21939 -0.570217 0.183972 1 
0.997191 -0.0726053 0.0178608 0 -0.0718445 -0.996601 -0.0400755 0 0.0207102 0.0386805 -0.999037 0 -0.219838 -0.571384 0.179043 1 
0.997167 -0.0726355 0.0190418 0 -0.0717607 -0.996477 -0.0431761 0 0.0221112 0.0416882 -0.998886 0 -0.220364 -0.572938 0.175341 1 
0.997131 -0.0727456 0.0204411 0 -0.0717228 -0.996309 -0.0469628 0 0.0237824 0.0453629 -0.998687 0 -0.220907 -0.574416 0.171069 1 
0.997113 -0.0727229 0.0214087 0 -0.0715964 -0.996201 -0.0493709 0 0.0249182 0.0476965 -0.998551 0 -0.221532 -0.576295 0.167445 1 
0.997081 -0.0728292 0.0224924 0 -0.0715796 -0.996064 -0.0520999 0 0.0261988 0.0503388 -0.998389 0 -0.222239 -0.578205 0.163373 1 
0.997063 -0.0728499 0.0232285 0 -0.0715185 -0.99598 -0.0537527 0 0.0270515 0.0519345 -0.998284 0 -0.222986 -0.580306 0.159985 1 
0.997035 -0.0729177 0.0241665 0 -0.0714738 -0.995858 -0.0560227 0 0.028152 0.0541304 -0.998137 0 -0.223714 -0.582318 0.156115 1 
0.997025 -0.072863 0.0247379 0 -0.071355 -0.995801 -0.0571738 0 0.0288004 0.0552396 -0.998058 0 -0.22447 -0.584571 0.152891 1 
0.996997 -0.0729339 0.025662 0 -0.071308 -0.995674 -0.0594073 0 0.0298844 0.0574 -0.997904 0 -0.225214 -0.586632 0.148952 1 
0.996986 -0.0728733 0.0262496 0 -0.0711764 -0.99561 -0.0606292 0 0.0305532 0.0585793 -0.997815 0 -0.22594 -0.588791 0.145748 1 
0.996967 -0.0728485 0.0270399 0 -0.0710461 -0.995503 -0.0625092 0 0.0314726 0.0603997 -0.997678 0 -0.22659 -0.590748 0.142123 1 
0.996954 -0.0727995 0.027636 0 -0.07092 -0.995431 -0.0637884 0 0.0321541 0.0616353 -0.997581 0 -0.227271 -0.592823 0.138824 1 
0.996938 -0.0727967 0.028199 0 -0.070844 -0.99536 -0.0649587 0 0.0327976 0.0627634 -0.997489 0 -0.227982 -0.594883 0.135564 1 
0.996919 -0.072796 0.0288922 0 -0.0707463 -0.995262 -0.066551 0 0.0336006 0.0643032 -0.997365 0 -0.228624 -0.596774 0.132049 1 
0.99691 -0.072775 0.0292369 0 -0.0706862 -0.995233 -0.067048 0 0.0339776 0.0647755 -0.997321 0 -0.229366 -0.598934 0.129153 1 
0.996886 -0.0728295 0.0299146 0 -0.0706432 -0.995131 -0.0685853 0 0.0347646 0.0662597 -0.997197 0 -0.230018 -0.600772 0.125604 1 
0.996887 -0.0727396 0.0301008 0 -0.0705392 -0.995135 -0.0686384 0 0.0349477 0.0663028 -0.997187 0 -0.230755 -0.602968 0.122952 1 
0.99688 -0.0726405 0.0305685 0 -0.0703721 -0.995074 -0.0696867 0 0.0354807 0.0673194 -0.9971 0 -0.231351 -0.604817 0.119755 1 
0.996889 -0.0724124 0.0308028 0 -0.0701154 -0.995066 -0.070053 0 0.0357242 0.0676767 -0.997068 0 -0.231957 -0.606859 0.116935 1 
0.996891 -0.0722818 0.0310518 0 -0.0699574 -0.995056 -0.0703522 0 0.0359842 0.0679625 -0.997039 0 -0.232637 -0.609017 0.113948 1 
0.996888 -0.0721928 0.0313557 0 -0.0698297 -0.99503 -0.0708505 0 0.0363155 0.0684418 -0.996994 0 -0.233215 -0.610837 0.111128 1 
0.996899 -0.0720551 0.0313212 0 -0.0697113 -0.995071 -0.0703942 0 0.0362398 0.0679938 -0.997027 0 -0.233893 -0.612873 0.108912 1 
0.996895 -0.0719771 0.0316188 0 -0.0695917 -0.995038 -0.0709781 0 0.0365713 0.0685586 -0.996977 0 -0.234539 -0.614789 0.105771 1 
0.996903 -0.0718429 0.0316907 0 -0.0694572 -0.995055 -0.070861 0 0.0366256 0.0684417 -0.996983 0 -0.235115 -0.616604 0.103418 1 
0.996913 -0.0717062 0.0316768 0 -0.0693305 -0.995081 -0.0706202 0 0.0365856 0.0682073 -0.997 0 -0.235774 -0.61852 0.100998 1 
0.996925 -0.0714859 0.0318064 0 -0.0690846 -0.995065 -0.0710848 0 0.0367317 0.0686701 -0.996963 0 -0.236324 -0.620184 0.0981884 1 
0.996957 -0.0711371 0.0315676 0 -0.0687688 -0.995118 -0.0706507 0 0.0364401 0.0682662 -0.997001 0 -0.236898 -0.621948 0.0961494 1 
0.996993 -0.0707157 0.0313858 0 -0.0683613 -0.995148 -0.070631 0 0.036229 0.0682743 -0.997009 0 -0.237425 -0.623575 0.0938436 1 
0.997045 -0.0700573 0.0312217 0 -0.0676965 -0.995156 -0.0711529 0 0.036056 0.0688304 -0.996977 0 -0.237844 -0.625075 0.0911927 1 
0.997121 -0.069212 0.0306548 0 -0.0669046 -0.995235 -0.0707951 0 0.0354092 0.0685416 -0.99702 0 -0.238321 -0.626773 0.0891765 1 
0.997189 -0.0684338 0.0301976 0 -0.0661613 -0.995289 -0.0707362 0 0.0348968 0.0685407 -0.997038 0 -0.238808 -0.628431 0.0868401 1 
0.997262 -0.0675365 0.0297855 0 -0.0652853 -0.995329 -0.0709899 0 0.0344415 0.0688523 -0.997032 0 -0.239215 -0.630005 0.0842896 1 
0.997348 -0.0665897 0.0290477 0 -0.0644141 -0.995434 -0.0703085 0 0.0335976 0.0682523 -0.997102 0 -0.239664 -0.631675 0.0825773 1 
0.997424 -0.0657196 0.0283967 0 -0.0636061 -0.995519 -0.069828 0 0.0328592 0.0678433 -0.997155 0 -0.240105 -0.63327 0.0807075 1 
0.997487 -0.0649259 0.0280125 0 -0.0628363 -0.99556 -0.0699421 0 0.0324298 0.0680075 -0.997158 0 -0.240462 -0.634687 0.0784159 1 
0.997553 -0.0641572 0.0274435 0 -0.0621258 -0.995644 -0.0693782 0 0.0317757 0.0675047 -0.997213 0 -0.240837 -0.636184 0.0767224 1 
0.997629 -0.063291 0.0266842 0 -0.0613458 -0.995767 -0.0683088 0 0.0308952 0.0665111 -0.997307 0 -0.241308 -0.638011 0.0750236 1 
0.997674 -0.0627124 0.0263637 0 -0.0607935 -0.995809 -0.0681819 0 0.0305297 0.0664219 -0.997324 0 -0.241646 -0.639317 0.0730253 1 
0.997717 -0.0621458 0.0260764 0 -0.0602525 -0.995854 -0.068003 0 0.030195 0.0662778 -0.997344 0 -0.241929 -0.640557 0.0711874 1 
0.997778 -0.0614374 0.0254073 0 -0.0596162 -0.995953 -0.0671105 0 0.0294282 0.065448 -0.997422 0 -0.242335 -0.642037 0.0697441 1 
0.99783 -0.0608385 0.0247738 0 -0.0590755 -0.996022 -0.066567 0 0.0287256 0.0649603 -0.997474 0 -0.242773 -0.643311 0.0682063 1 
0.997878 -0.0602207 0.0243843 0 -0.0584737 -0.996033 -0.066934 0 0.0283189 0.0653673 -0.997459 0 -0.243114 -0.644231 0.0661892 1 
0.997942 -0.0593844 0.0237864 0 -0.0576672 -0.996053 -0.0673296 0 0.0276914 0.0658206 -0.997447 0 -0.243426 -0.645034 0.0644075 1 
0.998029 -0.0583273 0.0227405 0 -0.0566833 -0.996116 -0.0672422 0 0.0265748 0.0658219 -0.997477 0 -0.243895 -0.646036 0.0628504 1 
0.998119 -0.0572266 0.0215678 0 -0.0556603 -0.996169 -0.0673124 0 0.0253377 0.0659865 -0.997499 0 -0.244445 -0.646934 0.0612727 1 
0.998184 -0.0563615 0.0207835 0 -0.0548309 -0.996165 -0.0680365 0 0.0245389 0.0667747 -0.997466 0 -0.24488 -0.647531 0.0593722 1 
0.998259 -0.0553492 0.0199278 0 -0.053853 -0.996147 -0.0690842 0 0.0236753 0.067892 -0.997412 0 -0.245306 -0.648021 0.0573022 1 
0.998333 -0.0543503 0.0189388 0 -0.0529113 -0.99616 -0.0696178 0 0.0226503 0.0685009 -0.997394 0 -0.245754 -0.648565 0.0557477 1 
0.998411 -0.0532911 0.017773 0 -0.05193 -0.996197 -0.0698232 0 0.0214268 0.0687906 -0.997401 0 -0.246255 -0.649198 0.0544218 1 
0.998487 -0.0522261 0.0166443 0 -0.050938 -0.996224 -0.0701725 0 0.0202467 0.0692199 -0.997396 0 -0.24673 -0.649767 0.0530302 1 
0.998562 -0.0511075 0.0155879 0 -0.0498815 -0.996227 -0.0708847 0 0.0191522 0.0700066 -0.997363 0 -0.247162 -0.650193 0.0514254 1 
0.998625 -0.0501206 0.0146972 0 -0.0489478 -0.996228 -0.0715124 0 0.0182264 0.0706961 -0.997331 0 -0.247513 -0.650579 0.0498467 1 
0.998684 -0.0491928 0.0138127 0 -0.0480786 -0.996245 -0.0718704 0 0.0172966 0.0711131 -0.997318 0 -0.247844 -0.651009 0.0485338 1 
0.998731 -0.048457 0.0130148 0 -0.0474013 -0.996277 -0.0718728 0 0.0164494 0.071166 -0.997329 0 -0.24819 -0.651542 0.0474742 1 
0.998761 -0.0479942 0.0123958 0 -0.0469877 -0.996315 -0.0716228 0 0.0157879 0.070953 -0.997355 0 -0.248545 -0.652169 0.0465237 1 
0.998785 -0.0476239 0.0119251 0 -0.0466543 -0.996343 -0.0714539 0 0.0152847 0.070812 -0.997373 0 -0.248847 -0.652726 0.0455911 1 
0.998814 -0.047123 0.0114577 0 -0.0461858 -0.996355 -0.0715886 0 0.0147897 0.0709759 -0.997368 0 -0.249092 -0.653178 0.044529 1 
0.998847 -0.0465269 0.011001 0 -0.0456181 -0.996353 -0.071972 0 0.0143098 0.0713885 -0.997346 0 -0.24929 -0.653525 0.0433751 1 
0.998878 -0.045944 0.0105923 0 -0.045059 -0.996343 -0.0724602 0 0.013883 0.071903 -0.997315 0 -0.249444 -0.653776 0.0422857 1 
0.99891 -0.0453355 0.0101832 0 -0.044474 -0.996329 -0.0730175 0 0.0134564 0.0724864 -0.997279 0 -0.24956 -0.653947 0.0412908 1 
0.998941 -0.0447381 0.00977506 0 -0.0439012 -0.996318 -0.073514 0 0.0130282 0.0730084 -0.997246 0 -0.249671 -0.654104 0.0403597 1 
0.99897 -0.0441996 0.009275 0 -0.0434009 -0.996341 -0.0734974 0 0.0124899 0.0730206 -0.997252 0 -0.249815 -0.654375 0.0395308 1 
0.999002 -0.0436087 0.00862726 0 -0.0428648 -0.996401 -0.0729969 0 0.0117797 0.0725556 -0.997295 0 -0.24997 -0.654783 0.0387865 1 
0.999039 -0.0429141 0.00773526 0 -0.0422476 -0.9965 -0.0719981 0 0.0107981 0.0716035 -0.997375 0 -0.25017 -0.655288 0.0381295 1 
0.999091 -0.0419315 0.00622017 0 -0.0413958 -0.996689 -0.0698437 0 0.0091284 0.0695241 -0.997539 0 -0.250494 -0.65603 0.0374682 1 
0.999148 -0.040837 0.00415612 0 -0.0404737 -0.996984 -0.0660683 0 0.00684175 0.065845 -0.997806 0 -0.250906 -0.65703 0.0368443 1 
0.999195 -0.0398265 0.00196781 0 -0.0396312 -0.997325 -0.0612688 0 0.00440275 0.0611427 -0.998119 0 -0.251282 -0.658156 0.0362377 1 
0.999234 -0.038887 -0.000221411 0 -0.0388383 -0.997664 -0.0560202 0 0.0019576 0.055987 -0.99843 0 -0.251611 -0.659325 0.0356155 1 
0.99926 -0.0381488 -0.00221918 0 -0.0382122 -0.997972 -0.0507272 0 -0.000279503 0.0507755 -0.99871 0 -0.251896 -0.660448 0.0350907 1 
0.999273 -0.0376892 -0.00372778 0 -0.0378211 -0.998212 -0.0460767 0 -0.00198455 0.0461851 -0.998931 0 -0.252056 -0.661393 0.0346416 1 
0.999282 -0.0373686 -0.00452203 0 -0.0375295 -0.998349 -0.0432645 0 -0.00289789 0.043404 -0.999053 0 -0.252036 -0.66197 0.0341856 1 
0.999292 -0.0370856 -0.00459957 0 -0.0372491 -0.998375 -0.0429058 0 -0.00300097 0.0430476 -0.999069 0 -0.251848 -0.662047 0.0336818 1 
0.999301 -0.0368569 -0.00438467 0 -0.0370129 -0.998358 -0.0435078 0 -0.00277397 0.0436405 -0.999043 0 -0.25162 -0.661916 0.0332621 1 
0.999312 -0.0365929 -0.004177 0 -0.0367416 -0.998342 -0.0440879 0 -0.00255682 0.0442119 -0.999019 0 -0.251369 -0.661799 0.0328615 1 
0.999322 -0.0363189 -0.00403544 0 -0.0364627 -0.998333 -0.0445181 0 -0.00241191 0.044636 -0.999 0 -0.251138 -0.661735 0.0325544 1 
0.999332 -0.0360796 -0.00392598 0 -0.0362195 -0.998328 -0.0448234 0 -0.00230226 0.0449365 -0.998987 0 -0.250949 -0.661702 0.0323359 1 
0.999341 -0.0358383 -0.00384581 0 -0.0359754 -0.998327 -0.0450564 0 -0.00222468 0.0451659 -0.998977 0 -0.250761 -0.661694 0.0321611 1 
0.999349 -0.0355967 -0.0037829 0 -0.0357315 -0.998327 -0.0452522 0 -0.00216579 0.0453588 -0.998968 0 -0.250582 -0.661697 0.0320219 1 
0.999356 -0.0354126 -0.00373376 0 -0.0355458 -0.998326 -0.0454089 0 -0.0021195 0.0455132 -0.998961 0 -0.250445 -0.661696 0.0319095 1 
0.999361 -0.0352934 -0.00369307 0 -0.0354251 -0.998325 -0.0455347 0 -0.00207985 0.0456373 -0.998956 0 -0.25035 -0.66169 0.0318163 1 
0.999363 -0.0352422 -0.00362695 0 -0.0353713 -0.998318 -0.045727 0 -0.00200937 0.045827 -0.998947 0 -0.250297 -0.661646 0.0316822 1 
0.999362 -0.0352601 -0.00354881 0 -0.0353861 -0.998305 -0.0459885 0 -0.00192127 0.0460856 -0.998936 0 -0.250278 -0.661566 0.0315027 1 
0.99936 -0.0353307 -0.00343673 0 -0.0354522 -0.998286 -0.0463513 0 -0.00179325 0.0464443 -0.998919 0 -0.250289 -0.66144 0.0312339 1 
0.999355 -0.0354964 -0.0032613 0 -0.0356106 -0.998249 -0.0470236 0 -0.00158645 0.0471103 -0.998888 0 -0.250339 -0.661202 0.0308172 1 
0.999343 -0.0358637 -0.00300863 0 -0.0359669 -0.998187 -0.0480556 0 -0.00127975 0.0481331 -0.99884 0 -0.250498 -0.660807 0.0302444 1 
0.999327 -0.036324 -0.00266618 0 -0.036411 -0.998127 -0.0489595 0 -0.000882797 0.0490245 -0.998797 0 -0.250689 -0.660421 0.0295655 1 
0.999312 -0.0367577 -0.00231542 0 -0.0368275 -0.998064 -0.0499322 0 -0.000475555 0.0499841 -0.99875 0 -0.250861 -0.66002 0.0288331 1 
0.999297 -0.0371762 -0.00194775 0 -0.0372272 -0.997996 -0.0509777 0 -4.86933e-05 0.0510154 -0.998698 0 -0.251007 -0.659604 0.0280462 1 
0.999282 -0.0375978 -0.00156732 0 -0.0376284 -0.997924 -0.0520888 0 0.000394366 0.0521113 -0.998641 0 -0.251164 -0.659165 0.027207 1 
0.999264 -0.0380851 -0.00110442 0 -0.0380897 -0.997838 -0.0533877 0 0.000931257 0.0533915 -0.998573 0 -0.251332 -0.658642 0.0262631 1 
0.999249 -0.0385033 -0.000643174 0 -0.0384809 -0.997754 -0.0546598 0 0.00146288 0.0546445 -0.998505 0 -0.251451 -0.658152 0.025298 1 
0.999239 -0.0387509 -0.000218748 0 -0.0387027 -0.99768 -0.0558424 0 0.00194574 0.0558094 -0.99844 0 -0.251467 -0.65773 0.0244042 1 
0.999234 -0.0388742 0.000140887 0 -0.0388032 -0.997616 -0.0569003 0 0.00235255 0.0568523 -0.99838 0 -0.251424 -0.657376 0.0236171 1 
0.999233 -0.0389053 0.000457521 0 -0.038814 -0.997565 -0.0577696 0 0.00270401 0.0577087 -0.99833 0 -0.251335 -0.657103 0.0229672 1 
0.999234 -0.0388732 0.000694491 0 -0.0387662 -0.997529 -0.0584261 0 0.00296404 0.0583556 -0.998291 0 -0.251236 -0.656909 0.0224701 1 
0.999236 -0.0388316 0.000826009 0 -0.038716 -0.997511 -0.0587684 0 0.00310608 0.0586926 -0.998271 0 -0.251164 -0.656814 0.0222041 1 
0.999237 -0.0388032 0.00085491 0 -0.0386858 -0.997508 -0.0588354 0 0.00313584 0.0587585 -0.998267 0 -0.251132 -0.656802 0.0221532 1 
0.999236 -0.0388211 0.000817329 0 -0.038706 -0.997512 -0.058761 0 0.00309652 0.0586856 -0.998272 0 -0.251158 -0.656823 0.0222038 1 
0.999233 -0.0388993 0.00074765 0 -0.0387887 -0.997518 -0.0585973 0 0.00302525 0.0585245 -0.998281 0 -0.251237 -0.656866 0.0222881 1 
0.999228 -0.0390302 0.000676012 0 -0.0389241 -0.997524 -0.0584103 0 0.00295416 0.0583401 -0.998292 0 -0.251358 -0.656915 0.0223626 1 
0.999222 -0.0391926 0.000651354 0 -0.039088 -0.997523 -0.0583195 0 0.00293549 0.0582498 -0.998298 0 -0.251477 -0.656913 0.0224001 1 
0.999217 -0.0393282 0.000644658 0 -0.0392237 -0.997518 -0.0583083 0 0.00293628 0.0582385 -0.998298 0 -0.25157 -0.656884 0.0224014 1 
0.99921 -0.0394926 0.000663552 0 -0.0393865 -0.997508 -0.0583732 0 0.00296726 0.0583021 -0.998295 0 -0.251668 -0.656823 0.0223546 1 
0.999203 -0.039666 0.000697446 0 -0.0395574 -0.997496 -0.058466 0 0.00301487 0.0583929 -0.998289 0 -0.251771 -0.65675 0.0222851 1 
0.999197 -0.0398312 0.000731048 0 -0.0397201 -0.997485 -0.0585446 0 0.00306117 0.0584697 -0.998284 0 -0.25187 -0.656683 0.0222209 1 
0.999191 -0.0399761 0.000770263 0 -0.039862 -0.997472 -0.0586705 0 0.00311379 0.0585934 -0.998277 0 -0.251947 -0.656609 0.0221274 1 
0.999186 -0.0400955 0.000825836 0 -0.0399776 -0.997458 -0.0588148 0 0.00318201 0.0587351 -0.998269 0 -0.252007 -0.656534 0.0220116 1 
0.999181 -0.0402129 0.000885835 0 -0.0400907 -0.997444 -0.0589813 0 0.00325544 0.0588986 -0.998259 0 -0.252065 -0.656452 0.0218768 1 
0.999177 -0.0403032 0.000967321 0 -0.0401753 -0.997428 -0.0592006 0 0.00335087 0.0591142 -0.998246 0 -0.252093 -0.656362 0.0217062 1 
0.999175 -0.0403628 0.00104683 0 -0.0402294 -0.997413 -0.0594149 0 0.00344234 0.0593249 -0.998233 0 -0.252105 -0.656282 0.0215018 1 
0.999175 -0.040364 0.00101159 0 -0.0402333 -0.997423 -0.0592382 0 0.00340014 0.0591497 -0.998243 0 -0.252116 -0.656327 0.0213529 1 
0.999174 -0.0403769 0.00105116 0 -0.0402435 -0.997418 -0.0593175 0 0.00344357 0.0592273 -0.998239 0 -0.25211 -0.656313 0.0212326 1 
0.999174 -0.040383 0.00109601 0 -0.0402466 -0.997411 -0.0594364 0 0.00349347 0.0593444 -0.998231 0 -0.252099 -0.656289 0.0211091 1 
0.999172 -0.0404201 0.00115213 0 -0.0402797 -0.997399 -0.0596074 0 0.00355854 0.0595128 -0.998221 0 -0.252107 -0.656231 0.020966 1 
0.999171 -0.0404627 0.00114667 0 -0.0403226 -0.9974 -0.05956 0 0.00355372 0.0594655 -0.998224 0 -0.252142 -0.656252 0.0209223 1 
0.999171 -0.0404464 0.00111366 0 -0.0403087 -0.997407 -0.0594512 0 0.00351542 0.0593582 -0.998231 0 -0.25215 -0.656313 0.020944 1 
0.999172 -0.0404391 0.0011096 0 -0.0403018 -0.99741 -0.0594191 0 0.00350965 0.0593263 -0.998232 0 -0.252145 -0.656334 0.0209453 1 
0.999171 -0.0404579 0.00111674 0 -0.0403202 -0.99741 -0.0594065 0 0.00351738 0.0593134 -0.998233 0 -0.252148 -0.656341 0.0209444 1 
0.999171 -0.0404675 0.00111824 0 -0.0403296 -0.997409 -0.0594131 0 0.00351971 0.0593199 -0.998233 0 -0.252151 -0.656338 0.0209354 1 
0.99917 -0.0404802 0.00113113 0 -0.0403414 -0.997406 -0.0594519 0 0.00353488 0.0593581 -0.99823 0 -0.25215 -0.656325 0.0209032 1 
0.99917 -0.0404696 0.00112853 0 -0.0403311 -0.997408 -0.0594222 0 0.00353046 0.0593286 -0.998232 0 -0.252146 -0.656348 0.0208965 1 
0.999171 -0.0404605 0.00111804 0 -0.0403228 -0.997412 -0.0593694 0 0.00351733 0.0592763 -0.998235 0 -0.252144 -0.656378 0.0209076 1 
0.999171 -0.0404639 0.00110099 0 -0.0403275 -0.997415 -0.0593123 0 0.00349822 0.0592199 -0.998239 0 -0.252153 -0.656404 0.0209301 1 
0.99917 -0.0404736 0.00108886 0 -0.0403379 -0.997416 -0.0592803 0 0.0034854 0.0591883 -0.998241 0 -0.252163 -0.656421 0.0209342 1 
0.99917 -0.0404849 0.00108251 0 -0.0403496 -0.997417 -0.0592582 0 0.00347884 0.0591665 -0.998242 0 -0.252172 -0.656431 0.0209272 1 
0.99917 -0.0404866 0.00103002 0 -0.040355 -0.997427 -0.0590823 0 0.00341947 0.0589928 -0.998253 0 -0.252194 -0.656511 0.0209826 1 
0.99917 -0.0404828 0.000923529 0 -0.0403587 -0.997448 -0.0587329 0 0.00329891 0.058648 -0.998273 0 -0.252235 -0.656672 0.0211131 1 
0.99917 -0.040494 0.000799741 0 -0.0403782 -0.997467 -0.0583934 0 0.00316236 0.0583138 -0.998293 0 -0.252301 -0.656824 0.0212398 1 
0.999168 -0.0405472 0.000672642 0 -0.0404399 -0.997486 -0.0580255 0 0.00302378 0.0579511 -0.998315 0 -0.252392 -0.656979 0.0213772 1 
0.999167 -0.0405625 0.000560765 0 -0.0404627 -0.997505 -0.0576806 0 0.00289909 0.057611 -0.998335 0 -0.252457 -0.657133 0.0215013 1 
0.999168 -0.0405456 0.000452451 0 -0.040453 -0.997525 -0.0573371 0 0.00277615 0.0572722 -0.998355 0 -0.252499 -0.657296 0.0216176 1 
0.99917 -0.0405016 0.000356956 0 -0.0404153 -0.997544 -0.0570376 0 0.00266625 0.0569769 -0.998372 0 -0.25252 -0.657447 0.021719 1 
0.999171 -0.0404769 0.000265325 0 -0.0403967 -0.997562 -0.0567352 0 0.0025612 0.0566786 -0.998389 0 -0.25254 -0.657597 0.0218183 1 
0.999171 -0.0404754 0.000220964 0 -0.040398 -0.997569 -0.0566069 0 0.00251166 0.0565521 -0.998396 0 -0.252548 -0.657673 0.0218385 1 
0.99917 -0.0404851 0.000218668 0 -0.0404079 -0.99757 -0.0565797 0 0.00250882 0.056525 -0.998398 0 -0.252542 -0.6577 0.0218203 1 
0.999168 -0.0405579 0.000237462 0 -0.0404794 -0.997565 -0.0566291 0 0.00253369 0.0565734 -0.998395 0 -0.252511 -0.657701 0.0217658 1 
0.999161 -0.0407117 0.000277687 0 -0.0406303 -0.99755 -0.0567769 0 0.00258854 0.0567191 -0.998387 0 -0.252464 -0.657669 0.0216516 1 
0.999157 -0.04082 0.000346026 0 -0.040734 -0.997533 -0.0570037 0 0.00267212 0.0569426 -0.998374 0 -0.252442 -0.657597 0.0214826 1 
0.999151 -0.0409676 0.000440183 0 -0.0408751 -0.997509 -0.0573166 0 0.00278727 0.0572511 -0.998356 0 -0.252452 -0.657485 0.0212491 1 
0.999141 -0.041204 0.00054639 0 -0.0411042 -0.997483 -0.0576091 0 0.0029188 0.0575382 -0.998339 0 -0.252466 -0.65738 0.0210069 1 
0.999128 -0.0415133 0.000639603 0 -0.0414066 -0.997454 -0.0579003 0 0.00304166 0.0578244 -0.998322 0 -0.252478 -0.65729 0.0207469 1 
0.999115 -0.0418217 0.000740425 0 -0.0417076 -0.997421 -0.058239 0 0.00317423 0.0581577 -0.998302 0 -0.252506 -0.657174 0.0204639 1 
0.999102 -0.0421346 0.000855754 0 -0.0420121 -0.997388 -0.0585902 0 0.00332226 0.0585027 -0.998282 0 -0.252543 -0.657039 0.0201832 1 
0.999086 -0.0425044 0.000902627 0 -0.0423781 -0.997364 -0.0587283 0 0.00339652 0.0586375 -0.998274 0 -0.252609 -0.65697 0.0199569 1 
0.999071 -0.0428574 0.000799552 0 -0.0427375 -0.997367 -0.0584304 0 0.00330168 0.0583431 -0.998291 0 -0.252718 -0.657027 0.0198065 1 
0.999057 -0.0431834 0.000747515 0 -0.0430665 -0.997362 -0.0582679 0 0.00326181 0.0581818 -0.998301 0 -0.252841 -0.657059 0.0197181 1 
0.999045 -0.0434709 0.000727391 0 -0.0433549 -0.997353 -0.0582092 0 0.00325594 0.0581232 -0.998304 0 -0.252961 -0.657072 0.0196518 1 
0.999037 -0.0436506 0.000702834 0 -0.043536 -0.99735 -0.0581152 0 0.0032378 0.0580297 -0.99831 0 -0.253053 -0.657113 0.0196192 1 
0.999033 -0.0437471 0.000681851 0 -0.0436339 -0.997352 -0.0580199 0 0.00321831 0.0579352 -0.998315 0 -0.253103 -0.657159 0.019606 1 
0.999032 -0.0437627 0.00065913 0 -0.0436511 -0.997357 -0.0579198 0 0.00319218 0.0578361 -0.998321 0 -0.253114 -0.657213 0.0196252 1 
0.999032 -0.043774 0.000655869 0 -0.0436627 -0.997359 -0.0578741 0 0.00318757 0.0577905 -0.998324 0 -0.25311 -0.657248 0.0196141 1 
0.999029 -0.043827 0.000669221 0 -0.0437148 -0.997356 -0.0578811 0 0.00320427 0.0577968 -0.998323 0 -0.253114 -0.657259 0.0195665 1 
0.999026 -0.0438972 0.000697599 0 -0.0437833 -0.997353 -0.0578937 0 0.00323719 0.0578079 -0.998322 0 -0.253107 -0.657272 0.0195066 1 
0.999023 -0.0439678 0.000723089 0 -0.043852 -0.997344 -0.0579827 0 0.0032706 0.0578954 -0.998317 0 -0.253108 -0.657254 0.019411 1 
0.999018 -0.0440735 0.000776234 0 -0.0439539 -0.99733 -0.0581522 0 0.0033372 0.0580621 -0.998307 0 -0.253128 -0.657196 0.0192621 1 
0.99901 -0.044251 0.000888282 0 -0.0441238 -0.99731 -0.0583742 0 0.00346908 0.0582783 -0.998294 0 -0.25316 -0.657116 0.0190483 1 
0.999001 -0.0444587 0.001004 0 -0.0443236 -0.997289 -0.0585783 0 0.00360566 0.0584765 -0.998282 0 -0.253186 -0.657056 0.0188125 1 
0.998994 -0.0446128 0.00110851 0 -0.0444705 -0.99727 -0.0587886 0 0.00372828 0.0586813 -0.99827 0 -0.253187 -0.657018 0.0185491 1 
0.998987 -0.0447636 0.00118322 0 -0.0446161 -0.997253 -0.0589639 0 0.00381949 0.0588525 -0.998259 0 -0.253183 -0.656996 0.0183168 1 
0.998976 -0.0450174 0.00124049 0 -0.0448654 -0.997233 -0.0591099 0 0.00389811 0.0589949 -0.998251 0 -0.253179 -0.65698 0.0181131 1 
0.99896 -0.0453557 0.00126773 0 -0.0452012 -0.997212 -0.059209 0 0.00394974 0.0590913 -0.998245 0 -0.253187 -0.65698 0.0179423 1 
0.998951 -0.0455554 0.00130344 0 -0.0453981 -0.997198 -0.059295 0 0.00400107 0.0591748 -0.99824 0 -0.253162 -0.656984 0.0178145 1 
0.998942 -0.0457568 0.00130587 0 -0.0455988 -0.997187 -0.0593291 0 0.00401698 0.0592079 -0.998238 0 -0.253136 -0.657003 0.017732 1 
0.998932 -0.0459783 0.00128736 0 -0.0458212 -0.997179 -0.0592834 0 0.00400955 0.0591622 -0.99824 0 -0.253137 -0.657047 0.0176898 1 
0.998927 -0.0460819 0.00125769 0 -0.0459267 -0.997179 -0.0592123 0 0.00398284 0.0590922 -0.998245 0 -0.253159 -0.657095 0.0176702 1 
0.99892 -0.0462356 0.00122595 0 -0.0460824 -0.997177 -0.0591195 0 0.00395599 0.0590003 -0.99825 0 -0.253188 -0.657153 0.0176468 1 
0.99891 -0.0464556 0.0011864 0 -0.0463048 -0.997174 -0.0589977 0 0.00392389 0.0588796 -0.998257 0 -0.253205 -0.657235 0.0176244 1 
0.998899 -0.0466921 0.00115065 0 -0.0465433 -0.997167 -0.058927 0 0.0038989 0.0588097 -0.998262 0 -0.253221 -0.657308 0.0175502 1 
0.998887 -0.0469519 0.00110943 0 -0.0468055 -0.997162 -0.0588092 0 0.00386756 0.0586929 -0.998269 0 -0.253262 -0.657409 0.0174567 1 
0.998877 -0.0471564 0.00106884 0 -0.0470125 -0.99716 -0.0586746 0 0.00383276 0.0585596 -0.998277 0 -0.253303 -0.657541 0.0173122 1 
0.998867 -0.0473739 0.00105082 0 -0.0472313 -0.997159 -0.058506 0 0.00381956 0.0583912 -0.998286 0 -0.253325 -0.65772 0.0171128 1 
0.998852 -0.0476812 0.00104274 0 -0.0475393 -0.997155 -0.058329 0 0.00382105 0.0582137 -0.998297 0 -0.253347 -0.657921 0.0168662 1 
0.998838 -0.0479916 0.00102055 0 -0.0478515 -0.997157 -0.0580413 0 0.00380322 0.0579262 -0.998314 0 -0.253363 -0.658214 0.0165705 1 
0.998825 -0.0482512 0.000898781 0 -0.0481191 -0.997165 -0.0576754 0 0.00367921 0.0575655 -0.998335 0 -0.253414 -0.658583 0.0162367 1 
0.998819 -0.0483795 0.000897336 0 -0.0482472 -0.997158 -0.0577036 0 0.00368653 0.0575933 -0.998333 0 -0.253465 -0.658743 0.0157804 1 
0.998815 -0.0484653 0.00107716 0 -0.0483205 -0.997124 -0.0582136 0 0.00389548 0.0580936 -0.998304 0 -0.253484 -0.658656 0.0151464 1 
0.998813 -0.0484949 0.00133045 0 -0.0483325 -0.997084 -0.0588896 0 0.0041825 0.0587565 -0.998264 0 -0.253431 -0.658499 0.0144461 1 
0.998814 -0.0484586 0.00156273 0 -0.04828 -0.99705 -0.0594996 0 0.00444148 0.0593547 -0.998227 0 -0.253349 -0.658388 0.0137884 1 
0.998818 -0.048368 0.00173585 0 -0.048177 -0.997026 -0.0599923 0 0.00463249 0.059839 -0.998197 0 -0.253251 -0.658326 0.0132214 1 
0.99882 -0.0483246 0.0018491 0 -0.0481256 -0.997013 -0.0602533 0 0.00475538 0.0600943 -0.998181 0 -0.253203 -0.658327 0.0128288 1 
0.99882 -0.0483315 0.0018829 0 -0.0481299 -0.997006 -0.0603534 0 0.00479433 0.0601927 -0.998175 0 -0.25322 -0.658367 0.0125495 1 
0.998818 -0.0483681 0.0019304 0 -0.0481629 -0.996996 -0.060504 0 0.00485116 0.0603407 -0.998166 0 -0.253244 -0.65836 0.0123023 1 
0.998816 -0.0484139 0.00201357 0 -0.0482024 -0.996979 -0.0607427 0 0.00494837 0.0605749 -0.998151 0 -0.253251 -0.658295 0.012062 1 
0.998811 -0.0485022 0.0021272 0 -0.0482819 -0.996954 -0.0610913 0 0.00508388 0.0609171 -0.99813 0 -0.253252 -0.65818 0.0117701 1 
0.998804 -0.0486498 0.00228117 0 -0.0484175 -0.99692 -0.0615462 0 0.00526845 0.0613633 -0.998102 0 -0.253263 -0.65801 0.0114293 1 
0.998791 -0.0489035 0.00247755 0 -0.0486559 -0.996876 -0.0620534 0 0.00550455 0.061859 -0.99807 0 -0.253252 -0.657826 0.0110429 1 
0.998774 -0.0492408 0.00269261 0 -0.0489755 -0.996821 -0.0626915 0 0.00577114 0.0624839 -0.998029 0 -0.253205 -0.657609 0.0105658 1 
0.998752 -0.049656 0.00293431 0 -0.0493705 -0.996757 -0.0633991 0 0.00607305 0.0631764 -0.997984 0 -0.253128 -0.657378 0.0100312 1 
0.998727 -0.0501531 0.00318281 0 -0.0498456 -0.996679 -0.0642414 0 0.00639427 0.0640022 -0.997929 0 -0.253024 -0.657111 0.00940602 1 
0.998695 -0.050759 0.00346642 0 -0.0504257 -0.996589 -0.0651801 0 0.0067632 0.0649215 -0.997867 0 -0.252951 -0.656794 0.00869274 1 
0.998655 -0.0515217 0.00369714 0 -0.0511668 -0.996504 -0.0658928 0 0.00707926 0.0656163 -0.99782 0 -0.252901 -0.656574 0.00797542 1 
0.998622 -0.0521635 0.00367228 0 -0.0518093 -0.996475 -0.0658317 0 0.00709349 0.065552 -0.997824 0 -0.252885 -0.656605 0.00733611 1 
0.998597 -0.052632 0.0037479 0 -0.0522703 -0.996437 -0.0660507 0 0.00721107 0.0657634 -0.997809 0 -0.252855 -0.656592 0.00662036 1 
0.998566 -0.0532135 0.00391994 0 -0.0528351 -0.99637 -0.0666008 0 0.00744992 0.0662995 -0.997772 0 -0.252814 -0.656511 0.00587491 1 
0.998541 -0.0536593 0.00407562 0 -0.0532658 -0.996314 -0.0670972 0 0.00766114 0.0667835 -0.997738 0 -0.252797 -0.656497 0.00506997 1 
0.99853 -0.0538512 0.00425347 0 -0.0534413 -0.99627 -0.0676039 0 0.0078783 0.0672785 -0.997703 0 -0.252771 -0.656505 0.00421268 1 
0.998521 -0.0540145 0.00445737 0 -0.0535858 -0.996223 -0.0681841 0 0.00812362 0.0678456 -0.997663 0 -0.252748 -0.65649 0.00326873 1 
0.998514 -0.0541109 0.00470351 0 -0.0536596 -0.996172 -0.0688627 0 0.00841188 0.0685093 -0.997615 0 -0.252725 -0.656421 0.00229257 1 
0.998513 -0.054099 0.00500419 0 -0.0536202 -0.99612 -0.0696515 0 0.00875301 0.0692809 -0.997559 0 -0.252653 -0.656341 0.00119223 1 
0.998515 -0.0540484 0.00529939 0 -0.0535417 -0.996065 -0.0704892 0 0.00908854 0.0701021 -0.997498 0 -0.252555 -0.656255 4.42701e-05 1 
0.998515 -0.0540183 0.00561718 0 -0.0534811 -0.996006 -0.0713673 0 0.00945006 0.0709622 -0.997434 0 -0.252466 -0.656166 -0.0011739 1 
0.998513 -0.0540169 0.005935 0 -0.0534484 -0.995943 -0.0722562 0 0.00981417 0.0718329 -0.997368 0 -0.252386 -0.65604 -0.00231388 1 
0.998512 -0.0539973 0.00624415 0 -0.053398 -0.995884 -0.0731058 0 0.0101662 0.072665 -0.997305 0 -0.252297 -0.65589 -0.00333575 1 
0.998511 -0.0539848 0.00645927 0 -0.0533636 -0.995841 -0.0737132 0 0.010412 0.0732602 -0.997259 0 -0.25224 -0.655817 -0.00416538 1 
0.998507 -0.0540336 0.00666688 0 -0.0533906 -0.995795 -0.0743123 0 0.0106544 0.0738469 -0.997213 0 -0.252223 -0.655731 -0.0049845 1 
0.998504 -0.0540783 0.00684862 0 -0.0534162 -0.995755 -0.074835 0 0.0108667 0.0743587 -0.997172 0 -0.252207 -0.655628 -0.00563344 1 
0.9985 -0.0541181 0.00699115 0 -0.0534407 -0.995722 -0.0752453 0 0.0110336 0.0747603 -0.99714 0 -0.2522 -0.655564 -0.00619162 1 
0.998496 -0.0541859 0.00710738 0 -0.0534957 -0.995693 -0.0755919 0 0.011173 0.0750994 -0.997113 0 -0.252231 -0.655525 -0.00674203 1 
0.998488 -0.0543249 0.00721693 0 -0.0536227 -0.995663 -0.0758946 0 0.0113088 0.0753942 -0.99709 0 -0.252305 -0.655486 -0.00727314 1 
0.998477 -0.0545007 0.00730003 0 -0.0537893 -0.995638 -0.0761123 0 0.0114166 0.0756052 -0.997072 0 -0.252424 -0.655485 -0.0077983 1 
0.99846 -0.0548241 0.0072649 0 -0.0541135 -0.995614 -0.0761862 0 0.0114101 0.0756772 -0.997067 0 -0.252671 -0.655481 -0.00816809 1 
0.998442 -0.0551662 0.00714505 0 -0.054468 -0.995624 -0.0758078 0 0.011296 0.075302 -0.997097 0 -0.252972 -0.655577 -0.00806825 1 
0.99843 -0.0554047 0.00699984 0 -0.0547208 -0.995637 -0.0754503 0 0.0111498 0.0749502 -0.997125 0 -0.253197 -0.655676 -0.00789038 1 
0.998414 -0.0556824 0.0070587 0 -0.0549923 -0.995616 -0.0755393 0 0.0112342 0.0750328 -0.997118 0 -0.253358 -0.655581 -0.00797845 1 
0.998404 -0.0558412 0.00717026 0 -0.0551392 -0.995587 -0.0758104 0 0.0113722 0.0752955 -0.997096 0 -0.253416 -0.655449 -0.00817912 1 
0.998403 -0.0558647 0.00722706 0 -0.055156 -0.99557 -0.076013 0 0.0114417 0.0754944 -0.997081 0 -0.253409 -0.655372 -0.00831622 1 
0.998403 -0.055848 0.00729834 0 -0.0551319 -0.995559 -0.0761863 0 0.011521 0.0756638 -0.997067 0 -0.253365 -0.655307 -0.00840833 1 
0.998404 -0.0558209 0.00740387 0 -0.0550938 -0.99554 -0.0764598 0 0.0116391 0.0759313 -0.997045 0 -0.253295 -0.655204 -0.0085536 1 
0.998401 -0.0558486 0.00754801 0 -0.0551056 -0.995507 -0.0768717 0 0.0118075 0.0763343 -0.997012 0 -0.253236 -0.655034 -0.00876991 1 
0.998397 -0.055906 0.00770093 0 -0.0551468 -0.995477 -0.0772301 0 0.011984 0.0766831 -0.996983 0 -0.253177 -0.654874 -0.00893523 1 
0.998397 -0.0558912 0.00775686 0 -0.0551267 -0.995471 -0.0773243 0 0.0120437 0.0767743 -0.996976 0 -0.253115 -0.654844 -0.00896905 1 
0.998394 -0.055931 0.00782576 0 -0.0551591 -0.995457 -0.0774858 0 0.0121243 0.0769313 -0.996963 0 -0.253081 -0.654774 -0.00903963 1 
0.998367 -0.0563873 0.00797774 0 -0.0556009 -0.995423 -0.0776012 0 0.0123172 0.0770324 -0.996953 0 -0.252995 -0.654729 -0.00909892 1 
0.998244 -0.0585089 0.00809872 0 -0.0577055 -0.995295 -0.0777143 0 0.0126078 0.077112 -0.996943 0 -0.252868 -0.654695 -0.00917083 1 
0.997981 -0.0628474 0.00804537 0 -0.0620337 -0.995024 -0.0778412 0 0.0128977 0.0771865 -0.996933 0 -0.252678 -0.654687 -0.00923856 1 
0.99763 -0.0682313 0.00771315 0 -0.0674245 -0.994657 -0.0780541 0 0.0129979 0.0773506 -0.996919 0 -0.252462 -0.654678 -0.00931484 1 
0.99723 -0.0738957 0.00728595 0 -0.0731029 -0.994243 -0.0782191 0 0.0130243 0.0774713 -0.99691 0 -0.252259 -0.654699 -0.00937202 1 
0.996682 -0.0809929 0.00675799 0 -0.0802178 -0.993682 -0.0783653 0 0.0130626 0.0775647 -0.996902 0 -0.252047 -0.654736 -0.00943103 1 
0.995969 -0.0893771 0.00621071 0 -0.0886168 -0.992954 -0.078546 0 0.0131874 0.0776805 -0.996891 0 -0.251802 -0.65476 -0.00950515 1 
0.994833 -0.101295 0.00527578 0 -0.10057 -0.991807 -0.0786512 0 0.0131998 0.0777157 -0.996888 0 -0.251564 -0.654835 -0.00953454 1 
0.993511 -0.113568 0.00431117 0 -0.112878 -0.990465 -0.0788566 0 0.0132259 0.0778598 -0.996877 0 -0.251322 -0.654859 -0.00959469 1 
0.992115 -0.125206 0.00340604 0 -0.124548 -0.989049 -0.0790617 0 0.013268 0.0780156 -0.996864 0 -0.2511 -0.654866 -0.00965995 1 
0.990572 -0.136899 0.00247537 0 -0.136275 -0.987493 -0.0791668 0 0.0132825 0.0780846 -0.996858 0 -0.25086 -0.654922 -0.00968496 1 
0.988768 -0.14939 0.00147721 0 -0.148804 -0.985672 -0.0792981 0 0.0133027 0.0781891 -0.99685 0 -0.250622 -0.654961 -0.00972314 1 
0.986678 -0.162628 0.000445176 0 -0.162078 -0.983559 -0.0795156 0 0.0133696 0.0783856 -0.996833 0 -0.250453 -0.654926 -0.00979412 1 
0.984365 -0.176087 -0.000599676 0 -0.175576 -0.981238 -0.0795355 0 0.013417 0.0783988 -0.996832 0 -0.250359 -0.654943 -0.00979485 1 
0.981889 -0.189399 -0.00154569 0 -0.188921 -0.978759 -0.0795071 0 0.013546 0.0783607 -0.996833 0 -0.250266 -0.654975 -0.00980316 1 
0.979275 -0.202474 -0.00235668 0 -0.202018 -0.976143 -0.0794636 0 0.0137891 0.0782943 -0.996835 0 -0.250164 -0.655006 -0.00981086 1 
0.976629 -0.214863 -0.00329336 0 -0.21444 -0.973485 -0.0795132 0 0.0138787 0.0783626 -0.996828 0 -0.250127 -0.654979 -0.00984504 1 
0.97375 -0.227535 -0.00430292 0 -0.227151 -0.970602 -0.0794705 0 0.0139062 0.0783634 -0.996828 0 -0.250161 -0.654962 -0.00984405 1 
0.970939 -0.239232 -0.00510117 0 -0.238872 -0.967784 -0.0794608 0 0.014073 0.0783716 -0.996825 0 -0.250231 -0.654904 -0.00986442 1 
0.968195 -0.250091 -0.00578737 0 -0.24975 -0.965038 -0.079414 0 0.014276 0.0783351 -0.996825 0 -0.250248 -0.654885 -0.00987958 1 
0.964971 -0.262244 -0.00631925 0 -0.261908 -0.961825 -0.0792274 0 0.0146991 0.0781087 -0.996836 0 -0.250175 -0.654945 -0.00984995 1 
0.96209 -0.272615 -0.0065974 0 -0.272268 -0.958947 -0.0791921 0 0.0152627 0.0779878 -0.996837 0 -0.250083 -0.654943 -0.00987674 1 
0.957975 -0.286733 -0.00697766 0 -0.286371 -0.954843 -0.0790415 0 0.0160015 0.0777195 -0.996847 0 -0.249958 -0.654993 -0.00987916 1 
0.953958 -0.299812 -0.00755981 0 -0.299454 -0.950829 -0.0789493 0 0.0164822 0.0775796 -0.99685 0 -0.24986 -0.655016 -0.00988498 1 
0.949971 -0.312197 -0.0082841 0 -0.311856 -0.946842 -0.0788496 0 0.0167732 0.0774898 -0.996852 0 -0.249803 -0.655031 -0.00989245 1 
0.945852 -0.324445 -0.00894945 0 -0.324118 -0.942727 -0.0787044 0 0.0170987 0.0773449 -0.996858 0 -0.249759 -0.655058 -0.00987812 1 
0.941336 -0.337309 -0.00948316 0 -0.336982 -0.938214 -0.0785946 0 0.0176138 0.0771811 -0.996861 0 -0.249651 -0.655089 -0.00988834 1 
0.937074 -0.348966 -0.00975145 0 -0.348624 -0.933962 -0.0784699 0 0.0182762 0.0769332 -0.996869 0 -0.249474 -0.655161 -0.00988424 1 
0.931632 -0.36324 -0.00997888 0 -0.36287 -0.928531 -0.0783409 0 0.0191912 0.0766074 -0.996877 0 -0.249182 -0.655268 -0.0098893 1 
0.926504 -0.376123 -0.0101276 0 -0.375723 -0.923411 -0.078258 0 0.0200831 0.0763129 -0.996882 0 -0.248787 -0.655404 -0.00990821 1 
0.920815 -0.389834 -0.0105044 0 -0.389418 -0.917727 -0.0781701 0 0.0208336 0.0760723 -0.996885 0 -0.248418 -0.655529 -0.00991713 1 
0.915056 -0.403153 -0.0110194 0 -0.402734 -0.911972 -0.0780577 0 0.0214203 0.0758665 -0.996888 0 -0.24811 -0.655642 -0.0099193 1 
0.90892 -0.416784 -0.011681 0 -0.416372 -0.905835 -0.0779569 0 0.0219106 0.0757217 -0.996888 0 -0.247781 -0.655751 -0.00993098 1 
0.902653 -0.430171 -0.0122844 0 -0.42976 -0.899565 -0.0779072 0 0.0224633 0.075604 -0.996885 0 -0.247469 -0.655831 -0.00995979 1 
0.895672 -0.444501 -0.0130815 0 -0.4441 -0.892571 -0.0779236 0 0.0229614 0.075605 -0.996873 0 -0.247234 -0.655832 -0.010008 1 
0.888555 -0.458533 -0.0140679 0 -0.458162 -0.88545 -0.0777624 0 0.0232006 0.075543 -0.996873 0 -0.247197 -0.655827 -0.00999036 1 
0.881142 -0.472595 -0.0149283 0 -0.472243 -0.878033 -0.0776257 0 0.0235785 0.0754505 -0.996871 0 -0.247264 -0.655783 -0.0100035 1 
0.873559 -0.486447 -0.0156519 0 -0.486104 -0.870449 -0.0774729 0 0.0240628 0.075287 -0.996872 0 -0.247366 -0.655736 -0.00999801 1 
0.866156 -0.499493 -0.0161895 0 -0.499146 -0.863047 -0.0773496 0 0.0246638 0.0750792 -0.996873 0 -0.247421 -0.655711 -0.0100006 1 
0.858404 -0.512683 -0.0167319 0 -0.512333 -0.855296 -0.0772258 0 0.0252821 0.0748647 -0.996873 0 -0.247472 -0.655685 -0.00999791 1 
0.850758 -0.525253 -0.0173531 0 -0.524907 -0.847651 -0.077079 0 0.0257771 0.0746858 -0.996874 0 -0.247502 -0.655673 -0.00999612 1 
0.843801 -0.536333 -0.0180795 0 -0.536005 -0.840692 -0.0769149 0 0.0260532 0.074593 -0.996874 0 -0.247476 -0.655678 -0.00999704 1 
0.836546 -0.547552 -0.0189478 0 -0.547252 -0.833433 -0.0767164 0 0.026215 0.0745474 -0.996873 0 -0.247428 -0.655689 -0.0100006 1 
0.829314 -0.558414 -0.0198043 0 -0.558144 -0.826199 -0.0764951 0 0.0263541 0.0744935 -0.996873 0 -0.247379 -0.655708 -0.00999455 1 
0.822546 -0.568308 -0.0206145 0 -0.568065 -0.819426 -0.0763178 0 0.0264804 0.0744867 -0.99687 0 -0.247293 -0.655722 -0.010007 1 
0.815064 -0.578957 -0.021448 0 -0.578742 -0.811942 -0.0760828 0 0.0266346 0.0744266 -0.996871 0 -0.247191 -0.655762 -0.0100068 1 
0.807262 -0.589756 -0.0222996 0 -0.589569 -0.804138 -0.0758414 0 0.0267965 0.0743724 -0.99687 0 -0.247126 -0.655784 -0.0100091 1 
0.799858 -0.599726 -0.0231525 0 -0.599571 -0.796733 -0.075571 0 0.0268761 0.074329 -0.996872 0 -0.247044 -0.65582 -0.0100011 1 
0.792829 -0.608955 -0.0240068 0 -0.608834 -0.789703 -0.0753067 0 0.0269007 0.074323 -0.996871 0 -0.246961 -0.65585 -0.0100037 1 
0.785236 -0.618682 -0.0248553 0 -0.618593 -0.782108 -0.0750365 0 0.0269847 0.0742981 -0.996871 0 -0.246813 -0.655903 -0.0100049 1 
0.778607 -0.626978 -0.0255093 0 -0.626911 -0.77548 -0.0747996 0 0.0271163 0.074233 -0.996872 0 -0.246653 -0.65597 -0.00999844 1 
0.771215 -0.636017 -0.026274 0 -0.635979 -0.768091 -0.0744871 0 0.0271947 0.0741567 -0.996876 0 -0.24644 -0.65607 -0.00998449 1 
0.763334 -0.645419 -0.0271518 0 -0.645417 -0.760212 -0.0741313 0 0.0272051 0.0741126 -0.996879 0 -0.246186 -0.656182 -0.00997574 1 
0.755919 -0.654054 -0.0279595 0 -0.654084 -0.752797 -0.0738323 0 0.0272429 0.0741005 -0.996879 0 -0.245913 -0.656284 -0.00997508 1 
0.748454 -0.662551 -0.0287056 0 -0.662609 -0.745334 -0.0735314 0 0.0273236 0.0740569 -0.99688 0 -0.24566 -0.656385 -0.0099698 1 
0.740137 -0.671792 -0.0295559 0 -0.671883 -0.737016 -0.0732169 0 0.0274039 0.0740501 -0.996878 0 -0.245352 -0.656493 -0.00998221 1 
0.732072 -0.680532 -0.0304607 0 -0.680663 -0.728952 -0.0728572 0 0.0273778 0.0740716 -0.996877 0 -0.245083 -0.656589 -0.00998466 1 
0.723789 -0.689296 -0.0313193 0 -0.689463 -0.720672 -0.0724824 0 0.0273914 0.0740569 -0.996878 0 -0.244893 -0.656664 -0.00998014 1 
0.715559 -0.697797 -0.0321901 0 -0.698002 -0.712443 -0.0721014 0 0.027379 0.074063 -0.996878 0 -0.244689 -0.656739 -0.00998244 1 
0.707981 -0.705447 -0.0329879 0 -0.705688 -0.704867 -0.0717481 0 0.027363 0.0740769 -0.996877 0 -0.244491 -0.656809 -0.00998508 1 
0.700709 -0.712638 -0.0336908 0 -0.712907 -0.697597 -0.0714327 0 0.0274036 0.0740734 -0.996876 0 -0.24436 -0.656853 -0.00998712 1 
0.693111 -0.719996 -0.0344072 0 -0.720294 -0.69 -0.0711176 0 0.0274639 0.0740771 -0.996874 0 -0.244252 -0.656884 -0.00998994 1 
0.685403 -0.727305 -0.0350828 0 -0.727629 -0.682293 -0.0708001 0 0.027557 0.0740553 -0.996873 0 -0.244146 -0.656919 -0.00999138 1 
0.678288 -0.733917 -0.0356509 0 -0.734261 -0.67518 -0.0705234 0 0.0276881 0.0740137 -0.996873 0 -0.244048 -0.656952 -0.00998258 1 
0.670449 -0.741065 -0.0360745 0 -0.741413 -0.667342 -0.0702971 0 0.0280212 0.0738782 -0.996874 0 -0.243955 -0.656992 -0.00997323 1 
0.662392 -0.748269 -0.0362169 0 -0.748596 -0.659281 -0.0702355 0 0.0286785 0.0736366 -0.996873 0 -0.243768 -0.657062 -0.00997293 1 
0.653683 -0.755887 -0.036262 0 -0.756181 -0.650568 -0.070235 0 0.0294994 0.0733334 -0.996871 0 -0.243576 -0.657135 -0.0099649 1 
0.644923 -0.763386 -0.0360178 0 -0.763621 -0.6418 -0.0704101 0 0.0306344 0.0729145 -0.996868 0 -0.243389 -0.657207 -0.00996099 1 
0.63537 -0.771387 -0.0353198 0 -0.771518 -0.632232 -0.0708835 0 0.032349 0.0722885 -0.996859 0 -0.243114 -0.65731 -0.0099585 1 
0.624305 -0.780422 -0.0341421 0 -0.780396 -0.621149 -0.0716756 0 0.0347305 0.0713932 -0.996843 0 -0.242754 -0.657453 -0.00995505 1 
0.612503 -0.789781 -0.0326424 0 -0.789564 -0.609329 -0.0727137 0 0.0375387 0.070312 -0.996818 0 -0.242331 -0.657634 -0.00994341 1 
0.59993 -0.79943 -0.0312401 0 -0.799021 -0.596737 -0.0738371 0 0.0403863 0.0692599 -0.996781 0 -0.241897 -0.657795 -0.00993919 1 
0.588102 -0.808194 -0.0306392 0 -0.807668 -0.584895 -0.0745038 0 0.0422937 0.0685635 -0.99675 0 -0.241551 -0.657919 -0.00994556 1 
0.576618 -0.816422 -0.0307883 0 -0.81585 -0.573397 -0.0747322 0 0.0433599 0.0682119 -0.996728 0 -0.241273 -0.658002 -0.00995807 1 
0.565998 -0.8238 -0.0313137 0 -0.823227 -0.562766 -0.0746558 0 0.0438801 0.0680346 -0.996718 0 -0.241098 -0.658061 -0.00996414 1 
0.555277 -0.831032 -0.0321492 0 -0.830484 -0.552032 -0.0744186 0 0.0440977 0.0680236 -0.996709 0 -0.240985 -0.658072 -0.00998127 1 
0.545191 -0.837649 -0.0330484 0 -0.837139 -0.541937 -0.0740475 0 0.0441165 0.0680375 -0.996707 0 -0.240943 -0.658077 -0.00998421 1 
0.535187 -0.84404 -0.0339403 0 -0.843568 -0.531926 -0.0736735 0 0.0441305 0.0680614 -0.996705 0 -0.240941 -0.658067 -0.00999035 1 
0.525927 -0.84981 -0.0347163 0 -0.84937 -0.522658 -0.0733399 0 0.044181 0.0680597 -0.996703 0 -0.240973 -0.658049 -0.00999027 1 
0.516794 -0.855364 -0.0354594 0 -0.85495 -0.513512 -0.0731184 0 0.0443349 0.0681044 -0.996693 0 -0.241017 -0.65799 -0.0100027 1 
0.507687 -0.860778 -0.036016 0 -0.860373 -0.504395 -0.0729727 0 0.0446478 0.0680358 -0.996683 0 -0.241071 -0.657949 -0.0100007 1 
0.498297 -0.866228 -0.036467 0 -0.865824 -0.494998 -0.07285 0 0.0450545 0.0678763 -0.996676 0 -0.24116 -0.657917 -0.00999255 1 
0.489564 -0.871174 -0.0369182 0 -0.870774 -0.486258 -0.072708 0 0.0453904 0.067744 -0.99667 0 -0.241266 -0.657878 -0.00999187 1 
0.481247 -0.875777 -0.0373812 0 -0.875384 -0.477934 -0.0725457 0 0.0456689 0.0676366 -0.996664 0 -0.241384 -0.657835 -0.0099908 1 
0.473159 -0.880156 -0.0377747 0 -0.879764 -0.469839 -0.0724322 0 0.0460045 0.067506 -0.996658 0 -0.241504 -0.657789 -0.00999065 1 
0.464894 -0.884535 -0.0381159 0 -0.884139 -0.461569 -0.0723429 0 0.0463976 0.0673329 -0.996651 0 -0.241642 -0.657746 -0.00998401 1 
0.455612 -0.889334 -0.0385251 0 -0.888935 -0.452278 -0.0722457 0 0.0468274 0.0671636 -0.996642 0 -0.241793 -0.657691 -0.00998269 1 
0.444512 -0.894911 -0.0390476 0 -0.894513 -0.441169 -0.0720908 0 0.0472892 0.0669751 -0.996633 0 -0.241981 -0.657624 -0.00998165 1 
0.433634 -0.90021 -0.0395525 0 -0.899812 -0.430281 -0.0719553 0 0.0477571 0.0667934 -0.996623 0 -0.242152 -0.657559 -0.00997854 1 
0.423025 -0.905221 -0.0400609 0 -0.904826 -0.419663 -0.071787 0 0.048172 0.0666171 -0.996615 0 -0.242324 -0.657501 -0.00997264 1 
0.412381 -0.910096 -0.0405882 0 -0.909706 -0.409011 -0.0715934 0 0.0485568 0.0664484 -0.996608 0 -0.242452 -0.657459 -0.00996536 1 
0.401866 -0.914766 -0.0410718 0 -0.914376 -0.398486 -0.0714625 0 0.0490059 0.0662747 -0.996597 0 -0.242549 -0.657422 -0.00996606 1 
0.391552 -0.91921 -0.0414767 0 -0.918813 -0.388162 -0.0713788 0 0.0495134 0.0660591 -0.996586 0 -0.242656 -0.657389 -0.00995789 1 
0.38082 -0.92369 -0.0418725 0 -0.923281 -0.377417 -0.0713317 0 0.0500859 0.0658258 -0.996573 0 -0.242753 -0.657356 -0.00995729 1 
0.370228 -0.927967 -0.0422976 0 -0.927552 -0.366814 -0.0712453 0 0.0505989 0.0656114 -0.996562 0 -0.242839 -0.657329 -0.00994844 1 
0.360416 -0.931805 -0.0426742 0 -0.931382 -0.356994 -0.0711605 0 0.0510742 0.0653947 -0.996552 0 -0.242918 -0.657311 -0.00994067 1 
0.350046 -0.935733 -0.0430331 0 -0.935297 -0.346611 -0.0711479 0 0.0516607 0.065155 -0.996537 0 -0.243022 -0.657274 -0.00993568 1 
0.339912 -0.939445 -0.0434118 0 -0.938999 -0.336466 -0.0710848 0 0.0521746 0.0649274 -0.996525 0 -0.243158 -0.657234 -0.00992859 1 
0.329206 -0.943233 -0.0437662 0 -0.94277 -0.325745 -0.0711019 0 0.05281 0.0646699 -0.996508 0 -0.243282 -0.65719 -0.00992695 1 
0.318433 -0.946912 -0.044029 0 -0.946418 -0.314954 -0.0712615 0 0.0536124 0.0643631 -0.996485 0 -0.243385 -0.657146 -0.00992957 1 
0.307932 -0.950366 -0.0443083 0 -0.949845 -0.304436 -0.0713708 0 0.0543404 0.0640646 -0.996465 0 -0.243472 -0.657118 -0.00992581 1 
0.29816 -0.953462 -0.0446174 0 -0.952922 -0.294649 -0.0714263 0 0.0549568 0.0638146 -0.996447 0 -0.243541 -0.657093 -0.00992744 1 
0.287017 -0.956859 -0.0449786 0 -0.956297 -0.283488 -0.0714958 0 0.0556615 0.0635347 -0.996426 0 -0.243555 -0.657089 -0.00992453 1 
0.276271 -0.959997 -0.045387 0 -0.959422 -0.272725 -0.0714964 0 0.0562593 0.0632989 -0.996408 0 -0.243524 -0.657101 -0.00992328 1 
0.266826 -0.962647 -0.0457726 0 -0.962063 -0.263267 -0.0714509 0 0.0567327 0.0631023 -0.996393 0 -0.243483 -0.65712 -0.00991673 1 
0.257518 -0.965161 -0.0461516 0 -0.964567 -0.253943 -0.0714454 0 0.0572375 0.062916 -0.996376 0 -0.243417 -0.65714 -0.00992162 1 
0.247952 -0.967646 -0.0464966 0 -0.967036 -0.244361 -0.0714799 0 0.0578064 0.0626887 -0.996358 0 -0.24334 -0.657171 -0.00991899 1 
0.23982 -0.969681 -0.0467533 0 -0.969051 -0.236213 -0.0715905 0 0.0583774 0.0624764 -0.996338 0 -0.243259 -0.657196 -0.00992309 1 
0.232956 -0.971345 -0.0469062 0 -0.970687 -0.229331 -0.0717918 0 0.0589787 0.0622568 -0.996316 0 -0.243165 -0.657224 -0.0099277 1 
0.226113 -0.972953 -0.0470722 0 -0.972269 -0.222472 -0.0719694 0 0.0595518 0.0620412 -0.996295 0 -0.243078 -0.657252 -0.00992948 1 
0.219732 -0.974408 -0.0471891 0 -0.973694 -0.216075 -0.0721938 0 0.060151 0.0618123 -0.996274 0 -0.242976 -0.657288 -0.00993179 1 
0.213745 -0.975728 -0.0474156 0 -0.975 -0.210073 -0.0722892 0 0.060575 0.0616829 -0.996256 0 -0.242886 -0.657307 -0.00993969 1 
0.209229 -0.976684 -0.0478811 0 -0.975979 -0.205544 -0.0720941 0 0.0605727 0.0618164 -0.996248 0 -0.242971 -0.6572 -0.00995392 1 
0.206312 -0.977289 -0.0481933 0 -0.976593 -0.202611 -0.0720793 0 0.0606789 0.0619373 -0.996234 0 -0.243129 -0.657044 -0.00995942 1 
0.203664 -0.977837 -0.0483401 0 -0.97713 -0.199946 -0.072244 0 0.0609786 0.0619493 -0.996215 0 -0.243252 -0.656923 -0.00997532 1 
0.199784 -0.97864 -0.0482782 0 -0.977896 -0.196053 -0.0725515 0 0.0615379 0.0617069 -0.996195 0 -0.243334 -0.656897 -0.00996651 1 
0.195324 -0.979545 -0.0481864 0 -0.978752 -0.191576 -0.0729715 0 0.0622487 0.0614168 -0.996169 0 -0.243404 -0.65687 -0.00996692 1 
0.189396 -0.980713 -0.0480815 0 -0.979861 -0.18563 -0.073446 0 0.0631053 0.0610248 -0.996139 0 -0.243534 -0.656838 -0.00995443 1 
0.183087 -0.981911 -0.048074 0 -0.981006 -0.179301 -0.0738791 0 0.0639242 0.0606884 -0.996108 0 -0.243635 -0.6568 -0.00995703 1 
0.176336 -0.983148 -0.0480215 0 -0.98218 -0.172528 -0.0744124 0 0.0648747 0.0602885 -0.996071 0 -0.243663 -0.656795 -0.00995197 1 
0.169778 -0.984301 -0.0480401 0 -0.98328 -0.16595 -0.0748425 0 0.0656966 0.0599447 -0.996037 0 -0.243657 -0.656801 -0.00994754 1 
0.162569 -0.985509 -0.0482007 0 -0.984453 -0.158721 -0.0751071 0 0.0663696 0.0596625 -0.99601 0 -0.243621 -0.656818 -0.00994533 1 
0.155886 -0.986578 -0.0484105 0 -0.985496 -0.15202 -0.075285 0 0.0669164 0.0594454 -0.995986 0 -0.243567 -0.656838 -0.0099482 1 
0.150058 -0.98747 -0.0486461 0 -0.986378 -0.146183 -0.0752996 0 0.0672462 0.0592839 -0.995974 0 -0.243567 -0.656847 -0.00994151 1 
0.14468 -0.988256 -0.048968 0 -0.987171 -0.140796 -0.0751708 0 0.0673948 0.0592166 -0.995968 0 -0.243595 -0.656837 -0.00994096 1 
0.138694 -0.989094 -0.0493696 0 -0.988023 -0.134803 -0.0749605 0 0.0674892 0.059176 -0.995964 0 -0.243645 -0.656819 -0.00994036 1 
0.133377 -0.989806 -0.0497596 0 -0.988753 -0.129478 -0.074727 0 0.0675237 0.0591679 -0.995962 0 -0.243676 -0.656804 -0.00994094 1 
0.127823 -0.990518 -0.0501528 0 -0.989485 -0.123919 -0.0744621 0 0.0675425 0.0591445 -0.995962 0 -0.243729 -0.656788 -0.00993779 1 
0.121613 -0.991279 -0.0505731 0 -0.990263 -0.117704 -0.074196 0 0.0675976 0.0591051 -0.99596 0 -0.243802 -0.656766 -0.00993549 1 
0.115773 -0.99196 -0.050924 0 -0.990952 -0.111854 -0.0740457 0 0.0677556 0.059037 -0.995954 0 -0.243837 -0.656754 -0.00993477 1 
0.111022 -0.99249 -0.0511764 0 -0.991485 -0.107096 -0.0739514 0 0.0679165 0.058952 -0.995948 0 -0.243833 -0.656763 -0.00992686 1 
0.10585 -0.993039 -0.051475 0 -0.992041 -0.101917 -0.0738143 0 0.0680556 0.0588796 -0.995943 0 -0.243855 -0.656759 -0.00992439 1 
0.100064 -0.993621 -0.0518162 0 -0.992634 -0.0961259 -0.0736154 0 0.0681662 0.0588019 -0.99594 0 -0.243931 -0.656743 -0.00991511 1 
0.0951453 -0.994087 -0.0521435 0 -0.993113 -0.0912016 -0.0734078 0 0.0682195 0.05877 -0.995938 0 -0.243971 -0.656731 -0.00991347 1 
0.0905939 -0.994497 -0.0524371 0 -0.993533 -0.0866442 -0.0732445 0 0.0682994 0.0587347 -0.995934 0 -0.243973 -0.656731 -0.00991212 1 
0.0850775 -0.994967 -0.0527489 0 -0.994011 -0.081121 -0.0730866 0 0.068441 0.0586522 -0.99593 0 -0.243997 -0.656732 -0.00990142 1 
0.0796704 -0.9954 -0.0530375 0 -0.994451 -0.0757098 -0.0729083 0 0.0685587 0.058553 -0.995927 0 -0.244014 -0.656747 -0.00988926 1 
0.0742447 -0.995803 -0.053343 0 -0.99486 -0.0702759 -0.0727771 0 0.0687243 0.0584732 -0.995921 0 -0.244012 -0.656751 -0.00988864 1 
0.0694174 -0.996138 -0.0535842 0 -0.995195 -0.0654414 -0.0726932 0 0.0689071 0.058374 -0.995914 0 -0.244026 -0.656756 -0.00988376 1 
0.0650599 -0.996421 -0.0537932 0 -0.995477 -0.0610767 -0.0726388 0 0.0690947 0.0582769 -0.995906 0 -0.244026 -0.656766 -0.0098781 1 
0.0599608 -0.996728 -0.0540252 0 -0.995777 -0.055966 -0.0726455 0 0.0693856 0.058154 -0.995893 0 -0.244019 -0.656769 -0.00987913 1 
0.0544005 -0.997036 -0.0542347 0 -0.996071 -0.0503939 -0.0726886 0 0.0697413 0.057977 -0.995879 0 -0.244051 -0.656768 -0.00987294 1 
0.0486038 -0.997325 -0.0544177 0 -0.996341 -0.0445841 -0.0727908 0 0.0701712 0.0577575 -0.995861 0 -0.244054 -0.656785 -0.00986152 1 
0.0418309 -0.997621 -0.0546214 0 -0.996605 -0.0377909 -0.0730107 0 0.0707742 0.0574912 -0.995834 0 -0.244031 -0.656802 -0.00985717 1 
0.0352529 -0.997866 -0.0547799 0 -0.996812 -0.0311913 -0.0733074 0 0.0714437 0.0571907 -0.995804 0 -0.243988 -0.656829 -0.00985292 1 
0.0299801 -0.998032 -0.0549004 0 -0.996941 -0.0258983 -0.0736077 0 0.0720424 0.0569403 -0.995775 0 -0.243983 -0.656832 -0.00985115 1 
0.0250966 -0.998165 -0.054939 0 -0.997027 -0.0209949 -0.0740032 0 0.0727154 0.056634 -0.995743 0 -0.243978 -0.656845 -0.00984236 1 
0.0198387 -0.99828 -0.0549891 0 -0.997091 -0.0157136 -0.0744581 0 0.0734674 0.0563074 -0.995707 0 -0.243901 -0.65688 -0.00984028 1 
0.0147206 -0.998367 -0.0550287 0 -0.997124 -0.0105728 -0.074919 0 0.0742162 0.0559743 -0.99567 0 -0.243838 -0.656913 -0.00983865 1 
0.00964068 -0.998428 -0.0550438 0 -0.997123 -0.00546726 -0.0754723 0 0.0750541 0.0556141 -0.995627 0 -0.243798 -0.656933 -0.00983386 1 
0.00383153 -0.998469 -0.0550005 0 -0.997087 0.000368556 -0.0761514 0 0.0760565 0.0551331 -0.995578 0 -0.243742 -0.656979 -0.00981282 1 
-0.00154175 -0.998467 -0.0551511 0 -0.997039 0.00576846 -0.0765611 0 0.0767634 0.0548708 -0.995538 0 -0.243725 -0.656975 -0.00981803 1 
-0.00587262 -0.998435 -0.0554334 0 -0.997004 0.0101151 -0.076564 0 0.0770064 0.0548187 -0.995522 0 -0.243804 -0.656915 -0.00979864 1 
-0.0092398 -0.99839 -0.0557985 0 -0.996973 0.0134986 -0.0764365 0 0.0770681 0.0549244 -0.995512 0 -0.243906 -0.656804 -0.00981429 1 
-0.012171 -0.998341 -0.0561023 0 -0.996935 0.0164452 -0.0763661 0 0.0771635 0.055002 -0.9955 0 -0.244066 -0.656669 -0.00981061 1 
-0.0153803 -0.998284 -0.056333 0 -0.996875 0.0196691 -0.0763864 0 0.0773648 0.0549831 -0.995486 0 -0.244253 -0.656551 -0.0098094 1 
-0.0188322 -0.998214 -0.0565167 0 -0.996787 0.0231395 -0.0765523 0 0.0777249 0.0548946 -0.995462 0 -0.244481 -0.656422 -0.00981826 1 
-0.0231622 -0.998122 -0.0565388 0 -0.996646 0.0274872 -0.0769576 0 0.0783687 0.0545677 -0.99543 0 -0.244671 -0.65636 -0.00980194 1 
-0.026283 -0.998041 -0.0566015 0 -0.996542 0.0306174 -0.077124 0 0.0787074 0.0543797 -0.995413 0 -0.24472 -0.656358 -0.00979619 1 
-0.0274038 -0.998006 -0.0566839 0 -0.996507 0.0317427 -0.0771173 0 0.0787644 0.0543736 -0.995409 0 -0.244677 -0.656368 -0.00980374 1 
-0.0281561 -0.997982 -0.0567486 0 -0.996484 0.0324977 -0.0770942 0 0.0787843 0.0543794 -0.995407 0 -0.244652 -0.656372 -0.00980975 1 
-0.0291599 -0.99795 -0.0567965 0 -0.99645 0.0335042 -0.0771022 0 0.0788486 0.0543477 -0.995404 0 -0.244651 -0.656374 -0.00980954 1 
-0.0303345 -0.997911 -0.0568701 0 -0.996411 0.0346821 -0.0770895 0 0.0789024 0.0543286 -0.995401 0 -0.244636 -0.656378 -0.00980973 1 
-0.0314295 -0.997872 -0.0569607 0 -0.996377 0.0357796 -0.0770324 0 0.078908 0.0543342 -0.9954 0 -0.244635 -0.656375 -0.00981213 1 
-0.032406 -0.997836 -0.05705 0 -0.996344 0.0367598 -0.0769982 0 0.0789302 0.0543472 -0.995398 0 -0.244629 -0.656369 -0.00981818 1 
-0.0335987 -0.997792 -0.0571214 0 -0.996298 0.0379569 -0.0770073 0 0.0790069 0.0543237 -0.995393 0 -0.244643 -0.656358 -0.00982297 1 
-0.034929 -0.997742 -0.0571975 0 -0.996245 0.0392925 -0.0770303 0 0.0791053 0.0542931 -0.995387 0 -0.244639 -0.656355 -0.00982477 1 
-0.0357846 -0.997706 -0.057291 0 -0.996214 0.0401516 -0.076983 0 0.0791083 0.0543204 -0.995385 0 -0.244621 -0.656349 -0.00983513 1 
-0.0361261 -0.997693 -0.0573147 0 -0.996201 0.040494 -0.0769738 0 0.0791186 0.0543172 -0.995384 0 -0.244638 -0.656341 -0.00983498 1 
-0.0364736 -0.997678 -0.0573418 0 -0.996183 0.0408454 -0.0770149 0 0.0791798 0.054315 -0.99538 0 -0.244642 -0.656328 -0.00984131 1 
-0.0367437 -0.997666 -0.0573866 0 -0.996172 0.0411189 -0.0770205 0 0.0792019 0.054338 -0.995377 0 -0.244624 -0.65632 -0.00984897 1 
-0.0370373 -0.997654 -0.0574087 0 -0.996158 0.0414148 -0.0770364 0 0.0792348 0.054336 -0.995374 0 -0.244625 -0.656313 -0.0098525 1 
-0.0373733 -0.997641 -0.0574143 0 -0.996141 0.0417528 -0.0770755 0 0.0792924 0.0543132 -0.995371 0 -0.244633 -0.656308 -0.00984989 1 
-0.037624 -0.99763 -0.0574395 0 -0.99613 0.0420054 -0.0770809 0 0.0793125 0.0543182 -0.995369 0 -0.244621 -0.656306 -0.0098541 1 
-0.0378838 -0.997618 -0.0574737 0 -0.996117 0.0422688 -0.077102 0 0.0793492 0.0543307 -0.995365 0 -0.244613 -0.656296 -0.0098616 1 
-0.0381879 -0.997606 -0.057487 0 -0.996103 0.042574 -0.0771125 0 0.0793769 0.0543193 -0.995364 0 -0.244615 -0.656294 -0.00985966 1 
-0.0382815 -0.997601 -0.0575045 0 -0.9961 0.0426684 -0.0771042 0 0.0793744 0.0543296 -0.995363 0 -0.244627 -0.656284 -0.00986158 1 
-0.0383263 -0.997599 -0.0575162 0 -0.996098 0.0427144 -0.07711 0 0.0793832 0.0543375 -0.995362 0 -0.244622 -0.65628 -0.00986143 1 
-0.0383432 -0.997598 -0.0575281 0 -0.996097 0.0427322 -0.0771104 0 0.079385 0.0543479 -0.995361 0 -0.24462 -0.656275 -0.00986479 1 
-0.0383491 -0.997597 -0.0575284 0 -0.996097 0.0427378 -0.0771034 0 0.0793783 0.0543481 -0.995362 0 -0.244623 -0.656275 -0.00986296 1 
-0.0383517 -0.997597 -0.0575321 0 -0.996097 0.0427404 -0.0770983 0 0.0793736 0.0543517 -0.995362 0 -0.244627 -0.656272 -0.00986174 1 
-0.0383306 -0.997598 -0.0575363 0 -0.996099 0.0427193 -0.0770929 0 0.0793671 0.0543579 -0.995362 0 -0.244616 -0.656274 -0.00986043 1 
-0.0382906 -0.997599 -0.0575311 0 -0.996102 0.042678 -0.0770749 0 0.0793467 0.0543566 -0.995364 0 -0.244609 -0.656281 -0.00985398 1 
-0.0382608 -0.997601 -0.0575321 0 -0.996106 0.0426463 -0.077039 0 0.0793092 0.0543615 -0.995367 0 -0.244618 -0.656281 -0.00984747 1 
-0.038123 -0.997605 -0.0575489 0 -0.99612 0.0425043 -0.0769336 0 0.0791969 0.0543938 -0.995374 0 -0.244631 -0.656281 -0.00983445 1 
-0.0376992 -0.997616 -0.0576424 0 -0.996162 0.0420717 -0.0766266 0 0.0788705 0.0545334 -0.995392 0 -0.244632 -0.656279 -0.0098299 1 
-0.0372738 -0.997627 -0.0577176 0 -0.996204 0.0416361 -0.076319 0 0.0785425 0.0546548 -0.995411 0 -0.244635 -0.656284 -0.00981965 1 
-0.0372051 -0.997631 -0.0576918 0 -0.996209 0.0415639 -0.0762911 0 0.0785098 0.0546357 -0.995415 0 -0.244633 -0.656298 -0.00980481 1 
-0.0371246 -0.997635 -0.0576732 0 -0.996214 0.0414807 -0.076268 0 0.0784814 0.0546245 -0.995418 0 -0.244628 -0.656311 -0.00979343 1 
-0.0370501 -0.997641 -0.0576258 0 -0.99622 0.0414012 -0.0762414 0 0.0784488 0.0545842 -0.995423 0 -0.244607 -0.656341 -0.00976354 1 
-0.0370208 -0.997645 -0.0575671 0 -0.996224 0.0413654 -0.0762073 0 0.0784107 0.0545295 -0.995429 0 -0.244624 -0.656362 -0.00973513 1 
-0.0369583 -0.99765 -0.0575283 0 -0.99623 0.0412978 -0.0761677 0 0.078366 0.0544974 -0.995434 0 -0.244624 -0.656383 -0.00970676 1 
-0.0368694 -0.997656 -0.0574841 0 -0.996238 0.0412022 -0.0761058 0 0.0782974 0.054463 -0.995441 0 -0.244627 -0.656406 -0.00967899 1 
-0.0368977 -0.99767 -0.0572124 0 -0.996248 0.041202 -0.0759763 0 0.0781581 0.0541955 -0.995467 0 -0.244708 -0.656503 -0.00951724 1 
-0.0368565 -0.997683 -0.0570243 0 -0.996261 0.0411393 -0.0758504 0 0.078022 0.0540165 -0.995487 0 -0.244767 -0.656582 -0.00940886 1 
-0.0368906 -0.997691 -0.0568626 0 -0.996265 0.0411567 -0.0757762 0 0.077943 0.0538558 -0.995502 0 -0.244822 -0.656642 -0.00932678 1 
-0.0366936 -0.997703 -0.0567787 0 -0.996283 0.0409468 -0.0756533 0 0.0778059 0.0537927 -0.995516 0 -0.24485 -0.656683 -0.00927385 1 
-0.0367101 -0.997717 -0.05651 0 -0.996292 0.0409365 -0.0755465 0 0.0776888 0.0535282 -0.99554 0 -0.244918 -0.656773 -0.0090706 1 
-0.0367781 -0.997723 -0.0563713 0 -0.996294 0.0409905 -0.075488 0 0.0776282 0.0533871 -0.995552 0 -0.244981 -0.656806 -0.00897534 1 
-0.0367377 -0.997723 -0.0563827 0 -0.996296 0.0409511 -0.0754897 0 0.0776283 0.0534015 -0.995551 0 -0.24495 -0.656813 -0.00898555 1 
-0.0367557 -0.997723 -0.0563709 0 -0.996295 0.0409681 -0.0754872 0 0.0776262 0.0533885 -0.995552 0 -0.244962 -0.656813 -0.00897928 1 
-0.036769 -0.997724 -0.0563603 0 -0.996295 0.04098 -0.0754773 0 0.0776166 0.0533773 -0.995553 0 -0.244975 -0.656813 -0.00897739 1 
-0.0367353 -0.997725 -0.0563537 0 -0.996297 0.040946 -0.0754793 0 0.0776166 0.0533733 -0.995554 0 -0.244957 -0.656822 -0.00897228 1 
-0.0367611 -0.997725 -0.05634 0 -0.996296 0.0409703 -0.0754734 0 0.0776114 0.0533578 -0.995555 0 -0.244974 -0.656821 -0.00896929 1 
-0.0367583 -0.997726 -0.0563306 0 -0.996297 0.0409664 -0.0754662 0 0.0776037 0.053349 -0.995556 0 -0.244973 -0.656827 -0.00896505 1 
-0.0367495 -0.997726 -0.0563299 0 -0.996297 0.0409575 -0.0754645 0 0.0776016 0.053349 -0.995556 0 -0.24497 -0.656828 -0.00896435 1 
-0.0367559 -0.997726 -0.0563186 0 -0.996297 0.0409628 -0.07546 0 0.0775969 0.0533375 -0.995557 0 -0.244977 -0.656831 -0.00896012 1 
-0.0367526 -0.997726 -0.0563198 0 -0.996297 0.0409598 -0.0754657 0 0.0776025 0.0533387 -0.995557 0 -0.244968 -0.656833 -0.00896215 1 
-0.0367579 -0.997727 -0.0563088 0 -0.996297 0.040964 -0.075461 0 0.0775976 0.0533276 -0.995558 0 -0.244975 -0.656835 -0.00895721 1 
-0.0367494 -0.997727 -0.0563116 0 -0.996298 0.0409556 -0.0754593 0 0.0775956 0.053331 -0.995557 0 -0.244973 -0.656836 -0.008957 1 
-0.0367597 -0.997727 -0.0563032 0 -0.996298 0.040965 -0.0754547 0 0.0775911 0.0533221 -0.995558 0 -0.244979 -0.656837 -0.00895348 1 
-0.036769 -0.997727 -0.0563003 0 -0.996297 0.0409742 -0.0754561 0 0.0775929 0.0533184 -0.995558 0 -0.244978 -0.656838 -0.00895345 1 
-0.0367623 -0.997727 -0.0562988 0 -0.996298 0.040967 -0.0754489 0 0.0775853 0.0533178 -0.995559 0 -0.24498 -0.656839 -0.00895076 1 
-0.0367652 -0.997727 -0.0562964 0 -0.996298 0.0409698 -0.0754511 0 0.0775876 0.0533151 -0.995559 0 -0.24498 -0.656839 -0.00895326 1 
-0.0367632 -0.997728 -0.0562841 0 -0.996298 0.0409666 -0.0754463 0 0.0775821 0.0533031 -0.99556 0 -0.244982 -0.656844 -0.00894494 1 
-0.0367675 -0.997729 -0.0562732 0 -0.996298 0.0409699 -0.0754441 0 0.0775798 0.053292 -0.995561 0 -0.244984 -0.656848 -0.00893891 1 
-0.0367612 -0.997729 -0.0562777 0 -0.996299 0.0409639 -0.0754426 0 0.0775781 0.0532971 -0.995561 0 -0.244985 -0.656847 -0.00893916 1 
-0.0367843 -0.997734 -0.0561706 0 -0.996302 0.0409763 -0.0753985 0 0.0775308 0.0531904 -0.99557 0 -0.245012 -0.656881 -0.00888297 1 
-0.0368079 -0.997737 -0.0560885 0 -0.996303 0.0409919 -0.0753685 0 0.0774987 0.053108 -0.995577 0 -0.24504 -0.656904 -0.00882498 1 
-0.0368116 -0.997742 -0.0560077 0 -0.996305 0.040988 -0.0753443 0 0.0774713 0.0530282 -0.995583 0 -0.245049 -0.656938 -0.00877536 1 
-0.0368045 -0.997743 -0.0559915 0 -0.996306 0.0409792 -0.0753356 0 0.0774615 0.053013 -0.995585 0 -0.245054 -0.656949 -0.00877972 1 
-0.0368116 -0.997745 -0.05596 0 -0.996307 0.0409831 -0.0753228 0 0.0774478 0.0529816 -0.995588 0 -0.245059 -0.65696 -0.00875307 1 
-0.0368054 -0.997744 -0.0559716 0 -0.996307 0.0409782 -0.0753291 0 0.0774543 0.0529934 -0.995587 0 -0.245052 -0.656958 -0.00876576 1 
-0.0368095 -0.997744 -0.0559693 0 -0.996307 0.0409821 -0.0753271 0 0.0774524 0.0529909 -0.995587 0 -0.245054 -0.656958 -0.00876227 1 
