-1.96926 -0.365633 0.0201642 -1.91639 0.00181808 1.51558 -1.12404 
-1.96926 -0.365635 0.0201609 -1.91639 0.00181869 1.51558 -1.12405 
-1.96925 -0.365632 0.0201662 -1.9164 0.00182005 1.51557 -1.12405 
-1.96925 -0.365632 0.0201678 -1.91639 0.00181975 1.51558 -1.12405 
-1.96926 -0.365635 0.0201649 -1.91639 0.00181934 1.51558 -1.12405 
-1.96926 -0.365633 0.0201633 -1.91639 0.0018193 1.51557 -1.12405 
-1.96926 -0.36563 0.0201663 -1.91639 0.00181869 1.51558 -1.12405 
-1.96926 -0.365633 0.0201662 -1.91639 0.0018193 1.51557 -1.12405 
-1.96926 -0.365628 0.0201643 -1.91639 0.0018193 1.51558 -1.12405 
-1.96926 -0.365632 0.0201678 -1.91639 0.00182062 1.51558 -1.12405 
-1.96926 -0.365633 0.0201669 -1.91639 0.00182001 1.51558 -1.12405 
-1.96925 -0.365635 0.0201626 -1.91639 0.00181811 1.51558 -1.12405 
-1.96926 -0.365633 0.0201625 -1.91639 0.00181934 1.51558 -1.12405 
-1.96926 -0.365633 0.0201609 -1.91639 0.0018193 1.51558 -1.12405 
-1.96926 -0.365632 0.0201609 -1.91639 0.0018193 1.51558 -1.12405 
-1.96926 -0.365633 0.0201644 -1.91639 0.00182062 1.51558 -1.12405 
-1.96926 -0.365632 0.0201642 -1.91639 0.0018193 1.51558 -1.12405 
-1.96926 -0.365635 0.0201609 -1.91639 0.00182001 1.51557 -1.12405 
-1.96926 -0.365633 0.0201642 -1.91639 0.0018193 1.51558 -1.12405 
-1.96925 -0.365633 0.0201642 -1.91639 0.00182001 1.51558 -1.12405 
-1.96926 -0.365633 0.0201625 -1.91639 0.00181869 1.51558 -1.12405 
-1.96926 -0.365632 0.0201642 -1.91639 0.00182001 1.51558 -1.12405 
-1.96926 -0.365633 0.0201644 -1.91639 0.0018193 1.51558 -1.12405 
-1.96926 -0.365633 0.0201626 -1.91639 0.00181934 1.51558 -1.12405 
-1.96926 -0.365632 0.0201642 -1.91639 0.00181869 1.51558 -1.12405 
-1.96926 -0.365633 0.0201662 -1.91639 0.00181869 1.51558 -1.12405 
-1.96926 -0.365632 0.0201647 -1.91639 0.00181869 1.51558 -1.12405 
-1.96926 -0.365637 0.0201642 -1.91639 0.00181808 1.51558 -1.12405 
-1.96926 -0.365633 0.0201625 -1.91639 0.00181965 1.51557 -1.12405 
-1.96926 -0.365632 0.0201662 -1.91639 0.00181869 1.51558 -1.12405 
-1.96926 -0.36563 0.0201642 -1.91639 0.00182062 1.51558 -1.12405 
-1.96925 -0.365635 0.0201625 -1.91639 0.00182036 1.51558 -1.12405 
-1.96926 -0.365632 0.0201663 -1.91639 0.00182002 1.51558 -1.12405 
-1.96926 -0.365633 0.0201626 -1.91639 0.00182001 1.51558 -1.12405 
-1.96926 -0.36563 0.0201626 -1.91639 0.00182001 1.51558 -1.12405 
-1.96926 -0.365633 0.0201609 -1.91639 0.0018193 1.51558 -1.12405 
-1.96926 -0.365633 0.0201625 -1.91639 0.00182001 1.51557 -1.12405 
-1.96925 -0.365632 0.0201609 -1.91639 0.0018193 1.51558 -1.12405 
-1.96926 -0.365633 0.0201625 -1.91639 0.0018193 1.51558 -1.12404 
-1.96926 -0.36563 0.0201642 -1.91639 0.00182001 1.51558 -1.12405 
-1.96926 -0.365633 0.0201625 -1.91639 0.0018193 1.51558 -1.12405 
-1.96926 -0.365633 0.0201625 -1.91639 0.00181869 1.51558 -1.12405 
-1.96926 -0.365632 0.0201643 -1.91639 0.00181869 1.51557 -1.12404 
-1.96926 -0.365633 0.0201626 -1.91639 0.00181808 1.51558 -1.12405 
-1.96926 -0.365633 0.0201625 -1.91639 0.00181869 1.51558 -1.12405 
-1.96926 -0.365633 0.0201647 -1.91639 0.0018193 1.51558 -1.12405 
-1.96926 -0.365633 0.0201662 -1.91639 0.00181869 1.51558 -1.12405 
-1.96926 -0.365633 0.0201664 -1.91639 0.00182001 1.51558 -1.12405 
-1.96926 -0.365633 0.0201643 -1.91639 0.00182062 1.51558 -1.12405 
-1.96926 -0.365635 0.0201625 -1.91639 0.00181869 1.51558 -1.12405 
-1.96926 -0.365633 0.0201625 -1.91639 0.00181941 1.51557 -1.12405 
-1.96926 -0.365632 0.0201684 -1.91639 0.00181808 1.51558 -1.12405 
-1.96926 -0.365633 0.0201649 -1.91639 0.0018193 1.51558 -1.12405 
-1.96926 -0.365635 0.0201642 -1.91638 0.00181869 1.51558 -1.12405 
-1.96926 -0.365632 0.0201642 -1.91639 0.00182001 1.51558 -1.12405 
-1.96926 -0.365633 0.0201626 -1.91639 0.00182001 1.51558 -1.12405 
-1.96926 -0.36563 0.0201589 -1.91639 0.00181869 1.51558 -1.12405 
-1.96926 -0.365632 0.0201609 -1.9164 0.00181869 1.51557 -1.12404 
-1.96926 -0.365635 0.0201662 -1.91639 0.00181868 1.51557 -1.12404 
-1.96926 -0.365637 0.0201609 -1.91639 0.00181808 1.51557 -1.12404 
-1.96926 -0.36563 0.0201589 -1.91639 0.00181869 1.51558 -1.12405 
-1.96926 -0.36563 0.0201572 -1.91639 0.0018193 1.51558 -1.12405 
-1.96926 -0.365633 0.0201572 -1.91639 0.0018193 1.51557 -1.12405 
-1.96925 -0.365635 0.0201736 -1.91639 0.00182001 1.51558 -1.12404 
-1.96925 -0.365635 0.0201717 -1.91639 0.00182001 1.51558 -1.12405 
-1.96925 -0.365637 0.0201736 -1.91638 0.0018193 1.51558 -1.12404 
-1.96925 -0.365633 0.0201773 -1.91638 0.0018193 1.51558 -1.12404 
-1.96924 -0.365628 0.0201799 -1.91638 0.00182001 1.51558 -1.12405 
-1.96923 -0.365618 0.0201905 -1.91639 0.0018188 1.51558 -1.12405 
-1.96927 -0.365619 0.0201551 -1.91638 0.00181736 1.51558 -1.12405 
-1.96933 -0.365598 0.0200907 -1.91638 0.00181736 1.51558 -1.12405 
-1.96944 -0.365576 0.0200921 -1.9164 0.00181614 1.51558 -1.12406 
-1.96948 -0.365582 0.0200938 -1.9164 0.00181675 1.51558 -1.12405 
-1.96947 -0.365596 0.0200902 -1.91639 0.00181675 1.51559 -1.12405 
-1.96947 -0.365589 0.0200921 -1.91639 0.00181675 1.51558 -1.12405 
-1.9695 -0.365569 0.0200659 -1.9164 0.00181614 1.51558 -1.12406 
-1.9695 -0.365572 0.0200489 -1.91641 0.00181614 1.51558 -1.12405 
-1.9695 -0.365573 0.0200567 -1.91641 0.00181553 1.51558 -1.12406 
-1.96947 -0.365554 0.0200882 -1.91642 0.00181675 1.51558 -1.12406 
-1.96944 -0.365532 0.0201114 -1.91644 0.00181869 1.51558 -1.12407 
-1.96943 -0.365508 0.0201223 -1.91644 0.00181808 1.51558 -1.12406 
-1.96942 -0.365511 0.0201344 -1.91646 0.00182001 1.51557 -1.12406 
-1.96939 -0.365485 0.0201555 -1.91649 0.00182123 1.51557 -1.12406 
-1.96938 -0.365424 0.0201705 -1.91655 0.00182062 1.51555 -1.12406 
-1.9694 -0.365305 0.0201453 -1.91653 0.00182743 1.51559 -1.12406 
-1.96952 -0.36521 0.0201153 -1.91655 0.00182125 1.51656 -1.12406 
-1.96969 -0.365106 0.0201258 -1.91656 0.00182129 1.51788 -1.12406 
-1.96973 -0.364918 0.02013 -1.91656 0.00181993 1.5193 -1.12407 
-1.96982 -0.364561 0.0201189 -1.91657 0.00181423 1.52096 -1.12406 
-1.9701 -0.364042 0.0201158 -1.91659 0.00180253 1.52241 -1.12406 
-1.9705 -0.363159 0.0201115 -1.91669 0.00178673 1.52372 -1.12406 
-1.97075 -0.361905 0.0201175 -1.91713 0.00177441 1.5252 -1.12406 
-1.97088 -0.360198 0.0201146 -1.91796 0.0017321 1.52726 -1.12405 
-1.97091 -0.357947 0.0201214 -1.91892 0.00171205 1.52937 -1.12404 
-1.97089 -0.355002 0.0201576 -1.92008 0.00167488 1.53134 -1.12403 
-1.97089 -0.351472 0.0201673 -1.92144 0.00157471 1.53397 -1.124 
-1.97095 -0.347391 0.0201333 -1.92305 0.00132719 1.53727 -1.12398 
-1.97107 -0.342863 0.0201383 -1.92487 0.000939603 1.54242 -1.12397 
-1.9712 -0.338171 0.0201406 -1.92696 0.000359195 1.54936 -1.12394 
-1.9713 -0.332851 0.0201333 -1.9294 -0.000446736 1.55725 -1.12391 
-1.97133 -0.3259 0.0201405 -1.93241 -0.00163413 1.56735 -1.12391 
-1.97131 -0.31888 0.020165 -1.93522 -0.00368949 1.57804 -1.1239 
-1.97125 -0.312148 0.0201768 -1.93802 -0.00665776 1.5896 -1.12387 
-1.97114 -0.304262 0.0201876 -1.94129 -0.0101609 1.60222 -1.12372 
-1.9711 -0.295344 0.0201755 -1.94474 -0.0139246 1.61599 -1.12348 
-1.97108 -0.28618 0.0201841 -1.94838 -0.0179807 1.63099 -1.12325 
-1.97101 -0.276455 0.0201935 -1.95181 -0.0217269 1.64527 -1.12265 
-1.97101 -0.265855 0.0201754 -1.95488 -0.02536 1.66016 -1.12157 
-1.97101 -0.256046 0.0201738 -1.95763 -0.0286504 1.67482 -1.12075 
-1.97098 -0.244146 0.0201767 -1.96022 -0.0317445 1.68971 -1.11989 
-1.97101 -0.232545 0.0201664 -1.9621 -0.0342468 1.7044 -1.11857 
-1.97101 -0.220471 0.0201439 -1.96365 -0.0364235 1.71848 -1.11735 
-1.97106 -0.207701 0.020143 -1.96469 -0.0384449 1.73261 -1.11643 
-1.97097 -0.194181 0.020162 -1.96537 -0.0398758 1.74657 -1.11541 
-1.97104 -0.181209 0.0201318 -1.96568 -0.0408111 1.76011 -1.11428 
-1.97107 -0.166917 0.020126 -1.96566 -0.0417359 1.77402 -1.11311 
-1.97124 -0.152968 0.0201005 -1.9657 -0.0422198 1.78886 -1.11232 
-1.9713 -0.138653 0.0201105 -1.96564 -0.0424733 1.80321 -1.11201 
-1.97149 -0.124426 0.0200451 -1.96557 -0.0425171 1.81879 -1.11177 
-1.97159 -0.108927 0.0200218 -1.9657 -0.0425332 1.83503 -1.11173 
-1.97187 -0.0942994 0.0200238 -1.96563 -0.0425386 1.85139 -1.11172 
-1.97204 -0.0785319 0.019984 -1.96566 -0.0425412 1.86893 -1.11172 
-1.97221 -0.0630442 0.0200304 -1.96561 -0.0425369 1.88645 -1.11171 
-1.97225 -0.0475559 0.0199968 -1.96552 -0.0425387 1.90436 -1.1117 
-1.97226 -0.031963 0.0200215 -1.96544 -0.0425361 1.92142 -1.11168 
-1.97235 -0.0151584 0.0200051 -1.96517 -0.0425316 1.94124 -1.11166 
-1.97231 0.00100805 0.0200127 -1.965 -0.0425173 1.9593 -1.11156 
-1.97226 0.0161338 0.0200269 -1.9647 -0.0425094 1.97625 -1.11112 
-1.97225 0.0323194 0.0200116 -1.96436 -0.0425064 1.99496 -1.11019 
-1.97209 0.0485326 0.0200423 -1.96382 -0.0424863 2.01217 -1.10856 
-1.972 0.0635181 0.0200371 -1.96325 -0.0424792 2.02941 -1.1051 
-1.97183 0.0786502 0.0200287 -1.96237 -0.0424798 2.04504 -1.10106 
-1.97165 0.0937026 0.0200659 -1.96131 -0.0424737 2.06014 -1.09814 
-1.9714 0.107911 0.0201011 -1.96016 -0.0424712 2.07373 -1.09615 
-1.97094 0.122929 0.0201187 -1.95859 -0.0424686 2.08681 -1.09437 
-1.97055 0.137008 0.0201154 -1.95682 -0.0424486 2.09942 -1.09314 
-1.97 0.15172 0.0201331 -1.95512 -0.0424206 2.11103 -1.09238 
-1.96951 0.16571 0.0201436 -1.95284 -0.0423632 2.12228 -1.09164 
-1.96891 0.180032 0.0201416 -1.95029 -0.0423309 2.13214 -1.09058 
-1.96829 0.192939 0.0201552 -1.94748 -0.0423283 2.14178 -1.08878 
-1.96761 0.206688 0.0201542 -1.94437 -0.0423115 2.15002 -1.08629 
-1.96677 0.219042 0.0201445 -1.94105 -0.0423095 2.15737 -1.08355 
-1.96607 0.232278 0.0201465 -1.93746 -0.0423079 2.16368 -1.08026 
-1.96523 0.244714 0.0201557 -1.93333 -0.0423079 2.16971 -1.07702 
-1.96463 0.257525 0.0201577 -1.92931 -0.0423098 2.17574 -1.07375 
-1.96387 0.268973 0.0201573 -1.92503 -0.0423085 2.18088 -1.0712 
-1.96329 0.280923 0.0201488 -1.92069 -0.0423089 2.1849 -1.06871 
-1.96268 0.292385 0.0201487 -1.91595 -0.042308 2.18894 -1.06581 
-1.96214 0.304438 0.0201507 -1.91119 -0.0423091 2.19255 -1.06301 
-1.96156 0.315505 0.020151 -1.90649 -0.0423073 2.19568 -1.06116 
-1.96098 0.328203 0.0201503 -1.90063 -0.0423063 2.19817 -1.05969 
-1.96059 0.340099 0.020145 -1.89496 -0.0423072 2.20011 -1.05836 
-1.96016 0.351458 0.020153 -1.88909 -0.0423072 2.2016 -1.05708 
-1.95981 0.36313 0.020145 -1.88342 -0.0423083 2.20274 -1.05611 
-1.95945 0.374275 0.0201412 -1.87701 -0.0423114 2.20362 -1.05572 
-1.95918 0.386482 0.0201366 -1.87043 -0.0423139 2.20453 -1.05571 
-1.95883 0.397112 0.0201296 -1.86398 -0.0423139 2.20581 -1.05571 
-1.95853 0.408904 0.0201334 -1.85727 -0.0423165 2.2082 -1.05571 
-1.95816 0.420198 0.0201264 -1.85042 -0.0423232 2.21142 -1.05571 
-1.95786 0.430709 0.0201115 -1.84376 -0.0423305 2.21566 -1.0557 
-1.9576 0.442277 0.0201117 -1.83694 -0.0423293 2.22056 -1.05571 
-1.95734 0.452765 0.0201045 -1.83017 -0.042336 2.22552 -1.05571 
-1.95721 0.463613 0.0201051 -1.82382 -0.04234 2.23058 -1.05571 
-1.95712 0.474007 0.0200986 -1.81722 -0.042362 2.23629 -1.05571 
-1.95715 0.484563 0.0200649 -1.8107 -0.0423619 2.24099 -1.05571 
-1.9572 0.495324 0.020036 -1.80451 -0.0423657 2.24504 -1.05571 
-1.95721 0.505113 0.0200313 -1.79831 -0.0423698 2.24959 -1.05571 
-1.95719 0.515751 0.0200409 -1.79246 -0.0423778 2.2547 -1.05571 
-1.95711 0.525188 0.0200678 -1.78688 -0.0423884 2.25907 -1.05571 
-1.95705 0.534918 0.0200708 -1.7811 -0.0423999 2.26323 -1.05572 
-1.95699 0.545288 0.0200675 -1.77547 -0.0424139 2.26736 -1.05571 
-1.95691 0.554647 0.0200648 -1.76958 -0.0424229 2.27158 -1.05571 
-1.95691 0.564114 0.0200489 -1.76398 -0.0424363 2.27586 -1.05572 
-1.95691 0.573958 0.0200473 -1.75821 -0.0424526 2.27946 -1.05573 
-1.95691 0.582983 0.0200372 -1.75236 -0.0424629 2.28284 -1.05572 
-1.95695 0.592755 0.0200123 -1.74654 -0.042462 2.28655 -1.05572 
-1.95695 0.601988 0.0199953 -1.74089 -0.0424673 2.29073 -1.05574 
-1.95693 0.610714 0.0199967 -1.73513 -0.0424795 2.2949 -1.05574 
-1.95694 0.619641 0.0199866 -1.73001 -0.0424811 2.29829 -1.05574 
-1.95694 0.628224 0.0199632 -1.7247 -0.0424811 2.30134 -1.05574 
-1.95697 0.636301 0.0199342 -1.719 -0.0424817 2.30363 -1.05574 
-1.95704 0.644984 0.0199138 -1.71341 -0.0424817 2.30578 -1.05574 
-1.95711 0.65318 0.019887 -1.70777 -0.0424804 2.30725 -1.05574 
-1.95725 0.660738 0.0198705 -1.70196 -0.0424804 2.30822 -1.05574 
-1.95741 0.668404 0.0198627 -1.6963 -0.0424805 2.30906 -1.05574 
-1.95752 0.676358 0.0198315 -1.69034 -0.0424792 2.30986 -1.05574 
-1.95762 0.68363 0.0198004 -1.68399 -0.0424796 2.31062 -1.05574 
-1.9578 0.690634 0.0197779 -1.67789 -0.0424832 2.31107 -1.05574 
-1.95799 0.698402 0.0197693 -1.67164 -0.0424934 2.31139 -1.05574 
-1.95818 0.70558 0.0197631 -1.66524 -0.0425049 2.31158 -1.05576 
-1.95834 0.712265 0.0197599 -1.65865 -0.0425485 2.31165 -1.0558 
-1.95853 0.719407 0.0197558 -1.65218 -0.0425751 2.31168 -1.05584 
-1.95869 0.726598 0.0197572 -1.64595 -0.0426019 2.31171 -1.05595 
-1.95881 0.732824 0.0197492 -1.63985 -0.0426609 2.31172 -1.05614 
-1.95893 0.738807 0.0197386 -1.63356 -0.042824 2.31172 -1.05658 
-1.95911 0.745798 0.0197374 -1.62683 -0.0431545 2.31173 -1.05745 
-1.95922 0.752327 0.0197391 -1.62098 -0.0436113 2.31173 -1.05828 
-1.95925 0.758622 0.0197427 -1.61461 -0.0441521 2.31174 -1.05903 
-1.95928 0.764572 0.0197224 -1.60805 -0.0446053 2.31174 -1.05963 
-1.95943 0.771332 0.0197295 -1.6013 -0.0448924 2.31174 -1.06007 
-1.95952 0.777579 0.019731 -1.59563 -0.0450139 2.31174 -1.06044 
-1.95959 0.783309 0.0197242 -1.58996 -0.0450908 2.31174 -1.06089 
-1.9597 0.788519 0.0197242 -1.58427 -0.0451134 2.31173 -1.06132 
-1.95982 0.793502 0.0197298 -1.57892 -0.045117 2.31173 -1.0615 
-1.95993 0.799184 0.019731 -1.57353 -0.0451236 2.31173 -1.06159 
-1.96002 0.804338 0.019731 -1.5688 -0.0451272 2.31173 -1.06185 
-1.96008 0.80888 0.0197327 -1.56431 -0.0451314 2.31173 -1.06223 
-1.96013 0.813499 0.019732 -1.55942 -0.045133 2.31173 -1.06293 
-1.96022 0.818087 0.0197291 -1.55461 -0.0451307 2.31173 -1.06354 
-1.96034 0.822661 0.0197376 -1.55024 -0.0451334 2.31173 -1.06411 
-1.96044 0.827226 0.0197359 -1.5463 -0.0451317 2.31173 -1.06515 
-1.96051 0.831487 0.0197391 -1.54254 -0.0451354 2.31173 -1.0665 
-1.96058 0.83547 0.0197544 -1.53862 -0.0451323 2.31173 -1.06736 
-1.96059 0.83908 0.019754 -1.53475 -0.0451338 2.31173 -1.06777 
-1.96059 0.842845 0.0197442 -1.5305 -0.0451311 2.31173 -1.06831 
-1.96064 0.846709 0.0197457 -1.52617 -0.0451328 2.31173 -1.0689 
-1.96071 0.850644 0.019744 -1.52211 -0.0451296 2.31173 -1.06931 
-1.96073 0.854396 0.0197577 -1.51838 -0.0451306 2.31173 -1.06982 
-1.96072 0.857858 0.0197673 -1.51473 -0.0451287 2.31173 -1.0706 
-1.96071 0.860896 0.0197688 -1.51125 -0.0451283 2.31173 -1.0712 
-1.96074 0.864044 0.0197633 -1.50743 -0.0451323 2.31173 -1.07205 
-1.96074 0.866813 0.0197558 -1.50401 -0.0451319 2.31173 -1.07339 
-1.96074 0.8695 0.0197672 -1.50075 -0.0451319 2.31173 -1.07466 
-1.9607 0.872236 0.0197959 -1.49758 -0.0451281 2.31173 -1.07558 
-1.96059 0.87481 0.019798 -1.49485 -0.0451273 2.31173 -1.07614 
-1.96047 0.87714 0.0198137 -1.49267 -0.0451295 2.31173 -1.07647 
-1.96027 0.879106 0.0198638 -1.49091 -0.0451312 2.31173 -1.07679 
-1.95995 0.880743 0.0199407 -1.48944 -0.0451244 2.31173 -1.07693 
-1.95954 0.882016 0.0199313 -1.48821 -0.0451243 2.31173 -1.07693 
-1.95911 0.883087 0.0199378 -1.48721 -0.045125 2.31173 -1.07694 
-1.95863 0.883932 0.0199371 -1.48645 -0.045125 2.31173 -1.07695 
-1.95822 0.884516 0.0199276 -1.48595 -0.045125 2.31173 -1.07696 
-1.95793 0.884946 0.0199365 -1.48567 -0.0451269 2.31173 -1.07699 
-1.9577 0.885335 0.0199313 -1.48546 -0.045125 2.31173 -1.0772 
-1.9576 0.8857 0.0199286 -1.48523 -0.0451256 2.31173 -1.07756 
-1.95759 0.886118 0.0199373 -1.48501 -0.0451237 2.31173 -1.07786 
-1.95759 0.886699 0.0199354 -1.48475 -0.0451269 2.31173 -1.07828 
-1.95761 0.887347 0.0199294 -1.4844 -0.045125 2.31173 -1.07899 
-1.9576 0.888108 0.0199361 -1.48389 -0.0451231 2.31173 -1.07967 
-1.95757 0.889019 0.0199531 -1.48319 -0.0451205 2.31173 -1.07983 
-1.95752 0.890128 0.0199642 -1.48233 -0.0451217 2.31174 -1.07985 
-1.95741 0.891401 0.0199759 -1.48126 -0.0451219 2.31173 -1.07993 
-1.95724 0.892857 0.019995 -1.47996 -0.04512 2.31173 -1.08002 
-1.95707 0.894529 0.0200708 -1.47835 -0.0451189 2.31173 -1.08009 
-1.95681 0.896667 0.0200667 -1.4762 -0.045121 2.31173 -1.08018 
-1.95656 0.898804 0.0200804 -1.47403 -0.045122 2.31173 -1.08027 
-1.95625 0.901071 0.0200823 -1.47177 -0.0451165 2.31173 -1.08031 
-1.95592 0.903202 0.0200793 -1.46971 -0.045115 2.31174 -1.08031 
-1.95554 0.905256 0.0200778 -1.46769 -0.0451138 2.31173 -1.08032 
-1.95522 0.90708 0.0200655 -1.46581 -0.0451051 2.31173 -1.08031 
-1.95505 0.90873 0.0200581 -1.46395 -0.0450931 2.31173 -1.0803 
-1.95502 0.910135 0.0200634 -1.46223 -0.0450804 2.31173 -1.0803 
-1.95501 0.911455 0.0200773 -1.46034 -0.0450722 2.31174 -1.0803 
-1.9549 0.912691 0.0200878 -1.45831 -0.0450626 2.31174 -1.08029 
-1.95478 0.913831 0.0200794 -1.45619 -0.0450497 2.31173 -1.08029 
-1.95473 0.91512 0.0200803 -1.45374 -0.0450498 2.31173 -1.08029 
-1.95466 0.916347 0.0200994 -1.45163 -0.0450502 2.31173 -1.08029 
-1.95448 0.917624 0.0200926 -1.44965 -0.0450502 2.31173 -1.08029 
-1.95431 0.918909 0.0200949 -1.44773 -0.0450502 2.31173 -1.08029 
-1.95416 0.920065 0.0200976 -1.44624 -0.0450521 2.31172 -1.08029 
-1.954 0.921166 0.0200967 -1.44511 -0.0450495 2.31172 -1.08029 
-1.95384 0.922217 0.0200984 -1.44428 -0.0450502 2.31172 -1.08029 
-1.95366 0.923069 0.0201008 -1.44383 -0.045049 2.31172 -1.08029 
-1.95341 0.923789 0.0201019 -1.44376 -0.0450421 2.31172 -1.08029 
-1.95321 0.924323 0.0201011 -1.44376 -0.0450367 2.31172 -1.08029 
-1.95303 0.92481 0.0201056 -1.44376 -0.0450387 2.31172 -1.08029 
-1.95283 0.925195 0.0201119 -1.44375 -0.0450387 2.31172 -1.08029 
-1.95263 0.925451 0.0201168 -1.44375 -0.0450361 2.31172 -1.08029 
-1.95248 0.925602 0.020116 -1.44376 -0.0450378 2.31171 -1.08029 
-1.95239 0.925639 0.0201177 -1.44375 -0.0450324 2.31171 -1.08029 
-1.95231 0.925635 0.0201207 -1.44375 -0.0450339 2.31171 -1.08028 
-1.95226 0.925627 0.020113 -1.44375 -0.0450345 2.31171 -1.08029 
-1.95226 0.925632 0.0201147 -1.44375 -0.0450306 2.31171 -1.08029 
-1.95228 0.925667 0.0201074 -1.44375 -0.0450277 2.31171 -1.08029 
-1.95228 0.925716 0.0201049 -1.44376 -0.0450291 2.31171 -1.08029 
-1.95227 0.925748 0.0201076 -1.44376 -0.0450271 2.31171 -1.08028 
-1.95228 0.925789 0.0201053 -1.44377 -0.0450225 2.31171 -1.08028 
-1.95227 0.925885 0.0201168 -1.44377 -0.0450217 2.3117 -1.08029 
-1.95222 0.926011 0.0201247 -1.44377 -0.0450156 2.3117 -1.08028 
-1.95217 0.926125 0.0201271 -1.44378 -0.0450108 2.31171 -1.08028 
-1.95213 0.92627 0.0201395 -1.4438 -0.0450073 2.3117 -1.08028 
-1.95205 0.926484 0.0201411 -1.4438 -0.0450069 2.3117 -1.08028 
-1.95198 0.926643 0.020141 -1.4438 -0.0450007 2.3117 -1.08028 
-1.95193 0.926786 0.0201536 -1.44381 -0.0449964 2.3117 -1.08027 
-1.95182 0.926977 0.0201714 -1.44389 -0.0449942 2.31169 -1.08027 
-1.95163 0.92716 0.0201663 -1.44399 -0.044993 2.31169 -1.08027 
-1.95147 0.927316 0.0201662 -1.44401 -0.0449843 2.3117 -1.08026 
-1.95132 0.927452 0.0201645 -1.44402 -0.0449821 2.31169 -1.08027 
-1.95116 0.927573 0.0201698 -1.44409 -0.0449795 2.31169 -1.08027 
-1.95099 0.927691 0.0201662 -1.4441 -0.0449819 2.31169 -1.08027 
-1.95081 0.927749 0.0201626 -1.44411 -0.0449767 2.31169 -1.08026 
-1.95065 0.927778 0.0201662 -1.44413 -0.0449737 2.31169 -1.08027 
-1.95054 0.927833 0.02016 -1.44413 -0.0449719 2.31169 -1.08026 
-1.95047 0.927872 0.0201587 -1.44413 -0.0449725 2.31169 -1.08026 
-1.95042 0.927933 0.0201594 -1.44417 -0.0449718 2.31169 -1.08025 
-1.9504 0.928023 0.0201561 -1.44427 -0.0449713 2.31169 -1.08026 
-1.95039 0.928144 0.0201549 -1.44436 -0.0449726 2.31169 -1.08026 
-1.95039 0.928293 0.0201568 -1.44446 -0.0449677 2.31169 -1.08026 
-1.95038 0.928458 0.0201569 -1.44463 -0.0449657 2.31169 -1.08025 
-1.95037 0.928669 0.0201569 -1.44477 -0.0449608 2.31169 -1.08024 
-1.95036 0.928926 0.0201613 -1.44481 -0.0449549 2.31169 -1.08024 
-1.95033 0.929246 0.0201616 -1.44482 -0.0449473 2.31169 -1.08023 
-1.95028 0.929593 0.0201577 -1.44482 -0.0449412 2.31169 -1.08022 
-1.95028 0.929922 0.0201529 -1.44482 -0.0449201 2.31169 -1.0802 
-1.95029 0.930255 0.0201392 -1.44483 -0.0448465 2.31169 -1.08019 
-1.9503 0.93067 0.0201329 -1.44482 -0.0447124 2.31169 -1.08017 
-1.95032 0.931087 0.0201144 -1.44482 -0.0447045 2.31169 -1.08016 
-1.95038 0.931412 0.0201184 -1.44482 -0.0446878 2.31169 -1.08013 
-1.9504 0.931788 0.0201203 -1.44482 -0.0446784 2.31169 -1.07998 
-1.95039 0.932187 0.0201252 -1.44482 -0.0446711 2.31169 -1.07996 
-1.95039 0.932539 0.0201233 -1.44482 -0.0446617 2.3117 -1.07994 
-1.9504 0.932881 0.0201167 -1.44482 -0.0446481 2.31169 -1.07991 
-1.95042 0.933269 0.0201148 -1.44481 -0.044643 2.3117 -1.07988 
-1.95042 0.933663 0.0201157 -1.4448 -0.0446363 2.3117 -1.07985 
-1.95044 0.934006 0.0201062 -1.4448 -0.0446222 2.3117 -1.07982 
-1.95046 0.934379 0.0201108 -1.4448 -0.0446075 2.3117 -1.07972 
-1.95046 0.934812 0.0201169 -1.44476 -0.0445972 2.31172 -1.07967 
-1.95044 0.935167 0.0201384 -1.44467 -0.0445776 2.31174 -1.07967 
-1.95037 0.9355 0.0201407 -1.44447 -0.0445606 2.31175 -1.07966 
-1.95034 0.935729 0.0201409 -1.44434 -0.0445355 2.31174 -1.07963 
-1.95033 0.935927 0.0201379 -1.44423 -0.044531 2.31176 -1.07963 
-1.95034 0.936069 0.0201296 -1.44411 -0.0445249 2.31176 -1.07962 
-1.95034 0.936123 0.0201318 -1.44406 -0.0445069 2.31176 -1.07961 
-1.95033 0.936189 0.0201369 -1.44406 -0.0444848 2.31177 -1.07961 
-1.95034 0.93628 0.0201326 -1.44404 -0.0444835 2.31178 -1.07961 
-1.95035 0.936334 0.0201317 -1.44397 -0.0444679 2.31179 -1.0796 
-1.95034 0.936397 0.0201378 -1.44393 -0.0444514 2.3118 -1.07958 
-1.95033 0.936492 0.0201342 -1.44391 -0.0444513 2.31181 -1.07958 
-1.95034 0.936643 0.0201308 -1.44387 -0.0444446 2.31184 -1.07958 
-1.95034 0.936879 0.0201301 -1.44383 -0.0444311 2.31227 -1.07957 
-1.95034 0.937195 0.0201284 -1.44381 -0.0444203 2.31274 -1.07956 
-1.95035 0.937653 0.0201277 -1.44371 -0.0444071 2.31323 -1.07956 
-1.95035 0.938239 0.0201294 -1.44353 -0.0443973 2.31367 -1.07955 
-1.95035 0.939056 0.0201236 -1.44321 -0.0443705 2.31427 -1.07954 
-1.95036 0.939924 0.0201248 -1.44281 -0.0443139 2.31494 -1.07949 
-1.95038 0.940973 0.0201199 -1.44232 -0.0442641 2.31548 -1.07922 
-1.95042 0.942104 0.0201168 -1.44172 -0.0442269 2.31603 -1.07915 
-1.95047 0.943301 0.0201064 -1.44101 -0.044179 2.31658 -1.07911 
-1.95055 0.944617 0.0201056 -1.4401 -0.044159 2.31703 -1.0791 
-1.95065 0.946031 0.0201045 -1.43901 -0.0441556 2.31737 -1.0791 
-1.95081 0.947583 0.0200937 -1.43771 -0.0441489 2.31748 -1.0791 
-1.95103 0.949186 0.0200876 -1.43622 -0.0441464 2.31754 -1.07909 
-1.95126 0.95078 0.0200906 -1.4346 -0.0441387 2.31777 -1.07909 
-1.95148 0.952341 0.0200854 -1.43307 -0.0441365 2.3179 -1.0791 
-1.95172 0.953837 0.0200871 -1.43169 -0.0441362 2.31795 -1.0791 
-1.95197 0.955174 0.0200888 -1.43055 -0.0441333 2.31797 -1.0791 
-1.95217 0.956338 0.0201198 -1.42978 -0.044058 2.31797 -1.0791 
-1.95218 0.957165 0.0201084 -1.42948 -0.043906 2.31798 -1.0791 
-1.95218 0.95777 0.0201071 -1.42946 -0.043885 2.31799 -1.07909 
-1.95219 0.958272 0.0201003 -1.42946 -0.0438792 2.318 -1.07909 
-1.9522 0.958727 0.0201017 -1.42945 -0.0438532 2.31811 -1.07909 
-1.95219 0.95913 0.0201056 -1.42944 -0.0438161 2.31893 -1.07908 
-1.95216 0.959499 0.0201088 -1.42944 -0.0438169 2.32 -1.07907 
-1.95217 0.959862 0.0201088 -1.42944 -0.0438095 2.3207 -1.07906 
-1.9522 0.960265 0.0201003 -1.42945 -0.0437658 2.32124 -1.07905 
-1.9522 0.960732 0.0201039 -1.42945 -0.0436592 2.32192 -1.07903 
-1.95219 0.961318 0.0201078 -1.42944 -0.0435501 2.32295 -1.07893 
-1.95219 0.962016 0.0201104 -1.42945 -0.043461 2.32462 -1.07857 
-1.95218 0.962885 0.0201209 -1.42945 -0.0432133 2.32705 -1.07815 
-1.95213 0.96388 0.0201406 -1.42945 -0.0428721 2.33011 -1.07766 
-1.95207 0.96515 0.0201434 -1.42945 -0.0425737 2.33407 -1.07746 
-1.95201 0.966628 0.020155 -1.42945 -0.0423214 2.33798 -1.07745 
-1.95198 0.968018 0.0201429 -1.42946 -0.042265 2.3403 -1.07745 
-1.95201 0.969508 0.020138 -1.42941 -0.0421541 2.34172 -1.07742 
-1.95206 0.971018 0.0201219 -1.4294 -0.0420921 2.34314 -1.07741 
-1.95216 0.972549 0.0201286 -1.42939 -0.0420752 2.34443 -1.0774 
-1.95222 0.973979 0.0201163 -1.42936 -0.0420562 2.34523 -1.07736 
-1.9523 0.975149 0.0201067 -1.42935 -0.0420585 2.3453 -1.07734 
-1.95242 0.976169 0.0201067 -1.42934 -0.0420579 2.34533 -1.07734 
-1.95246 0.976947 0.0201231 -1.42908 -0.0420538 2.34581 -1.07734 
-1.95243 0.977563 0.0201252 -1.42865 -0.0420534 2.34654 -1.07733 
-1.95246 0.977955 0.020117 -1.42833 -0.0420476 2.34662 -1.07733 
-1.95249 0.978193 0.020108 -1.42817 -0.0420313 2.34662 -1.07732 
-1.95251 0.978401 0.020108 -1.42816 -0.0420041 2.34663 -1.07731 
-1.95253 0.978741 0.0201157 -1.4281 -0.0419847 2.34666 -1.07731 
-1.95252 0.979318 0.0201165 -1.42786 -0.0419586 2.34673 -1.0773 
-1.95252 0.980279 0.0201227 -1.42747 -0.0418954 2.34706 -1.07729 
-1.95251 0.981752 0.0201167 -1.42689 -0.0418158 2.34792 -1.07728 
-1.95255 0.983757 0.0201046 -1.42614 -0.041756 2.34935 -1.07728 
-1.95269 0.98637 0.0200668 -1.4255 -0.0417125 2.35032 -1.07727 
-1.95298 0.989372 0.020027 -1.4252 -0.0417729 2.35067 -1.07727 
-1.95312 0.990179 0.0200236 -1.42429 -0.0419592 2.35537 -1.07725 
-1.95316 0.990382 0.0200811 -1.4237 -0.0418909 2.35675 -1.07726 
-1.95311 0.990783 0.0200646 -1.42356 -0.0419297 2.35685 -1.07726 
-1.95308 0.990787 0.0200329 -1.42334 -0.0419276 2.35687 -1.07726 
-1.95313 0.99091 0.0200243 -1.4233 -0.0419288 2.35687 -1.07725 
-1.9531 0.990985 0.0200402 -1.4233 -0.0419276 2.35687 -1.07726 
-1.953 0.991007 0.020031 -1.42331 -0.0419401 2.35687 -1.07726 
-1.95295 0.991078 0.0200346 -1.4233 -0.0419384 2.35687 -1.07724 
-1.95292 0.991117 0.02003 -1.4233 -0.0419391 2.35687 -1.07709 
-1.95286 0.991163 0.0200317 -1.42331 -0.0419536 2.35686 -1.07651 
-1.95278 0.9912 0.02003 -1.42333 -0.0419898 2.35685 -1.07614 
-1.95267 0.99124 0.0200249 -1.42335 -0.0419975 2.35685 -1.07577 
-1.95257 0.991283 0.0200232 -1.42335 -0.0419963 2.35685 -1.07473 
-1.95247 0.991328 0.0200268 -1.42335 -0.0420036 2.35685 -1.0726 
-1.95235 0.99135 0.0200284 -1.42335 -0.0420226 2.35685 -1.06939 
-1.95219 0.991392 0.0200285 -1.42334 -0.0420346 2.35685 -1.06501 
-1.95206 0.991421 0.0200285 -1.42332 -0.0420296 2.35686 -1.06029 
-1.95196 0.991423 0.0200389 -1.42332 -0.0420207 2.35686 -1.05507 
-1.95187 0.991438 0.020047 -1.42332 -0.0419975 2.35685 -1.05025 
-1.9518 0.991443 0.0200635 -1.42333 -0.0419512 2.35685 -1.04433 
-1.9517 0.99145 0.0200987 -1.42333 -0.0418872 2.35683 -1.03681 
-1.9515 0.991454 0.0201169 -1.42335 -0.0418891 2.35681 -1.02762 
-1.95128 0.991451 0.0201128 -1.42339 -0.0418879 2.35678 -1.01748 
-1.95108 0.991449 0.0201205 -1.4234 -0.0417746 2.35675 -1.00616 
-1.95097 0.991451 0.0201274 -1.42342 -0.0416243 2.35674 -0.992653 
-1.95089 0.991449 0.0201216 -1.42342 -0.0416268 2.35674 -0.977565 
-1.95088 0.991445 0.0201427 -1.42342 -0.0416115 2.35674 -0.962761 
-1.95085 0.991451 0.0201348 -1.42343 -0.0415551 2.35673 -0.94725 
-1.95086 0.991448 0.0201466 -1.42345 -0.0415202 2.35672 -0.931704 
-1.95082 0.991437 0.020172 -1.42353 -0.0413909 2.35671 -0.915202 
-1.9507 0.99139 0.0201826 -1.42364 -0.0411975 2.35669 -0.897293 
-1.9505 0.991384 0.0201606 -1.42365 -0.0411641 2.35666 -0.879381 
-1.95036 0.991387 0.0202014 -1.42362 -0.0411589 2.35666 -0.862616 
-1.95019 0.991394 0.020195 -1.42363 -0.0411271 2.35666 -0.847764 
-1.94998 0.991392 0.0202068 -1.42361 -0.0410429 2.35666 -0.834038 
-1.94986 0.991392 0.0202717 -1.42362 -0.0408005 2.35665 -0.819751 
-1.94953 0.991397 0.0202422 -1.42362 -0.0401954 2.35666 -0.805742 
-1.94937 0.991398 0.0202021 -1.42362 -0.0392652 2.35665 -0.790809 
-1.94929 0.991397 0.0202586 -1.42361 -0.0378875 2.35665 -0.775593 
-1.9492 0.991399 0.0202298 -1.42363 -0.036395 2.35662 -0.759445 
-1.94919 0.991404 0.0202445 -1.42364 -0.035223 2.35655 -0.743095 
-1.9492 0.991393 0.0202281 -1.42367 -0.034702 2.35647 -0.728471 
-1.9493 0.991373 0.0202019 -1.4237 -0.03462 2.35626 -0.713758 
-1.94941 0.991335 0.0202191 -1.4237 -0.0345795 2.35602 -0.700645 
-1.94944 0.991297 0.020213 -1.42371 -0.0344508 2.35571 -0.689113 
-1.94946 0.991262 0.0202236 -1.42372 -0.0343488 2.35545 -0.678715 
-1.94944 0.991258 0.0202322 -1.42371 -0.0341271 2.35534 -0.666064 
-1.94942 0.991259 0.020234 -1.42371 -0.0337299 2.35533 -0.654612 
-1.94946 0.991259 0.0202186 -1.4237 -0.0332665 2.35534 -0.640589 
-1.94952 0.991261 0.020209 -1.4237 -0.0329965 2.35535 -0.626136 
-1.94957 0.991263 0.0202001 -1.42371 -0.03283 2.35535 -0.613355 
-1.94964 0.991263 0.0202058 -1.4237 -0.0326344 2.35535 -0.600702 
-1.94976 0.991263 0.0202073 -1.4237 -0.0324118 2.35537 -0.585857 
-1.94983 0.991265 0.020199 -1.42371 -0.0323065 2.35536 -0.570565 
-1.9499 0.99127 0.0201786 -1.42371 -0.0322778 2.35536 -0.554893 
-1.95008 0.991269 0.0201251 -1.42373 -0.0322317 2.35536 -0.538549 
-1.95033 0.991269 0.0201376 -1.42373 -0.0320881 2.35537 -0.521772 
-1.95053 0.991268 0.0201263 -1.42372 -0.0320803 2.35538 -0.504877 
-1.95081 0.991269 0.0201116 -1.42372 -0.0320799 2.35537 -0.48897 
-1.95113 0.991275 0.0201148 -1.42371 -0.0320728 2.35537 -0.475096 
-1.95143 0.991273 0.0201208 -1.42372 -0.0320679 2.35537 -0.462499 
-1.95172 0.991273 0.0201019 -1.42374 -0.031997 2.35535 -0.451297 
-1.95207 0.991263 0.0201385 -1.42375 -0.031792 2.35533 -0.439433 
-1.95233 0.991252 0.0201268 -1.42379 -0.0315806 2.35532 -0.427271 
-1.95249 0.991245 0.0201388 -1.4238 -0.0313269 2.35533 -0.416326 
-1.95259 0.991231 0.0201385 -1.42379 -0.0309805 2.35532 -0.40544 
-1.95267 0.991242 0.0201519 -1.42379 -0.0307991 2.35534 -0.394671 
-1.95263 0.991243 0.0201571 -1.42379 -0.0306873 2.35534 -0.385425 
-1.95258 0.991243 0.0202032 -1.42378 -0.0303331 2.35536 -0.376274 
-1.95244 0.991247 0.0202752 -1.42378 -0.0296195 2.35536 -0.366315 
-1.95225 0.99125 0.0202616 -1.42378 -0.0289185 2.35537 -0.355597 
-1.95205 0.991255 0.0202691 -1.42376 -0.0281537 2.35538 -0.343963 
-1.95189 0.991261 0.0202809 -1.42376 -0.0275151 2.35537 -0.331926 
-1.95176 0.991261 0.0202715 -1.42377 -0.0270391 2.35537 -0.320396 
-1.95164 0.99126 0.0202936 -1.42377 -0.0267633 2.35537 -0.308046 
-1.95149 0.991261 0.0202916 -1.42377 -0.0263873 2.35537 -0.297096 
-1.95135 0.991262 0.0203015 -1.42377 -0.0259463 2.35536 -0.286592 
-1.95122 0.991257 0.0203103 -1.42378 -0.0255364 2.35535 -0.275376 
-1.95112 0.991256 0.0202997 -1.42379 -0.0250828 2.35535 -0.264707 
-1.95112 0.991249 0.0203149 -1.42379 -0.0244834 2.35535 -0.253648 
-1.95115 0.991246 0.0202862 -1.42381 -0.0239956 2.35534 -0.242933 
-1.95122 0.991247 0.0202994 -1.42381 -0.0233409 2.35534 -0.232366 
-1.95128 0.99124 0.0202952 -1.42381 -0.0221789 2.35534 -0.22239 
-1.95144 0.991237 0.0202533 -1.42381 -0.0207892 2.35534 -0.212616 
-1.95176 0.991237 0.0202601 -1.4238 -0.0187719 2.35535 -0.201402 
-1.95213 0.99124 0.0202454 -1.42381 -0.0166366 2.35535 -0.189806 
-1.95251 0.99124 0.0202456 -1.4238 -0.0145216 2.35535 -0.178959 
-1.95289 0.991234 0.0202596 -1.42378 -0.0122409 2.35536 -0.167367 
-1.95313 0.991243 0.0202204 -1.42379 -0.0102637 2.35537 -0.156114 
-1.95335 0.991244 0.020235 -1.42378 -0.00847863 2.35537 -0.144929 
-1.95348 0.991247 0.020221 -1.42378 -0.00703719 2.35539 -0.133258 
-1.95353 0.991251 0.0202145 -1.42377 -0.00600826 2.35538 -0.120689 
-1.95355 0.991246 0.0202225 -1.42377 -0.00565469 2.35539 -0.108473 
-1.9535 0.991255 0.0202434 -1.42377 -0.00553726 2.3554 -0.0961045 
-1.95347 0.99125 0.0202465 -1.42377 -0.00548328 2.35539 -0.0836645 
-1.95346 0.991249 0.02026 -1.42377 -0.00543433 2.35539 -0.0717552 
-1.95341 0.991249 0.0202558 -1.42378 -0.00528244 2.35538 -0.0598128 
-1.95337 0.991253 0.0202796 -1.42378 -0.00517154 2.35539 -0.0475758 
-1.95332 0.991249 0.020276 -1.42378 -0.00513003 2.35538 -0.0356483 
-1.95333 0.991247 0.020263 -1.42378 -0.00507275 2.35538 -0.0243633 
-1.95338 0.991247 0.0202549 -1.42378 -0.0048903 2.35537 -0.0131724 
-1.95345 0.991239 0.0202494 -1.4238 -0.00464752 2.35536 -0.00191275 
-1.95352 0.991238 0.0202627 -1.42382 -0.00433597 2.35537 0.00858046 
-1.95354 0.991232 0.0202336 -1.42382 -0.00372587 2.35538 0.0198235 
-1.95363 0.991224 0.020251 -1.42381 -0.00297357 2.35537 0.0319853 
-1.95368 0.991198 0.0202462 -1.42389 -0.00241466 2.35533 0.0438918 
-1.95371 0.991083 0.0202597 -1.42405 -0.00164956 2.35536 0.0555754 
-1.95368 0.991088 0.0202702 -1.42407 -0.000254414 2.35537 0.0676686 
-1.95364 0.991089 0.0202708 -1.42408 0.00146153 2.35536 0.0796462 
-1.95362 0.991056 0.0202859 -1.42417 0.00290984 2.35535 0.0898071 
-1.95361 0.991011 0.0202881 -1.42422 0.00442261 2.35537 0.0994694 
-1.95357 0.991018 0.0202909 -1.42419 0.00601506 2.3554 0.108649 
-1.9535 0.991018 0.0202848 -1.42419 0.00790843 2.3554 0.119543 
-1.95342 0.991016 0.0202856 -1.4242 0.00958536 2.3554 0.129108 
-1.95333 0.991022 0.0202924 -1.42419 0.0111388 2.35541 0.138624 
-1.95316 0.991025 0.0202888 -1.42419 0.0123749 2.35541 0.147983 
-1.95307 0.99103 0.0202938 -1.42419 0.0130994 2.35541 0.15745 
-1.95298 0.991028 0.020299 -1.42419 0.0135822 2.35542 0.165761 
-1.95289 0.991028 0.0202961 -1.42419 0.014017 2.35542 0.174224 
-1.95286 0.991028 0.0202937 -1.42419 0.0142624 2.35542 0.183321 
-1.95287 0.991032 0.0202968 -1.4242 0.0144314 2.35542 0.192286 
-1.95287 0.99103 0.0202903 -1.4242 0.0144975 2.35542 0.201748 
-1.95288 0.991036 0.0202957 -1.42421 0.0146312 2.35542 0.210678 
-1.95287 0.991032 0.0203042 -1.42421 0.0147289 2.35542 0.219084 
-1.95285 0.991028 0.0203168 -1.42423 0.0148007 2.35541 0.226621 
-1.95285 0.991027 0.0203273 -1.42423 0.0148875 2.35542 0.234668 
-1.95284 0.991028 0.0203309 -1.42424 0.0150873 2.35542 0.241652 
-1.95285 0.991028 0.0203309 -1.42423 0.0153686 2.35542 0.248012 
-1.95284 0.991028 0.0203401 -1.42423 0.0157623 2.35542 0.255461 
-1.95283 0.99103 0.0203428 -1.42424 0.0162383 2.35542 0.263245 
-1.95282 0.991032 0.0203521 -1.42424 0.016553 2.35542 0.27126 
-1.95277 0.991028 0.0204156 -1.42425 0.0168463 2.35541 0.279316 
-1.95266 0.991028 0.0204453 -1.42426 0.017334 2.35542 0.28699 
-1.9525 0.991028 0.0204424 -1.42425 0.0178112 2.35542 0.29446 
-1.95236 0.99103 0.0204444 -1.42425 0.0180652 2.35542 0.301736 
-1.95222 0.991028 0.0204417 -1.42426 0.0182185 2.35542 0.308562 
-1.95214 0.991028 0.020449 -1.42426 0.0182557 2.35542 0.314643 
-1.95205 0.991029 0.0204481 -1.42427 0.0183143 2.35542 0.319492 
-1.95201 0.991026 0.02045 -1.42427 0.0184335 2.35542 0.323451 
-1.952 0.991026 0.0204586 -1.42427 0.0187456 2.35542 0.327255 
-1.95197 0.991026 0.0204659 -1.42427 0.0192841 2.35543 0.331387 
-1.95192 0.991027 0.0204645 -1.42427 0.0200206 2.35543 0.335881 
-1.9519 0.99103 0.0204681 -1.42427 0.0209906 2.35543 0.340871 
-1.95186 0.991026 0.0204777 -1.42427 0.0217968 2.35544 0.346377 
-1.95173 0.991025 0.020479 -1.42427 0.0223946 2.35544 0.352814 
-1.95159 0.991028 0.0204773 -1.42426 0.0228946 2.35544 0.358803 
-1.95146 0.991028 0.0204809 -1.42427 0.0234186 2.35544 0.364179 
-1.95135 0.991028 0.0204787 -1.42426 0.0239459 2.35545 0.369554 
-1.95123 0.991027 0.020479 -1.42426 0.0243839 2.35546 0.374727 
-1.95111 0.991032 0.020473 -1.42425 0.0247231 2.35549 0.379915 
-1.95107 0.991045 0.0204487 -1.42427 0.024809 2.3558 0.385212 
-1.95114 0.991069 0.0204463 -1.42426 0.0248448 2.356 0.390959 
-1.95116 0.991074 0.0204459 -1.42426 0.0249996 2.35601 0.395953 
-1.95117 0.991068 0.0204418 -1.42426 0.0252621 2.35603 0.400888 
-1.95121 0.991078 0.0204427 -1.42426 0.0257237 2.35611 0.406059 
-1.95126 0.991091 0.0204444 -1.42426 0.0262792 2.35627 0.411631 
-1.95129 0.99109 0.0204407 -1.42427 0.0268016 2.35627 0.416935 
-1.95136 0.991059 0.0204241 -1.42438 0.026953 2.35627 0.422112 
-1.9514 0.991044 0.0204363 -1.4244 0.0269502 2.35628 0.42488 
-1.95139 0.991041 0.0204371 -1.4244 0.0269646 2.35628 0.425236 
-1.9514 0.991041 0.020438 -1.4244 0.0270121 2.35628 0.42556 
-1.95142 0.991041 0.0204365 -1.4244 0.0271523 2.35628 0.426324 
-1.95142 0.991043 0.0204396 -1.4244 0.0272866 2.35628 0.4273 
-1.95146 0.991041 0.020438 -1.4244 0.0275203 2.35628 0.428768 
-1.95148 0.991042 0.0204396 -1.42441 0.0277009 2.35628 0.430379 
-1.95148 0.991041 0.0204343 -1.42441 0.0277339 2.35628 0.431368 
-1.95151 0.991034 0.0204416 -1.42443 0.0278242 2.35629 0.43189 
-1.95154 0.991033 0.0204416 -1.42445 0.0280747 2.35629 0.432227 
-1.95157 0.991033 0.0204343 -1.42447 0.0283993 2.35629 0.432461 
-1.95164 0.991024 0.0204416 -1.42449 0.0287483 2.3563 0.432635 
-1.95169 0.991023 0.0204418 -1.42449 0.0292603 2.3563 0.432795 
-1.95172 0.991018 0.020438 -1.42451 0.0298758 2.35631 0.432936 
-1.95175 0.991019 0.0204327 -1.42453 0.0303457 2.35631 0.432968 
-1.9518 0.991002 0.020438 -1.42454 0.0306339 2.35631 0.432978 
-1.95185 0.991004 0.020421 -1.42454 0.0306854 2.35634 0.432981 
-1.95193 0.991001 0.0204173 -1.42454 0.0306787 2.35637 0.432977 
-1.95205 0.991007 0.0204163 -1.42454 0.0306768 2.35652 0.432978 
-1.95218 0.991017 0.0203897 -1.42454 0.0306681 2.35682 0.432968 
-1.95239 0.991027 0.0203833 -1.42453 0.0306454 2.35699 0.432952 
-1.95261 0.991086 0.0202692 -1.4245 0.0306051 2.35745 0.432935 
-1.95286 0.99117 0.0202401 -1.4245 0.030564 2.35822 0.432908 
-1.95308 0.991223 0.0202497 -1.42449 0.0303918 2.35871 0.432859 
-1.95312 0.991239 0.0202419 -1.42449 0.0302125 2.35892 0.43262 
-1.95306 0.991241 0.0202477 -1.42449 0.0300929 2.35893 0.432366 
-1.95305 0.991239 0.0202486 -1.42448 0.0300829 2.35893 0.432358 
-1.95305 0.991236 0.0202501 -1.42447 0.0300726 2.35893 0.432347 
-1.95304 0.991232 0.0202484 -1.42447 0.0300621 2.35893 0.432336 
-1.95302 0.991227 0.0202501 -1.42446 0.0300488 2.35893 0.432322 
-1.95301 0.991223 0.0202465 -1.42444 0.0300432 2.35893 0.432324 
-1.953 0.991211 0.0202448 -1.42442 0.0300364 2.35893 0.432318 
-1.953 0.991206 0.0202412 -1.42441 0.0300397 2.35893 0.432323 
-1.953 0.991192 0.0202465 -1.42441 0.0300397 2.35893 0.432322 
-1.95301 0.99118 0.0202448 -1.4244 0.0300396 2.35893 0.432317 
-1.953 0.99117 0.0202494 -1.42438 0.0300224 2.35893 0.432309 
-1.953 0.991149 0.0202518 -1.42438 0.0300144 2.35893 0.432286 
-1.95295 0.991143 0.0202609 -1.42435 0.0299908 2.35893 0.432278 
-1.9529 0.991141 0.0202574 -1.42426 0.0299665 2.35891 0.432266 
-1.95291 0.991141 0.0202629 -1.42424 0.0299578 2.35891 0.432255 
-1.95285 0.991119 0.0202794 -1.42424 0.0299407 2.35891 0.432236 
-1.95285 0.991092 0.0202745 -1.42424 0.0299454 2.3589 0.43224 
-1.95285 0.991089 0.0202728 -1.42424 0.0299428 2.3589 0.432239 
-1.95284 0.991086 0.0202785 -1.42423 0.0299428 2.3589 0.432238 
-1.95286 0.991077 0.0202745 -1.42422 0.0299435 2.3589 0.432239 
-1.95285 0.991061 0.0202729 -1.42421 0.0299409 2.3589 0.432231 
-1.95286 0.990968 0.0202745 -1.42418 0.0299428 2.35889 0.432231 
-1.95285 0.990995 0.0202781 -1.42417 0.0299421 2.3589 0.432235 
-1.95285 0.990976 0.0202766 -1.42417 0.0299441 2.3589 0.43223 
-1.95286 0.990986 0.0202745 -1.42417 0.0299428 2.3589 0.432235 
-1.95284 0.990985 0.0202798 -1.42417 0.0299428 2.3589 0.432236 
-1.95285 0.99099 0.02028 -1.42416 0.0299435 2.3589 0.432235 
-1.95285 0.990986 0.0202803 -1.42416 0.0299415 2.3589 0.432236 
-1.95284 0.990981 0.0202772 -1.42416 0.0299435 2.3589 0.432237 
-1.95285 0.990988 0.0202825 -1.42416 0.0299424 2.3589 0.432238 
-1.95284 0.990977 0.0202842 -1.42416 0.0299428 2.3589 0.432229 
-1.95284 0.990985 0.0202829 -1.42416 0.0299403 2.3589 0.432236 
-1.95284 0.99099 0.0202828 -1.42416 0.0299425 2.3589 0.432234 
-1.95284 0.990983 0.0202858 -1.42416 0.0299402 2.3589 0.432232 
-1.95283 0.990997 0.0202829 -1.42416 0.0299401 2.35891 0.432236 
-1.95283 0.990978 0.0202776 -1.42415 0.0299409 2.3589 0.432234 
-1.95282 0.990986 0.0202866 -1.42414 0.0299407 2.3589 0.432229 
-1.95283 0.99098 0.0202918 -1.42414 0.029943 2.3589 0.432229 
-1.95283 0.99098 0.0202882 -1.42415 0.0299436 2.3589 0.432234 
-1.95283 0.990989 0.0202902 -1.42414 0.0299398 2.3589 0.432232 
-1.95283 0.990979 0.0202918 -1.42415 0.0299437 2.3589 0.432232 
-1.95283 0.990989 0.0202902 -1.42414 0.0299443 2.3589 0.432229 
-1.95283 0.990986 0.0202902 -1.42414 0.0299433 2.3589 0.432228 
-1.95283 0.990984 0.0202866 -1.42414 0.0299443 2.3589 0.432224 
-1.95282 0.990984 0.0202918 -1.42414 0.0299405 2.3589 0.432227 
-1.95283 0.990986 0.0202923 -1.42414 0.0299431 2.35891 0.432225 
-1.95282 0.990987 0.0202918 -1.42414 0.0299396 2.3589 0.432225 
-1.95283 0.990984 0.0202866 -1.42414 0.0299381 2.3589 0.432226 
-1.95282 0.990988 0.0202882 -1.42415 0.0299407 2.3589 0.432223 
-1.95282 0.990983 0.0202882 -1.42415 0.0299435 2.3589 0.432228 
-1.95282 0.99098 0.020294 -1.42414 0.0299402 2.3589 0.432227 
-1.95282 0.990985 0.0202883 -1.42414 0.0299434 2.3589 0.432226 
-1.95282 0.990984 0.0202956 -1.42414 0.0299396 2.3589 0.432228 
-1.95282 0.990987 0.0202964 -1.42414 0.0299393 2.3589 0.432229 
-1.95282 0.990985 0.0202931 -1.42415 0.0299448 2.3589 0.432231 
-1.95282 0.990985 0.0202918 -1.42415 0.029943 2.35891 0.43223 
-1.95282 0.990983 0.0202919 -1.42414 0.0299432 2.3589 0.432233 
-1.95282 0.990987 0.0202919 -1.42414 0.0299444 2.35891 0.432233 
-1.95282 0.990985 0.0202931 -1.42414 0.0299456 2.3589 0.432231 
-1.95282 0.990985 0.0202919 -1.42415 0.0299447 2.3589 0.432226 
-1.95282 0.990987 0.0202928 -1.42414 0.0299399 2.3589 0.432226 
-1.95282 0.990985 0.0202929 -1.42414 0.029942 2.3589 0.432227 
-1.95282 0.990987 0.0202931 -1.42415 0.0299428 2.3589 0.432231 
-1.95282 0.990985 0.020294 -1.42415 0.0299393 2.3589 0.432228 
