0.999122 -0.0411455 0.0066217 0 -0.0408894 -0.99854 -0.0350287 0 0.00805346 0.0347279 -0.999364 0 -0.156485 -0.397181 0.534386 1 
0.999121 -0.0411512 0.00662338 0 -0.040895 -0.99854 -0.0350279 0 0.0080553 0.0347269 -0.999364 0 -0.156488 -0.397179 0.534386 1 
0.999122 -0.0411329 0.00662779 0 -0.0408765 -0.99854 -0.0350415 0 0.00805963 0.0347405 -0.999364 0 -0.156481 -0.397181 0.534381 1 
0.999122 -0.0411298 0.00662289 0 -0.0408737 -0.99854 -0.0350301 0 0.00805416 0.0347293 -0.999364 0 -0.156481 -0.397183 0.534386 1 
0.999122 -0.04114 0.00662073 0 -0.040884 -0.99854 -0.0350227 0 0.00805205 0.0347219 -0.999365 0 -0.156484 -0.397182 0.534387 1 
0.999122 -0.0411403 0.0066246 0 -0.0408841 -0.99854 -0.035032 0 0.00805631 0.034731 -0.999364 0 -0.156484 -0.397181 0.534385 1 
0.999122 -0.0411383 0.0066239 0 -0.0408821 -0.99854 -0.0350347 0 0.00805565 0.0347338 -0.999364 0 -0.156484 -0.397182 0.534382 1 
0.999122 -0.0411407 0.00662343 0 -0.0408845 -0.99854 -0.0350319 0 0.00805515 0.034731 -0.999364 0 -0.156483 -0.397181 0.534385 1 
0.999122 -0.0411393 0.00662458 0 -0.0408831 -0.99854 -0.0350327 0 0.00805629 0.0347318 -0.999364 0 -0.156484 -0.397183 0.534383 1 
0.999122 -0.0411315 0.006625 0 -0.0408752 -0.99854 -0.0350335 0 0.00805647 0.0347326 -0.999364 0 -0.156482 -0.397182 0.534383 1 
0.999122 -0.0411367 0.00662267 0 -0.0408805 -0.99854 -0.035028 0 0.00805409 0.0347272 -0.999364 0 -0.156483 -0.397182 0.534386 1 
0.999122 -0.041137 0.00662407 0 -0.0408808 -0.99854 -0.0350334 0 0.00805573 0.0347325 -0.999364 0 -0.156483 -0.397181 0.534384 1 
0.999122 -0.0411441 0.00662475 0 -0.0408879 -0.99854 -0.0350317 0 0.00805658 0.0347307 -0.999364 0 -0.156485 -0.397181 0.534383 1 
0.999122 -0.0411435 0.00662326 0 -0.0408874 -0.99854 -0.0350254 0 0.00805482 0.0347245 -0.999364 0 -0.156487 -0.397181 0.534386 1 
0.999122 -0.0411414 0.00662528 0 -0.0408851 -0.99854 -0.0350311 0 0.00805699 0.0347301 -0.999364 0 -0.156485 -0.397181 0.534384 1 
0.999122 -0.0411364 0.00662593 0 -0.0408801 -0.99854 -0.0350327 0 0.00805754 0.0347318 -0.999364 0 -0.156483 -0.397181 0.534384 1 
0.999122 -0.0411426 0.00662271 0 -0.0408864 -0.99854 -0.0350275 0 0.00805432 0.0347266 -0.999364 0 -0.156485 -0.397182 0.534386 1 
0.999122 -0.0411449 0.00662548 0 -0.0408887 -0.99854 -0.0350299 0 0.00805726 0.0347289 -0.999364 0 -0.156485 -0.39718 0.534385 1 
0.999122 -0.0411407 0.00662384 0 -0.0408845 -0.99854 -0.0350308 0 0.00805551 0.0347299 -0.999364 0 -0.156484 -0.397181 0.534385 1 
0.999122 -0.0411354 0.00662521 0 -0.0408791 -0.99854 -0.0350324 0 0.00805676 0.0347314 -0.999364 0 -0.156482 -0.397182 0.534384 1 
0.999122 -0.0411395 0.00662351 0 -0.0408833 -0.99854 -0.0350296 0 0.00805509 0.0347287 -0.999364 0 -0.156485 -0.397181 0.534386 1 
0.999122 -0.04114 0.00662488 0 -0.0408838 -0.99854 -0.0350314 0 0.00805656 0.0347305 -0.999364 0 -0.156484 -0.397182 0.534384 1 
0.999122 -0.0411394 0.00662292 0 -0.0408833 -0.99854 -0.0350283 0 0.00805445 0.0347275 -0.999364 0 -0.156484 -0.397181 0.534386 1 
0.999122 -0.0411399 0.00662456 0 -0.0408836 -0.99854 -0.0350309 0 0.00805621 0.03473 -0.999364 0 -0.156484 -0.397181 0.534385 1 
0.999122 -0.0411461 0.00662308 0 -0.04089 -0.99854 -0.0350306 0 0.00805493 0.0347296 -0.999364 0 -0.156486 -0.397181 0.534384 1 
0.999122 -0.0411363 0.00662162 0 -0.0408802 -0.99854 -0.035028 0 0.00805303 0.0347272 -0.999364 0 -0.156484 -0.397182 0.534386 1 
0.999122 -0.041134 0.00662374 0 -0.0408778 -0.99854 -0.0350322 0 0.00805524 0.0347314 -0.999364 0 -0.156484 -0.397182 0.534384 1 
0.999122 -0.0411461 0.00662015 0 -0.0408901 -0.99854 -0.0350244 0 0.00805175 0.0347236 -0.999365 0 -0.156486 -0.397181 0.534387 1 
0.999122 -0.0411388 0.00662447 0 -0.0408826 -0.99854 -0.0350295 0 0.00805603 0.0347286 -0.999364 0 -0.156484 -0.397181 0.534386 1 
0.999122 -0.0411329 0.00662126 0 -0.0408768 -0.99854 -0.0350267 0 0.0080525 0.0347259 -0.999364 0 -0.156484 -0.397183 0.534385 1 
0.999122 -0.0411364 0.00662708 0 -0.0408801 -0.99854 -0.0350355 0 0.0080588 0.0347345 -0.999364 0 -0.156483 -0.397182 0.534382 1 
0.999122 -0.0411359 0.00662433 0 -0.0408797 -0.99854 -0.0350272 0 0.00805569 0.0347263 -0.999364 0 -0.156483 -0.397182 0.534385 1 
0.999122 -0.0411382 0.00662311 0 -0.0408821 -0.99854 -0.0350287 0 0.00805462 0.0347278 -0.999364 0 -0.156484 -0.397183 0.534384 1 
0.999122 -0.0411407 0.00662412 0 -0.0408845 -0.99854 -0.0350278 0 0.00805567 0.0347268 -0.999364 0 -0.156484 -0.397182 0.534386 1 
0.999122 -0.041141 0.00662595 0 -0.0408847 -0.99854 -0.0350327 0 0.00805771 0.0347317 -0.999364 0 -0.156484 -0.397182 0.534384 1 
0.999122 -0.0411419 0.00662298 0 -0.0408858 -0.99854 -0.0350244 0 0.00805443 0.0347235 -0.999365 0 -0.156487 -0.397181 0.534387 1 
0.999122 -0.0411366 0.0066257 0 -0.0408804 -0.99854 -0.0350315 0 0.00805726 0.0347306 -0.999364 0 -0.156485 -0.397181 0.534385 1 
0.999122 -0.0411374 0.0066246 0 -0.0408812 -0.99854 -0.035029 0 0.00805608 0.0347281 -0.999364 0 -0.156484 -0.397182 0.534386 1 
0.999122 -0.0411455 0.00662345 0 -0.0408893 -0.99854 -0.0350282 0 0.00805519 0.0347273 -0.999364 0 -0.156485 -0.397181 0.534386 1 
0.999122 -0.0411421 0.00662433 0 -0.0408859 -0.99854 -0.03503 0 0.00805602 0.034729 -0.999364 0 -0.156484 -0.397182 0.534385 1 
0.999122 -0.0411388 0.00662464 0 -0.0408826 -0.99854 -0.0350311 0 0.00805626 0.0347301 -0.999364 0 -0.156484 -0.397181 0.534384 1 
0.999122 -0.041138 0.00662288 0 -0.0408819 -0.99854 -0.0350278 0 0.00805434 0.034727 -0.999364 0 -0.156484 -0.397181 0.534386 1 
0.999122 -0.0411439 0.00662362 0 -0.0408877 -0.99854 -0.0350323 0 0.00805547 0.0347314 -0.999364 0 -0.156484 -0.397181 0.534385 1 
0.999122 -0.041142 0.00662404 0 -0.0408858 -0.99854 -0.0350332 0 0.00805586 0.0347323 -0.999364 0 -0.156485 -0.39718 0.534384 1 
0.999122 -0.041141 0.00662387 0 -0.0408848 -0.99854 -0.0350309 0 0.00805556 0.03473 -0.999364 0 -0.156484 -0.397181 0.534385 1 
0.999122 -0.0411379 0.00662389 0 -0.0408817 -0.99854 -0.0350313 0 0.00805549 0.0347305 -0.999364 0 -0.156483 -0.397182 0.534384 1 
0.999122 -0.0411361 0.0066229 0 -0.0408799 -0.99854 -0.0350318 0 0.00805446 0.0347309 -0.999364 0 -0.156483 -0.397181 0.534385 1 
0.999122 -0.0411386 0.00662439 0 -0.0408824 -0.99854 -0.0350325 0 0.00805606 0.0347316 -0.999364 0 -0.156483 -0.397181 0.534384 1 
0.999122 -0.0411385 0.00662526 0 -0.0408823 -0.99854 -0.0350309 0 0.00805686 0.0347299 -0.999364 0 -0.156483 -0.397181 0.534385 1 
0.999122 -0.0411437 0.0066237 0 -0.0408875 -0.99854 -0.0350308 0 0.00805548 0.0347299 -0.999364 0 -0.156484 -0.397181 0.534385 1 
0.999122 -0.0411424 0.00662428 0 -0.0408862 -0.99854 -0.0350301 0 0.00805599 0.0347291 -0.999364 0 -0.156484 -0.397181 0.534386 1 
0.999122 -0.0411389 0.00662027 0 -0.0408828 -0.99854 -0.0350287 0 0.0080518 0.034728 -0.999364 0 -0.156484 -0.397183 0.534386 1 
0.999122 -0.0411415 0.00662307 0 -0.0408853 -0.99854 -0.0350295 0 0.00805472 0.0347286 -0.999364 0 -0.156484 -0.397181 0.534386 1 
0.999122 -0.0411381 0.0066189 0 -0.0408822 -0.99854 -0.0350185 0 0.00804999 0.0347178 -0.999365 0 -0.156485 -0.397182 0.534389 1 
0.999122 -0.0411454 0.00662445 0 -0.0408891 -0.99854 -0.0350304 0 0.00805628 0.0347294 -0.999364 0 -0.156486 -0.397181 0.534384 1 
0.999122 -0.0411414 0.00662395 0 -0.0408852 -0.99854 -0.0350269 0 0.00805549 0.034726 -0.999364 0 -0.156486 -0.397181 0.534386 1 
0.999121 -0.0411496 0.0066251 0 -0.0408934 -0.99854 -0.0350303 0 0.00805707 0.0347293 -0.999364 0 -0.156489 -0.397181 0.534384 1 
0.999121 -0.0411519 0.00662723 0 -0.0408955 -0.998539 -0.035039 0 0.00805962 0.0347379 -0.999364 0 -0.156487 -0.397179 0.534381 1 
0.999122 -0.0411426 0.00662345 0 -0.0408863 -0.99854 -0.0350341 0 0.00805533 0.0347332 -0.999364 0 -0.156483 -0.397181 0.534384 1 
0.999121 -0.0411482 0.00662352 0 -0.040892 -0.99854 -0.0350308 0 0.00805545 0.0347298 -0.999364 0 -0.156485 -0.39718 0.534385 1 
0.999121 -0.0411477 0.00662555 0 -0.0408914 -0.99854 -0.0350316 0 0.0080575 0.0347306 -0.999364 0 -0.156488 -0.397181 0.534383 1 
0.999121 -0.0411474 0.00662686 0 -0.040891 -0.99854 -0.0350314 0 0.00805879 0.0347303 -0.999364 0 -0.156489 -0.397181 0.534384 1 
0.999121 -0.0411534 0.00662645 0 -0.0408971 -0.998539 -0.0350309 0 0.00805857 0.0347298 -0.999364 0 -0.156489 -0.397179 0.534385 1 
0.999122 -0.0411304 0.00661871 0 -0.0408744 -0.998541 -0.0350246 0 0.00804978 0.034724 -0.999365 0 -0.156478 -0.397184 0.534387 1 
0.999122 -0.0411253 0.00661894 0 -0.0408693 -0.998541 -0.0350227 0 0.00804976 0.0347222 -0.999365 0 -0.156478 -0.397184 0.534388 1 
0.999122 -0.0411245 0.00661583 0 -0.0408686 -0.998541 -0.0350188 0 0.00804646 0.0347183 -0.999365 0 -0.156476 -0.397185 0.534391 1 
0.999123 -0.0411227 0.00661596 0 -0.0408669 -0.998541 -0.0350228 0 0.0080467 0.0347224 -0.999365 0 -0.156475 -0.397186 0.534389 1 
0.999123 -0.0411067 0.00661913 0 -0.0408506 -0.998541 -0.0350315 0 0.00804965 0.034731 -0.999364 0 -0.156472 -0.397188 0.534385 1 
0.999124 -0.0410939 0.00661854 0 -0.0408378 -0.998541 -0.0350447 0 0.00804917 0.0347444 -0.999364 0 -0.156465 -0.397193 0.53438 1 
0.999121 -0.0411637 0.00662509 0 -0.0409074 -0.998539 -0.0350297 0 0.00805751 0.0347285 -0.999364 0 -0.156496 -0.397182 0.534382 1 
0.999116 -0.0412782 0.00665418 0 -0.0410207 -0.998534 -0.0350412 0 0.00809102 0.034738 -0.999364 0 -0.156549 -0.397166 0.534373 1 
0.999111 -0.0413847 0.00666588 0 -0.0411265 -0.998528 -0.0350778 0 0.00810791 0.0347731 -0.999362 0 -0.156595 -0.39715 0.534358 1 
0.99911 -0.0414212 0.00666469 0 -0.0411631 -0.998527 -0.0350753 0 0.00810789 0.0347704 -0.999362 0 -0.156606 -0.397144 0.534359 1 
0.99911 -0.041417 0.00665529 0 -0.0411594 -0.998528 -0.0350453 0 0.00809712 0.0347408 -0.999364 0 -0.156606 -0.397144 0.534371 1 
0.99911 -0.0414146 0.00666065 0 -0.0411567 -0.998528 -0.0350626 0 0.0081031 0.034758 -0.999363 0 -0.156603 -0.397144 0.534365 1 
0.999108 -0.0414634 0.00667941 0 -0.0412046 -0.998525 -0.0350876 0 0.00812457 0.0347818 -0.999362 0 -0.156628 -0.397137 0.534352 1 
0.999107 -0.0414954 0.0066859 0 -0.0412364 -0.998523 -0.0350887 0 0.00813221 0.0347824 -0.999362 0 -0.156638 -0.397132 0.534349 1 
0.999107 -0.0414795 0.00668227 0 -0.0412206 -0.998524 -0.0350881 0 0.008128 0.034782 -0.999362 0 -0.156634 -0.397134 0.53435 1 
0.99911 -0.0414103 0.00668192 0 -0.0411513 -0.998526 -0.0351155 0 0.00812637 0.03481 -0.999361 0 -0.156608 -0.397148 0.534339 1 
0.999112 -0.0413613 0.0066917 0 -0.0411016 -0.998526 -0.035161 0 0.0081363 0.0348554 -0.999359 0 -0.156588 -0.397157 0.534319 1 
0.999113 -0.0413401 0.00669827 0 -0.0410799 -0.998526 -0.0351921 0 0.0081434 0.0348863 -0.999358 0 -0.156579 -0.397164 0.534308 1 
0.999114 -0.0413191 0.00670387 0 -0.0410585 -0.998526 -0.0352153 0 0.00814921 0.0349095 -0.999357 0 -0.156568 -0.397164 0.534299 1 
0.999116 -0.0412723 0.00671812 0 -0.0410108 -0.998526 -0.0352734 0 0.00816419 0.0349673 -0.999355 0 -0.156548 -0.397172 0.534274 1 
0.999116 -0.0412476 0.00675854 0 -0.0409836 -0.998523 -0.0354029 0 0.008209 0.0350953 -0.99935 0 -0.156536 -0.397179 0.534218 1 
0.999114 -0.0412942 0.00679608 0 -0.0410284 -0.998519 -0.0354552 0 0.00825027 0.0351457 -0.999348 0 -0.156568 -0.397203 0.534181 1 
0.99911 -0.0414302 0.0065189 0 -0.0411805 -0.998541 -0.0346489 0 0.00794505 0.0343503 -0.999378 0 -0.156714 -0.397386 0.534208 1 
0.999107 -0.041575 0.0061141 0 -0.0413477 -0.998573 -0.0335047 0 0.00749848 0.0332226 -0.99942 0 -0.156889 -0.397642 0.534267 1 
0.999109 -0.0415899 0.00570605 0 -0.0413844 -0.99861 -0.0323436 0 0.00704343 0.0320793 -0.999461 0 -0.157029 -0.397953 0.534301 1 
0.999107 -0.0416822 0.00528109 0 -0.0414983 -0.998644 -0.0311229 0 0.00657133 0.0308766 -0.999502 0 -0.157229 -0.39833 0.534279 1 
0.999098 -0.041954 0.00497681 0 -0.0417848 -0.998659 -0.0302618 0 0.00623985 0.0300271 -0.99953 0 -0.157498 -0.398666 0.534166 1 
0.999081 -0.0423509 0.00487185 0 -0.0421865 -0.998651 -0.0299566 0 0.00613408 0.0297241 -0.999539 0 -0.157831 -0.399011 0.533848 1 
0.999071 -0.0425947 0.00495316 0 -0.0424265 -0.998635 -0.0301598 0 0.00623116 0.0299222 -0.999533 0 -0.158127 -0.399444 0.533224 1 
0.999064 -0.0427276 0.00510035 0 -0.0425522 -0.998616 -0.0306059 0 0.00640113 0.0303608 -0.999519 0 -0.158445 -0.400045 0.532277 1 
0.99906 -0.0427714 0.00548378 0 -0.0425773 -0.998583 -0.0316354 0 0.00682923 0.0313727 -0.999484 0 -0.15876 -0.400755 0.531034 1 
0.999058 -0.042732 0.00620106 0 -0.0425001 -0.99852 -0.0336552 0 0.00763018 0.0333605 -0.999414 0 -0.159071 -0.401547 0.529381 1 
0.999052 -0.042765 0.0069148 0 -0.0424914 -0.998446 -0.0357956 0 0.00843502 0.0354685 -0.999335 0 -0.159503 -0.402532 0.527436 1 
0.999042 -0.0428791 0.00755376 0 -0.0425617 -0.998358 -0.0380899 0 0.0091748 0.0377326 -0.999246 0 -0.160083 -0.403682 0.525187 1 
0.999036 -0.0430025 0.00766627 0 -0.0426693 -0.998305 -0.0393249 0 0.00934453 0.0389606 -0.999197 0 -0.160866 -0.405221 0.52278 1 
0.999034 -0.0431252 0.00714882 0 -0.0428119 -0.998299 -0.0393405 0 0.00883339 0.0389972 -0.9992 0 -0.161826 -0.407079 0.520311 1 
0.999036 -0.0431977 0.00644161 0 -0.0429111 -0.99829 -0.0394489 0 0.00813486 0.0391352 -0.999201 0 -0.162916 -0.409156 0.517472 1 
0.999045 -0.0431345 0.00540084 0 -0.0428871 -0.998282 -0.0396739 0 0.00710301 0.0394051 -0.999198 0 -0.1643 -0.411829 0.513802 1 
0.999063 -0.0429415 0.00329756 0 -0.0427781 -0.998294 -0.0395009 0 0.00498826 0.0393236 -0.999214 0 -0.165869 -0.41457 0.510225 1 
0.999081 -0.0426361 -5.20686e-05 0 -0.0426064 -0.998339 -0.0385309 0 0.00159085 0.0384984 -0.999257 0 -0.167636 -0.417341 0.506832 1 
0.999089 -0.0422906 -0.00369748 0 -0.0424013 -0.998358 -0.0382568 0 -0.00207354 0.0383795 -0.999261 0 -0.169597 -0.420373 0.502765 1 
0.99908 -0.0419915 -0.00753283 0 -0.0422491 -0.99837 -0.0381263 0 -0.00591969 0.0384102 -0.999245 0 -0.171764 -0.423687 0.49821 1 
0.999056 -0.0415518 -0.0119006 0 -0.0419696 -0.998412 -0.0373273 0 -0.0103309 0.0377923 -0.999232 0 -0.174057 -0.427182 0.493525 1 
0.999012 -0.0413661 -0.0156083 0 -0.041926 -0.99841 -0.0374341 0 -0.0140352 0.0380522 -0.999177 0 -0.176225 -0.430624 0.488584 1 
0.998938 -0.0416411 -0.0192207 0 -0.0423378 -0.998394 -0.037388 0 -0.0176333 0.0381628 -0.999116 0 -0.178492 -0.434306 0.483415 1 
0.998864 -0.0416199 -0.0227989 0 -0.0424325 -0.998426 -0.0363987 0 -0.0212485 0.0373255 -0.999077 0 -0.180612 -0.437855 0.478713 1 
0.998802 -0.041496 -0.0255732 0 -0.0424251 -0.998407 -0.0369262 0 -0.0240006 0.0379676 -0.998991 0 -0.182787 -0.441717 0.473072 1 
0.998716 -0.0419446 -0.028064 0 -0.0429566 -0.998401 -0.0364851 0 -0.0264893 0.0376446 -0.99894 0 -0.18486 -0.445587 0.467835 1 
0.998646 -0.0422791 -0.0299789 0 -0.0433671 -0.998378 -0.0366216 0 -0.0283825 0.0378729 -0.998879 0 -0.186835 -0.449418 0.462432 1 
0.998594 -0.0422953 -0.0316603 0 -0.0434542 -0.998366 -0.0368565 0 -0.0300502 0.0381812 -0.998819 0 -0.188828 -0.453372 0.456875 1 
0.998563 -0.0423195 -0.032594 0 -0.0435308 -0.998342 -0.0373966 0 -0.0309579 0.0387624 -0.998769 0 -0.190656 -0.457451 0.451052 1 
0.998523 -0.0427707 -0.0332268 0 -0.0440037 -0.998325 -0.0373074 0 -0.0315761 0.0387152 -0.998751 0 -0.192428 -0.461382 0.445571 1 
0.998493 -0.0431516 -0.0336108 0 -0.0444146 -0.998289 -0.0377849 0 -0.0319234 0.0392215 -0.99872 0 -0.194246 -0.46553 0.439561 1 
0.998471 -0.0433965 -0.0339622 0 -0.0446471 -0.998309 -0.036974 0 -0.0323009 0.0384345 -0.998739 0 -0.196077 -0.469741 0.433709 1 
0.99849 -0.0430661 -0.0338248 0 -0.0443066 -0.998329 -0.0368227 0 -0.0321831 0.0382665 -0.998749 0 -0.197746 -0.473877 0.42761 1 
0.998494 -0.0429181 -0.0338989 0 -0.044114 -0.998391 -0.035356 0 -0.0323275 0.0367989 -0.9988 0 -0.199532 -0.478142 0.421594 1 
0.998524 -0.0424126 -0.0336425 0 -0.0435756 -0.99844 -0.0346265 0 -0.0321221 0.0360421 -0.998834 0 -0.201291 -0.48254 0.414818 1 
0.998534 -0.042057 -0.0337779 0 -0.0431652 -0.99852 -0.0327774 0 -0.0323501 0.0341881 -0.998892 0 -0.203079 -0.486819 0.408536 1 
0.998552 -0.0415869 -0.0338438 0 -0.0426385 -0.998601 -0.0309649 0 -0.0325094 0.0323637 -0.998947 0 -0.204903 -0.491309 0.401639 1 
0.998568 -0.04106 -0.0340174 0 -0.0420472 -0.99869 -0.0288343 0 -0.0327895 0.0302239 -0.999005 0 -0.206641 -0.495712 0.394857 1 
0.998581 -0.0404894 -0.0343201 0 -0.0414015 -0.998787 -0.026295 0 -0.0332145 0.0276791 -0.999065 0 -0.208342 -0.500113 0.388062 1 
0.998607 -0.0398614 -0.0343028 0 -0.0407183 -0.998857 -0.0246564 0 -0.0332814 0.0260193 -0.999107 0 -0.209893 -0.504268 0.381071 1 
0.998612 -0.0393086 -0.0347906 0 -0.0400663 -0.998959 -0.021358 0 -0.0339155 0.0227228 -0.999166 0 -0.211702 -0.508937 0.373676 1 
0.998631 -0.0387243 -0.0348909 0 -0.039411 -0.999029 -0.0192131 0 -0.0341137 0.0205623 -0.999206 0 -0.213231 -0.513125 0.366366 1 
0.998633 -0.0385303 -0.0350517 0 -0.0391445 -0.999079 -0.017007 0 -0.0343648 0.0183561 -0.999241 0 -0.214632 -0.516995 0.359541 1 
0.998608 -0.0388443 -0.0354097 0 -0.0393633 -0.999116 -0.01408 0 -0.0348322 0.0154545 -0.999274 0 -0.216157 -0.521133 0.352234 1 
0.998577 -0.0396962 -0.0353306 0 -0.0401547 -0.999107 -0.012364 0 -0.034809 0.0137654 -0.999299 0 -0.217448 -0.524963 0.344818 1 
0.998447 -0.042538 -0.035718 0 -0.0428984 -0.999026 -0.00938284 0 -0.0352847 0.0109007 -0.999318 0 -0.218752 -0.528667 0.338061 1 
0.9983 -0.0459037 -0.0356408 0 -0.0462076 -0.998892 -0.00774978 0 -0.0352462 0.00938367 -0.999335 0 -0.219895 -0.532065 0.331174 1 
0.998204 -0.0481006 -0.0354506 0 -0.0483571 -0.9988 -0.00641277 0 -0.0351002 0.00811569 -0.999351 0 -0.220945 -0.535333 0.324322 1 
0.998154 -0.0493595 -0.0351038 0 -0.0495877 -0.998744 -0.00566046 0 -0.0347809 0.00739087 -0.999368 0 -0.221834 -0.538263 0.317817 1 
0.998135 -0.0502017 -0.0344486 0 -0.0504295 -0.998701 -0.00577554 0 -0.0341146 0.00750214 -0.99939 0 -0.222583 -0.541165 0.310946 1 
0.998127 -0.0506434 -0.034022 0 -0.050851 -0.998683 -0.00526358 0 -0.0337113 0.00698392 -0.999407 0 -0.223343 -0.543959 0.304634 1 
0.998172 -0.0504244 -0.033033 0 -0.0506619 -0.998686 -0.00639055 0 -0.032668 0.00805254 -0.999434 0 -0.223882 -0.546476 0.297783 1 
0.9982 -0.0503216 -0.0323445 0 -0.0505608 -0.998689 -0.00661957 0 -0.0319696 0.00824318 -0.999455 0 -0.224476 -0.549036 0.291551 1 
0.998229 -0.0504402 -0.0312332 0 -0.0507199 -0.998669 -0.00822838 0 -0.0307771 0.00979813 -0.999478 0 -0.224915 -0.551344 0.285082 1 
0.998203 -0.0512977 -0.0306462 0 -0.0515789 -0.998623 -0.0084584 0 -0.0301707 0.0100241 -0.999494 0 -0.225354 -0.553694 0.279515 1 
0.998161 -0.0528087 -0.029453 0 -0.0531379 -0.998522 -0.0105071 0 -0.0288552 0.0120531 -0.999511 0 -0.225663 -0.555774 0.273424 1 
0.998098 -0.054461 -0.0285544 0 -0.0548188 -0.998416 -0.0118996 0 -0.0278616 0.0134425 -0.999521 0 -0.225859 -0.5578 0.26815 1 
0.998007 -0.0567868 -0.0271561 0 -0.0572043 -0.998242 -0.0148519 0 -0.0262655 0.016376 -0.999521 0 -0.226041 -0.559574 0.26234 1 
0.997908 -0.0589675 -0.0261289 0 -0.0594176 -0.998082 -0.0167996 0 -0.0250886 0.0183173 -0.999517 0 -0.226192 -0.561512 0.257205 1 
0.997791 -0.061406 -0.0249558 0 -0.0618929 -0.997888 -0.0192281 0 -0.0237229 0.0207307 -0.999504 0 -0.226433 -0.56328 0.251756 1 
0.997713 -0.0630182 -0.0240516 0 -0.0635266 -0.99775 -0.0209898 0 -0.0226752 0.0224701 -0.99949 0 -0.226582 -0.565051 0.247142 1 
0.997632 -0.0647666 -0.022704 0 -0.0653137 -0.997561 -0.0242443 0 -0.0210788 0.0256703 -0.999448 0 -0.226733 -0.566503 0.242132 1 
0.997514 -0.0669111 -0.0216593 0 -0.0674789 -0.997355 -0.0266389 0 -0.0198199 0.0280348 -0.99941 0 -0.226916 -0.568105 0.237567 1 
0.997399 -0.069014 -0.020326 0 -0.0696056 -0.997114 -0.0299994 0 -0.0181973 0.0313368 -0.999343 0 -0.22707 -0.569521 0.232583 1 
0.997342 -0.0701702 -0.0191392 0 -0.0707745 -0.996938 -0.0329703 0 -0.0167674 0.0342379 -0.999273 0 -0.227183 -0.570882 0.228111 1 
0.997314 -0.07096 -0.0176088 0 -0.0715725 -0.996739 -0.0370054 0 -0.0149257 0.0381671 -0.99916 0 -0.227334 -0.572326 0.223064 1 
0.997278 -0.0718139 -0.0161344 0 -0.0724227 -0.996522 -0.0409941 0 -0.0131346 0.0420518 -0.999029 0 -0.227544 -0.573592 0.218354 1 
0.997242 -0.0725999 -0.014771 0 -0.0731939 -0.996305 -0.0447101 0 -0.0114707 0.0456688 -0.998891 0 -0.227732 -0.574873 0.214002 1 
0.997223 -0.0731752 -0.0131532 0 -0.0737391 -0.99605 -0.0492796 0 -0.00949536 0.0501136 -0.998698 0 -0.227893 -0.575913 0.20931 1 
0.997238 -0.0731915 -0.011828 0 -0.0737181 -0.995866 -0.0528874 0 -0.00790835 0.0536143 -0.99853 0 -0.228143 -0.577205 0.205221 1 
0.997277 -0.0729028 -0.0102148 0 -0.0733706 -0.995647 -0.0573075 0 -0.0059926 0.057902 -0.998304 0 -0.228404 -0.578387 0.200523 1 
0.997312 -0.0725596 -0.00914667 0 -0.0729793 -0.995517 -0.0600119 0 -0.00475131 0.0605193 -0.998156 0 -0.228696 -0.579768 0.196747 1 
0.997346 -0.072228 -0.00808653 0 -0.0725933 -0.995391 -0.0625089 0 -0.00353443 0.0629312 -0.998012 0 -0.229051 -0.581285 0.192415 1 
0.997379 -0.0718335 -0.00745308 0 -0.0721629 -0.995354 -0.0635932 0 -0.00285038 0.0639656 -0.997948 0 -0.229468 -0.583068 0.188489 1 
0.997404 -0.0714995 -0.00728424 0 -0.0718175 -0.995408 -0.0631335 0 -0.00273683 0.063494 -0.997978 0 -0.23 -0.585052 0.185024 1 
0.997429 -0.0711847 -0.0069989 0 -0.0714845 -0.995448 -0.0628818 0 -0.00249087 0.0632216 -0.997996 0 -0.23055 -0.587048 0.180985 1 
0.99745 -0.0708804 -0.00705477 0 -0.0711811 -0.995549 -0.0616149 0 -0.00265613 0.0619612 -0.998075 0 -0.231147 -0.589153 0.17758 1 
0.997465 -0.0706915 -0.00690295 0 -0.0709815 -0.995603 -0.0609739 0 -0.00256231 0.0613105 -0.998115 0 -0.231732 -0.591019 0.173757 1 
0.997474 -0.0705348 -0.00715369 0 -0.0708349 -0.995729 -0.0590498 0 -0.00295812 0.0594085 -0.998229 0 -0.23244 -0.593139 0.170352 1 
0.997473 -0.0705562 -0.00705534 0 -0.0708484 -0.99577 -0.0583357 0 -0.00290961 0.0586893 -0.998272 0 -0.233132 -0.594934 0.166708 1 
0.997473 -0.0705976 -0.00662662 0 -0.0708655 -0.995745 -0.05875 0 -0.00245086 0.0590723 -0.998251 0 -0.233716 -0.596408 0.16272 1 
0.997475 -0.0705742 -0.00662869 0 -0.0708398 -0.995806 -0.0577396 0 -0.002526 0.0580645 -0.99831 0 -0.234349 -0.598133 0.159382 1 
0.997482 -0.0704879 -0.00640672 0 -0.0707398 -0.995836 -0.0573391 0 -0.00233837 0.0576491 -0.998334 0 -0.234878 -0.599679 0.155369 1 
0.997494 -0.0703402 -0.00627541 0 -0.0705835 -0.99588 -0.0567645 0 -0.00225677 0.0570663 -0.998368 0 -0.235335 -0.601161 0.15194 1 
0.997502 -0.0702425 -0.00606645 0 -0.0704735 -0.995903 -0.0564892 0 -0.00207369 0.0567767 -0.998385 0 -0.235805 -0.602592 0.14837 1 
0.997512 -0.0701427 -0.005614 0 -0.070349 -0.995884 -0.056988 0 -0.00159362 0.0572423 -0.998359 0 -0.236196 -0.603823 0.144305 1 
0.997519 -0.0700423 -0.00557371 0 -0.0702451 -0.995936 -0.0561897 0 -0.00161544 0.0564429 -0.998405 0 -0.236684 -0.605329 0.140992 1 
0.997521 -0.0700157 -0.00543895 0 -0.0702103 -0.995965 -0.0557193 0 -0.0015158 0.0559642 -0.998432 0 -0.237172 -0.606666 0.137474 1 
0.997526 -0.0699835 -0.00505048 0 -0.0701568 -0.995948 -0.0560988 0 -0.00110405 0.0563154 -0.998412 0 -0.23759 -0.607841 0.133709 1 
0.997526 -0.0699946 -0.00488276 0 -0.0701582 -0.995962 -0.0558379 0 -0.000954704 0.0560434 -0.998428 0 -0.238066 -0.609126 0.130479 1 
0.997524 -0.0700455 -0.00456386 0 -0.0701913 -0.995951 -0.0559928 0 -0.000623356 0.0561755 -0.998421 0 -0.238526 -0.610293 0.12676 1 
0.997526 -0.0700183 -0.00448808 0 -0.0701595 -0.99599 -0.0553457 0 -0.00059488 0.0555247 -0.998457 0 -0.23899 -0.611579 0.123343 1 
0.997528 -0.0699815 -0.00459727 0 -0.0701278 -0.996059 -0.0541149 0 -0.000792134 0.0543045 -0.998524 0 -0.239487 -0.61299 0.120288 1 
0.997529 -0.0699908 -0.00424268 0 -0.0701181 -0.996042 -0.0544503 0 -0.000414868 0.0546143 -0.998507 0 -0.239826 -0.613917 0.116763 1 
0.997528 -0.0700245 -0.00396959 0 -0.0701368 -0.996032 -0.0546012 0 -0.00013042 0.0547457 -0.9985 0 -0.240194 -0.614897 0.113504 1 
0.997523 -0.0700999 -0.00377186 0 -0.0702013 -0.996026 -0.0546272 0 7.24942e-05 0.0547578 -0.9985 0 -0.240625 -0.615956 0.110666 1 
0.997517 -0.0702122 -0.00331049 0 -0.0702877 -0.995974 -0.0554708 0 0.000597582 0.0555669 -0.998455 0 -0.24099 -0.616788 0.107358 1 
0.99751 -0.0703362 -0.00283838 0 -0.0703841 -0.995911 -0.0564561 0 0.00114415 0.0565164 -0.998401 0 -0.241353 -0.617586 0.104331 1 
0.997497 -0.0705341 -0.00247468 0 -0.0705601 -0.995859 -0.0571633 0 0.00156756 0.0571959 -0.998362 0 -0.24179 -0.618452 0.101744 1 
0.997482 -0.0707614 -0.0019936 0 -0.0707572 -0.995782 -0.0582421 0 0.00213614 0.0582376 -0.9983 0 -0.242192 -0.619187 0.0990024 1 
0.997469 -0.0709508 -0.0015186 0 -0.0709158 -0.995706 -0.0593375 0 0.00269801 0.0592961 -0.998237 0 -0.242587 -0.619968 0.0961802 1 
0.997456 -0.0711414 -0.00136026 0 -0.0710963 -0.995686 -0.0594585 0 0.00287563 0.0594051 -0.99823 0 -0.243097 -0.621031 0.093956 1 
0.997437 -0.0714052 -0.00112803 0 -0.0713446 -0.995644 -0.0598563 0 0.003151 0.0597846 -0.998206 0 -0.243605 -0.621961 0.0917751 1 
0.997419 -0.0716641 -0.000660666 0 -0.071571 -0.99556 -0.0609731 0 0.00371192 0.0608642 -0.998139 0 -0.244056 -0.622736 0.0891227 1 
0.997402 -0.0719023 -0.00039041 0 -0.0717902 -0.995513 -0.0614955 0 0.00403309 0.0613649 -0.998107 0 -0.244563 -0.623672 0.0869093 1 
0.997388 -0.0720902 -0.000312394 0 -0.0719729 -0.995499 -0.0615045 0 0.00412297 0.0613676 -0.998107 0 -0.245124 -0.624758 0.0850812 1 
0.997373 -0.0722969 -3.89785e-05 0 -0.0721599 -0.995449 -0.0620854 0 0.00444987 0.0619264 -0.998071 0 -0.245627 -0.62567 0.0828889 1 
0.997365 -0.0724176 0.000331395 0 -0.0722531 -0.995388 -0.0629547 0 0.00488899 0.062766 -0.998016 0 -0.246067 -0.626464 0.0805557 1 
0.997367 -0.0723884 0.000419295 0 -0.0722181 -0.995385 -0.0630442 0 0.00498113 0.0628491 -0.998011 0 -0.246552 -0.627427 0.0788135 1 
0.997392 -0.0720431 0.00032258 0 -0.0718809 -0.995427 -0.0627551 0 0.00484227 0.0625695 -0.998029 0 -0.247098 -0.628508 0.0773036 1 
0.997452 -0.0712061 0.000330171 0 -0.0710437 -0.99547 -0.0630364 0 0.00481734 0.0628535 -0.998011 0 -0.247658 -0.629498 0.0752802 1 
0.99752 -0.0702411 0.000369927 0 -0.0700747 -0.995494 -0.0637365 0 0.00484527 0.0635538 -0.997967 0 -0.248089 -0.630246 0.0732117 1 
0.997592 -0.0692201 0.000121153 0 -0.0690717 -0.995564 -0.0637349 0 0.00453244 0.0635743 -0.997967 0 -0.248576 -0.631266 0.0715019 1 
0.997646 -0.0684362 -0.000255221 0 -0.0683153 -0.995648 -0.0632347 0 0.00407351 0.0631045 -0.997999 0 -0.249131 -0.632429 0.0700919 1 
0.997674 -0.0680306 -0.000320994 0 -0.0679146 -0.995673 -0.0632671 0 0.00398457 0.0631429 -0.997997 0 -0.249677 -0.633447 0.0682058 1 
0.997694 -0.0677374 -0.000117481 0 -0.0676068 -0.995659 -0.063819 0 0.00420604 0.063681 -0.997961 0 -0.250041 -0.634162 0.0662235 1 
0.997717 -0.0673845 -5.19256e-05 0 -0.0672503 -0.995681 -0.0638607 0 0.0042516 0.0637196 -0.997959 0 -0.250448 -0.635003 0.0645926 1 
0.997734 -0.0671334 -0.000113879 0 -0.0670056 -0.995727 -0.0633944 0 0.00414257 0.0632597 -0.997989 0 -0.25092 -0.635962 0.0633151 1 
0.997734 -0.0671374 -0.000143998 0 -0.067013 -0.99575 -0.0630312 0 0.00408845 0.0628993 -0.998012 0 -0.25136 -0.636833 0.0620526 1 
0.997728 -0.0672258 2.03461e-05 0 -0.0670898 -0.995728 -0.0632826 0 0.00427457 0.0631387 -0.997996 0 -0.251729 -0.637542 0.0603251 1 
0.997735 -0.0671251 0.00023105 0 -0.0669743 -0.995712 -0.063668 0 0.00450387 0.0635096 -0.997971 0 -0.252028 -0.638114 0.0586873 1 
0.997753 -0.0668601 0.000327471 0 -0.0667035 -0.995728 -0.0636944 0 0.00458477 0.0635306 -0.997969 0 -0.252332 -0.638749 0.0573735 1 
0.997791 -0.0662844 0.000349542 0 -0.0661288 -0.995784 -0.0634239 0 0.00455217 0.0632619 -0.997987 0 -0.252685 -0.639517 0.0561592 1 
0.99782 -0.0658427 0.00037825 0 -0.0656873 -0.995828 -0.0631909 0 0.00453742 0.0630295 -0.998001 0 -0.253057 -0.640248 0.0549348 1 
0.997846 -0.0654551 0.000538495 0 -0.0652896 -0.995843 -0.0633623 0 0.00468373 0.0631918 -0.99799 0 -0.253366 -0.640794 0.0535383 1 
0.997903 -0.0645787 0.000852864 0 -0.0643922 -0.995865 -0.0639337 0 0.00497819 0.0637459 -0.997954 0 -0.253592 -0.64117 0.0519745 1 
0.997981 -0.0633527 0.00114822 0 -0.0631475 -0.995915 -0.0643927 0 0.00522308 0.0641914 -0.997924 0 -0.253801 -0.641551 0.0505425 1 
0.998027 -0.062617 0.00128452 0 -0.0624044 -0.99596 -0.0644266 0 0.00531364 0.0642206 -0.997922 0 -0.254054 -0.642072 0.049366 1 
0.998049 -0.0622754 0.00127497 0 -0.0620655 -0.995998 -0.0641656 0 0.00526591 0.0639625 -0.997938 0 -0.254312 -0.642675 0.0484237 1 
0.998078 -0.0618072 0.00120369 0 -0.0616052 -0.996056 -0.0636976 0 0.00513601 0.0635022 -0.997968 0 -0.254613 -0.643384 0.0475219 1 
0.998107 -0.0613264 0.00114503 0 -0.0611314 -0.996115 -0.0632391 0 0.0050189 0.0630507 -0.997998 0 -0.254939 -0.644088 0.0465849 1 
0.998124 -0.0610557 0.00118267 0 -0.0608595 -0.99614 -0.0631072 0 0.00503125 0.0629181 -0.998006 0 -0.255226 -0.644653 0.0454857 1 
0.998151 -0.0606122 0.00127527 0 -0.0604111 -0.996167 -0.0631031 0 0.0050953 0.0629106 -0.998006 0 -0.255437 -0.645151 0.0443832 1 
0.998196 -0.0598708 0.00131736 0 -0.0596695 -0.996224 -0.0629101 0 0.00507896 0.0627192 -0.998018 0 -0.255643 -0.645695 0.0434447 1 
0.998229 -0.0593157 0.00125668 0 -0.0591214 -0.996284 -0.0624804 0 0.00495817 0.0622966 -0.998045 0 -0.255878 -0.646277 0.0427302 1 
0.998274 -0.0585566 0.00112869 0 -0.058375 -0.996369 -0.0618249 0 0.00474494 0.0616535 -0.998086 0 -0.256185 -0.646956 0.0420789 1 
0.998349 -0.0572696 0.00103809 0 -0.0570988 -0.996481 -0.0612038 0 0.00453964 0.0610447 -0.998125 0 -0.256446 -0.647576 0.0415234 1 
0.998418 -0.0560455 0.000974243 0 -0.0558834 -0.996584 -0.0606425 0 0.00436974 0.0604933 -0.998159 0 -0.256678 -0.648161 0.0409648 1 
0.99847 -0.0551165 0.000949642 0 -0.0549595 -0.996662 -0.0602131 0 0.00426529 0.06007 -0.998185 0 -0.256853 -0.648707 0.0403331 1 
0.998504 -0.0545006 0.000966349 0 -0.0543443 -0.996705 -0.0600522 0 0.00423613 0.059911 -0.998195 0 -0.256949 -0.649129 0.039636 1 
0.998527 -0.0540741 0.00107166 0 -0.0539117 -0.996721 -0.0601808 0 0.00432246 0.0600356 -0.998187 0 -0.256961 -0.649403 0.0388875 1 
0.998555 -0.0535432 0.00121682 0 -0.0533723 -0.996739 -0.0603602 0 0.00444481 0.0602092 -0.998176 0 -0.256866 -0.649635 0.0382211 1 
0.99858 -0.0530705 0.00135643 0 -0.0528915 -0.996757 -0.0604851 0 0.0045621 0.0603286 -0.998168 0 -0.256671 -0.649879 0.0376713 1 
0.998601 -0.0526845 0.00137916 0 -0.0525046 -0.996775 -0.0605238 0 0.00456347 0.0603679 -0.998166 0 -0.256474 -0.650125 0.0372774 1 
0.998624 -0.0522463 0.0014197 0 -0.0520645 -0.996795 -0.0605852 0 0.00458058 0.060429 -0.998162 0 -0.25623 -0.650346 0.0369307 1 
0.998648 -0.0517668 0.00145736 0 -0.0515833 -0.996815 -0.0606635 0 0.00459316 0.0605075 -0.998157 0 -0.255947 -0.650541 0.036645 1 
0.998669 -0.051365 0.00148517 0 -0.0511801 -0.996831 -0.0607448 0 0.0046007 0.0605891 -0.998152 0 -0.255703 -0.650682 0.0364375 1 
0.998686 -0.0510428 0.00154587 0 -0.0508542 -0.996839 -0.0608855 0 0.00464885 0.0607281 -0.998144 0 -0.255507 -0.650752 0.0362488 1 
0.998707 -0.0506171 0.00161526 0 -0.0504243 -0.996851 -0.0610472 0 0.0047003 0.060888 -0.998134 0 -0.255354 -0.650789 0.0360637 1 
0.99873 -0.0501665 0.00168406 0 -0.0499697 -0.996866 -0.0611796 0 0.00474804 0.0610189 -0.998125 0 -0.255287 -0.650803 0.0358985 1 
0.998746 -0.0498496 0.00177884 0 -0.0496467 -0.99687 -0.0613634 0 0.00483231 0.0611993 -0.998114 0 -0.255262 -0.650781 0.035695 1 
0.998766 -0.0494364 0.00190825 0 -0.0492249 -0.996873 -0.0616583 0 0.00495054 0.0614894 -0.998095 0 -0.255245 -0.650726 0.0353957 1 
0.998799 -0.0487588 0.00205063 0 -0.0485384 -0.99689 -0.0619338 0 0.00506416 0.0617611 -0.998078 0 -0.255244 -0.650684 0.0350848 1 
0.998831 -0.0480818 0.00219026 0 -0.0478529 -0.996908 -0.0621708 0 0.00517287 0.0619946 -0.998063 0 -0.25523 -0.65068 0.0347546 1 
0.99884 -0.0478942 0.00229249 0 -0.0476583 -0.996906 -0.0623601 0 0.00527218 0.0621797 -0.998051 0 -0.255213 -0.650721 0.0343995 1 
0.998843 -0.0478327 0.00239163 0 -0.0475896 -0.996895 -0.0625811 0 0.00537773 0.0623961 -0.998037 0 -0.255192 -0.650777 0.0339726 1 
0.998851 -0.0476569 0.00248599 0 -0.0474072 -0.996892 -0.062767 0 0.00546965 0.0625782 -0.998025 0 -0.255148 -0.650883 0.033512 1 
0.998863 -0.0474003 0.00257642 0 -0.0471447 -0.996896 -0.0629083 0 0.0055504 0.0627165 -0.998016 0 -0.255073 -0.651047 0.0330134 1 
0.998875 -0.0471345 0.00267797 0 -0.0468728 -0.996906 -0.0629429 0 0.00563658 0.0627478 -0.998013 0 -0.254986 -0.651292 0.0324903 1 
0.998889 -0.0468327 0.00269939 0 -0.0465704 -0.996922 -0.0629213 0 0.00563796 0.0627269 -0.998015 0 -0.254935 -0.651624 0.0318585 1 
0.998904 -0.0465111 0.00272868 0 -0.0462479 -0.99694 -0.0628762 0 0.00564488 0.0626823 -0.998018 0 -0.254874 -0.651968 0.0312351 1 
0.998919 -0.046194 0.00276568 0 -0.045929 -0.996955 -0.062872 0 0.00566167 0.0626782 -0.998018 0 -0.254783 -0.652321 0.0305543 1 
0.998933 -0.0458956 0.0028126 0 -0.045628 -0.996965 -0.0629313 0 0.00569245 0.062737 -0.998014 0 -0.254663 -0.652635 0.0298881 1 
0.998948 -0.0455523 0.00284748 0 -0.045283 -0.996979 -0.0629557 0 0.00570677 0.0627617 -0.998012 0 -0.254516 -0.652965 0.0292606 1 
0.998961 -0.0452782 0.00284742 0 -0.0450098 -0.996995 -0.0628977 0 0.00568687 0.0627054 -0.998016 0 -0.254411 -0.653285 0.0287362 1 
0.998966 -0.0451578 0.00280232 0 -0.0448937 -0.997013 -0.0626948 0 0.00562522 0.0625054 -0.998029 0 -0.25442 -0.653608 0.0283245 1 
0.998966 -0.0451604 0.0027277 0 -0.0449027 -0.997032 -0.0623813 0 0.00553688 0.0621956 -0.998049 0 -0.254516 -0.653915 0.0280319 1 
0.998966 -0.0451759 0.00257756 0 -0.0449304 -0.997065 -0.0618359 0 0.00536359 0.0616574 -0.998083 0 -0.254658 -0.654304 0.0278623 1 
0.998969 -0.0451129 0.00234908 0 -0.0448855 -0.997114 -0.0610714 0 0.0050975 0.0609042 -0.998131 0 -0.254773 -0.654801 0.0278123 1 
0.998973 -0.0450393 0.00205218 0 -0.0448346 -0.997172 -0.060147 0 0.00475546 0.0599944 -0.998187 0 -0.25491 -0.655356 0.0278615 1 
0.998975 -0.0450213 0.00169596 0 -0.0448428 -0.997238 -0.0590461 0 0.00434969 0.0589107 -0.998254 0 -0.255128 -0.655987 0.0279418 1 
0.998978 -0.0449669 0.00144176 0 -0.0448069 -0.997289 -0.0582034 0 0.00405516 0.0580804 -0.998304 0 -0.255273 -0.656506 0.0279283 1 
0.998984 -0.0448334 0.00122434 0 -0.0446888 -0.997333 -0.0575317 0 0.00380048 0.0574196 -0.998343 0 -0.255342 -0.656981 0.02783 1 
0.998991 -0.0446863 0.00103967 0 -0.0445547 -0.997374 -0.0569328 0 0.00358113 0.0568301 -0.998377 0 -0.255391 -0.657428 0.0276972 1 
0.998997 -0.0445569 0.000947904 0 -0.0444318 -0.997397 -0.0566165 0 0.00346816 0.0565187 -0.998396 0 -0.255401 -0.657734 0.0274835 1 
0.999003 -0.0444175 0.000953242 0 -0.0442924 -0.997405 -0.0565871 0 0.00346429 0.0564896 -0.998397 0 -0.255352 -0.657913 0.0271624 1 
0.999009 -0.0442695 0.00103604 0 -0.0441393 -0.9974 -0.0567889 0 0.00354743 0.056688 -0.998386 0 -0.255261 -0.657989 0.0267577 1 
0.999017 -0.0441014 0.00117644 0 -0.0439621 -0.997387 -0.0571621 0 0.00369436 0.0570553 -0.998364 0 -0.255119 -0.657973 0.0263393 1 
0.999027 -0.0438543 0.00139867 0 -0.0437004 -0.997363 -0.0577718 0 0.0039286 0.0576556 -0.998329 0 -0.254882 -0.657861 0.0258594 1 
0.999035 -0.0436661 0.00157789 0 -0.0435001 -0.997343 -0.0582709 0 0.00411823 0.0581471 -0.9983 0 -0.254691 -0.657761 0.0254843 1 
0.999043 -0.0434811 0.00174357 0 -0.0433038 -0.997324 -0.058734 0 0.00429281 0.0586034 -0.998272 0 -0.254513 -0.657667 0.0251402 1 
0.999052 -0.0432754 0.00187473 0 -0.0430892 -0.997313 -0.059091 0 0.00442697 0.0589553 -0.998251 0 -0.254329 -0.657613 0.0248702 1 
0.999061 -0.0430679 0.00196486 0 -0.0428757 -0.997308 -0.0593278 0 0.00451478 0.059189 -0.998237 0 -0.254165 -0.657592 0.0246898 1 
0.999067 -0.0429206 0.0020154 0 -0.042725 -0.997305 -0.0594777 0 0.00456288 0.0593373 -0.998228 0 -0.254048 -0.657585 0.0245818 1 
0.99907 -0.0428385 0.0020319 0 -0.0426419 -0.997307 -0.0595094 0 0.00457581 0.0593686 -0.998226 0 -0.253986 -0.657598 0.024557 1 
0.999074 -0.0427549 0.00203016 0 -0.0425585 -0.997311 -0.0595007 0 0.00456873 0.0593603 -0.998226 0 -0.25393 -0.657623 0.0245614 1 
0.999076 -0.0427105 0.00202215 0 -0.0425147 -0.997313 -0.0594969 0 0.00455794 0.059357 -0.998226 0 -0.253907 -0.657634 0.0245663 1 
0.999076 -0.0427162 0.00202632 0 -0.0425202 -0.997313 -0.0594963 0 0.00456242 0.0593563 -0.998226 0 -0.253908 -0.657633 0.0245639 1 
0.999075 -0.0427378 0.00203689 0 -0.0425409 -0.997309 -0.0595386 0 0.00457605 0.059398 -0.998224 0 -0.253916 -0.657615 0.0245367 1 
0.999075 -0.0427381 0.00205329 0 -0.04254 -0.997306 -0.0595945 0 0.00459481 0.0594532 -0.998221 0 -0.253911 -0.657598 0.0244997 1 
0.999075 -0.0427307 0.00206829 0 -0.0425316 -0.997305 -0.0596275 0 0.00461073 0.0594855 -0.998219 0 -0.253897 -0.65759 0.0244755 1 
0.999074 -0.042747 0.00208602 0 -0.0425465 -0.997301 -0.0596738 0 0.00463135 0.0595309 -0.998216 0 -0.253901 -0.657572 0.0244439 1 
0.999075 -0.0427249 0.00212934 0 -0.0425215 -0.997297 -0.0597677 0 0.00467724 0.059623 -0.99821 0 -0.253872 -0.657549 0.0243745 1 
0.999077 -0.0426797 0.00218048 0 -0.0424728 -0.997292 -0.0598809 0 0.00473037 0.0597342 -0.998203 0 -0.253822 -0.657527 0.0242863 1 
0.999078 -0.0426376 0.00222656 0 -0.0424275 -0.997287 -0.0599961 0 0.0047787 0.0598475 -0.998196 0 -0.253774 -0.657503 0.0242012 1 
0.99908 -0.0425918 0.00229315 0 -0.042377 -0.99728 -0.0601488 0 0.00484885 0.0599975 -0.998187 0 -0.253719 -0.657467 0.0240918 1 
0.999084 -0.0425123 0.00236343 0 -0.0422924 -0.997272 -0.060343 0 0.00492239 0.0601889 -0.998175 0 -0.253641 -0.657429 0.0239429 1 
0.999086 -0.0424499 0.00242078 0 -0.042226 -0.997265 -0.060494 0 0.00498223 0.0603377 -0.998166 0 -0.253575 -0.657401 0.0238312 1 
0.999088 -0.0424019 0.00248481 0 -0.0421735 -0.997259 -0.0606371 0 0.00504922 0.0604782 -0.998157 0 -0.253517 -0.65737 0.023725 1 
0.999093 -0.0422827 0.00259309 0 -0.0420466 -0.997248 -0.060901 0 0.00516112 0.0607379 -0.99814 0 -0.253397 -0.657311 0.0235554 1 
0.9991 -0.0420991 0.00268079 0 -0.0418566 -0.99724 -0.0611623 0 0.00524837 0.0609963 -0.998124 0 -0.253241 -0.657267 0.0233883 1 
0.999106 -0.0419456 0.00274367 0 -0.0416987 -0.997237 -0.0613245 0 0.00530849 0.0611565 -0.998114 0 -0.253109 -0.657257 0.0232709 1 
0.999113 -0.0417955 0.00279563 0 -0.0415449 -0.997234 -0.0614709 0 0.00535721 0.0613014 -0.998105 0 -0.252995 -0.657248 0.0231687 1 
0.999119 -0.0416416 0.00286156 0 -0.0413864 -0.99723 -0.0616426 0 0.00542064 0.0614711 -0.998094 0 -0.252866 -0.657229 0.0230589 1 
0.999126 -0.0414706 0.00290145 0 -0.0412125 -0.99723 -0.06177 0 0.00545516 0.0615976 -0.998086 0 -0.252739 -0.657231 0.0229687 1 
0.999133 -0.0412995 0.00292308 0 -0.04104 -0.997233 -0.0618295 0 0.00546862 0.0616572 -0.998082 0 -0.252615 -0.657257 0.0229255 1 
0.99914 -0.0411353 0.0029443 0 -0.0408747 -0.997237 -0.0618752 0 0.00548153 0.0617028 -0.99808 0 -0.252499 -0.657282 0.0228968 1 
0.999144 -0.0410339 0.00295873 0 -0.0407722 -0.997238 -0.0619283 0 0.00549183 0.0617559 -0.998076 0 -0.252423 -0.657293 0.0228584 1 
0.999146 -0.0409709 0.00296942 0 -0.0407085 -0.997238 -0.0619635 0 0.00550002 0.0617909 -0.998074 0 -0.252375 -0.657299 0.022831 1 
0.999148 -0.0409249 0.00300627 0 -0.0406597 -0.997234 -0.0620679 0 0.00553819 0.0618939 -0.998067 0 -0.252327 -0.657275 0.0227702 1 
0.999149 -0.0409011 0.00306439 0 -0.0406314 -0.997224 -0.0622415 0 0.00560174 0.0620653 -0.998056 0 -0.252291 -0.657215 0.0226685 1 
0.999149 -0.0408906 0.00313271 0 -0.0406155 -0.997212 -0.0624443 0 0.00567746 0.0622651 -0.998043 0 -0.252255 -0.657145 0.0225453 1 
0.999149 -0.040891 0.00321903 0 -0.0406092 -0.997198 -0.0626781 0 0.00577309 0.0624952 -0.998029 0 -0.252219 -0.657063 0.022401 1 
0.999149 -0.0408854 0.00332903 0 -0.0405949 -0.997178 -0.062992 0 0.0058952 0.0628044 -0.998008 0 -0.252167 -0.65695 0.0222174 1 
0.999148 -0.0408882 0.00344491 0 -0.0405884 -0.997158 -0.0633165 0 0.00602413 0.063124 -0.997988 0 -0.252114 -0.656837 0.0220143 1 
0.999148 -0.0408854 0.00355218 0 -0.0405771 -0.997141 -0.0636002 0 0.00614246 0.0634031 -0.997969 0 -0.252068 -0.656748 0.021816 1 
0.999148 -0.0408633 0.00366594 0 -0.040546 -0.997122 -0.063907 0 0.00626696 0.0637052 -0.997949 0 -0.252006 -0.656661 0.0215863 1 
0.999149 -0.0408415 0.00378179 0 -0.0405147 -0.997102 -0.0642352 0 0.00639441 0.0640286 -0.997928 0 -0.251938 -0.656571 0.0213429 1 
0.999147 -0.0408726 0.00389965 0 -0.0405362 -0.997082 -0.0645397 0 0.0065263 0.0643278 -0.997907 0 -0.251897 -0.656477 0.0211111 1 
0.999143 -0.0409574 0.0040508 0 -0.040609 -0.997059 -0.0648497 0 0.00669509 0.0646309 -0.997887 0 -0.251869 -0.656373 0.0208745 1 
0.999137 -0.0410852 0.00427012 0 -0.0407199 -0.997031 -0.0652101 0 0.00693674 0.0649812 -0.997862 0 -0.25182 -0.656254 0.0205837 1 
0.999134 -0.0411429 0.00439681 0 -0.0407665 -0.997003 -0.0656001 0 0.00708275 0.0653653 -0.997836 0 -0.251799 -0.656125 0.0202929 1 
0.999129 -0.0412445 0.00451569 0 -0.040858 -0.99698 -0.0658984 0 0.00722014 0.0656578 -0.997816 0 -0.251796 -0.656018 0.0200647 1 
0.999122 -0.0414129 0.00463881 0 -0.0410153 -0.99695 -0.0662513 0 0.00736846 0.0660042 -0.997792 0 -0.251761 -0.655905 0.0197997 1 
0.999121 -0.0414244 0.00477789 0 -0.0410148 -0.996925 -0.0666222 0 0.00752313 0.066369 -0.997767 0 -0.251704 -0.655794 0.0195205 1 
0.999119 -0.0414583 0.0048964 0 -0.0410382 -0.996903 -0.0669475 0 0.00765691 0.0666889 -0.997744 0 -0.251665 -0.655692 0.0192738 1 
0.999115 -0.0415201 0.00501344 0 -0.0410895 -0.996878 -0.0672743 0 0.00779118 0.06701 -0.997722 0 -0.251635 -0.655586 0.0190316 1 
0.999113 -0.0415707 0.00513728 0 -0.041129 -0.996853 -0.0676247 0 0.00793248 0.0673547 -0.997698 0 -0.251602 -0.655474 0.0187636 1 
0.999111 -0.0416052 0.00526863 0 -0.0411517 -0.996828 -0.0679853 0 0.00808062 0.0677094 -0.997672 0 -0.25156 -0.655361 0.0184902 1 
0.999107 -0.0416801 0.00538051 0 -0.0412162 -0.996803 -0.0683037 0 0.00821037 0.0680223 -0.99765 0 -0.251538 -0.655256 0.0182511 1 
0.999101 -0.0418047 0.00550918 0 -0.0413288 -0.996775 -0.068646 0 0.0083613 0.0683579 -0.997626 0 -0.251505 -0.655145 0.0179906 1 
0.999098 -0.041858 0.00564482 0 -0.0413698 -0.996749 -0.0690004 0 0.00851485 0.068706 -0.997601 0 -0.251457 -0.655036 0.017701 1 
0.999098 -0.0418366 0.0057573 0 -0.0413387 -0.996735 -0.0692221 0 0.00863469 0.068923 -0.997585 0 -0.251398 -0.654986 0.0174906 1 
0.999099 -0.0418036 0.00581271 0 -0.041301 -0.996729 -0.0693334 0 0.00869224 0.0690322 -0.997577 0 -0.251348 -0.654989 0.0173374 1 
0.999099 -0.0418155 0.00586332 0 -0.0413086 -0.996722 -0.0694252 0 0.00874731 0.0691218 -0.99757 0 -0.251319 -0.654983 0.017229 1 
0.999098 -0.0418189 0.0058887 0 -0.0413096 -0.996717 -0.0694901 0 0.00877553 0.0691855 -0.997565 0 -0.251311 -0.654975 0.017136 1 
0.999097 -0.0418478 0.00589247 0 -0.0413381 -0.996715 -0.0695044 0 0.00878189 0.0691993 -0.997564 0 -0.251326 -0.654979 0.0170846 1 
0.999096 -0.0418702 0.0059083 0 -0.0413593 -0.996714 -0.0695067 0 0.00879932 0.0692008 -0.997564 0 -0.251325 -0.654983 0.0170647 1 
0.999095 -0.0418798 0.00594748 0 -0.0413658 -0.99671 -0.069561 0 0.00884128 0.0692534 -0.99756 0 -0.251306 -0.654968 0.0170188 1 
0.999095 -0.0418903 0.00596293 0 -0.0413747 -0.996706 -0.069609 0 0.0088594 0.0693006 -0.997556 0 -0.251308 -0.654951 0.0169654 1 
0.999093 -0.0419248 0.00596532 0 -0.0414092 -0.996707 -0.0695839 0 0.00886314 0.0692752 -0.997558 0 -0.251319 -0.654962 0.0169547 1 
0.999093 -0.0419409 0.00598719 0 -0.0414236 -0.996705 -0.0695987 0 0.00888667 0.0692888 -0.997557 0 -0.251307 -0.654964 0.0169259 1 
0.999093 -0.0419321 0.00600535 0 -0.041413 -0.996701 -0.0696568 0 0.00890657 0.0693463 -0.997553 0 -0.251294 -0.654951 0.01687 1 
0.999092 -0.0419565 0.00603648 0 -0.0414345 -0.996695 -0.0697349 0 0.00894253 0.0694228 -0.997547 0 -0.251295 -0.654923 0.0167804 1 
0.999092 -0.0419647 0.00598525 0 -0.0414483 -0.996711 -0.069505 0 0.00888249 0.0691952 -0.997564 0 -0.251304 -0.654958 0.0166623 1 
0.999091 -0.041974 0.00595075 0 -0.0414616 -0.996722 -0.0693268 0 0.00884134 0.0690184 -0.997576 0 -0.251304 -0.654972 0.0164854 1 
0.999091 -0.0419913 0.00593733 0 -0.0414809 -0.996731 -0.0691956 0 0.00882371 0.0688877 -0.997585 0 -0.251304 -0.654974 0.0162375 1 
0.99909 -0.0419955 0.00595475 0 -0.0414842 -0.996733 -0.0691567 0 0.00883973 0.0688481 -0.997588 0 -0.251292 -0.654965 0.0159296 1 
0.999089 -0.0420346 0.00595945 0 -0.041524 -0.99674 -0.0690406 0 0.00884228 0.0687316 -0.997596 0 -0.251295 -0.654978 0.0155305 1 
0.999085 -0.042123 0.00596215 0 -0.0416138 -0.99675 -0.0688352 0 0.00884248 0.0685254 -0.99761 0 -0.251302 -0.655019 0.015128 1 
0.99907 -0.0424602 0.00600541 0 -0.0419473 -0.996736 -0.0688325 0 0.00890863 0.068518 -0.99761 0 -0.251313 -0.655014 0.0146292 1 
0.999065 -0.0425875 0.00604635 0 -0.0420718 -0.996733 -0.0687981 0 0.00895671 0.0684807 -0.997612 0 -0.251334 -0.655027 0.0141128 1 
0.999059 -0.0427213 0.00607695 0 -0.0422038 -0.996733 -0.0687206 0 0.0089931 0.0684008 -0.997617 0 -0.251385 -0.65506 0.0135972 1 
0.999054 -0.0428402 0.00610209 0 -0.0423212 -0.996732 -0.0686635 0 0.00902388 0.0683416 -0.997621 0 -0.251461 -0.655112 0.0130679 1 
0.999048 -0.0429584 0.00612877 0 -0.0424375 -0.996728 -0.0686532 0 0.00905812 0.0683291 -0.997622 0 -0.251559 -0.655175 0.0125305 1 
0.99904 -0.0431498 0.00618635 0 -0.0426234 -0.996712 -0.0687677 0 0.0091335 0.0684393 -0.997613 0 -0.25171 -0.655225 0.0119699 1 
0.999029 -0.0434012 0.00622214 0 -0.0428713 -0.996698 -0.0688207 0 0.00918867 0.0684884 -0.99761 0 -0.251911 -0.655306 0.0114384 1 
0.999018 -0.0436569 0.00617093 0 -0.0431323 -0.996704 -0.0685629 0 0.00914402 0.0682307 -0.997628 0 -0.252154 -0.65548 0.0109803 1 
0.999007 -0.0439023 0.00615933 0 -0.0433788 -0.9967 -0.0684664 0 0.00914501 0.0681325 -0.997634 0 -0.252375 -0.655603 0.0105005 1 
0.998995 -0.0441636 0.00619982 0 -0.0436362 -0.996685 -0.0685215 0 0.0092056 0.0681835 -0.99763 0 -0.252583 -0.655666 0.0100009 1 
0.998983 -0.0444285 0.00627641 0 -0.0438938 -0.996662 -0.0686874 0 0.00930732 0.0683434 -0.997618 0 -0.252771 -0.655669 0.00951534 1 
0.99897 -0.0446871 0.00648776 0 -0.044134 -0.996628 -0.0690307 0 0.00955085 0.0686746 -0.997593 0 -0.252864 -0.655591 0.00900223 1 
0.998963 -0.044819 0.00675053 0 -0.0442432 -0.996592 -0.0694805 0 0.00984177 0.0691111 -0.99756 0 -0.252817 -0.655469 0.00854448 1 
0.99896 -0.0448429 0.00695476 0 -0.0442474 -0.996554 -0.0700217 0 0.010071 0.0696425 -0.997521 0 -0.252745 -0.655295 0.00812544 1 
0.998958 -0.0448586 0.00711677 0 -0.0442469 -0.996521 -0.0704874 0 0.0102542 0.0701005 -0.997487 0 -0.252691 -0.655143 0.007774 1 
0.998956 -0.0448932 0.00724996 0 -0.0442689 -0.996498 -0.0707967 0 0.0104031 0.0704032 -0.997464 0 -0.252649 -0.655031 0.00746708 1 
0.998956 -0.0449023 0.00716931 0 -0.0442881 -0.996527 -0.0703737 0 0.0103046 0.0699841 -0.997495 0 -0.252646 -0.655085 0.00724657 1 
0.998959 -0.0448641 0.00698551 0 -0.0442696 -0.996575 -0.0697047 0 0.010089 0.0693242 -0.997543 0 -0.25266 -0.655197 0.007065 1 
0.998959 -0.0448767 0.00690782 0 -0.0442909 -0.996597 -0.0693786 0 0.00999799 0.0690018 -0.997566 0 -0.252669 -0.655228 0.00686149 1 
0.998956 -0.0449454 0.0069041 0 -0.0443611 -0.996604 -0.0692294 0 0.00999239 0.0688521 -0.997577 0 -0.252679 -0.655209 0.00661801 1 
0.998952 -0.0450381 0.00693367 0 -0.0444538 -0.996616 -0.0690007 0 0.0100181 0.0686215 -0.997592 0 -0.252661 -0.655208 0.00633947 1 
0.998946 -0.0451734 0.00689751 0 -0.0445959 -0.996641 -0.0685469 0 0.00997103 0.0681684 -0.997624 0 -0.25264 -0.65525 0.00600492 1 
0.998929 -0.0455767 0.00668263 0 -0.0450222 -0.996687 -0.0675973 0 0.00974154 0.0672253 -0.99769 0 -0.252666 -0.655378 0.00563466 1 
0.998906 -0.0461214 0.00640935 0 -0.0455988 -0.996765 -0.0660427 0 0.00943477 0.0656794 -0.997796 0 -0.252699 -0.655622 0.00520457 1 
0.998879 -0.0467472 0.00606053 0 -0.0462649 -0.996868 -0.0639838 0 0.00903279 0.0636329 -0.997932 0 -0.252718 -0.655971 0.00473308 1 
0.998868 -0.0470399 0.00552291 0 -0.0466136 -0.997018 -0.061338 0 0.00839194 0.0610123 -0.998102 0 -0.252776 -0.656413 0.00413531 1 
0.998868 -0.0470976 0.00505362 0 -0.0467189 -0.997159 -0.0589317 0 0.00781495 0.05863 -0.998249 0 -0.2528 -0.656785 0.003391 1 
0.998869 -0.0470971 0.00487377 0 -0.0467358 -0.997211 -0.05803 0 0.00759337 0.0577377 -0.998303 0 -0.252778 -0.65683 0.00258243 1 
0.998862 -0.0472189 0.00500497 0 -0.04685 -0.997206 -0.0580107 0 0.00773034 0.0577113 -0.998303 0 -0.252716 -0.656677 0.00166372 1 
0.998857 -0.0473202 0.00511536 0 -0.0469443 -0.997199 -0.0580589 0 0.00784854 0.0577535 -0.9983 0 -0.252669 -0.656488 0.000710483 1 
0.998851 -0.0474278 0.00525571 0 -0.0470421 -0.997184 -0.0582461 0 0.00800354 0.0579331 -0.998288 0 -0.252634 -0.656262 -0.000260566 1 
0.998845 -0.0475329 0.0054903 0 -0.0471287 -0.997146 -0.0588157 0 0.00827047 0.0584901 -0.998254 0 -0.25256 -0.655972 -0.00119715 1 
0.998838 -0.0476432 0.0058401 0 -0.0472095 -0.997081 -0.0598451 0 0.00867443 0.059501 -0.998191 0 -0.252481 -0.655604 -0.00201067 1 
0.99883 -0.0477692 0.00616043 0 -0.047308 -0.997021 -0.0607614 0 0.00904477 0.0604 -0.998133 0 -0.252437 -0.655269 -0.00271757 1 
0.998828 -0.0478028 0.0062135 0 -0.047338 -0.997018 -0.0607937 0 0.00910126 0.0604295 -0.998131 0 -0.252432 -0.655222 -0.00312865 1 
0.99883 -0.0477758 0.00606763 0 -0.0473246 -0.997051 -0.0602599 0 0.00892887 0.0599034 -0.998164 0 -0.252459 -0.655367 -0.00333324 1 
0.998828 -0.0478212 0.00606791 0 -0.04737 -0.997049 -0.0602489 0 0.00893135 0.059892 -0.998165 0 -0.252492 -0.655385 -0.00347622 1 
0.998825 -0.0478782 0.00609836 0 -0.0474244 -0.997042 -0.0603225 0 0.00896863 0.0599636 -0.99816 0 -0.25251 -0.655367 -0.00358055 1 
0.998822 -0.0479277 0.00617933 0 -0.0474673 -0.997029 -0.0604997 0 0.00906075 0.0601363 -0.998149 0 -0.252499 -0.655302 -0.00372348 1 
0.99882 -0.047961 0.00627895 0 -0.0474926 -0.997015 -0.0607223 0 0.00917268 0.0603536 -0.998135 0 -0.252471 -0.655228 -0.00393421 1 
0.998818 -0.0479871 0.00638951 0 -0.0475096 -0.996999 -0.0609693 0 0.00929625 0.0605948 -0.998119 0 -0.252438 -0.655161 -0.0042412 1 
0.998815 -0.0480376 0.00653362 0 -0.0475493 -0.996983 -0.0611859 0 0.00945331 0.0608039 -0.998105 0 -0.252392 -0.65509 -0.00473959 1 
0.998811 -0.0481056 0.00662839 0 -0.0476115 -0.996981 -0.0611814 0 0.00955173 0.0607943 -0.998105 0 -0.252362 -0.655046 -0.0054788 1 
0.998806 -0.048191 0.00666497 0 -0.0476963 -0.996989 -0.0609875 0 0.00958413 0.060598 -0.998116 0 -0.252361 -0.655006 -0.00648305 1 
0.998794 -0.0483961 0.00703683 0 -0.0478692 -0.996923 -0.0619217 0 0.0100121 0.0615113 -0.998056 0 -0.252316 -0.6546 -0.00799294 1 
0.998774 -0.0486911 0.00775321 0 -0.0480955 -0.996771 -0.0641541 0 0.0108521 0.0637037 -0.99791 0 -0.252234 -0.653757 -0.00995386 1 
0.998787 -0.0486375 0.00625784 0 -0.0481794 -0.997049 -0.0596001 0 0.00913835 0.0592275 -0.998203 0 -0.252725 -0.654791 -0.00981241 1 
0.998788 -0.0486712 0.00583076 0 -0.0482532 -0.997147 -0.0578872 0 0.00863172 0.0575368 -0.998306 0 -0.252877 -0.655257 -0.00961889 1 
0.998791 -0.0486048 0.00584929 0 -0.0481846 -0.997141 -0.0580423 0 0.00865386 0.0576914 -0.998297 0 -0.252842 -0.655216 -0.00983652 1 
0.998792 -0.0485968 0.00575441 0 -0.0481839 -0.997153 -0.0578366 0 0.00854887 0.0574906 -0.998309 0 -0.252877 -0.655307 -0.00975442 1 
0.998789 -0.0486553 0.00577353 0 -0.0482404 -0.997146 -0.057916 0 0.00857513 0.0575685 -0.998305 0 -0.252905 -0.655272 -0.00982383 1 
0.998791 -0.0486144 0.00581114 0 -0.0481969 -0.997144 -0.0579805 0 0.00861339 0.0576314 -0.998301 0 -0.252867 -0.65526 -0.00987564 1 
0.998796 -0.0485111 0.00580572 0 -0.0480938 -0.997147 -0.0580145 0 0.00860367 0.0576665 -0.998299 0 -0.252804 -0.655272 -0.00989411 1 
0.998797 -0.0484803 0.00583075 0 -0.048061 -0.997145 -0.0580764 0 0.00862982 0.0577274 -0.998295 0 -0.252762 -0.655264 -0.00994277 1 
0.998791 -0.0486051 0.00583031 0 -0.0481853 -0.997137 -0.0581152 0 0.00863847 0.0577651 -0.998293 0 -0.252739 -0.655259 -0.00996996 1 
0.998767 -0.0491065 0.00580819 0 -0.0486866 -0.997109 -0.0581768 0 0.00864842 0.0578234 -0.998289 0 -0.252694 -0.655255 -0.0100048 1 
0.998754 -0.049374 0.00578399 0 -0.0489545 -0.997091 -0.0582524 0 0.00864349 0.0578978 -0.998285 0 -0.252634 -0.655251 -0.0100406 1 
0.998741 -0.0496298 0.00577206 0 -0.04921 -0.997075 -0.0583115 0 0.00864933 0.0579551 -0.998282 0 -0.252559 -0.655257 -0.0100754 1 
0.998694 -0.0505709 0.00572435 0 -0.0501519 -0.997026 -0.0583565 0 0.00865863 0.0579943 -0.998279 0 -0.252491 -0.655268 -0.0101056 1 
0.998591 -0.0525841 0.00561451 0 -0.0521676 -0.996919 -0.0584162 0 0.00866914 0.0580421 -0.998276 0 -0.252418 -0.655278 -0.0101381 1 
0.998426 -0.0556485 0.0054214 0 -0.0552378 -0.996751 -0.0584524 0 0.00865674 0.0580621 -0.998275 0 -0.252336 -0.655303 -0.0101529 1 
0.998185 -0.0598397 0.00516881 0 -0.0594361 -0.996506 -0.0585106 0 0.00865217 0.0580983 -0.998273 0 -0.252226 -0.655334 -0.0101789 1 
0.997901 -0.0644206 0.00489795 0 -0.0640247 -0.99622 -0.0585392 0 0.00865074 0.0581039 -0.998273 0 -0.252141 -0.655366 -0.0101914 1 
0.99756 -0.0695196 0.00460749 0 -0.0691319 -0.995877 -0.0585639 0 0.00866 0.0581036 -0.998273 0 -0.252066 -0.655393 -0.0101935 1 
0.997221 -0.0742421 0.00435093 0 -0.073861 -0.995536 -0.0585934 0 0.00868177 0.0581104 -0.998272 0 -0.251998 -0.655414 -0.0102033 1 
0.996769 -0.0800986 0.00405215 0 -0.0797247 -0.995082 -0.0586248 0 0.00872815 0.0581134 -0.998272 0 -0.251939 -0.65543 -0.0102104 1 
0.996148 -0.0875058 0.00368618 0 -0.0871404 -0.994458 -0.0586552 0 0.0087986 0.0581092 -0.998271 0 -0.251841 -0.655461 -0.010217 1 
0.995325 -0.0964291 0.00317324 0 -0.0960777 -0.99363 -0.0587302 0 0.0088165 0.0581519 -0.998269 0 -0.251696 -0.655499 -0.0102295 1 
0.994322 -0.106288 0.00259037 0 -0.105953 -0.99262 -0.0588219 0 0.00882348 0.0582146 -0.998265 0 -0.251546 -0.655534 -0.0102434 1 
0.993074 -0.117391 0.00201326 0 -0.11707 -0.991368 -0.0588682 0 0.00890667 0.0582259 -0.998264 0 -0.251393 -0.655579 -0.0102503 1 
0.991401 -0.130775 0.0013277 0 -0.130471 -0.989692 -0.0588952 0 0.00901622 0.0582167 -0.998263 0 -0.251306 -0.655602 -0.0102581 1 
0.989332 -0.145613 0.000432178 0 -0.145335 -0.987617 -0.0589084 0 0.00900483 0.0582182 -0.998263 0 -0.251257 -0.655621 -0.0102569 1 
0.987075 -0.160199 -0.000413635 0 -0.159945 -0.985358 -0.0588977 0 0.00902795 0.0582037 -0.998264 0 -0.251231 -0.655633 -0.0102541 1 
0.984472 -0.175482 -0.00129236 0 -0.175252 -0.98275 -0.0589019 0 0.00906632 0.0582149 -0.998263 0 -0.25121 -0.655632 -0.0102633 1 
0.981623 -0.19077 -0.00217105 0 -0.190564 -0.979897 -0.0588943 0 0.009108 0.0582268 -0.998262 0 -0.251205 -0.655623 -0.0102701 1 
0.978337 -0.206952 -0.00302348 0 -0.206768 -0.976605 -0.0589182 0 0.00924067 0.0582681 -0.998258 0 -0.251138 -0.655609 -0.0102964 1 
0.974474 -0.224425 -0.0039324 0 -0.224262 -0.972737 -0.0589108 0 0.00939603 0.05829 -0.998255 0 -0.251024 -0.655616 -0.0103049 1 
0.970339 -0.241655 -0.00497969 0 -0.241524 -0.968598 -0.0588666 0 0.00940228 0.0583244 -0.998253 0 -0.250903 -0.655653 -0.010307 1 
0.966195 -0.257706 -0.00593137 0 -0.257602 -0.964454 -0.0587438 0 0.00941829 0.058287 -0.998255 0 -0.250789 -0.65571 -0.0102972 1 
0.962303 -0.271858 -0.00678541 0 -0.271779 -0.96056 -0.0586678 0 0.00943172 0.0583015 -0.998254 0 -0.250672 -0.655746 -0.010307 1 
0.958525 -0.284874 -0.0075259 0 -0.284816 -0.956783 -0.0585464 0 0.00947786 0.0582628 -0.998256 0 -0.250526 -0.65581 -0.0102993 1 
0.954351 -0.298545 -0.00814559 0 -0.298499 -0.952609 -0.0584391 0 0.00968731 0.058204 -0.998258 0 -0.250389 -0.655856 -0.0103035 1 
0.950038 -0.311986 -0.00858578 0 -0.311942 -0.9483 -0.0583138 0 0.0100514 0.0580797 -0.998261 0 -0.250136 -0.655948 -0.0103085 1 
0.945095 -0.326645 -0.00887102 0 -0.326593 -0.943363 -0.0581795 0 0.0106357 0.0578835 -0.998267 0 -0.249983 -0.656002 -0.0103108 1 
0.939712 -0.341826 -0.00879282 0 -0.341742 -0.93799 -0.0580259 0 0.0115874 0.0575336 -0.998276 0 -0.249783 -0.65608 -0.0103061 1 
0.933708 -0.357902 -0.00876165 0 -0.357789 -0.931993 -0.0579395 0 0.0125711 0.0572345 -0.998282 0 -0.249616 -0.656125 -0.0103187 1 
0.927421 -0.373886 -0.0089206 0 -0.373753 -0.925709 -0.0579049 0 0.0133922 0.0570374 -0.998282 0 -0.249495 -0.656146 -0.0103307 1 
0.921699 -0.387766 -0.00943932 0 -0.387637 -0.919983 -0.0578783 0 0.0137595 0.0570065 -0.998279 0 -0.249465 -0.656129 -0.010341 1 
0.915828 -0.401415 -0.0102731 0 -0.401306 -0.914098 -0.0579552 0 0.0138737 0.0572007 -0.998266 0 -0.249519 -0.656052 -0.0103554 1 
0.910435 -0.413482 -0.0110098 0 -0.413392 -0.908692 -0.058025 0 0.013988 0.0573805 -0.998254 0 -0.249562 -0.655993 -0.0103475 1 
0.905551 -0.424055 -0.0116263 0 -0.423978 -0.903791 -0.0581806 0 0.0141643 0.0576159 -0.998238 0 -0.249561 -0.655931 -0.010348 1 
0.901059 -0.433503 -0.0121795 0 -0.433438 -0.899286 -0.0582878 0 0.0143154 0.0578009 -0.998225 0 -0.249539 -0.655891 -0.010345 1 
0.895443 -0.444972 -0.012775 0 -0.444919 -0.893664 -0.0582501 0 0.0145034 0.0578446 -0.99822 0 -0.249496 -0.655884 -0.0103487 1 
0.890164 -0.455429 -0.0131792 0 -0.45538 -0.888386 -0.0581431 0 0.0147721 0.0577595 -0.998221 0 -0.249453 -0.655898 -0.0103497 1 
0.883511 -0.468189 -0.0136983 0 -0.468147 -0.881736 -0.0579737 0 0.0150647 0.0576343 -0.998224 0 -0.249451 -0.655904 -0.0103471 1 
0.876527 -0.481119 -0.0143652 0 -0.481092 -0.874752 -0.0577957 0 0.0152409 0.0575716 -0.998225 0 -0.249475 -0.655894 -0.0103482 1 
0.870222 -0.492412 -0.0150014 0 -0.492402 -0.868447 -0.0576283 0 0.0153492 0.0575373 -0.998225 0 -0.249496 -0.655884 -0.0103508 1 
0.863813 -0.503552 -0.015595 0 -0.503556 -0.86204 -0.0574476 0 0.0154846 0.057478 -0.998227 0 -0.249528 -0.655875 -0.0103486 1 
0.856099 -0.516536 -0.0162963 0 -0.516556 -0.854328 -0.0572217 0 0.015635 0.0574066 -0.998228 0 -0.249587 -0.655857 -0.0103466 1 
0.848019 -0.529672 -0.0171106 0 -0.529715 -0.846247 -0.0569927 0 0.015708 0.0573957 -0.998228 0 -0.24963 -0.655835 -0.0103508 1 
0.839557 -0.542955 -0.0180018 0 -0.543026 -0.837786 -0.0567277 0 0.0157193 0.0574027 -0.998227 0 -0.249685 -0.655811 -0.0103554 1 
0.830437 -0.556772 -0.018945 0 -0.556873 -0.828666 -0.0564442 0 0.0157278 0.0574245 -0.998226 0 -0.249826 -0.655747 -0.0103636 1 
0.820781 -0.570883 -0.0197827 0 -0.571006 -0.819013 -0.0561294 0 0.0158413 0.0573671 -0.998227 0 -0.249971 -0.655696 -0.0103608 1 
0.81089 -0.584815 -0.0207283 0 -0.584968 -0.809125 -0.0557714 0 0.0158445 0.057351 -0.998228 0 -0.250114 -0.655647 -0.0103568 1 
0.80131 -0.597842 -0.021627 0 -0.598023 -0.799547 -0.0554402 0 0.015853 0.0573593 -0.998228 0 -0.250305 -0.655571 -0.0103592 1 
0.792742 -0.60913 -0.0223862 0 -0.609334 -0.790982 -0.0551347 0 0.0158774 0.0573494 -0.998228 0 -0.250511 -0.655494 -0.0103604 1 
0.784816 -0.619284 -0.0230734 0 -0.61951 -0.783058 -0.0548581 0 0.0159052 0.0573488 -0.998227 0 -0.250705 -0.655417 -0.010361 1 
0.777607 -0.62829 -0.0236693 0 -0.628533 -0.775849 -0.0546437 0 0.0159686 0.0573693 -0.998225 0 -0.250895 -0.65533 -0.0103708 1 
0.769789 -0.637826 -0.0241652 0 -0.638079 -0.768032 -0.0544328 0 0.0161593 0.0573221 -0.998225 0 -0.251085 -0.655251 -0.0103698 1 
0.761706 -0.647436 -0.0247156 0 -0.647702 -0.75995 -0.0542156 0 0.0163189 0.0573058 -0.998223 0 -0.251234 -0.655177 -0.010378 1 
0.754347 -0.655979 -0.025138 0 -0.656253 -0.752593 -0.0539986 0 0.0165036 0.0572317 -0.998225 0 -0.251315 -0.655146 -0.0103749 1 
0.746928 -0.664401 -0.0255072 0 -0.66468 -0.745176 -0.0537966 0 0.0167355 0.0571374 -0.998226 0 -0.251352 -0.655136 -0.010365 1 
0.739587 -0.672546 -0.0259586 0 -0.672836 -0.737838 -0.0535582 0 0.0168675 0.0570779 -0.998227 0 -0.251386 -0.655126 -0.010369 1 
0.733311 -0.679368 -0.0263781 0 -0.679668 -0.731564 -0.0533418 0 0.0169417 0.0570456 -0.998228 0 -0.251345 -0.655142 -0.0103691 1 
0.726939 -0.686173 -0.0266038 0 -0.686473 -0.725195 -0.0531834 0 0.0172004 0.0569249 -0.99823 0 -0.251255 -0.655184 -0.0103643 1 
0.719835 -0.69362 -0.0266432 0 -0.693906 -0.71809 -0.053132 0 0.0177216 0.0567352 -0.998232 0 -0.25106 -0.655257 -0.0103666 1 
0.712127 -0.701525 -0.0267963 0 -0.701802 -0.710382 -0.0530292 0 0.018166 0.0565703 -0.998233 0 -0.250887 -0.655322 -0.0103688 1 
0.703667 -0.710006 -0.0269383 0 -0.710271 -0.701923 -0.0529166 0 0.0186628 0.0563703 -0.998235 0 -0.250691 -0.655403 -0.010366 1 
0.694853 -0.718624 -0.0271861 0 -0.718885 -0.693109 -0.0527854 0 0.0190903 0.0562229 -0.998236 0 -0.250527 -0.655462 -0.0103699 1 
0.68636 -0.726728 -0.0275223 0 -0.72699 -0.684615 -0.0526173 0 0.0193967 0.0561239 -0.998235 0 -0.250407 -0.655503 -0.0103736 1 
0.677281 -0.735179 -0.0279869 0 -0.735451 -0.675538 -0.0523582 0 0.0195868 0.0560452 -0.998236 0 -0.250293 -0.655549 -0.0103709 1 
0.669092 -0.742626 -0.0283462 0 -0.742902 -0.667349 -0.0521783 0 0.0198326 0.0559716 -0.998235 0 -0.250166 -0.655591 -0.010375 1 
0.661125 -0.749717 -0.028629 0 -0.749993 -0.659382 -0.0520234 0 0.0201257 0.0558666 -0.998235 0 -0.25003 -0.655643 -0.0103743 1 
0.652548 -0.757181 -0.0289733 0 -0.75746 -0.650805 -0.0518481 0 0.0204028 0.0557806 -0.998235 0 -0.249905 -0.655684 -0.0103767 1 
0.64425 -0.764242 -0.0292773 0 -0.764522 -0.642506 -0.0516926 0 0.0206952 0.0556872 -0.998234 0 -0.249808 -0.655716 -0.0103789 1 
0.635433 -0.771581 -0.0294897 0 -0.771855 -0.633688 -0.0515681 0 0.0211021 0.0555309 -0.998234 0 -0.249747 -0.65574 -0.0103746 1 
0.626814 -0.778586 -0.0297964 0 -0.778862 -0.625068 -0.051426 0 0.0214152 0.0554429 -0.998232 0 -0.249743 -0.655732 -0.0103802 1 
0.618128 -0.785494 -0.0299569 0 -0.785761 -0.61638 -0.05134 0 0.0218629 0.0552747 -0.998232 0 -0.249728 -0.655737 -0.0103808 1 
0.609538 -0.792184 -0.0298158 0 -0.792422 -0.607784 -0.0514453 0 0.022633 0.0549856 -0.998231 0 -0.249681 -0.655757 -0.0103749 1 
0.600815 -0.798829 -0.0295711 0 -0.79903 -0.599055 -0.0516337 0 0.0235322 0.0546515 -0.998228 0 -0.249697 -0.65575 -0.0103736 1 
0.590383 -0.806589 -0.0290211 0 -0.806727 -0.588612 -0.0520347 0 0.0248889 0.0541336 -0.998223 0 -0.249742 -0.655736 -0.0103692 1 
0.579423 -0.814518 -0.0284683 0 -0.81459 -0.57764 -0.0524989 0 0.0263173 0.0536101 -0.998215 0 -0.249816 -0.655702 -0.0103734 1 
0.568981 -0.821867 -0.0278786 0 -0.821871 -0.567187 -0.052984 0 0.027734 0.0530605 -0.998206 0 -0.249895 -0.655676 -0.0103684 1 
0.557734 -0.829561 -0.0272344 0 -0.829492 -0.55593 -0.053525 0 0.0292623 0.0524445 -0.998195 0 -0.249955 -0.655666 -0.0103549 1 
0.546944 -0.836728 -0.0268144 0 -0.8366 -0.54513 -0.0539901 0 0.0305583 0.0519635 -0.998181 0 -0.249974 -0.655653 -0.010362 1 
0.536275 -0.843617 -0.0264532 0 -0.843435 -0.534453 -0.054399 0 0.0317546 0.0514853 -0.998169 0 -0.24997 -0.65566 -0.0103564 1 
0.525388 -0.850444 -0.0263369 0 -0.850223 -0.523558 -0.054664 0 0.0327004 0.051113 -0.998157 0 -0.249945 -0.655671 -0.0103564 1 
0.513972 -0.857387 -0.0264892 0 -0.857146 -0.512136 -0.0547484 0 0.0333751 0.0508453 -0.998149 0 -0.249901 -0.655693 -0.010353 1 
0.503232 -0.863719 -0.0269594 0 -0.863486 -0.501393 -0.0545616 0 0.0336093 0.0507372 -0.998146 0 -0.249878 -0.655707 -0.0103477 1 
0.492486 -0.869873 -0.0275637 0 -0.869656 -0.490643 -0.0542913 0 0.0337033 0.0507096 -0.998145 0 -0.249827 -0.655723 -0.0103542 1 
0.48163 -0.875909 -0.0282132 0 -0.875714 -0.479784 -0.0539757 0 0.0337422 0.0507041 -0.998144 0 -0.249795 -0.655733 -0.010353 1 
0.471151 -0.881571 -0.0288181 0 -0.881394 -0.469303 -0.0536612 0 0.0337824 0.0506836 -0.998143 0 -0.249777 -0.655741 -0.010351 1 
0.460538 -0.887142 -0.0293999 0 -0.886982 -0.458685 -0.053396 0 0.0338852 0.050669 -0.99814 0 -0.249731 -0.65575 -0.0103572 1 
0.449618 -0.892707 -0.0299772 0 -0.892564 -0.447763 -0.0530901 0 0.0339719 0.0506278 -0.99814 0 -0.249688 -0.65577 -0.0103564 1 
0.438957 -0.897976 -0.0305955 0 -0.897854 -0.4371 -0.0527509 0 0.0339965 0.0506266 -0.998139 0 -0.249652 -0.655781 -0.0103559 1 
0.428749 -0.902875 -0.031171 0 -0.902772 -0.42689 -0.052423 0 0.0340255 0.0506176 -0.998138 0 -0.249658 -0.655778 -0.0103557 1 
0.41845 -0.907677 -0.0316756 0 -0.907587 -0.416589 -0.0521526 0 0.0341427 0.0505726 -0.998137 0 -0.249681 -0.65577 -0.010355 1 
0.407976 -0.912415 -0.0321707 0 -0.912337 -0.406111 -0.0519242 0 0.0343122 0.0505354 -0.998133 0 -0.249709 -0.65575 -0.010357 1 
0.398119 -0.916745 -0.032572 0 -0.916673 -0.396249 -0.0517504 0 0.034536 0.0504617 -0.998129 0 -0.249717 -0.655738 -0.0103641 1 
0.387346 -0.921337 -0.0328774 0 -0.921263 -0.385472 -0.0516454 0 0.0349102 0.0502943 -0.998124 0 -0.2497 -0.655751 -0.0103576 1 
0.375533 -0.926205 -0.0331542 0 -0.926121 -0.373652 -0.0516195 0 0.0354228 0.0500906 -0.998116 0 -0.24969 -0.655759 -0.0103489 1 
0.364059 -0.93076 -0.0335838 0 -0.930677 -0.362166 -0.0515517 0 0.03582 0.0500244 -0.998105 0 -0.249667 -0.655734 -0.0103627 1 
0.352622 -0.935142 -0.0338668 0 -0.935049 -0.35072 -0.0515675 0 0.0363459 0.0498519 -0.998095 0 -0.249606 -0.655725 -0.010344 1 
0.340367 -0.939672 -0.033889 0 -0.939543 -0.33845 -0.0518733 0 0.0372748 0.0494971 -0.998078 0 -0.249469 -0.655772 -0.0103509 1 
0.327956 -0.944078 -0.0338031 0 -0.943902 -0.32602 -0.0523611 0 0.0384132 0.0490799 -0.998056 0 -0.2493 -0.655829 -0.010354 1 
0.317385 -0.947685 -0.0337733 0 -0.947468 -0.31543 -0.0528162 0 0.0394007 0.0487631 -0.998033 0 -0.249147 -0.655856 -0.0103645 1 
0.307183 -0.951045 -0.0336551 0 -0.950783 -0.305213 -0.0532741 0 0.0403948 0.0483645 -0.998013 0 -0.249016 -0.655903 -0.0103494 1 
0.297379 -0.954163 -0.0334567 0 -0.95385 -0.295396 -0.0537713 0 0.0414245 0.0479041 -0.997993 0 -0.248866 -0.655979 -0.0103383 1 
0.285716 -0.957726 -0.0332874 0 -0.957354 -0.283714 -0.0544044 0 0.0426613 0.047413 -0.997964 0 -0.248673 -0.656056 -0.010334 1 
0.275452 -0.960733 -0.0331479 0 -0.960308 -0.273434 -0.0549826 0 0.0437607 0.0469782 -0.997937 0 -0.248486 -0.656129 -0.0103305 1 
0.265314 -0.963585 -0.0330582 0 -0.963112 -0.263279 -0.0555026 0 0.0447788 0.0465652 -0.997911 0 -0.248293 -0.656207 -0.0103287 1 
0.255577 -0.966212 -0.0330999 0 -0.965704 -0.253529 -0.0558555 0 0.0455774 0.046241 -0.99789 0 -0.248089 -0.656289 -0.0103251 1 
0.246011 -0.968683 -0.0333596 0 -0.968162 -0.243952 -0.0559449 0 0.0460556 0.0460614 -0.997876 0 -0.247963 -0.656335 -0.0103284 1 
0.237698 -0.970747 -0.0336311 0 -0.970222 -0.235632 -0.0559277 0 0.0463679 0.0459244 -0.997868 0 -0.247869 -0.656375 -0.010325 1 
0.229261 -0.972763 -0.0339535 0 -0.972237 -0.227186 -0.0558855 0 0.0466505 0.045824 -0.99786 0 -0.247773 -0.656409 -0.0103258 1 
0.220264 -0.974825 -0.0343715 0 -0.974307 -0.218183 -0.0557085 0 0.0468076 0.0457599 -0.997855 0 -0.247734 -0.656424 -0.0103254 1 
0.21139 -0.976772 -0.0348186 0 -0.976265 -0.209302 -0.0555021 0 0.0469262 0.0457256 -0.997851 0 -0.247725 -0.656423 -0.0103299 1 
0.202093 -0.978719 -0.0353217 0 -0.97823 -0.2 -0.0552027 0 0.0469645 0.0457097 -0.99785 0 -0.247724 -0.656424 -0.0103286 1 
0.193253 -0.980486 -0.0357828 0 -0.98001 -0.191153 -0.0549762 0 0.0470644 0.0456927 -0.997846 0 -0.24771 -0.65642 -0.0103382 1 
0.184947 -0.982072 -0.0362001 0 -0.981608 -0.182842 -0.0547312 0 0.0471319 0.0456576 -0.997845 0 -0.247695 -0.656429 -0.010334 1 
0.177527 -0.983425 -0.0366028 0 -0.982974 -0.175416 -0.0545197 0 0.0471963 0.0456592 -0.997842 0 -0.247661 -0.656432 -0.0103394 1 
0.169553 -0.984816 -0.0370016 0 -0.984378 -0.167438 -0.0542774 0 0.0472587 0.0456274 -0.99784 0 -0.247648 -0.656438 -0.0103395 1 
0.162538 -0.985987 -0.0373184 0 -0.985554 -0.160417 -0.054139 0 0.0473947 0.0455798 -0.997836 0 -0.247626 -0.656444 -0.0103411 1 
0.156055 -0.987024 -0.0375599 0 -0.986592 -0.15393 -0.0540571 0 0.047575 0.045493 -0.997831 0 -0.247612 -0.656455 -0.0103367 1 
0.148436 -0.988188 -0.0378373 0 -0.987754 -0.146302 -0.0540148 0 0.047842 0.0453925 -0.997823 0 -0.247567 -0.65647 -0.0103384 1 
0.140421 -0.989348 -0.0381143 0 -0.98891 -0.138278 -0.0540039 0 0.0481593 0.0452757 -0.997813 0 -0.247515 -0.656487 -0.01034 1 
0.132281 -0.990456 -0.0384498 0 -0.990021 -0.130131 -0.0538911 0 0.0483743 0.0451957 -0.997806 0 -0.247475 -0.6565 -0.010342 1 
0.124173 -0.991493 -0.0387701 0 -0.991059 -0.122015 -0.0538005 0 0.0486132 0.0451049 -0.997799 0 -0.247382 -0.656535 -0.0103397 1 
0.116338 -0.992433 -0.0390322 0 -0.991993 -0.11417 -0.0538166 0 0.048954 0.0449815 -0.997788 0 -0.247251 -0.65658 -0.0103426 1 
0.108739 -0.993284 -0.039289 0 -0.99284 -0.106562 -0.0538029 0 0.0492557 0.044859 -0.997778 0 -0.247111 -0.656637 -0.0103399 1 
0.101473 -0.99404 -0.0396002 0 -0.993601 -0.0992906 -0.0536663 0 0.0494155 0.0447934 -0.997773 0 -0.246995 -0.656681 -0.0103401 1 
0.0947151 -0.994694 -0.0399268 0 -0.994263 -0.0925271 -0.0534866 0 0.0495095 0.0447646 -0.99777 0 -0.246893 -0.656719 -0.0103393 1 
0.0887288 -0.995233 -0.0402404 0 -0.994814 -0.0865375 -0.0532718 0 0.0495365 0.0447593 -0.997769 0 -0.24683 -0.656742 -0.0103396 1 
0.0839482 -0.995637 -0.0404918 0 -0.995227 -0.0817534 -0.0531154 0 0.0495743 0.0447583 -0.997767 0 -0.246767 -0.656761 -0.0103436 1 
0.0799594 -0.995959 -0.0406646 0 -0.995551 -0.0777616 -0.0530262 0 0.0496507 0.0447245 -0.997765 0 -0.246732 -0.656775 -0.0103423 1 
0.0759653 -0.996267 -0.0407765 0 -0.995853 -0.0737618 -0.053066 0 0.0498611 0.0446394 -0.997758 0 -0.246693 -0.656791 -0.0103411 1 
0.0714966 -0.996595 -0.0408341 0 -0.996166 -0.0692851 -0.0532228 0 0.0502133 0.0444837 -0.997747 0 -0.246627 -0.656821 -0.0103377 1 
0.0665328 -0.996937 -0.0408763 0 -0.996486 -0.0643097 -0.0534853 0 0.0506937 0.0442921 -0.997732 0 -0.246539 -0.656854 -0.010337 1 
0.060883 -0.997298 -0.0408845 0 -0.996814 -0.058645 -0.053874 0 0.0513317 0.0440351 -0.99771 0 -0.246446 -0.656892 -0.0103357 1 
0.0548644 -0.997644 -0.0409601 0 -0.997136 -0.0526135 -0.0541445 0 0.0518628 0.0438143 -0.997693 0 -0.246345 -0.656933 -0.0103303 1 
0.0481428 -0.997983 -0.0411515 0 -0.997463 -0.045881 -0.0542456 0 0.0522491 0.0436594 -0.997679 0 -0.246212 -0.656985 -0.010328 1 
0.041948 -0.998254 -0.0413486 0 -0.997726 -0.0396765 -0.0543033 0 0.0525689 0.0435333 -0.997668 0 -0.24608 -0.657036 -0.010328 1 
0.0363355 -0.998468 -0.0415084 0 -0.997928 -0.0340541 -0.0544056 0 0.0529097 0.0434001 -0.997656 0 -0.245952 -0.657085 -0.0103271 1 
0.0306983 -0.99865 -0.0416626 0 -0.9981 -0.0284076 -0.0545013 0 0.0532453 0.0432574 -0.997644 0 -0.24584 -0.657131 -0.0103245 1 
0.0253442 -0.998794 -0.0418168 0 -0.998236 -0.0230462 -0.0545471 0 0.0535186 0.0431263 -0.997635 0 -0.245725 -0.657181 -0.0103192 1 
0.0200316 -0.998907 -0.0419994 0 -0.998345 -0.0177278 -0.054526 0 0.0537229 0.043023 -0.997629 0 -0.245627 -0.657225 -0.0103182 1 
0.0146918 -0.999 -0.0420082 0 -0.998442 -0.0124035 -0.0542239 0 0.0536497 0.0427402 -0.997645 0 -0.245632 -0.657285 -0.0103086 1 
0.00884944 -0.999063 -0.0421443 0 -0.998513 -0.0065695 -0.0539324 0 0.053606 0.0425597 -0.997655 0 -0.24569 -0.657303 -0.0103088 1 
0.00372552 -0.999085 -0.0423802 0 -0.99854 -0.00144056 -0.0538183 0 0.0537091 0.0425197 -0.997651 0 -0.245694 -0.6573 -0.0103117 1 
-0.00139997 -0.999083 -0.0425602 0 -0.998538 0.00368927 -0.0537583 0 0.0538671 0.0424235 -0.997647 0 -0.245681 -0.657313 -0.0103051 1 
-0.0069433 -0.999056 -0.0426591 0 -0.9985 0.00923652 -0.0537968 0 0.0541411 0.0422224 -0.99764 0 -0.24568 -0.657334 -0.0103019 1 
-0.0129603 -0.998994 -0.0427056 0 -0.998423 0.0152552 -0.0538565 0 0.0544548 0.0419411 -0.997635 0 -0.245676 -0.657367 -0.0102981 1 
-0.018664 -0.998896 -0.0428794 0 -0.998314 0.0209692 -0.0539543 0 0.054795 0.0418009 -0.997622 0 -0.245656 -0.657374 -0.010298 1 
-0.0240197 -0.998767 -0.0432141 0 -0.998192 0.0263355 -0.0538434 0 0.0549161 0.0418435 -0.997614 0 -0.245686 -0.657319 -0.0103206 1 
-0.026809 -0.99869 -0.0433549 0 -0.998121 0.0291262 -0.0537291 0 0.0549226 0.0418339 -0.997614 0 -0.245702 -0.657312 -0.0103166 1 
-0.0271623 -0.99868 -0.043375 0 -0.998111 0.0294802 -0.0537248 0 0.0549337 0.0418346 -0.997613 0 -0.245692 -0.657313 -0.0103177 1 
-0.0275344 -0.99867 -0.0433801 0 -0.998099 0.029853 -0.0537406 0 0.0549652 0.0418187 -0.997612 0 -0.245697 -0.657312 -0.0103174 1 
-0.028414 -0.998644 -0.0433886 0 -0.998069 0.0307348 -0.0537933 0 0.055055 0.0417771 -0.997609 0 -0.245697 -0.657314 -0.0103155 1 
-0.0294854 -0.998612 -0.0434161 0 -0.998033 0.0318091 -0.0538394 0 0.0551468 0.041744 -0.997605 0 -0.245686 -0.657317 -0.0103171 1 
-0.0311585 -0.99856 -0.0434399 0 -0.997974 0.0334858 -0.053919 0 0.0552971 0.0416727 -0.9976 0 -0.245694 -0.657317 -0.0103141 1 
-0.0329179 -0.998501 -0.0434974 0 -0.997911 0.0352494 -0.0539673 0 0.0554207 0.0416308 -0.997595 0 -0.245693 -0.657315 -0.0103166 1 
-0.0339309 -0.998465 -0.0435492 0 -0.997876 0.0362636 -0.0539421 0 0.0554396 0.0416271 -0.997594 0 -0.245692 -0.657312 -0.0103187 1 
-0.0345419 -0.998444 -0.0435619 0 -0.997851 0.0368767 -0.0539836 0 0.055507 0.0416044 -0.997591 0 -0.245698 -0.657306 -0.0103203 1 
-0.0350854 -0.998426 -0.0435462 0 -0.997822 0.0374252 -0.054133 0 0.0556786 0.0415529 -0.997584 0 -0.245693 -0.657299 -0.0103262 1 
-0.0355902 -0.998409 -0.0435129 0 -0.997793 0.037936 -0.0543284 0 0.0558938 0.0414841 -0.997575 0 -0.245691 -0.657292 -0.0103331 1 
-0.036083 -0.998394 -0.0434514 0 -0.997762 0.0384342 -0.0545475 0 0.056131 0.0413867 -0.997565 0 -0.245705 -0.657283 -0.0103328 1 
-0.0366581 -0.998377 -0.0433537 0 -0.997722 0.0390164 -0.0548632 0 0.0564668 0.0412445 -0.997552 0 -0.245695 -0.657288 -0.0103315 1 
-0.0372721 -0.99836 -0.0432403 0 -0.997676 0.0396393 -0.0552438 0 0.0568682 0.0410816 -0.997536 0 -0.245665 -0.657297 -0.0103321 1 
-0.0376787 -0.998348 -0.0431625 0 -0.997643 0.0400533 -0.0555399 0 0.057178 0.0409688 -0.997523 0 -0.245651 -0.657296 -0.0103378 1 
-0.0379437 -0.99834 -0.0430978 0 -0.997622 0.0403219 -0.0557236 0 0.05737 0.0408818 -0.997516 0 -0.245657 -0.657294 -0.010331 1 
-0.0380368 -0.998338 -0.0430716 0 -0.997618 0.0404139 -0.055735 0 0.0573842 0.0408498 -0.997516 0 -0.245693 -0.657285 -0.0103305 1 
-0.0381137 -0.998336 -0.0430447 0 -0.997616 0.0404885 -0.0557174 0 0.0573686 0.0408192 -0.997518 0 -0.245753 -0.65727 -0.0103267 1 
-0.0382377 -0.998337 -0.0429077 0 -0.997614 0.0406024 -0.0556647 0 0.0573154 0.0406776 -0.997527 0 -0.245843 -0.65727 -0.010318 1 
-0.0383917 -0.998343 -0.0426416 0 -0.997616 0.0407359 -0.0555376 0 0.0571837 0.0404085 -0.997546 0 -0.245976 -0.657287 -0.0103016 1 
-0.0385783 -0.998342 -0.0424877 0 -0.997613 0.0409104 -0.0554604 0 0.0571077 0.0402475 -0.997556 0 -0.246132 -0.657268 -0.0102933 1 
-0.038838 -0.998348 -0.0421246 0 -0.997618 0.0411387 -0.0551978 0 0.0568406 0.0398813 -0.997586 0 -0.246385 -0.657271 -0.010289 1 
-0.0390972 -0.998364 -0.0414928 0 -0.997625 0.0413504 -0.0549109 0 0.0565379 0.0392481 -0.997629 0 -0.246632 -0.657325 -0.0102907 1 
-0.0391542 -0.998378 -0.0411099 0 -0.997638 0.0413759 -0.0546597 0 0.056273 0.0388733 -0.997658 0 -0.246814 -0.657352 -0.0102881 1 
-0.0388448 -0.998396 -0.040956 0 -0.997661 0.0410512 -0.0544838 0 0.0560787 0.0387445 -0.997674 0 -0.246878 -0.65737 -0.010284 1 
-0.0384452 -0.998412 -0.0409505 0 -0.997681 0.040649 -0.054418 0 0.0559973 0.0387641 -0.997678 0 -0.246847 -0.657385 -0.0102832 1 
-0.0384164 -0.998413 -0.0409411 0 -0.997683 0.0406194 -0.0544089 0 0.0559866 0.0387568 -0.997679 0 -0.24684 -0.657392 -0.0102795 1 
-0.0383986 -0.998414 -0.0409303 0 -0.997684 0.0406006 -0.0543999 0 0.0559765 0.0387474 -0.99768 0 -0.246842 -0.657396 -0.0102736 1 
-0.0383679 -0.998415 -0.0409287 0 -0.997686 0.0405696 -0.0543912 0 0.0559666 0.0387479 -0.99768 0 -0.246837 -0.657401 -0.01027 1 
-0.0383267 -0.998418 -0.0409137 0 -0.997688 0.040527 -0.054379 0 0.0559521 0.0387357 -0.997682 0 -0.246828 -0.657412 -0.0102616 1 
-0.0383163 -0.998419 -0.0408938 0 -0.997689 0.040515 -0.0543648 0 0.0559367 0.038717 -0.997683 0 -0.246827 -0.657422 -0.0102519 1 
-0.0383042 -0.99842 -0.0408696 0 -0.997691 0.040501 -0.0543506 0 0.0559211 0.0386941 -0.997685 0 -0.246831 -0.657433 -0.010237 1 
-0.0383117 -0.998421 -0.0408563 0 -0.997691 0.0405075 -0.0543447 0 0.055915 0.0386807 -0.997686 0 -0.246834 -0.657438 -0.0102302 1 
-0.0383101 -0.998421 -0.040839 0 -0.997691 0.0405049 -0.0543433 0 0.0559128 0.0386635 -0.997687 0 -0.246834 -0.657444 -0.0102193 1 
-0.0383133 -0.998422 -0.0408162 0 -0.997691 0.0405064 -0.0543341 0 0.0559028 0.038641 -0.997688 0 -0.246843 -0.657451 -0.0102058 1 
-0.0382826 -0.998424 -0.0407945 0 -0.997693 0.040474 -0.054319 0 0.0558856 0.0386217 -0.99769 0 -0.24684 -0.657464 -0.0101924 1 
-0.0382522 -0.998426 -0.040773 0 -0.997695 0.040442 -0.0543094 0 0.0558739 0.0386023 -0.997691 0 -0.246842 -0.657473 -0.0101754 1 
-0.0381746 -0.99843 -0.0407485 0 -0.997699 0.0403625 -0.0542929 0 0.0558535 0.0385829 -0.997693 0 -0.246811 -0.657497 -0.010163 1 
-0.0380964 -0.998436 -0.0406785 0 -0.997705 0.0402787 -0.0542498 0 0.0558045 0.0385192 -0.997698 0 -0.246795 -0.657545 -0.0101256 1 
-0.0380838 -0.998437 -0.0406647 0 -0.997706 0.0402652 -0.0542445 0 0.0557982 0.0385063 -0.997699 0 -0.246799 -0.65755 -0.0101195 1 
-0.0379873 -0.998442 -0.0406352 0 -0.99771 0.0401669 -0.0542379 0 0.0557866 0.0384826 -0.997701 0 -0.246758 -0.657578 -0.0101007 1 
-0.0379996 -0.998442 -0.0406125 0 -0.99771 0.0401775 -0.0542285 0 0.0557769 0.0384596 -0.997702 0 -0.246765 -0.657584 -0.0100816 1 
-0.0379943 -0.998443 -0.0406134 0 -0.997711 0.0401721 -0.0542256 0 0.0557738 0.0384609 -0.997702 0 -0.246764 -0.657585 -0.0100801 1 
-0.0379847 -0.998444 -0.0405995 0 -0.997711 0.0401618 -0.0542259 0 0.0557732 0.0384475 -0.997703 0 -0.246759 -0.657593 -0.0100738 1 
-0.0380041 -0.998443 -0.0405887 0 -0.997711 0.0401803 -0.0542189 0 0.0557664 0.038436 -0.997704 0 -0.246773 -0.657592 -0.0100668 1 
-0.0379878 -0.998445 -0.04056 0 -0.997712 0.040162 -0.0542061 0 0.0557519 0.0384087 -0.997706 0 -0.246774 -0.657605 -0.0100498 1 
-0.0380022 -0.998449 -0.0404579 0 -0.997714 0.0401693 -0.054173 0 0.0557152 0.0383075 -0.997712 0 -0.246796 -0.657641 -0.00997502 1 
-0.0379866 -0.998449 -0.0404643 0 -0.997714 0.0401543 -0.0541779 0 0.0557197 0.0383145 -0.997711 0 -0.246781 -0.657644 -0.00998822 1 
-0.0379881 -0.99845 -0.040443 0 -0.997714 0.0401544 -0.0541707 0 0.0557117 0.0382935 -0.997712 0 -0.246788 -0.65765 -0.00997359 1 
-0.0379994 -0.998449 -0.0404523 0 -0.997714 0.0401661 -0.0541709 0 0.0557127 0.0383021 -0.997712 0 -0.246792 -0.657645 -0.00998118 1 
-0.0379807 -0.99845 -0.0404509 0 -0.997714 0.0401475 -0.054175 0 0.0557161 0.0383016 -0.997712 0 -0.246778 -0.65765 -0.00998006 1 
-0.0379852 -0.998449 -0.0404539 0 -0.997714 0.0401522 -0.0541768 0 0.0557182 0.0383042 -0.997712 0 -0.24678 -0.657649 -0.00998248 1 
-0.0379863 -0.99845 -0.0404449 0 -0.997714 0.0401527 -0.0541725 0 0.0557136 0.0382954 -0.997712 0 -0.246783 -0.657651 -0.00997845 1 
-0.0379875 -0.99845 -0.0404488 0 -0.997714 0.0401541 -0.0541724 0 0.0557137 0.0382992 -0.997712 0 -0.246782 -0.65765 -0.00997666 1 
-0.0379876 -0.99845 -0.0404475 0 -0.997714 0.0401543 -0.0541759 0 0.0557171 0.0382978 -0.997712 0 -0.246781 -0.657651 -0.0099792 1 
-0.0379676 -0.998451 -0.0404376 0 -0.997715 0.0401337 -0.0541747 0 0.0557148 0.038289 -0.997712 0 -0.246774 -0.657658 -0.00997173 1 
-0.0379745 -0.99845 -0.0404409 0 -0.997715 0.0401407 -0.0541726 0 0.055713 0.038292 -0.997712 0 -0.246776 -0.657656 -0.00997609 1 
-0.0379735 -0.99845 -0.0404457 0 -0.997715 0.0401401 -0.0541758 0 0.0557164 0.0382968 -0.997712 0 -0.246774 -0.657654 -0.00998029 1 
-0.0379685 -0.998451 -0.0404391 0 -0.997715 0.0401347 -0.0541748 0 0.0557149 0.0382905 -0.997712 0 -0.246774 -0.657657 -0.00997435 1 
-0.0379671 -0.998451 -0.0404438 0 -0.997715 0.0401335 -0.0541735 0 0.0557138 0.0382954 -0.997712 0 -0.24677 -0.657656 -0.00998336 1 
-0.0379731 -0.998451 -0.0404338 0 -0.997715 0.0401387 -0.054166 0 0.0557061 0.0382853 -0.997713 0 -0.246779 -0.657658 -0.00997035 1 
-0.0379539 -0.998452 -0.040427 0 -0.997716 0.0401193 -0.0541717 0 0.0557108 0.0382793 -0.997713 0 -0.246767 -0.657665 -0.00997134 1 
-0.0379612 -0.998452 -0.040418 0 -0.997715 0.0401263 -0.0541749 0 0.0557139 0.0382699 -0.997713 0 -0.24677 -0.657667 -0.00996674 1 
-0.0379704 -0.998451 -0.0404229 0 -0.997715 0.0401356 -0.0541735 0 0.055713 0.0382743 -0.997713 0 -0.246773 -0.657664 -0.009968 1 
-0.0379572 -0.998452 -0.0404282 0 -0.997715 0.0401228 -0.0541745 0 0.0557138 0.0382803 -0.997713 0 -0.246767 -0.657664 -0.00997393 1 
-0.0379623 -0.998452 -0.0404191 0 -0.997715 0.0401274 -0.0541755 0 0.0557146 0.0382709 -0.997713 0 -0.246769 -0.657667 -0.00996724 1 
-0.0379582 -0.998452 -0.0404241 0 -0.997715 0.0401236 -0.0541764 0 0.0557156 0.038276 -0.997713 0 -0.246768 -0.657665 -0.00997298 1 
-0.0379589 -0.998452 -0.0404237 0 -0.997715 0.0401243 -0.0541756 0 0.0557148 0.0382756 -0.997713 0 -0.246769 -0.657665 -0.00997066 1 
-0.0379577 -0.998452 -0.0404266 0 -0.997715 0.0401232 -0.0541744 0 0.0557136 0.0382786 -0.997713 0 -0.246771 -0.657664 -0.00997027 1 
-0.0379484 -0.998452 -0.0404247 0 -0.997716 0.0401138 -0.0541756 0 0.0557144 0.0382772 -0.997713 0 -0.246764 -0.657667 -0.00997019 1 
-0.0379534 -0.998452 -0.0404199 0 -0.997715 0.0401186 -0.0541761 0 0.0557149 0.0382721 -0.997713 0 -0.246767 -0.657666 -0.00997115 1 
-0.037946 -0.998452 -0.0404222 0 -0.997716 0.0401113 -0.0541742 0 0.0557128 0.0382749 -0.997713 0 -0.246764 -0.657667 -0.00997145 1 
-0.0379526 -0.998452 -0.0404265 0 -0.997716 0.0401179 -0.0541699 0 0.0557089 0.0382791 -0.997713 0 -0.24677 -0.657665 -0.00997037 1 
-0.0379471 -0.998452 -0.0404299 0 -0.997716 0.0401127 -0.0541745 0 0.0557135 0.0382825 -0.997713 0 -0.246766 -0.657664 -0.0099741 1 
-0.0379517 -0.998452 -0.0404243 0 -0.997716 0.0401171 -0.0541742 0 0.0557131 0.0382767 -0.997713 0 -0.246765 -0.657666 -0.00997039 1 
-0.037944 -0.998452 -0.0404198 0 -0.997716 0.0401092 -0.0541755 0 0.055714 0.0382726 -0.997713 0 -0.246761 -0.657669 -0.00996753 1 
-0.0379463 -0.998452 -0.0404205 0 -0.997716 0.0401115 -0.0541731 0 0.0557116 0.0382732 -0.997713 0 -0.246763 -0.657669 -0.00996994 1 
-0.0379441 -0.998452 -0.0404201 0 -0.997716 0.0401093 -0.0541766 0 0.0557151 0.0382728 -0.997713 0 -0.24676 -0.65767 -0.00996921 1 
-0.0379408 -0.998452 -0.0404232 0 -0.997716 0.0401063 -0.0541781 0 0.0557165 0.0382761 -0.997713 0 -0.246757 -0.657669 -0.00997207 1 
-0.0379537 -0.998452 -0.0404232 0 -0.997715 0.0401192 -0.0541789 0 0.0557178 0.0382753 -0.997713 0 -0.246762 -0.657667 -0.00997161 1 
-0.0379502 -0.998452 -0.0404209 0 -0.997716 0.0401155 -0.0541757 0 0.0557144 0.0382733 -0.997713 0 -0.246762 -0.657668 -0.00997117 1 
-0.0379531 -0.998452 -0.0404206 0 -0.997716 0.0401184 -0.0541757 0 0.0557145 0.0382728 -0.997713 0 -0.246762 -0.657669 -0.00996944 1 
-0.0379564 -0.998452 -0.0404219 0 -0.997715 0.0401217 -0.054177 0 0.055716 0.0382739 -0.997713 0 -0.246763 -0.657667 -0.0099719 1 
-0.0379525 -0.998452 -0.0404252 0 -0.997715 0.0401181 -0.0541802 0 0.0557191 0.0382773 -0.997712 0 -0.246761 -0.657668 -0.009971 1 
-0.0379435 -0.998452 -0.0404271 0 -0.997716 0.0401092 -0.0541794 0 0.0557181 0.0382797 -0.997712 0 -0.246759 -0.657667 -0.00997219 1 
-0.0379446 -0.998452 -0.040426 0 -0.997716 0.0401102 -0.0541766 0 0.0557153 0.0382786 -0.997713 0 -0.246762 -0.657667 -0.00997206 1 
-0.0379457 -0.998452 -0.0404226 0 -0.997716 0.040111 -0.0541768 0 0.0557155 0.0382752 -0.997713 0 -0.246761 -0.657669 -0.00997012 1 
-0.0379506 -0.998452 -0.0404252 0 -0.997715 0.0401161 -0.0541781 0 0.055717 0.0382775 -0.997713 0 -0.246761 -0.657667 -0.00997289 1 
-0.0379422 -0.998452 -0.0404271 0 -0.997716 0.0401078 -0.0541774 0 0.0557161 0.0382799 -0.997713 0 -0.246759 -0.657667 -0.00997161 1 
