-1.96928 -0.366733 0.0201712 -1.91647 0.00184597 1.51555 -1.12403 
-1.96927 -0.366731 0.0201701 -1.91649 0.00184627 1.51555 -1.12402 
-1.96926 -0.366731 0.0201768 -1.91648 0.00184524 1.51554 -1.12403 
-1.96927 -0.366734 0.0201706 -1.91648 0.00184323 1.51555 -1.12403 
-1.96927 -0.366733 0.0201759 -1.91648 0.00184357 1.51555 -1.12403 
-1.96926 -0.366729 0.0201802 -1.91648 0.00184577 1.51555 -1.12402 
-1.96926 -0.366729 0.0201785 -1.91648 0.00184633 1.51555 -1.12403 
-1.96927 -0.366729 0.0201732 -1.91648 0.00184875 1.51555 -1.12403 
-1.96927 -0.366732 0.0201746 -1.91648 0.00184405 1.51555 -1.12403 
-1.96926 -0.366731 0.0201761 -1.91648 0.00184783 1.51555 -1.12402 
-1.96927 -0.366733 0.0201739 -1.91648 0.00184551 1.51555 -1.12403 
-1.96926 -0.366731 0.020173 -1.91648 0.00184337 1.51555 -1.12403 
-1.96926 -0.366733 0.0201749 -1.91648 0.00184682 1.51555 -1.12403 
-1.96927 -0.366733 0.0201798 -1.91648 0.00184548 1.51555 -1.12403 
-1.96926 -0.366731 0.0201768 -1.91648 0.00184357 1.51555 -1.12403 
-1.96927 -0.366734 0.0201759 -1.91648 0.00184764 1.51555 -1.12403 
-1.96926 -0.366731 0.0201739 -1.91648 0.00184512 1.51555 -1.12403 
-1.96926 -0.366733 0.0201782 -1.91648 0.00184704 1.51555 -1.12403 
-1.96927 -0.366733 0.0201761 -1.91648 0.00184468 1.51555 -1.12403 
-1.96926 -0.36673 0.0201701 -1.91648 0.00184379 1.51555 -1.12403 
-1.96927 -0.366734 0.0201761 -1.91648 0.00184616 1.51555 -1.12403 
-1.96926 -0.366731 0.0201768 -1.91648 0.00184765 1.51555 -1.12403 
-1.96927 -0.366733 0.0201732 -1.91648 0.00184394 1.51554 -1.12403 
-1.96926 -0.366733 0.0201749 -1.91648 0.00184657 1.51555 -1.12403 
-1.96926 -0.366733 0.0201759 -1.91648 0.00184692 1.51555 -1.12403 
-1.96927 -0.366734 0.0201749 -1.91648 0.00184379 1.51555 -1.12403 
-1.96926 -0.366733 0.0201742 -1.91648 0.00184562 1.51555 -1.12403 
-1.96927 -0.366734 0.0201768 -1.91648 0.00184481 1.51555 -1.12403 
-1.96926 -0.366731 0.0201768 -1.91648 0.00184788 1.51555 -1.12403 
-1.96927 -0.366729 0.0201768 -1.91648 0.00184789 1.51555 -1.12403 
-1.96927 -0.366736 0.0201768 -1.91648 0.0018448 1.51555 -1.12403 
-1.96927 -0.366731 0.0201728 -1.91648 0.0018469 1.51555 -1.12403 
-1.96927 -0.366733 0.0201749 -1.91648 0.001847 1.51555 -1.12403 
-1.96927 -0.366731 0.020172 -1.91648 0.00184797 1.51555 -1.12403 
-1.96927 -0.366732 0.0201768 -1.91648 0.00184728 1.51555 -1.12402 
-1.96927 -0.366733 0.0201782 -1.91648 0.00184661 1.51555 -1.12403 
-1.96926 -0.366731 0.0201768 -1.91648 0.00184787 1.51555 -1.12403 
-1.96926 -0.366734 0.0201766 -1.91648 0.0018474 1.51555 -1.12403 
-1.96927 -0.366733 0.0201728 -1.91648 0.00184277 1.51555 -1.12403 
-1.96926 -0.366731 0.0201778 -1.91648 0.00184515 1.51555 -1.12403 
-1.96927 -0.366731 0.0201747 -1.91648 0.00184493 1.51555 -1.12403 
-1.96927 -0.366727 0.0201745 -1.91648 0.00184765 1.51555 -1.12403 
-1.96926 -0.366733 0.0201742 -1.91648 0.00184434 1.51555 -1.12403 
-1.96926 -0.366733 0.0201727 -1.91648 0.00184763 1.51555 -1.12403 
-1.96927 -0.366729 0.0201775 -1.91648 0.00184716 1.51555 -1.12403 
-1.96926 -0.366731 0.0201746 -1.91648 0.00184465 1.51555 -1.12403 
-1.96927 -0.366731 0.0201749 -1.91648 0.00184477 1.51555 -1.12403 
-1.96927 -0.366733 0.0201726 -1.91648 0.00184678 1.51555 -1.12403 
-1.96927 -0.366731 0.0201784 -1.91648 0.00184688 1.51555 -1.12403 
-1.96927 -0.366733 0.0201785 -1.91648 0.00184548 1.51555 -1.12402 
-1.96926 -0.366733 0.0201746 -1.91648 0.00184397 1.51555 -1.12403 
-1.96927 -0.366734 0.0201727 -1.91648 0.00184596 1.51555 -1.12403 
-1.96926 -0.366731 0.0201782 -1.91648 0.00184764 1.51555 -1.12403 
-1.96927 -0.366729 0.0201768 -1.91648 0.00184703 1.51555 -1.12403 
-1.96926 -0.366736 0.0201763 -1.91648 0.00184791 1.51555 -1.12403 
-1.96927 -0.366733 0.0201763 -1.91648 0.00184445 1.51555 -1.12403 
-1.96926 -0.366731 0.0201729 -1.91648 0.00184801 1.51555 -1.12403 
-1.96927 -0.366733 0.020178 -1.91648 0.0018441 1.51555 -1.12403 
-1.96927 -0.366733 0.0201747 -1.91648 0.00184738 1.51555 -1.12403 
-1.96927 -0.366729 0.0201778 -1.91648 0.00184724 1.51555 -1.12403 
-1.96927 -0.366729 0.0201728 -1.91648 0.0018473 1.51555 -1.12403 
-1.96927 -0.366731 0.0201757 -1.91648 0.00184855 1.51555 -1.12403 
-1.96926 -0.366733 0.0201768 -1.91648 0.00184444 1.51555 -1.12403 
-1.96927 -0.366734 0.0201777 -1.91648 0.00184573 1.51555 -1.12403 
-1.96927 -0.366736 0.0201749 -1.91648 0.00184678 1.51555 -1.12403 
-1.96926 -0.366731 0.0201747 -1.91648 0.00184476 1.51555 -1.12403 
-1.96927 -0.366731 0.0201725 -1.91648 0.0018431 1.51555 -1.12403 
-1.96927 -0.366732 0.0201747 -1.91648 0.00184477 1.51555 -1.12403 
-1.96927 -0.366733 0.0201749 -1.91648 0.00184266 1.51555 -1.12403 
-1.96927 -0.366731 0.0201727 -1.91648 0.00184702 1.51555 -1.12403 
-1.96927 -0.366734 0.0201785 -1.91648 0.0018431 1.51555 -1.12403 
-1.96926 -0.366733 0.0201768 -1.91648 0.00184429 1.51555 -1.12403 
-1.96927 -0.366727 0.0201761 -1.91648 0.00184729 1.51555 -1.12403 
-1.96927 -0.366734 0.0201727 -1.91648 0.00184678 1.51555 -1.12403 
-1.96927 -0.366731 0.0201768 -1.91648 0.00184397 1.51555 -1.12403 
-1.96927 -0.366731 0.0201768 -1.91648 0.00184765 1.51555 -1.12403 
-1.96926 -0.366729 0.0201742 -1.91648 0.00184433 1.51555 -1.12403 
-1.96927 -0.366733 0.0201747 -1.91648 0.00184469 1.51555 -1.12403 
-1.96927 -0.366731 0.020174 -1.91648 0.00184689 1.51555 -1.12403 
-1.96927 -0.366733 0.0201764 -1.91648 0.00184481 1.51555 -1.12403 
-1.96927 -0.366734 0.0201731 -1.91648 0.00184252 1.51555 -1.12403 
-1.96927 -0.366732 0.0201747 -1.91648 0.00184479 1.51555 -1.12403 
-1.96927 -0.366732 0.0201791 -1.91648 0.00184678 1.51555 -1.12403 
-1.96927 -0.366729 0.0201768 -1.91648 0.00184688 1.51555 -1.12403 
-1.96927 -0.366731 0.0201721 -1.91648 0.0018442 1.51555 -1.12403 
-1.96927 -0.366734 0.0201728 -1.91648 0.00184512 1.51554 -1.12403 
-1.96927 -0.366731 0.0201756 -1.91648 0.00184868 1.51555 -1.12403 
-1.96927 -0.366731 0.0201783 -1.91648 0.00184724 1.51555 -1.12403 
-1.96927 -0.366731 0.0201766 -1.91648 0.00184704 1.51555 -1.12403 
-1.96927 -0.366733 0.0201784 -1.91648 0.0018437 1.51555 -1.12402 
-1.96928 -0.366734 0.0201674 -1.91648 0.00184507 1.51555 -1.12403 
-1.96928 -0.366734 0.0201542 -1.91648 0.00184524 1.51555 -1.12403 
-1.96929 -0.366734 0.0201558 -1.91648 0.00184103 1.51554 -1.12403 
-1.96927 -0.366734 0.0201715 -1.91648 0.00184445 1.51555 -1.12403 
-1.96927 -0.366731 0.020183 -1.91648 0.00184653 1.51555 -1.12403 
-1.96926 -0.366733 0.020182 -1.91648 0.00184855 1.51555 -1.12403 
-1.96927 -0.366732 0.0201707 -1.91648 0.00184726 1.51555 -1.12403 
-1.96928 -0.366729 0.0201664 -1.91648 0.0018444 1.51555 -1.12403 
-1.96927 -0.366733 0.0201753 -1.91648 0.00184655 1.51555 -1.12403 
-1.96927 -0.366733 0.020177 -1.91648 0.00184493 1.51554 -1.12402 
-1.96926 -0.366731 0.0201908 -1.91648 0.00184866 1.51555 -1.12403 
-1.96926 -0.366743 0.0201802 -1.91648 0.00184434 1.51555 -1.12403 
-1.96928 -0.366745 0.0201693 -1.91647 0.00184615 1.51555 -1.12403 
-1.96929 -0.366741 0.0201539 -1.91647 0.00184217 1.51555 -1.12403 
-1.96929 -0.366741 0.0201543 -1.91646 0.00184795 1.51556 -1.12403 
-1.96927 -0.36675 0.0201774 -1.91646 0.00184814 1.51555 -1.12402 
-1.96926 -0.366746 0.0201916 -1.91647 0.00184871 1.51555 -1.12403 
-1.96927 -0.366736 0.0201756 -1.91647 0.00184481 1.51555 -1.12403 
-1.96928 -0.366743 0.0201717 -1.91647 0.00184801 1.51555 -1.12403 
-1.96926 -0.366743 0.0201842 -1.91647 0.00184494 1.51555 -1.12403 
-1.96926 -0.36674 0.0201905 -1.91647 0.00184739 1.51555 -1.12403 
-1.96929 -0.36674 0.0201582 -1.91647 0.00184734 1.51555 -1.12403 
-1.96932 -0.36674 0.0201322 -1.91647 0.00184178 1.51556 -1.12403 
-1.96932 -0.366727 0.020132 -1.91646 0.00184468 1.51556 -1.12403 
-1.96932 -0.366722 0.0201462 -1.91646 0.00184534 1.51556 -1.12403 
-1.96932 -0.366729 0.0201446 -1.91645 0.00184638 1.51556 -1.12403 
-1.96932 -0.366741 0.020141 -1.91645 0.00184251 1.51556 -1.12403 
-1.96931 -0.366741 0.0201568 -1.91645 0.00184544 1.51556 -1.12403 
-1.96928 -0.366763 0.0201869 -1.91644 0.00184859 1.51556 -1.12403 
-1.96928 -0.36676 0.0201827 -1.91643 0.00184358 1.51556 -1.12403 
-1.96932 -0.366753 0.0201399 -1.91643 0.00184104 1.51556 -1.12403 
-1.96934 -0.366748 0.0201152 -1.91644 0.0018442 1.51556 -1.12403 
-1.96933 -0.366736 0.0201394 -1.91644 0.00184677 1.51556 -1.12403 
-1.9693 -0.36672 0.0201693 -1.91645 0.00184507 1.51556 -1.12403 
-1.96932 -0.3667 0.0201487 -1.91646 0.00184458 1.51556 -1.12403 
-1.96936 -0.366662 0.0201094 -1.91648 0.00184266 1.51556 -1.12402 
-1.96936 -0.366635 0.020117 -1.91649 0.00184092 1.51556 -1.12403 
-1.96933 -0.366639 0.0201532 -1.9165 0.00184114 1.51556 -1.12403 
-1.96933 -0.366634 0.0201467 -1.9165 0.00184398 1.51556 -1.12403 
-1.96935 -0.366607 0.0201232 -1.91653 0.00184423 1.51555 -1.12403 
-1.96935 -0.366591 0.0201312 -1.91654 0.00184068 1.51555 -1.12403 
-1.96933 -0.366603 0.0201556 -1.91652 0.00184493 1.51556 -1.12403 
-1.96934 -0.366608 0.0201394 -1.91653 0.00184462 1.51556 -1.12403 
-1.96938 -0.3666 0.0201062 -1.91654 0.00184206 1.51555 -1.12403 
-1.96937 -0.3666 0.0201233 -1.91654 0.00184193 1.51555 -1.12402 
-1.96936 -0.366594 0.0201451 -1.91654 0.00183727 1.51555 -1.12403 
-1.96938 -0.366561 0.0201117 -1.91656 0.00183752 1.51555 -1.12403 
-1.9694 -0.366511 0.0201013 -1.91655 0.00183604 1.51555 -1.12403 
-1.96936 -0.366452 0.0201593 -1.91657 0.00183665 1.51555 -1.12403 
-1.96933 -0.366359 0.0201801 -1.91664 0.00183365 1.51555 -1.12403 
-1.96936 -0.366235 0.0201448 -1.91664 0.00183365 1.51555 -1.12403 
-1.96937 -0.366151 0.0201342 -1.9167 0.00183111 1.51555 -1.12403 
-1.96936 -0.366093 0.020152 -1.91685 0.0018247 1.51556 -1.12402 
-1.96938 -0.365975 0.0201329 -1.91688 0.00182018 1.51556 -1.12403 
-1.96939 -0.365861 0.0201167 -1.91698 0.0018131 1.51557 -1.12403 
-1.96949 -0.365662 0.0201279 -1.91735 0.00178528 1.51676 -1.12403 
-1.96951 -0.365363 0.0201305 -1.91793 0.00160078 1.51927 -1.12402 
-1.96982 -0.364918 0.0200767 -1.91842 0.00106508 1.52255 -1.12403 
-1.97032 -0.364319 0.0200751 -1.91878 0.000377709 1.52553 -1.12403 
-1.97081 -0.363448 0.020065 -1.91908 -0.000686391 1.52804 -1.12403 
-1.97109 -0.362246 0.0200578 -1.91933 -0.00217309 1.52951 -1.12403 
-1.97111 -0.360652 0.0200744 -1.91957 -0.0041909 1.53056 -1.12402 
-1.97107 -0.358619 0.0201006 -1.91973 -0.00680732 1.53198 -1.12402 
-1.971 -0.356302 0.0201066 -1.92004 -0.00950829 1.53332 -1.12403 
-1.97094 -0.353758 0.020114 -1.92054 -0.0120237 1.53405 -1.12403 
-1.97098 -0.350554 0.0200854 -1.92116 -0.014917 1.53494 -1.12403 
-1.97112 -0.347285 0.0200582 -1.92185 -0.0180484 1.53575 -1.12403 
-1.97131 -0.343968 0.0200454 -1.92266 -0.0210914 1.53656 -1.12403 
-1.97156 -0.340283 0.0200387 -1.92354 -0.0245314 1.53789 -1.12404 
-1.97192 -0.336374 0.0200247 -1.92458 -0.0282119 1.5402 -1.12406 
-1.97228 -0.332028 0.0200283 -1.92593 -0.031998 1.54357 -1.12412 
-1.97255 -0.327401 0.0200201 -1.92781 -0.035971 1.54823 -1.12467 
-1.97272 -0.32278 0.0200246 -1.93 -0.0405883 1.55326 -1.12617 
-1.97272 -0.318376 0.0200283 -1.93217 -0.045546 1.55871 -1.12838 
-1.97271 -0.313939 0.0200415 -1.93438 -0.0502164 1.56513 -1.13069 
-1.9727 -0.309118 0.0200411 -1.93672 -0.0543649 1.57234 -1.1333 
-1.97272 -0.30383 0.0200273 -1.93913 -0.0573886 1.57989 -1.13556 
-1.97277 -0.298701 0.0200145 -1.94178 -0.0590799 1.58817 -1.13721 
-1.97277 -0.29334 0.0200234 -1.94476 -0.0594188 1.59707 -1.1385 
-1.97269 -0.288053 0.0200602 -1.9476 -0.0594183 1.60683 -1.13914 
-1.97257 -0.282605 0.0200664 -1.95008 -0.0594185 1.61652 -1.13919 
-1.97252 -0.276556 0.0200691 -1.95263 -0.0594166 1.62717 -1.1392 
-1.97238 -0.270373 0.0200802 -1.95531 -0.0594166 1.63816 -1.1392 
-1.97221 -0.264622 0.0200867 -1.95757 -0.0594223 1.64911 -1.13919 
-1.97212 -0.258628 0.020083 -1.95951 -0.0594185 1.66032 -1.1392 
-1.9721 -0.25208 0.0200852 -1.9613 -0.0594172 1.67174 -1.1392 
-1.97203 -0.244945 0.0200832 -1.96283 -0.059416 1.68275 -1.13919 
-1.97201 -0.237996 0.0200959 -1.96389 -0.0594172 1.69312 -1.13918 
-1.97202 -0.231156 0.0200674 -1.96456 -0.0594166 1.70318 -1.13917 
-1.97208 -0.22399 0.0200464 -1.96517 -0.0594172 1.71261 -1.13915 
-1.97219 -0.216148 0.0200489 -1.96554 -0.0594179 1.72175 -1.13912 
-1.97231 -0.208329 0.0200362 -1.96558 -0.0594172 1.73043 -1.13906 
-1.97248 -0.201034 0.020028 -1.96561 -0.0594172 1.73819 -1.13889 
-1.97272 -0.192964 0.0200238 -1.96571 -0.0594172 1.74643 -1.1386 
-1.97291 -0.184816 0.0200265 -1.9657 -0.0594154 1.75414 -1.13852 
-1.97301 -0.176895 0.02002 -1.9657 -0.059416 1.7615 -1.1385 
-1.97307 -0.168062 0.0200163 -1.96571 -0.0594166 1.76845 -1.13848 
-1.97316 -0.159502 0.0200162 -1.96572 -0.0594166 1.77509 -1.13848 
-1.97322 -0.150845 0.0200149 -1.96574 -0.0594146 1.78274 -1.13845 
-1.97321 -0.141941 0.0200147 -1.96577 -0.059416 1.78961 -1.13844 
-1.97321 -0.132924 0.0200248 -1.96574 -0.0594166 1.79671 -1.13842 
-1.97324 -0.124345 0.0200046 -1.96574 -0.0594158 1.80445 -1.13835 
-1.97336 -0.115273 0.0199962 -1.96573 -0.0594146 1.81172 -1.13803 
-1.97358 -0.106195 0.0199902 -1.96575 -0.0594154 1.8202 -1.13771 
-1.97385 -0.0975823 0.0199802 -1.96574 -0.0594166 1.82919 -1.13763 
-1.97423 -0.0884576 0.0199302 -1.96573 -0.059416 1.83746 -1.13762 
-1.97472 -0.0794806 0.0199071 -1.96567 -0.0594088 1.84619 -1.13755 
-1.97512 -0.0709313 0.0198996 -1.9656 -0.0593995 1.85476 -1.13735 
-1.97541 -0.0619689 0.0198944 -1.96573 -0.0593955 1.86372 -1.13712 
-1.97558 -0.0531534 0.0199017 -1.96565 -0.0593926 1.87208 -1.13667 
-1.9756 -0.0448137 0.0198911 -1.9656 -0.0593932 1.88013 -1.13596 
-1.97557 -0.0356964 0.019913 -1.96559 -0.0593852 1.88755 -1.13536 
-1.97542 -0.0271286 0.0199453 -1.96559 -0.0593701 1.89445 -1.13435 
-1.97516 -0.01894 0.0199534 -1.9656 -0.0593683 1.90204 -1.13238 
-1.97495 -0.0103493 0.019963 -1.96559 -0.0593603 1.90881 -1.1302 
-1.97469 -0.0018633 0.0200303 -1.96557 -0.0593514 1.91529 -1.12719 
-1.97427 0.00613897 0.0200643 -1.96554 -0.0593416 1.92184 -1.12335 
-1.97384 0.0144877 0.0200643 -1.96555 -0.0593428 1.92779 -1.11956 
-1.9734 0.0230446 0.0200674 -1.96554 -0.0593424 1.93419 -1.11675 
-1.97287 0.0317535 0.0200704 -1.96554 -0.0593411 1.94238 -1.11458 
-1.97249 0.0400149 0.0200743 -1.96555 -0.0593411 1.94947 -1.11325 
-1.97218 0.048443 0.0200755 -1.96553 -0.0593431 1.95717 -1.11251 
-1.97184 0.0561198 0.0200787 -1.96546 -0.0593418 1.96466 -1.11236 
-1.97155 0.0637658 0.020077 -1.9654 -0.0593456 1.97179 -1.11238 
-1.97132 0.0720201 0.020071 -1.96541 -0.0593454 1.98064 -1.11238 
-1.97108 0.0795717 0.0200787 -1.96526 -0.0593475 1.98966 -1.11237 
-1.97079 0.0868908 0.0200795 -1.96504 -0.0593474 1.99921 -1.11237 
-1.97051 0.094692 0.0200827 -1.96491 -0.059345 2.00892 -1.11237 
-1.97018 0.102018 0.0201095 -1.96494 -0.059349 2.01948 -1.11238 
-1.96977 0.10881 0.0201881 -1.96484 -0.0593447 2.0295 -1.11237 
-1.96927 0.115612 0.0201756 -1.96478 -0.0593469 2.03912 -1.11239 
-1.96871 0.122938 0.0201811 -1.96477 -0.0593516 2.04828 -1.11242 
-1.96799 0.130042 0.020183 -1.96478 -0.0593524 2.05766 -1.11242 
-1.96721 0.136211 0.0201777 -1.96473 -0.0593516 2.0655 -1.11243 
-1.96639 0.143054 0.0201769 -1.96475 -0.0593622 2.07263 -1.11245 
-1.96557 0.149919 0.0201996 -1.96473 -0.0593636 2.07843 -1.11255 
-1.96461 0.156237 0.0202055 -1.96458 -0.0593633 2.08198 -1.11281 
-1.96354 0.162198 0.0202025 -1.96433 -0.059369 2.08398 -1.1132 
-1.96244 0.168397 0.0201928 -1.96409 -0.0593708 2.08436 -1.11369 
-1.96135 0.17448 0.0202087 -1.964 -0.0593719 2.08436 -1.11385 
-1.96015 0.180437 0.0202066 -1.96399 -0.0593718 2.08437 -1.11388 
-1.95888 0.185969 0.0202098 -1.96396 -0.0593744 2.08437 -1.11413 
-1.95746 0.191615 0.0202103 -1.96392 -0.0593761 2.08438 -1.11512 
-1.95601 0.197403 0.0202295 -1.96394 -0.0593851 2.08438 -1.11669 
-1.95437 0.203287 0.0202158 -1.96394 -0.0593859 2.08438 -1.11886 
-1.95266 0.208958 0.0202118 -1.96381 -0.0593878 2.08442 -1.12054 
-1.95103 0.214492 0.0202173 -1.96357 -0.0594032 2.08444 -1.12178 
-1.94945 0.220339 0.0202132 -1.96352 -0.0594095 2.08444 -1.12363 
-1.94784 0.22653 0.0202173 -1.96356 -0.0594124 2.08444 -1.12602 
-1.94631 0.232276 0.0202093 -1.96349 -0.0594117 2.08447 -1.12747 
-1.94469 0.237923 0.0202089 -1.9634 -0.0594106 2.08459 -1.12827 
-1.94296 0.243705 0.0202258 -1.96336 -0.0594112 2.08488 -1.1289 
-1.94119 0.250076 0.0202019 -1.96337 -0.0594131 2.08528 -1.12907 
-1.93941 0.256327 0.0202141 -1.96336 -0.059421 2.08574 -1.12919 
-1.93752 0.262276 0.0202268 -1.96334 -0.0594336 2.08644 -1.12999 
-1.9357 0.267865 0.0202117 -1.96334 -0.0594316 2.08788 -1.13155 
-1.93392 0.274238 0.0202434 -1.96343 -0.0594316 2.09098 -1.13359 
-1.93188 0.281264 0.0202464 -1.96358 -0.0594308 2.09603 -1.13628 
-1.92988 0.28748 0.0202516 -1.96362 -0.059431 2.10183 -1.13869 
-1.92781 0.293871 0.0202276 -1.9636 -0.059437 2.10914 -1.14003 
-1.92588 0.300893 0.0202425 -1.96364 -0.0594431 2.11783 -1.14057 
-1.92397 0.307854 0.0202337 -1.9636 -0.05944 2.1267 -1.14063 
-1.92203 0.314768 0.0202181 -1.96361 -0.0594395 2.13773 -1.14062 
-1.92015 0.321607 0.0202165 -1.96356 -0.0594375 2.14923 -1.14062 
-1.91848 0.32882 0.0202049 -1.96356 -0.0594386 2.16079 -1.14062 
-1.91684 0.336222 0.0202117 -1.96358 -0.0594362 2.17337 -1.14062 
-1.91532 0.343146 0.0201999 -1.96354 -0.0594355 2.18652 -1.14058 
-1.91397 0.35029 0.0201836 -1.96331 -0.0594329 2.19964 -1.14048 
-1.91293 0.357505 0.0201941 -1.96317 -0.0594322 2.21228 -1.14024 
-1.91199 0.364707 0.0201877 -1.96311 -0.0594322 2.2259 -1.14013 
-1.91124 0.371234 0.0201871 -1.96275 -0.0594257 2.23881 -1.14003 
-1.91063 0.378553 0.020181 -1.96228 -0.0594198 2.25223 -1.13972 
-1.91016 0.386154 0.0201839 -1.96213 -0.0594198 2.26576 -1.13943 
-1.90974 0.39334 0.0201781 -1.96175 -0.0594079 2.2791 -1.13917 
-1.9095 0.400178 0.0201686 -1.96109 -0.0594044 2.29205 -1.13894 
-1.90943 0.40818 0.0201722 -1.96054 -0.0593997 2.30576 -1.13879 
-1.90942 0.415805 0.0201621 -1.95973 -0.0593951 2.31878 -1.13864 
-1.90948 0.423408 0.0200929 -1.95846 -0.0593725 2.3329 -1.13834 
-1.90968 0.432474 0.0199965 -1.95703 -0.0593668 2.34863 -1.13772 
-1.90994 0.44151 0.0199929 -1.95537 -0.0593503 2.36355 -1.13714 
-1.9102 0.449259 0.0199792 -1.95349 -0.0593199 2.37747 -1.13635 
-1.91058 0.457969 0.0199833 -1.95125 -0.0593129 2.39096 -1.13531 
-1.91093 0.466953 0.0199775 -1.94865 -0.0592935 2.40302 -1.13434 
-1.91129 0.474995 0.0199652 -1.9456 -0.0592542 2.41394 -1.1335 
-1.91177 0.483971 0.0199599 -1.94205 -0.0591953 2.42334 -1.13272 
-1.91234 0.493639 0.019958 -1.93802 -0.0591435 2.43106 -1.13204 
-1.9129 0.502095 0.0199591 -1.93334 -0.0590969 2.43552 -1.13151 
-1.91351 0.511209 0.019951 -1.92792 -0.05899 2.43693 -1.13106 
-1.91408 0.520422 0.0199347 -1.92199 -0.0589256 2.43692 -1.13066 
-1.91458 0.528947 0.0199321 -1.91558 -0.0589052 2.43692 -1.1303 
-1.91501 0.537698 0.0199302 -1.90938 -0.0588843 2.43692 -1.12992 
-1.91539 0.546894 0.019928 -1.90252 -0.0588674 2.43692 -1.12934 
-1.91567 0.555443 0.0199197 -1.89493 -0.0588541 2.43692 -1.12854 
-1.91595 0.564291 0.0199095 -1.88742 -0.0588454 2.43693 -1.12766 
-1.91621 0.573483 0.0198996 -1.87932 -0.0588412 2.43693 -1.12687 
-1.91644 0.582012 0.0198897 -1.87055 -0.0588358 2.43693 -1.12646 
-1.91671 0.591294 0.0197984 -1.86163 -0.0588339 2.43693 -1.12624 
-1.91709 0.600411 0.0198114 -1.85256 -0.058833 2.43693 -1.1261 
-1.91751 0.608913 0.0198014 -1.84289 -0.0588342 2.43693 -1.12609 
-1.91803 0.617752 0.0197846 -1.83379 -0.0588355 2.43693 -1.12609 
-1.91859 0.626674 0.0197676 -1.82419 -0.0588336 2.43693 -1.12609 
-1.91916 0.634964 0.0197465 -1.81425 -0.0588342 2.43693 -1.12608 
-1.91984 0.643965 0.0197341 -1.80475 -0.058838 2.43693 -1.12609 
-1.92058 0.652623 0.0197375 -1.79518 -0.058838 2.43693 -1.12609 
-1.92133 0.660659 0.0197327 -1.78547 -0.0588378 2.43693 -1.12609 
-1.92207 0.668834 0.0197394 -1.77663 -0.0588421 2.43693 -1.1261 
-1.92276 0.677138 0.0197203 -1.76752 -0.0588448 2.43693 -1.12611 
-1.92345 0.684705 0.0197155 -1.75845 -0.058848 2.43692 -1.12611 
-1.92414 0.692125 0.0197107 -1.75007 -0.0588523 2.43692 -1.12611 
-1.92482 0.69975 0.0197118 -1.74185 -0.0588467 2.43692 -1.12611 
-1.92552 0.707027 0.0197073 -1.7333 -0.0588484 2.43692 -1.1261 
-1.92619 0.713592 0.0197152 -1.7253 -0.0588491 2.43692 -1.12611 
-1.92686 0.720793 0.0196818 -1.71702 -0.0588471 2.43692 -1.12611 
-1.92755 0.727797 0.0196618 -1.70904 -0.0588467 2.43692 -1.12611 
-1.92819 0.733784 0.0196485 -1.7017 -0.0588489 2.43692 -1.1261 
-1.92887 0.739569 0.0196468 -1.69423 -0.0588461 2.43691 -1.1261 
-1.9296 0.745804 0.0196432 -1.68662 -0.0588474 2.43691 -1.1261 
-1.93039 0.751952 0.0196406 -1.67944 -0.0588461 2.43691 -1.1261 
-1.93122 0.757721 0.019647 -1.67229 -0.0588458 2.4369 -1.1261 
-1.93196 0.762783 0.0196262 -1.66537 -0.0588448 2.43689 -1.12609 
-1.9328 0.767842 0.0196289 -1.6585 -0.0588439 2.43688 -1.12606 
-1.93368 0.773051 0.0196507 -1.65216 -0.0588409 2.43686 -1.12593 
-1.93453 0.777946 0.019636 -1.64627 -0.0588419 2.43685 -1.12554 
-1.93545 0.782379 0.0196416 -1.64043 -0.0588422 2.43683 -1.12496 
-1.93627 0.786293 0.019632 -1.63489 -0.0588417 2.43676 -1.12404 
-1.93717 0.790353 0.0196336 -1.62917 -0.0588408 2.43654 -1.1225 
-1.93809 0.794384 0.0196447 -1.6239 -0.058838 2.43631 -1.12031 
-1.93896 0.798511 0.0196421 -1.61907 -0.0588385 2.43594 -1.1181 
-1.9397 0.802272 0.019633 -1.61474 -0.0588368 2.43554 -1.11584 
-1.94045 0.805843 0.0196235 -1.6105 -0.0588388 2.43527 -1.11333 
-1.94112 0.809025 0.0196288 -1.60663 -0.0588276 2.43494 -1.11122 
-1.9418 0.812192 0.0196256 -1.60264 -0.0588289 2.43466 -1.10838 
-1.94251 0.815169 0.0196256 -1.5989 -0.0588269 2.43454 -1.10514 
-1.94318 0.818039 0.0196268 -1.5955 -0.0588265 2.43444 -1.10236 
-1.94383 0.820845 0.0196374 -1.59223 -0.0588267 2.43434 -1.10021 
-1.94443 0.823606 0.0196227 -1.58909 -0.0588254 2.43431 -1.09888 
-1.94495 0.826155 0.0196184 -1.58626 -0.0588031 2.43431 -1.09793 
-1.94543 0.828445 0.0196219 -1.58362 -0.0587617 2.4343 -1.09643 
-1.94589 0.830503 0.0196154 -1.581 -0.0587391 2.43426 -1.09442 
-1.94634 0.8324 0.0196179 -1.57851 -0.0587361 2.43407 -1.09256 
-1.94677 0.834175 0.0196171 -1.5761 -0.058718 2.43377 -1.09111 
-1.94726 0.835903 0.0196155 -1.5737 -0.0587074 2.43331 -1.0891 
-1.94777 0.83764 0.0196119 -1.57127 -0.0587055 2.43245 -1.0864 
-1.94824 0.839438 0.0196054 -1.56872 -0.0586959 2.43176 -1.08326 
-1.94881 0.841477 0.0195806 -1.56585 -0.0586996 2.43146 -1.07951 
-1.94943 0.843672 0.0195815 -1.56284 -0.058699 2.43116 -1.07697 
-1.95003 0.845847 0.0195808 -1.56004 -0.0586987 2.43103 -1.07529 
-1.95068 0.848179 0.0195808 -1.55717 -0.058699 2.43101 -1.0742 
-1.95126 0.850555 0.0196062 -1.55434 -0.0587004 2.43101 -1.0741 
-1.95158 0.852702 0.0195993 -1.55179 -0.0586997 2.43101 -1.07409 
-1.95192 0.854953 0.0195879 -1.549 -0.0586997 2.431 -1.07403 
-1.95224 0.85694 0.0195992 -1.54653 -0.0587004 2.43094 -1.074 
-1.9524 0.85831 0.0195879 -1.54488 -0.058701 2.43056 -1.074 
-1.95259 0.859931 0.0195823 -1.5428 -0.058699 2.42945 -1.07384 
-1.9528 0.861357 0.0195832 -1.54087 -0.0586989 2.42802 -1.07317 
-1.95296 0.862801 0.0195815 -1.53891 -0.0586978 2.42615 -1.0722 
-1.95307 0.864259 0.0195747 -1.5369 -0.058697 2.4235 -1.07085 
-1.95314 0.865798 0.0195904 -1.53482 -0.0586955 2.42013 -1.06855 
-1.95307 0.867386 0.0196069 -1.5326 -0.058701 2.41554 -1.0664 
-1.95301 0.869018 0.0196117 -1.53034 -0.0586999 2.41107 -1.06487 
-1.95292 0.87076 0.019635 -1.52803 -0.0586961 2.40697 -1.0641 
-1.95275 0.872502 0.019631 -1.52592 -0.0586994 2.40353 -1.06379 
-1.95256 0.873986 0.0196395 -1.52423 -0.0587048 2.40149 -1.06365 
-1.95233 0.875175 0.0196649 -1.52299 -0.0587042 2.40057 -1.06365 
-1.95201 0.87597 0.019667 -1.52213 -0.0587046 2.40057 -1.06365 
-1.95171 0.876272 0.019667 -1.52152 -0.0587046 2.40057 -1.06365 
-1.95141 0.876243 0.0196708 -1.52101 -0.0587108 2.40057 -1.06365 
-1.95112 0.876218 0.0196697 -1.52043 -0.0587099 2.40056 -1.06366 
-1.95087 0.876257 0.0196682 -1.51989 -0.0587083 2.40055 -1.06364 
-1.95069 0.87626 0.0196658 -1.51954 -0.0587037 2.40055 -1.06363 
-1.95058 0.876258 0.0196735 -1.51932 -0.0587089 2.40054 -1.06364 
-1.9505 0.876286 0.019674 -1.51927 -0.0587101 2.40054 -1.06363 
-1.95043 0.876351 0.0196751 -1.51927 -0.0587073 2.40054 -1.06362 
-1.95037 0.876441 0.0196961 -1.51927 -0.0587085 2.40053 -1.06362 
-1.95025 0.876699 0.019777 -1.51927 -0.0587092 2.40053 -1.06363 
-1.95005 0.876981 0.0197715 -1.51927 -0.058709 2.40055 -1.06362 
-1.94984 0.877277 0.0197876 -1.51926 -0.0587083 2.40054 -1.06361 
-1.94957 0.877684 0.0197887 -1.51926 -0.0587059 2.40054 -1.06361 
-1.94929 0.878122 0.0197785 -1.51926 -0.0587079 2.40055 -1.06361 
-1.94904 0.878605 0.0197831 -1.51926 -0.0587044 2.40055 -1.06361 
-1.94883 0.87906 0.0197923 -1.51925 -0.0587066 2.40056 -1.06361 
-1.9486 0.879576 0.0197878 -1.51919 -0.0587047 2.40057 -1.06361 
-1.94843 0.880088 0.0197887 -1.51909 -0.0587074 2.40057 -1.06361 
-1.94831 0.880615 0.0197969 -1.51898 -0.0587052 2.40057 -1.06361 
-1.94824 0.881282 0.0197854 -1.51879 -0.0587067 2.40056 -1.06361 
-1.94828 0.88199 0.0197769 -1.51855 -0.0587042 2.40056 -1.06361 
-1.94832 0.88281 0.0197802 -1.51831 -0.0587089 2.40056 -1.06361 
-1.94831 0.883563 0.0197781 -1.51808 -0.0587088 2.40057 -1.06362 
-1.94834 0.884261 0.0197715 -1.51781 -0.0587036 2.40057 -1.06361 
-1.94838 0.884862 0.0197789 -1.51757 -0.0587046 2.40057 -1.06362 
-1.94834 0.885491 0.0197981 -1.51718 -0.0587081 2.40058 -1.06361 
-1.94827 0.886173 0.0198072 -1.51639 -0.0587066 2.40059 -1.06362 
-1.94819 0.887018 0.0198198 -1.51511 -0.0587048 2.40057 -1.06362 
-1.94804 0.887999 0.0198269 -1.51345 -0.0587047 2.40057 -1.06361 
-1.94783 0.889161 0.0198292 -1.51145 -0.0587065 2.40057 -1.06362 
-1.9476 0.890453 0.0198292 -1.50926 -0.0587043 2.40057 -1.06361 
-1.94735 0.891975 0.0198295 -1.50671 -0.0587053 2.40056 -1.06362 
-1.94709 0.893659 0.0198249 -1.50399 -0.0587079 2.40055 -1.06361 
-1.94685 0.895469 0.0198215 -1.50123 -0.0587089 2.40054 -1.06362 
-1.94663 0.897457 0.0198309 -1.49838 -0.0587054 2.40054 -1.06362 
-1.9464 0.899402 0.0198237 -1.49587 -0.0587105 2.40054 -1.06362 
-1.94614 0.901242 0.0198263 -1.49372 -0.0587122 2.40054 -1.06362 
-1.94589 0.902879 0.0198215 -1.49185 -0.0587108 2.40054 -1.06363 
-1.94566 0.904296 0.0198195 -1.49025 -0.0587105 2.40053 -1.06363 
-1.94548 0.905346 0.019814 -1.48909 -0.0587069 2.40051 -1.06363 
-1.94536 0.90608 0.0198147 -1.48834 -0.0587106 2.4005 -1.06363 
-1.94535 0.906425 0.0198004 -1.48805 -0.0587097 2.40049 -1.06362 
-1.94539 0.906512 0.0197892 -1.48805 -0.0587102 2.40044 -1.06363 
-1.94549 0.906495 0.0197838 -1.48805 -0.0587102 2.39991 -1.06363 
-1.94559 0.906455 0.0197828 -1.48804 -0.0587122 2.39905 -1.06363 
-1.9457 0.906455 0.0197796 -1.48803 -0.0587102 2.39822 -1.06363 
-1.94584 0.906477 0.0197728 -1.48805 -0.0587135 2.39707 -1.06363 
-1.946 0.90646 0.0197781 -1.48804 -0.0587202 2.39539 -1.06364 
-1.94612 0.906419 0.0197728 -1.48803 -0.0587202 2.3933 -1.06365 
-1.94624 0.906412 0.0197762 -1.48803 -0.0587234 2.39081 -1.06366 
-1.94638 0.906419 0.0197707 -1.48804 -0.0587412 2.388 -1.06369 
-1.94652 0.90639 0.0197744 -1.48803 -0.0587465 2.38436 -1.06386 
-1.94664 0.906361 0.0197732 -1.48803 -0.0587536 2.38061 -1.06408 
-1.94675 0.906349 0.019768 -1.48803 -0.058761 2.37678 -1.06419 
-1.94687 0.906357 0.0197664 -1.48803 -0.0587647 2.37337 -1.06436 
-1.947 0.906353 0.0197664 -1.48803 -0.0587657 2.37109 -1.06448 
-1.94713 0.906371 0.0197701 -1.48805 -0.0587647 2.37038 -1.06452 
-1.94717 0.906386 0.0197684 -1.48805 -0.0587732 2.3704 -1.06459 
-1.9472 0.906307 0.0197597 -1.48802 -0.0587854 2.37042 -1.06487 
-1.94726 0.906164 0.0197615 -1.488 -0.0587876 2.37043 -1.06526 
-1.94732 0.906124 0.0197579 -1.488 -0.0587926 2.37044 -1.06548 
-1.94738 0.906128 0.0197567 -1.48801 -0.0588022 2.37045 -1.06556 
-1.94748 0.90613 0.0197562 -1.488 -0.05881 2.37046 -1.0658 
-1.94754 0.906152 0.0197584 -1.48801 -0.0588087 2.37046 -1.06605 
-1.94755 0.90616 0.01976 -1.48801 -0.0588075 2.37047 -1.06611 
-1.94753 0.90617 0.0197769 -1.48802 -0.0588087 2.37047 -1.06615 
-1.94745 0.906221 0.0197853 -1.48804 -0.0588094 2.37048 -1.06624 
-1.94736 0.90627 0.019788 -1.48805 -0.0588108 2.37049 -1.06635 
-1.94725 0.906299 0.0197923 -1.48805 -0.0588099 2.37049 -1.06641 
-1.9471 0.906336 0.0197924 -1.48805 -0.0588086 2.3705 -1.06642 
-1.94697 0.906432 0.0197931 -1.48805 -0.0588111 2.37053 -1.06644 
-1.9469 0.906532 0.0197913 -1.48805 -0.0588086 2.37083 -1.06646 
-1.94685 0.906634 0.019797 -1.48805 -0.0588066 2.37119 -1.06646 
-1.94682 0.906803 0.0197941 -1.48805 -0.0588106 2.3713 -1.06646 
-1.94683 0.907015 0.0197917 -1.48805 -0.0588112 2.37131 -1.06646 
-1.94686 0.90726 0.0197833 -1.48804 -0.058808 2.37138 -1.06646 
-1.94695 0.907554 0.0197764 -1.48804 -0.0588108 2.37161 -1.06647 
-1.94708 0.907912 0.0197677 -1.48804 -0.0588104 2.37176 -1.06647 
-1.94727 0.90833 0.0197684 -1.48805 -0.0588109 2.37178 -1.06647 
-1.9475 0.908756 0.0197597 -1.48804 -0.0588114 2.37179 -1.06647 
-1.94774 0.909119 0.0197633 -1.48804 -0.0588073 2.3718 -1.06647 
-1.94798 0.909532 0.0197616 -1.48804 -0.0588087 2.37184 -1.06647 
-1.94822 0.909926 0.0197654 -1.48804 -0.0588112 2.37195 -1.06647 
-1.94839 0.910211 0.0197632 -1.48803 -0.0588086 2.37235 -1.06647 
-1.9485 0.910432 0.0197599 -1.48803 -0.0588047 2.37289 -1.06647 
-1.94857 0.910601 0.0197632 -1.48801 -0.0588098 2.37339 -1.06648 
-1.94862 0.910681 0.0197632 -1.48801 -0.0588093 2.3737 -1.06648 
-1.94864 0.910713 0.0197611 -1.48799 -0.058804 2.374 -1.06647 
-1.94867 0.910721 0.0197584 -1.48795 -0.0588054 2.37427 -1.06647 
-1.94872 0.910747 0.0197547 -1.48789 -0.058803 2.37434 -1.06647 
-1.94879 0.910774 0.0197564 -1.48784 -0.0588049 2.37434 -1.06647 
-1.94889 0.910816 0.0197552 -1.4878 -0.0588017 2.37434 -1.06647 
-1.94901 0.910929 0.0197532 -1.48778 -0.0588004 2.37435 -1.06647 
-1.94911 0.911135 0.0197516 -1.48772 -0.0587991 2.37437 -1.06647 
-1.94923 0.911437 0.0197532 -1.48754 -0.0587905 2.37444 -1.06647 
-1.94933 0.911863 0.0197552 -1.48728 -0.0587825 2.37466 -1.06646 
-1.94945 0.912429 0.0197532 -1.48691 -0.0587779 2.37479 -1.06646 
-1.9496 0.913127 0.0197646 -1.4864 -0.0587764 2.37496 -1.06646 
-1.94965 0.913934 0.0197685 -1.48581 -0.0587618 2.37511 -1.06645 
-1.94965 0.91481 0.0197677 -1.48514 -0.058753 2.37521 -1.06644 
-1.94965 0.915811 0.0197678 -1.4843 -0.0587489 2.37531 -1.06644 
-1.94966 0.916959 0.0197727 -1.48328 -0.0587435 2.37537 -1.06643 
-1.94965 0.918231 0.0197737 -1.48204 -0.058733 2.3755 -1.06643 
-1.94964 0.919615 0.0197737 -1.48056 -0.058732 2.37598 -1.06642 
-1.94964 0.921116 0.0197831 -1.47883 -0.0587285 2.3764 -1.06642 
-1.94965 0.922615 0.0197658 -1.47698 -0.0587291 2.37638 -1.06642 
-1.94975 0.923856 0.0197479 -1.47564 -0.058731 2.37634 -1.06642 
-1.94992 0.924766 0.0197552 -1.47497 -0.0587297 2.37623 -1.06642 
-1.95009 0.925477 0.0197658 -1.4747 -0.0587297 2.37625 -1.06642 
-1.95018 0.926049 0.0197753 -1.47449 -0.0587285 2.37626 -1.06642 
-1.95018 0.926479 0.0197753 -1.47436 -0.0587278 2.37627 -1.06642 
-1.95017 0.926685 0.0197822 -1.47433 -0.0587278 2.37627 -1.06641 
-1.95015 0.926767 0.0197883 -1.47432 -0.058728 2.37626 -1.06642 
-1.95012 0.926769 0.0197885 -1.47432 -0.0587303 2.37627 -1.06642 
-1.95015 0.926764 0.0197804 -1.47426 -0.0587267 2.37627 -1.06641 
-1.95018 0.926784 0.019774 -1.47421 -0.0587253 2.37627 -1.06642 
-1.95019 0.926815 0.0197732 -1.47422 -0.0587253 2.37626 -1.06642 
-1.95019 0.926898 0.0197749 -1.47421 -0.058725 2.37625 -1.06642 
-1.9502 0.927019 0.0197733 -1.47421 -0.0587243 2.37624 -1.06642 
-1.95021 0.927256 0.0197665 -1.47421 -0.0587292 2.37624 -1.06642 
-1.95021 0.927575 0.0197684 -1.47422 -0.0587297 2.37624 -1.06642 
-1.95021 0.927962 0.0197671 -1.47421 -0.0587297 2.37623 -1.06642 
-1.95023 0.928413 0.0197659 -1.47422 -0.0587259 2.3762 -1.06642 
-1.95026 0.928993 0.0197652 -1.47421 -0.0587281 2.37602 -1.06641 
-1.95028 0.929693 0.0197596 -1.47421 -0.0587274 2.37593 -1.06641 
-1.95032 0.930322 0.0197615 -1.47421 -0.0587281 2.37593 -1.06641 
-1.95036 0.931045 0.0197615 -1.47421 -0.0587231 2.37592 -1.0664 
-1.95044 0.931759 0.0197608 -1.47421 -0.0587288 2.37592 -1.0664 
-1.95051 0.93242 0.0197705 -1.47417 -0.0587274 2.37596 -1.06641 
-1.95051 0.933119 0.0197783 -1.47389 -0.0587189 2.37603 -1.0664 
-1.95044 0.933762 0.0197905 -1.47323 -0.058723 2.37614 -1.06641 
-1.95041 0.934232 0.0197791 -1.47273 -0.0587237 2.37611 -1.0664 
-1.95043 0.934519 0.0197801 -1.47256 -0.058723 2.37611 -1.0664 
-1.95041 0.934778 0.0197873 -1.47246 -0.058723 2.37612 -1.0664 
-1.95037 0.935009 0.0197962 -1.47238 -0.0587237 2.37611 -1.0664 
-1.95031 0.935209 0.0197951 -1.47236 -0.058723 2.37612 -1.0664 
-1.95025 0.935446 0.0197995 -1.47228 -0.0587186 2.37612 -1.0664 
-1.95018 0.935753 0.0197982 -1.47211 -0.0587236 2.37611 -1.06639 
-1.95014 0.936068 0.0197966 -1.47189 -0.0587224 2.3761 -1.06638 
-1.9501 0.936403 0.0198002 -1.47153 -0.058723 2.37608 -1.06635 
-1.95008 0.936782 0.0197956 -1.47111 -0.058723 2.37581 -1.06617 
-1.95007 0.937273 0.0197939 -1.47064 -0.0587214 2.37535 -1.06583 
-1.95005 0.937944 0.0197956 -1.46997 -0.0587219 2.37503 -1.06581 
-1.95001 0.938772 0.0197947 -1.46918 -0.0587237 2.37471 -1.06581 
-1.94997 0.939818 0.0197898 -1.46825 -0.0587249 2.37419 -1.06581 
-1.94994 0.94103 0.019788 -1.46716 -0.0587249 2.3736 -1.06581 
-1.9499 0.942377 0.0197971 -1.46592 -0.0587255 2.37291 -1.06581 
-1.94979 0.944031 0.0197917 -1.46432 -0.0587282 2.37229 -1.06581 
-1.94969 0.94584 0.0197917 -1.4625 -0.0587282 2.37193 -1.06581 
-1.94958 0.947865 0.0197963 -1.46038 -0.0587275 2.37172 -1.06582 
-1.9494 0.949985 0.0197983 -1.45824 -0.058732 2.37168 -1.06581 
-1.9492 0.952079 0.0197983 -1.45604 -0.0587387 2.37168 -1.06583 
-1.94894 0.954045 0.0198051 -1.45384 -0.0587367 2.37166 -1.06583 
-1.94865 0.955845 0.0197861 -1.45173 -0.0587485 2.37139 -1.06583 
-1.94849 0.957305 0.0197697 -1.44993 -0.058762 2.36941 -1.06584 
-1.94846 0.958281 0.0198093 -1.44859 -0.0587611 2.3666 -1.06584 
-1.94835 0.959077 0.019793 -1.4474 -0.0587586 2.36418 -1.06584 
-1.94829 0.959712 0.019793 -1.44637 -0.0587575 2.36236 -1.06584 
-1.9483 0.960228 0.0197798 -1.44543 -0.0587563 2.36069 -1.06584 
-1.94836 0.960615 0.019772 -1.44469 -0.0587557 2.35861 -1.06583 
-1.94845 0.960919 0.019749 -1.44407 -0.0587582 2.35569 -1.06583 
-1.94862 0.96113 0.0197547 -1.4434 -0.058757 2.35151 -1.06584 
-1.94878 0.961279 0.0197719 -1.44275 -0.058755 2.34787 -1.06583 
-1.94874 0.961593 0.0197866 -1.44161 -0.0587524 2.34612 -1.06583 
-1.94859 0.961996 0.0197647 -1.44039 -0.0587575 2.34479 -1.06583 
-1.94858 0.962325 0.0197597 -1.43921 -0.0587582 2.34288 -1.06583 
-1.94859 0.962645 0.0197652 -1.43814 -0.0587569 2.34047 -1.06583 
-1.94853 0.963193 0.0197742 -1.43688 -0.0587582 2.33875 -1.06583 
-1.94845 0.964012 0.0197739 -1.43549 -0.0587575 2.33788 -1.06582 
-1.94839 0.965144 0.0197768 -1.43404 -0.0587582 2.33767 -1.06582 
-1.94831 0.966615 0.0197735 -1.43251 -0.0587582 2.33768 -1.06583 
-1.94828 0.968374 0.0197672 -1.43075 -0.0587622 2.33768 -1.06582 
-1.94832 0.970519 0.0197582 -1.42866 -0.0587583 2.33769 -1.06583 
-1.94839 0.973136 0.019723 -1.42606 -0.0587635 2.33768 -1.06583 
-1.94857 0.976308 0.0197117 -1.423 -0.0587668 2.33767 -1.06583 
-1.94879 0.97966 0.0197059 -1.42011 -0.0587668 2.33767 -1.06583 
-1.94903 0.983095 0.0196689 -1.41756 -0.0587762 2.3376 -1.06584 
-1.94928 0.986168 0.0196186 -1.41565 -0.0587771 2.33752 -1.06585 
-1.94947 0.988902 0.0196259 -1.41401 -0.0587783 2.33748 -1.06585 
-1.94956 0.991294 0.0196184 -1.41235 -0.0587758 2.33748 -1.06585 
-1.94965 0.993415 0.0196262 -1.41057 -0.0587758 2.33748 -1.06584 
-1.94973 0.995491 0.0196151 -1.4086 -0.0587758 2.33747 -1.06584 
-1.94983 0.997298 0.0196342 -1.40644 -0.0587735 2.33752 -1.06584 
-1.94982 0.99833 0.0196288 -1.40408 -0.0587742 2.33748 -1.06585 
-1.94981 0.999023 0.0196234 -1.40216 -0.0587722 2.33745 -1.06585 
-1.94981 0.999997 0.0196187 -1.40059 -0.0587737 2.33742 -1.06584 
-1.94984 1.00107 0.0196159 -1.39935 -0.0587731 2.33744 -1.06584 
-1.94983 1.00183 0.0196373 -1.39848 -0.0587734 2.33745 -1.06585 
-1.94973 1.00201 0.0196429 -1.39822 -0.0587758 2.33744 -1.06585 
-1.94965 1.00205 0.0196332 -1.39829 -0.0587752 2.33744 -1.06584 
-1.94964 1.00208 0.0196308 -1.39841 -0.0587752 2.33743 -1.06584 
-1.94963 1.00209 0.0196348 -1.3986 -0.0587732 2.33743 -1.06583 
-1.94959 1.00208 0.0196435 -1.39883 -0.0587726 2.33745 -1.06581 
-1.94951 1.00208 0.0196354 -1.39907 -0.0587715 2.33745 -1.06576 
-1.94944 1.00206 0.0196369 -1.39922 -0.0587723 2.33746 -1.06553 
-1.94939 1.00206 0.0196368 -1.3993 -0.0587634 2.33746 -1.0651 
-1.94936 1.00206 0.0196453 -1.39939 -0.0587611 2.33748 -1.06452 
-1.94932 1.00206 0.0196382 -1.39942 -0.0587559 2.33748 -1.06431 
-1.94934 1.00206 0.0196429 -1.39945 -0.0587393 2.33749 -1.06431 
-1.94934 1.00206 0.0196456 -1.39947 -0.058717 2.3375 -1.06425 
-1.94934 1.00205 0.0196485 -1.39952 -0.0587031 2.3375 -1.06404 
-1.94935 1.00204 0.0196493 -1.39955 -0.0586779 2.33751 -1.06382 
-1.94935 1.00204 0.0196517 -1.39957 -0.058542 2.33751 -1.06337 
-1.94934 1.00202 0.0196718 -1.39964 -0.0581649 2.33752 -1.06243 
-1.94931 1.00198 0.0196911 -1.39972 -0.0577241 2.33752 -1.06068 
-1.94932 1.00194 0.0197897 -1.39978 -0.0575217 2.33752 -1.0584 
-1.94929 1.0019 0.0198045 -1.39984 -0.0574358 2.33751 -1.05566 
-1.9492 1.00184 0.0198078 -1.39996 -0.0571521 2.33752 -1.05238 
-1.94914 1.0018 0.0198162 -1.40005 -0.0566557 2.33752 -1.04751 
-1.9491 1.0017 0.0198094 -1.40021 -0.0565022 2.33751 -1.04136 
-1.94912 1.00152 0.019794 -1.40058 -0.0564971 2.3375 -1.03552 
-1.94922 1.00119 0.0197991 -1.40117 -0.0564962 2.33751 -1.02859 
-1.94928 1.00087 0.0197726 -1.40179 -0.0564994 2.33751 -1.02161 
-1.9495 1.00049 0.0197673 -1.40251 -0.0564974 2.33751 -1.01646 
-1.94984 1.00004 0.0198047 -1.40337 -0.0564309 2.3375 -1.01205 
-1.9501 0.99963 0.0198125 -1.40415 -0.0561861 2.33752 -1.0074 
-1.95015 0.999427 0.019847 -1.40454 -0.056026 2.33751 -1.00261 
-1.95005 0.999399 0.019835 -1.4046 -0.0560242 2.33749 -0.998773 
-1.95003 0.999399 0.0198472 -1.4046 -0.0559804 2.3375 -0.995335 
-1.94998 0.999397 0.0198646 -1.4046 -0.0554727 2.3375 -0.99071 
-1.94991 0.999404 0.0198509 -1.4046 -0.0542516 2.33751 -0.982199 
-1.94988 0.999406 0.0198858 -1.40455 -0.0528821 2.33752 -0.971643 
-1.94983 0.9994 0.0199009 -1.40458 -0.0514344 2.3375 -0.959579 
-1.94981 0.999404 0.0199653 -1.40456 -0.0498612 2.33752 -0.944978 
-1.94964 0.999414 0.019992 -1.40454 -0.0482084 2.33754 -0.927638 
-1.94935 0.999435 0.0199969 -1.40452 -0.0473807 2.33769 -0.908996 
-1.94895 0.999483 0.019991 -1.40453 -0.0473337 2.33795 -0.889853 
-1.94859 0.999469 0.0200204 -1.40454 -0.0472482 2.33795 -0.869153 
-1.94825 0.999475 0.0200075 -1.40457 -0.0472225 2.33796 -0.846812 
-1.94796 0.999462 0.0201002 -1.40456 -0.0472224 2.33794 -0.825296 
-1.94757 0.999466 0.0201406 -1.4046 -0.0471778 2.33795 -0.802621 
-1.9471 0.999512 0.0201092 -1.4046 -0.0470375 2.33797 -0.779586 
-1.94672 0.999494 0.0201265 -1.40465 -0.0470332 2.33794 -0.758055 
-1.94636 0.999454 0.0201505 -1.4048 -0.0470411 2.33795 -0.736489 
-1.94598 0.999431 0.0200835 -1.4049 -0.0470372 2.33795 -0.717149 
-1.94588 0.999413 0.0201028 -1.40495 -0.0470392 2.33795 -0.699947 
-1.94585 0.999405 0.020106 -1.40499 -0.0470311 2.33793 -0.682977 
-1.94588 0.999376 0.0201279 -1.40503 -0.047028 2.33793 -0.667176 
-1.94589 0.999377 0.0201173 -1.40502 -0.0470092 2.33794 -0.654908 
-1.94599 0.99937 0.0201032 -1.40504 -0.0469059 2.33792 -0.643331 
-1.9462 0.999385 0.0200834 -1.40505 -0.0465001 2.33792 -0.631774 
-1.94659 0.999366 0.0200948 -1.40504 -0.045653 2.33793 -0.619365 
-1.947 0.999371 0.0200882 -1.40504 -0.0443688 2.33792 -0.606257 
-1.94743 0.999364 0.0201081 -1.40499 -0.0431028 2.33793 -0.592 
-1.94772 0.99937 0.0201024 -1.40497 -0.0421348 2.33793 -0.577939 
-1.94799 0.999372 0.0200875 -1.40497 -0.0415442 2.33794 -0.563576 
-1.94829 0.99936 0.0200803 -1.40498 -0.0414379 2.33792 -0.548089 
-1.9486 0.999368 0.0200716 -1.40497 -0.0414261 2.33794 -0.534404 
-1.94892 0.999382 0.0200479 -1.40496 -0.0414252 2.33794 -0.520724 
-1.94926 0.999381 0.0200516 -1.40494 -0.041431 2.33793 -0.507629 
-1.94955 0.999381 0.0200375 -1.40496 -0.0414277 2.33792 -0.496972 
-1.9499 0.999367 0.0200464 -1.40498 -0.0414213 2.33792 -0.487086 
-1.95017 0.999364 0.0200445 -1.40498 -0.0413931 2.33792 -0.477126 
-1.95042 0.999367 0.0200247 -1.405 -0.0413768 2.33792 -0.466325 
-1.95065 0.999345 0.0200499 -1.405 -0.0413215 2.3379 -0.45621 
-1.95087 0.999352 0.0200533 -1.40499 -0.0412826 2.33791 -0.445226 
-1.95108 0.999363 0.0200294 -1.40498 -0.041208 2.33792 -0.432898 
-1.95133 0.999363 0.0200445 -1.40497 -0.0410675 2.33791 -0.420882 
-1.95159 0.999366 0.0200527 -1.405 -0.0408364 2.33791 -0.408864 
-1.95183 0.999366 0.0200496 -1.405 -0.0405154 2.33791 -0.395549 
-1.95206 0.999368 0.0200582 -1.40499 -0.0401775 2.33792 -0.382128 
-1.95227 0.999363 0.020046 -1.40498 -0.0396966 2.33793 -0.368884 
-1.95248 0.999357 0.0200549 -1.40498 -0.039089 2.33792 -0.355302 
-1.95265 0.999359 0.0200699 -1.40497 -0.0382485 2.33793 -0.342323 
-1.95274 0.999359 0.0200495 -1.40498 -0.0371765 2.33793 -0.330137 
-1.95288 0.999355 0.0200662 -1.40497 -0.0360865 2.33793 -0.316899 
-1.95296 0.999351 0.0200474 -1.405 -0.0349242 2.33793 -0.304874 
-1.95308 0.999343 0.0200501 -1.405 -0.0334602 2.33792 -0.292951 
-1.95318 0.999346 0.0200561 -1.405 -0.0317368 2.33792 -0.280035 
-1.95325 0.999341 0.0200354 -1.40499 -0.0304539 2.33793 -0.266938 
-1.95331 0.999345 0.0200332 -1.40502 -0.0294066 2.33792 -0.25453 
-1.95333 0.999345 0.0200603 -1.405 -0.028022 2.33794 -0.239958 
-1.95326 0.999349 0.0200821 -1.40501 -0.026812 2.33793 -0.225415 
-1.95316 0.999341 0.0201504 -1.40502 -0.0256954 2.33793 -0.211563 
-1.95294 0.999332 0.0201424 -1.40502 -0.0247254 2.33793 -0.196351 
-1.9528 0.999348 0.0201635 -1.405 -0.0244137 2.33795 -0.181414 
-1.95263 0.999341 0.0201701 -1.405 -0.0240422 2.33793 -0.166298 
-1.95249 0.999339 0.0201752 -1.40501 -0.0235785 2.33792 -0.15036 
-1.95241 0.999331 0.0201794 -1.40503 -0.0230425 2.33792 -0.134372 
-1.95243 0.999304 0.0201869 -1.40512 -0.0222789 2.3379 -0.117264 
-1.95243 0.999176 0.0201833 -1.40536 -0.0214078 2.3379 -0.101253 
-1.95243 0.998987 0.0201776 -1.40571 -0.0202286 2.3379 -0.0854314 
-1.95249 0.998743 0.0201615 -1.40619 -0.0190845 2.3379 -0.071029 
-1.9526 0.998453 0.0201722 -1.40675 -0.0178756 2.33789 -0.0585774 
-1.95272 0.998021 0.0201496 -1.40758 -0.0165804 2.3379 -0.0455489 
-1.95287 0.997536 0.0201495 -1.40852 -0.014982 2.3379 -0.0319002 
-1.95303 0.997113 0.0201451 -1.40934 -0.013108 2.33791 -0.0185594 
-1.95315 0.996789 0.0201431 -1.40995 -0.0109571 2.33791 -0.00573624 
-1.95323 0.996568 0.020135 -1.41037 -0.0085846 2.33792 0.00700073 
-1.9533 0.996488 0.0201218 -1.41056 -0.00619602 2.33793 0.018976 
-1.95335 0.996416 0.0201163 -1.4107 -0.00410011 2.33791 0.0315723 
-1.95339 0.996297 0.0201121 -1.41091 -0.00238498 2.33792 0.0459627 
-1.95341 0.996201 0.0201082 -1.4111 -0.000964443 2.33793 0.057439 
-1.95343 0.996169 0.0201175 -1.41118 0.000723764 2.33793 0.0687369 
-1.95342 0.996146 0.0201386 -1.41123 0.00253708 2.33793 0.0806208 
-1.95336 0.996116 0.020145 -1.4113 0.00387597 2.33792 0.0912611 
-1.95329 0.995991 0.0201656 -1.41153 0.00477142 2.33793 0.101584 
-1.95317 0.995902 0.0201816 -1.41173 0.00530486 2.33794 0.111126 
-1.953 0.99588 0.0201848 -1.41178 0.00567717 2.33793 0.120922 
-1.95285 0.995815 0.020205 -1.4119 0.00600654 2.33793 0.129417 
-1.95268 0.995767 0.0202475 -1.41202 0.00656905 2.33794 0.138663 
-1.95248 0.995708 0.0202371 -1.41214 0.00711451 2.33794 0.147637 
-1.95238 0.995616 0.020251 -1.41232 0.00749331 2.33793 0.157445 
-1.95227 0.9955 0.0202585 -1.41257 0.00780783 2.33793 0.16607 
-1.95222 0.995331 0.0202568 -1.41289 0.008253 2.33793 0.174069 
-1.95221 0.995131 0.020267 -1.41326 0.00869582 2.33793 0.181713 
-1.95217 0.994931 0.0203011 -1.41364 0.00919482 2.33793 0.189936 
-1.95203 0.994759 0.0202953 -1.41396 0.00987445 2.33794 0.198956 
-1.95191 0.994599 0.0202936 -1.41424 0.0104769 2.33793 0.20674 
-1.95182 0.994337 0.0202989 -1.41475 0.0111217 2.33794 0.215157 
-1.95172 0.9941 0.0202983 -1.41518 0.0117974 2.33795 0.223595 
-1.95163 0.99392 0.0202972 -1.41552 0.0124114 2.33795 0.232308 
-1.95157 0.993744 0.0203057 -1.41584 0.0129974 2.33794 0.240685 
-1.9515 0.993553 0.0202988 -1.4162 0.0137402 2.33794 0.248327 
-1.95142 0.993309 0.0203072 -1.41664 0.0143367 2.33794 0.256078 
-1.95133 0.99305 0.0203053 -1.4171 0.0147024 2.33795 0.263418 
-1.95127 0.992804 0.0203053 -1.41752 0.0149119 2.33794 0.271025 
-1.9512 0.992601 0.0203136 -1.41791 0.015083 2.33795 0.27835 
-1.95115 0.992462 0.0203202 -1.41816 0.0153432 2.33797 0.284619 
-1.95112 0.992406 0.0203179 -1.41826 0.0158256 2.33797 0.291718 
-1.95112 0.992399 0.0203181 -1.41826 0.0163612 2.33798 0.297903 
-1.95111 0.992405 0.0203181 -1.41826 0.0170479 2.33799 0.304913 
-1.95112 0.992404 0.0203164 -1.41827 0.0176648 2.33799 0.311006 
-1.95113 0.992408 0.0203063 -1.41827 0.018406 2.338 0.316344 
-1.95115 0.992406 0.0202921 -1.41827 0.0194879 2.33802 0.320948 
-1.95119 0.992421 0.0202752 -1.41827 0.0211831 2.33806 0.325135 
-1.95125 0.992487 0.0202592 -1.41835 0.023618 2.33891 0.330866 
-1.95137 0.992493 0.0202787 -1.41837 0.0241496 2.33908 0.332858 
-1.95134 0.992495 0.0202718 -1.41837 0.0241504 2.33908 0.332859 
-1.95135 0.992499 0.0202725 -1.41837 0.0241674 2.33908 0.332876 
-1.95138 0.9925 0.0202767 -1.41837 0.0241984 2.33909 0.332897 
-1.95137 0.992502 0.0202733 -1.41837 0.0242039 2.33908 0.332902 
-1.95139 0.992501 0.0202749 -1.41837 0.0242406 2.3391 0.332924 
-1.95143 0.992498 0.0202478 -1.41837 0.0242859 2.33909 0.332952 
-1.95158 0.992497 0.0202085 -1.41837 0.0243172 2.33909 0.332982 
-1.95189 0.992495 0.0201935 -1.41836 0.0243462 2.33908 0.332984 
-1.9522 0.992492 0.0201325 -1.41837 0.024444 2.33909 0.333029 
-1.95245 0.992484 0.0201016 -1.41836 0.0244769 2.33909 0.333094 
-1.95255 0.992488 0.0200297 -1.41836 0.0244597 2.33908 0.333085 
-1.95254 0.992481 0.0200208 -1.41837 0.0244192 2.33907 0.333049 
-1.9525 0.992472 0.0200208 -1.41838 0.0243793 2.33906 0.333011 
-1.95254 0.992472 0.0200138 -1.41837 0.024381 2.33907 0.33299 
-1.95252 0.992466 0.0200093 -1.41837 0.0243629 2.33907 0.332966 
-1.95253 0.992462 0.0200054 -1.41837 0.0243309 2.33906 0.332935 
-1.95249 0.992455 0.0200212 -1.41837 0.0243434 2.33907 0.332941 
-1.95252 0.992459 0.0200366 -1.41837 0.0243986 2.33908 0.332989 
-1.95253 0.992452 0.020035 -1.41835 0.0244301 2.3391 0.333021 
-1.95252 0.992444 0.0200297 -1.41832 0.024452 2.33911 0.333053 
-1.95256 0.99245 0.0200208 -1.41831 0.0245099 2.33913 0.333106 
-1.9527 0.992446 0.0199261 -1.41829 0.0245295 2.33914 0.333132 
-1.95295 0.992431 0.0197654 -1.41827 0.0245232 2.33914 0.333127 
-1.95328 0.992431 0.0196858 -1.41827 0.0245232 2.33913 0.33313 
-1.95352 0.992419 0.0195413 -1.41827 0.0245316 2.33913 0.333128 
-1.9536 0.992403 0.0195628 -1.41826 0.0245226 2.33913 0.333132 
-1.95346 0.992419 0.0195817 -1.41828 0.0244863 2.33913 0.333121 
-1.95334 0.99242 0.0196 -1.41829 0.0244922 2.33913 0.333126 
-1.95327 0.992424 0.0196096 -1.41829 0.0244941 2.33914 0.333128 
-1.95331 0.992419 0.019586 -1.41828 0.0244912 2.33913 0.333122 
-1.95334 0.992415 0.0195725 -1.41828 0.0244928 2.33913 0.333125 
-1.95335 0.992408 0.0195722 -1.41828 0.0245056 2.33912 0.33313 
-1.95337 0.992396 0.019564 -1.41828 0.0245087 2.33912 0.33313 
-1.95336 0.992405 0.0195671 -1.4183 0.0244969 2.33911 0.333134 
-1.95331 0.992401 0.0195707 -1.4183 0.0244934 2.33911 0.333131 
-1.95333 0.992399 0.0195709 -1.4183 0.0244941 2.33912 0.333132 
-1.9533 0.9924 0.0195776 -1.4183 0.0244896 2.33911 0.33313 
-1.95328 0.992401 0.0195845 -1.4183 0.0244864 2.33911 0.333131 
-1.95329 0.992405 0.0195808 -1.41829 0.024478 2.33912 0.333126 
-1.95329 0.992403 0.0195808 -1.4183 0.02448 2.33912 0.333123 
-1.9533 0.9924 0.0195808 -1.41829 0.0244865 2.33913 0.333134 
-1.95333 0.992397 0.0195715 -1.41827 0.0244903 2.33914 0.333137 
-1.95331 0.992397 0.0195714 -1.41827 0.0244825 2.33914 0.333132 
-1.9533 0.9924 0.0195714 -1.41826 0.024487 2.33915 0.333131 
-1.95334 0.992396 0.0195601 -1.41822 0.024496 2.33916 0.333131 
-1.95334 0.992406 0.0195548 -1.41815 0.0244909 2.33915 0.33313 
-1.95333 0.992406 0.0195569 -1.41814 0.024487 2.33915 0.333127 
-1.95331 0.992405 0.019569 -1.41814 0.0244915 2.33916 0.333141 
-1.9533 0.992408 0.0195724 -1.41813 0.0244973 2.33916 0.33316 
-1.95333 0.992406 0.0195654 -1.41812 0.0244973 2.33917 0.333159 
-1.95332 0.992411 0.0195653 -1.41813 0.0244998 2.33917 0.333168 
-1.9533 0.99241 0.019576 -1.41813 0.024505 2.33917 0.333193 
-1.95329 0.992405 0.0195796 -1.41814 0.024505 2.33916 0.333196 
-1.95325 0.992409 0.0196076 -1.41817 0.0245031 2.33914 0.333199 
-1.95311 0.992406 0.0196751 -1.41818 0.0245076 2.33913 0.333213 
-1.95277 0.992415 0.0197712 -1.4182 0.0245096 2.33913 0.333213 
-1.95241 0.992433 0.0199658 -1.41822 0.0244839 2.33912 0.333209 
-1.95211 0.992438 0.0201796 -1.41825 0.02447 2.33911 0.333188 
-1.95181 0.992437 0.0202843 -1.41824 0.0244708 2.33911 0.333233 
-1.95142 0.992442 0.0202147 -1.4182 0.02503 2.33941 0.338166 
-1.95097 0.99253 0.0202286 -1.41822 0.0252702 2.3404 0.348322 
-1.95035 0.992636 0.0200938 -1.41823 0.0252305 2.34157 0.359011 
-1.95018 0.992833 0.0198187 -1.41825 0.0252352 2.34319 0.367864 
-1.95056 0.993019 0.0199733 -1.41829 0.0252551 2.34472 0.376047 
-1.95076 0.993025 0.0201412 -1.41844 0.0252589 2.34535 0.382593 
-1.95068 0.993 0.0201348 -1.41844 0.0252753 2.3454 0.389109 
-1.9507 0.993009 0.020116 -1.41845 0.0253573 2.34543 0.395543 
-1.95079 0.993008 0.0201294 -1.41845 0.025593 2.34544 0.402221 
-1.95076 0.992997 0.0201254 -1.41845 0.0256955 2.34544 0.409295 
-1.95076 0.992945 0.0200936 -1.41851 0.0256776 2.3454 0.415478 
-1.95091 0.992725 0.0200925 -1.41886 0.0256904 2.34539 0.419885 
-1.95108 0.992481 0.0201432 -1.4193 0.0257115 2.34543 0.423716 
-1.95104 0.992461 0.0201386 -1.41933 0.025707 2.34544 0.426725 
-1.95103 0.992461 0.0201317 -1.41932 0.0257108 2.34548 0.428608 
-1.95108 0.992476 0.020127 -1.41934 0.0257884 2.34572 0.431058 
-1.95111 0.99249 0.0201285 -1.41937 0.0258364 2.34588 0.43356 
-1.95111 0.99248 0.0201264 -1.41942 0.0258364 2.34591 0.435308 
-1.95112 0.992457 0.0201247 -1.41949 0.0258536 2.34595 0.436267 
-1.95113 0.992447 0.0201322 -1.41954 0.0258712 2.34602 0.4372 
-1.95112 0.992434 0.0201247 -1.41961 0.0258693 2.3461 0.437632 
-1.95114 0.99238 0.0201305 -1.41974 0.0258811 2.34621 0.437677 
-1.95114 0.992345 0.0201357 -1.41986 0.0259046 2.3464 0.437682 
-1.95113 0.992324 0.0201369 -1.41995 0.0259066 2.34657 0.437704 
-1.95114 0.992285 0.0201368 -1.42006 0.0259485 2.34676 0.437949 
-1.95114 0.992266 0.0201386 -1.42014 0.026052 2.34697 0.438618 
-1.95113 0.992232 0.0201362 -1.42025 0.0260946 2.3472 0.439447 
-1.95114 0.992203 0.0201344 -1.42035 0.0261119 2.34752 0.440846 
-1.95116 0.992175 0.0201317 -1.42047 0.0261157 2.34788 0.443403 
-1.95114 0.992126 0.0201308 -1.42063 0.0261064 2.34825 0.445701 
-1.95115 0.992052 0.0201286 -1.42085 0.0261097 2.34875 0.446769 
-1.95119 0.991968 0.0201252 -1.42118 0.0261109 2.34962 0.447871 
-1.95118 0.991841 0.0201269 -1.42162 0.026109 2.35059 0.449001 
-1.95116 0.991703 0.0201269 -1.42208 0.0261097 2.35158 0.449579 
-1.95119 0.991537 0.0201306 -1.42253 0.0261109 2.35249 0.450262 
-1.95119 0.991432 0.0201269 -1.42287 0.0261078 2.35322 0.451153 
-1.95117 0.991346 0.0201307 -1.42311 0.0261006 2.35362 0.451421 
-1.95118 0.991299 0.0201305 -1.42321 0.0261053 2.35384 0.451429 
-1.95118 0.99129 0.0201252 -1.42323 0.026101 2.35393 0.451436 
-1.95118 0.991279 0.0201245 -1.42324 0.0260946 2.35395 0.45144 
-1.95116 0.991264 0.0201221 -1.42324 0.0260499 2.35395 0.451433 
-1.95114 0.991252 0.0201285 -1.42324 0.0259934 2.35395 0.451419 
-1.95112 0.991237 0.0201262 -1.42324 0.0257802 2.35394 0.45138 
-1.9511 0.99121 0.0201326 -1.42323 0.0250446 2.35393 0.450902 
-1.95102 0.991205 0.0201269 -1.42321 0.0246162 2.35392 0.450337 
-1.951 0.991202 0.0201281 -1.42318 0.0245914 2.35391 0.450316 
-1.95103 0.991204 0.0201202 -1.42313 0.0245832 2.3539 0.450294 
-1.95101 0.991203 0.0201173 -1.42311 0.024563 2.3539 0.450278 
-1.951 0.9912 0.020123 -1.42308 0.0245482 2.3539 0.450262 
-1.95101 0.991203 0.0201255 -1.42306 0.0245409 2.35389 0.450255 
-1.951 0.9912 0.0201224 -1.42303 0.0245303 2.35389 0.45025 
-1.951 0.991203 0.0201175 -1.42303 0.0245275 2.35388 0.450245 
-1.951 0.991199 0.0201265 -1.42301 0.0245203 2.35388 0.450241 
-1.95099 0.991204 0.0201336 -1.42301 0.0244633 2.35388 0.450218 
-1.95099 0.991204 0.0201277 -1.423 0.0244175 2.35388 0.450148 
-1.951 0.991196 0.0201207 -1.42299 0.0244162 2.35387 0.450122 
-1.95099 0.991196 0.0201181 -1.42298 0.0244062 2.35387 0.450103 
-1.95098 0.991195 0.0201207 -1.42297 0.0243932 2.35387 0.450094 
-1.95098 0.991188 0.0201284 -1.42298 0.0243868 2.35387 0.450083 
-1.95097 0.99118 0.0201262 -1.42297 0.0243811 2.35386 0.45008 
-1.95098 0.991178 0.0201244 -1.42297 0.0243849 2.35386 0.450076 
-1.95098 0.991182 0.0201269 -1.42297 0.0243835 2.35386 0.450071 
-1.95098 0.991178 0.0201301 -1.42297 0.0243848 2.35386 0.450072 
-1.95099 0.991179 0.0201281 -1.42296 0.0243855 2.35386 0.450074 
-1.95099 0.991178 0.0201264 -1.42297 0.0243858 2.35386 0.450064 
-1.95099 0.99118 0.0201231 -1.42296 0.0243869 2.35386 0.450065 
-1.95099 0.991176 0.0201264 -1.42296 0.024388 2.35386 0.450069 
-1.95099 0.991179 0.0201264 -1.42296 0.0243855 2.35387 0.450065 
