-3.2612 -1.1110 -1.5801 -1.9354 1.5909 -2.4419 
-3.2612 -1.1152 -1.5886 -1.9380 1.5909 -2.4419 
-3.2612 -1.1215 -1.5997 -1.9396 1.5910 -2.4419 
-3.2612 -1.1306 -1.6130 -1.9380 1.5911 -2.4419 
-3.2612 -1.1436 -1.6279 -1.9302 1.5912 -2.4419 
-3.2612 -1.1615 -1.6443 -1.9133 1.5913 -2.4419 
-3.2612 -1.1853 -1.6625 -1.8855 1.5913 -2.4419 
-3.2611 -1.2144 -1.6824 -1.8479 1.5913 -2.4419 
-3.2611 -1.2465 -1.7033 -1.8039 1.5913 -2.4419 
-3.2611 -1.2781 -1.7236 -1.7591 1.5912 -2.4419 
-3.2611 -1.3065 -1.7425 -1.7173 1.5912 -2.4419 
-3.2611 -1.3308 -1.7597 -1.6800 1.5912 -2.4419 
-3.2611 -1.3514 -1.7757 -1.6466 1.5911 -2.4419 
-3.2611 -1.3691 -1.7906 -1.6166 1.5911 -2.4419 
-3.2611 -1.3843 -1.8039 -1.5899 1.5911 -2.4419 
-3.2611 -1.3971 -1.8153 -1.5668 1.5910 -2.4419 
-3.2610 -1.4081 -1.8246 -1.5470 1.5910 -2.4419 
-3.2610 -1.4178 -1.8321 -1.5296 1.5909 -2.4419 
-3.2609 -1.4270 -1.8381 -1.5139 1.5908 -2.4419 
-3.2608 -1.4360 -1.8427 -1.4999 1.5907 -2.4419 
-3.2607 -1.4452 -1.8457 -1.4877 1.5907 -2.4419 
-3.2607 -1.4548 -1.8470 -1.4775 1.5907 -2.4419 
-3.2607 -1.4651 -1.8467 -1.4690 1.5907 -2.4419 
-3.2606 -1.4755 -1.8451 -1.4624 1.5907 -2.4419 
-3.2606 -1.4848 -1.8424 -1.4583 1.5908 -2.4419 
-3.2606 -1.4912 -1.8390 -1.4576 1.5907 -2.4419 
-3.2606 -1.4937 -1.8351 -1.4611 1.5906 -2.4419 
-3.2606 -1.4922 -1.8310 -1.4685 1.5904 -2.4419 
-3.2606 -1.4882 -1.8272 -1.4777 1.5902 -2.4419 
-3.2605 -1.4848 -1.8251 -1.4847 1.5900 -2.4419 
-3.2605 -1.4861 -1.8263 -1.4838 1.5899 -2.4419 
-3.2605 -1.4959 -1.8323 -1.4700 1.5901 -2.4419 
-3.2606 -1.5164 -1.8444 -1.4398 1.5905 -2.4419 
-3.2607 -1.5480 -1.8624 -1.3931 1.5910 -2.4419 
-3.2608 -1.5881 -1.8847 -1.3334 1.5914 -2.4419 
-3.2609 -1.6331 -1.9091 -1.2661 1.5914 -2.4419 
-3.2610 -1.6802 -1.9335 -1.1953 1.5906 -2.4419 
-3.2611 -1.7285 -1.9576 -1.1218 1.5887 -2.4419 
-3.2611 -1.7781 -1.9815 -1.0454 1.5859 -2.4419 
-3.2612 -1.8277 -2.0050 -0.9681 1.5827 -2.4419 
-3.2612 -1.8737 -2.0275 -0.8950 1.5800 -2.4419 
-3.2613 -1.9125 -2.0478 -0.8317 1.5786 -2.4419 
-3.2615 -1.9421 -2.0659 -0.7809 1.5792 -2.4419 
-3.2618 -1.9629 -2.0818 -0.7419 1.5818 -2.4419 
-3.2621 -1.9768 -2.0960 -0.7124 1.5858 -2.4419 
-3.2623 -1.9862 -2.1081 -0.6906 1.5901 -2.4419 
-3.2625 -1.9929 -2.1174 -0.6752 1.5937 -2.4419 
-3.2625 -1.9983 -2.1235 -0.6651 1.5955 -2.4419 
-3.2623 -2.0035 -2.1264 -0.6593 1.5954 -2.4419 
-3.2619 -2.0086 -2.1269 -0.6566 1.5936 -2.4419 
-3.2615 -2.0136 -2.1260 -0.6557 1.5909 -2.4419 
-3.2611 -2.0178 -2.1246 -0.6553 1.5882 -2.4419 
-3.2607 -2.0209 -2.1237 -0.6545 1.5862 -2.4419 
-3.2605 -2.0227 -2.1238 -0.6527 1.5853 -2.4419 
-3.2604 -2.0235 -2.1246 -0.6499 1.5854 -2.4419 
-3.2603 -2.0235 -2.1260 -0.6466 1.5862 -2.4419 
-3.2603 -2.0233 -2.1275 -0.6434 1.5873 -2.4419 
-3.2604 -2.0232 -2.1287 -0.6410 1.5882 -2.4419 
-3.2604 -2.0234 -2.1293 -0.6396 1.5890 -2.4419 
-3.2605 -2.0239 -2.1293 -0.6392 1.5894 -2.4419 
-3.2605 -2.0247 -2.1290 -0.6394 1.5896 -2.4419 
-3.2606 -2.0255 -2.1285 -0.6397 1.5896 -2.4419 
-3.2606 -2.0262 -2.1282 -0.6398 1.5894 -2.4419 
-3.2606 -2.0267 -2.1281 -0.6393 1.5892 -2.4419 
-3.2605 -2.0269 -2.1283 -0.6382 1.5889 -2.4419 
-3.2605 -2.0268 -2.1286 -0.6369 1.5885 -2.4419 
-3.2604 -2.0265 -2.1290 -0.6361 1.5882 -2.4419 
-3.2604 -2.0261 -2.1292 -0.6364 1.5879 -2.4419 
-3.2603 -2.0255 -2.1290 -0.6384 1.5878 -2.4419 
-3.2603 -2.0249 -2.1284 -0.6423 1.5878 -2.4419 
-3.2603 -2.0242 -2.1275 -0.6476 1.5879 -2.4419 
-3.2603 -2.0234 -2.1264 -0.6534 1.5881 -2.4419 
-3.2603 -2.0227 -2.1255 -0.6585 1.5883 -2.4419 
-3.2603 -2.0222 -2.1248 -0.6619 1.5884 -2.4419 
-3.2603 -2.0218 -2.1246 -0.6633 1.5884 -2.4419 
-3.2603 -2.0217 -2.1247 -0.6629 1.5884 -2.4419 
-3.2603 -2.0218 -2.1251 -0.6613 1.5884 -2.4419 
-3.2603 -2.0225 -2.1255 -0.6593 1.5883 -2.4419 
-3.2603 -2.0237 -2.1258 -0.6574 1.5882 -2.4419 
-3.2603 -2.0257 -2.1260 -0.6558 1.5882 -2.4419 
-3.2603 -2.0286 -2.1262 -0.6542 1.5881 -2.4419 
-3.2603 -2.0321 -2.1265 -0.6517 1.5881 -2.4419 
-3.2603 -2.0362 -2.1271 -0.6475 1.5881 -2.4419 
-3.2602 -2.0407 -2.1284 -0.6403 1.5881 -2.4419 
-3.2602 -2.0455 -2.1306 -0.6292 1.5881 -2.4419 
-3.2602 -2.0508 -2.1336 -0.6142 1.5881 -2.4420 
-3.2602 -2.0563 -2.1372 -0.5965 1.5881 -2.4420 
-3.2601 -2.0614 -2.1408 -0.5787 1.5882 -2.4420 
-3.2601 -2.0656 -2.1440 -0.5632 1.5882 -2.4421 
-3.2601 -2.0684 -2.1464 -0.5518 1.5882 -2.4421 
-3.2601 -2.0699 -2.1479 -0.5448 1.5883 -2.4421 
-3.2601 -2.0703 -2.1488 -0.5412 1.5883 -2.4421 
-3.2601 -2.0701 -2.1491 -0.5400 1.5883 -2.4421 
-3.2601 -2.0697 -2.1492 -0.5398 1.5883 -2.4421 
-3.2601 -2.0694 -2.1492 -0.5399 1.5883 -2.4421 
-3.2601 -2.0694 -2.1493 -0.5397 1.5883 -2.4421 
-3.2601 -2.0697 -2.1494 -0.5391 1.5883 -2.4421 
-3.2601 -2.0701 -2.1495 -0.5384 1.5882 -2.4421 
-3.2601 -2.0706 -2.1496 -0.5375 1.5882 -2.4421 
-3.2601 -2.0710 -2.1498 -0.5368 1.5882 -2.4421 
