-3.2611 -1.0165 -1.5332 -2.0666 1.5907 -2.4417 
-3.2611 -1.0164 -1.5344 -2.0821 1.5906 -2.4418 
-3.2611 -1.0169 -1.5330 -2.0965 1.5908 -2.4417 
-3.2611 -1.0252 -1.5408 -2.0898 1.5910 -2.4418 
-3.2611 -1.0388 -1.5589 -2.0805 1.5911 -2.4418 
-3.2611 -1.0579 -1.5820 -2.0713 1.5911 -2.4418 
-3.2611 -1.0889 -1.6105 -2.0387 1.5911 -2.4418 
-3.2610 -1.1312 -1.6443 -1.9751 1.5911 -2.4418 
-3.2610 -1.1723 -1.6747 -1.9084 1.5910 -2.4418 
-3.2610 -1.2017 -1.6924 -1.8656 1.5910 -2.4418 
-3.2610 -1.2224 -1.6999 -1.8411 1.5910 -2.4418 
-3.2610 -1.2440 -1.7071 -1.8139 1.5910 -2.4418 
-3.2610 -1.2683 -1.7192 -1.7786 1.5910 -2.4418 
-3.2610 -1.2900 -1.7356 -1.7441 1.5910 -2.4418 
-3.2610 -1.3071 -1.7559 -1.7131 1.5909 -2.4418 
-3.2609 -1.3229 -1.7797 -1.6798 1.5907 -2.4418 
-3.2609 -1.3394 -1.8008 -1.6447 1.5906 -2.4418 
-3.2608 -1.3544 -1.8117 -1.6165 1.5906 -2.4418 
-3.2608 -1.3655 -1.8124 -1.5999 1.5906 -2.4418 
-3.2607 -1.3741 -1.8105 -1.5906 1.5907 -2.4418 
-3.2606 -1.3825 -1.8111 -1.5834 1.5907 -2.4418 
-3.2605 -1.3912 -1.8124 -1.5768 1.5906 -2.4418 
-3.2605 -1.3995 -1.8112 -1.5717 1.5905 -2.4418 
-3.2605 -1.4070 -1.8084 -1.5669 1.5903 -2.4418 
-3.2605 -1.4145 -1.8067 -1.5618 1.5902 -2.4418 
-3.2604 -1.4221 -1.8060 -1.5585 1.5902 -2.4418 
-3.2604 -1.4285 -1.8033 -1.5592 1.5902 -2.4418 
-3.2604 -1.4326 -1.7990 -1.5616 1.5901 -2.4418 
-3.2604 -1.4363 -1.7973 -1.5606 1.5901 -2.4418 
-3.2604 -1.4409 -1.7985 -1.5573 1.5901 -2.4418 
-3.2604 -1.4436 -1.7975 -1.5589 1.5902 -2.4418 
-3.2605 -1.4423 -1.7933 -1.5651 1.5901 -2.4418 
-3.2605 -1.4446 -1.7966 -1.5587 1.5901 -2.4418 
-3.2605 -1.4658 -1.8192 -1.5185 1.5902 -2.4418 
-3.2604 -1.5125 -1.8569 -1.4416 1.5902 -2.4418 
-3.2605 -1.5748 -1.8921 -1.3462 1.5899 -2.4418 
-3.2607 -1.6368 -1.9140 -1.2547 1.5898 -2.4418 
-3.2609 -1.6923 -1.9293 -1.1776 1.5904 -2.4418 
-3.2612 -1.7445 -1.9501 -1.1103 1.5899 -2.4418 
-3.2615 -1.7959 -1.9790 -1.0407 1.5851 -2.4418 
-3.2617 -1.8439 -2.0090 -0.9612 1.5763 -2.4418 
-3.2616 -1.8852 -2.0341 -0.8796 1.5698 -2.4418 
-3.2612 -1.9182 -2.0534 -0.8139 1.5720 -2.4418 
-3.2612 -1.9424 -2.0694 -0.7738 1.5818 -2.4418 
-3.2617 -1.9588 -2.0846 -0.7505 1.5912 -2.4418 
-3.2625 -1.9700 -2.0991 -0.7293 1.5946 -2.4418 
-3.2630 -1.9797 -2.1108 -0.7073 1.5940 -2.4418 
-3.2628 -1.9892 -2.1173 -0.6913 1.5935 -2.4418 
-3.2624 -1.9974 -2.1190 -0.6847 1.5933 -2.4418 
-3.2620 -2.0035 -2.1189 -0.6829 1.5914 -2.4418 
-3.2618 -2.0078 -2.1188 -0.6814 1.5886 -2.4418 
-3.2614 -2.0107 -2.1189 -0.6797 1.5871 -2.4418 
-3.2609 -2.0125 -2.1189 -0.6785 1.5872 -2.4418 
-3.2604 -2.0138 -2.1196 -0.6766 1.5874 -2.4418 
-3.2601 -2.0152 -2.1209 -0.6733 1.5870 -2.4418 
-3.2602 -2.0168 -2.1221 -0.6697 1.5867 -2.4418 
-3.2603 -2.0176 -2.1226 -0.6668 1.5865 -2.4418 
-3.2604 -2.0175 -2.1228 -0.6645 1.5862 -2.4418 
-3.2604 -2.0176 -2.1232 -0.6627 1.5865 -2.4418 
-3.2604 -2.0184 -2.1237 -0.6618 1.5880 -2.4418 
-3.2604 -2.0197 -2.1240 -0.6616 1.5896 -2.4418 
-3.2605 -2.0206 -2.1239 -0.6612 1.5900 -2.4418 
-3.2605 -2.0208 -2.1238 -0.6602 1.5897 -2.4418 
-3.2605 -2.0207 -2.1238 -0.6596 1.5894 -2.4418 
-3.2605 -2.0204 -2.1238 -0.6599 1.5889 -2.4418 
-3.2604 -2.0202 -2.1237 -0.6605 1.5878 -2.4418 
-3.2604 -2.0203 -2.1237 -0.6605 1.5868 -2.4418 
-3.2604 -2.0203 -2.1238 -0.6602 1.5869 -2.4418 
-3.2603 -2.0201 -2.1239 -0.6605 1.5877 -2.4418 
-3.2602 -2.0200 -2.1239 -0.6613 1.5879 -2.4418 
-3.2602 -2.0205 -2.1242 -0.6614 1.5875 -2.4418 
-3.2602 -2.0214 -2.1246 -0.6611 1.5873 -2.4418 
-3.2601 -2.0218 -2.1248 -0.6615 1.5875 -2.4418 
-3.2601 -2.0219 -2.1247 -0.6620 1.5876 -2.4418 
-3.2601 -2.0221 -2.1248 -0.6613 1.5874 -2.4418 
-3.2601 -2.0221 -2.1249 -0.6607 1.5873 -2.4418 
-3.2601 -2.0218 -2.1247 -0.6617 1.5875 -2.4418 
-3.2601 -2.0220 -2.1245 -0.6626 1.5875 -2.4418 
-3.2601 -2.0241 -2.1250 -0.6596 1.5874 -2.4418 
-3.2601 -2.0275 -2.1261 -0.6542 1.5873 -2.4418 
-3.2601 -2.0301 -2.1266 -0.6512 1.5873 -2.4418 
-3.2601 -2.0321 -2.1269 -0.6501 1.5874 -2.4418 
-3.2600 -2.0352 -2.1281 -0.6450 1.5874 -2.4418 
-3.2600 -2.0401 -2.1303 -0.6343 1.5873 -2.4418 
-3.2600 -2.0453 -2.1320 -0.6244 1.5872 -2.4418 
-3.2600 -2.0504 -2.1328 -0.6171 1.5871 -2.4418 
-3.2600 -2.0564 -2.1350 -0.6041 1.5871 -2.4419 
-3.2599 -2.0630 -2.1402 -0.5801 1.5873 -2.4420 
-3.2599 -2.0675 -2.1459 -0.5548 1.5874 -2.4420 
-3.2599 -2.0684 -2.1488 -0.5425 1.5875 -2.4420 
-3.2599 -2.0677 -2.1487 -0.5430 1.5874 -2.4420 
-3.2599 -2.0679 -2.1483 -0.5445 1.5874 -2.4420 
-3.2599 -2.0694 -2.1491 -0.5408 1.5875 -2.4420 
-3.2599 -2.0704 -2.1499 -0.5364 1.5875 -2.4420 
-3.2599 -2.0705 -2.1500 -0.5358 1.5875 -2.4420 
-3.2599 -2.0705 -2.1499 -0.5365 1.5875 -2.4420 
-3.2599 -2.0705 -2.1501 -0.5360 1.5875 -2.4420 
-3.2599 -2.0703 -2.1500 -0.5360 1.5875 -2.4420 
-3.2599 -2.0704 -2.1500 -0.5361 1.5874 -2.4420 
-3.2598 -2.0704 -2.1509 -0.5329 1.5874 -2.4420 
