-1.9690 -0.3673 0.0000 -1.9160 0.0023 1.5138 -1.1263 
-1.9690 -0.3673 0.0000 -1.9160 0.0023 1.5138 -1.1263 
-1.9690 -0.3672 0.0000 -1.9161 0.0023 1.5139 -1.1262 
-1.9690 -0.3672 0.0000 -1.9161 0.0023 1.5139 -1.1262 
-1.9690 -0.3671 0.0000 -1.9161 0.0023 1.5140 -1.1261 
-1.9690 -0.3671 0.0000 -1.9161 0.0023 1.5140 -1.1261 
-1.9690 -0.3671 0.0000 -1.9162 0.0022 1.5140 -1.1260 
-1.9690 -0.3670 0.0000 -1.9162 0.0022 1.5141 -1.1259 
-1.9690 -0.3670 0.0000 -1.9162 0.0022 1.5141 -1.1259 
-1.9690 -0.3669 0.0000 -1.9162 0.0022 1.5142 -1.1258 
-1.9690 -0.3669 0.0000 -1.9163 0.0022 1.5142 -1.1258 
-1.9690 -0.3668 0.0000 -1.9163 0.0022 1.5142 -1.1257 
-1.9690 -0.3668 0.0000 -1.9163 0.0022 1.5143 -1.1257 
-1.9691 -0.3667 0.0000 -1.9163 0.0022 1.5143 -1.1256 
-1.9691 -0.3667 0.0000 -1.9164 0.0022 1.5144 -1.1256 
-1.9691 -0.3666 0.0000 -1.9164 0.0021 1.5144 -1.1255 
-1.9691 -0.3666 0.0000 -1.9164 0.0021 1.5144 -1.1255 
-1.9691 -0.3665 0.0000 -1.9164 0.0021 1.5145 -1.1254 
-1.9691 -0.3665 0.0000 -1.9165 0.0021 1.5145 -1.1254 
-1.9691 -0.3664 0.0000 -1.9165 0.0021 1.5146 -1.1253 
-1.9691 -0.3664 0.0000 -1.9165 0.0021 1.5146 -1.1252 
-1.9691 -0.3663 0.0000 -1.9165 0.0021 1.5146 -1.1252 
-1.9691 -0.3663 0.0000 -1.9166 0.0021 1.5147 -1.1251 
-1.9691 -0.3662 0.0000 -1.9166 0.0021 1.5147 -1.1251 
-1.9691 -0.3662 0.0000 -1.9166 0.0020 1.5148 -1.1250 
-1.9691 -0.3661 0.0000 -1.9166 0.0020 1.5148 -1.1250 
-1.9691 -0.3661 0.0000 -1.9167 0.0020 1.5148 -1.1249 
-1.9692 -0.3660 0.0000 -1.9167 0.0020 1.5149 -1.1249 
-1.9692 -0.3660 0.0000 -1.9167 0.0020 1.5149 -1.1248 
-1.9692 -0.3659 0.0000 -1.9167 0.0020 1.5150 -1.1248 
-1.9692 -0.3659 0.0000 -1.9167 0.0020 1.5150 -1.1247 
-1.9692 -0.3658 0.0000 -1.9168 0.0020 1.5151 -1.1246 
-1.9692 -0.3658 0.0000 -1.9168 0.0020 1.5151 -1.1246 
-1.9692 -0.3657 0.0000 -1.9168 0.0019 1.5151 -1.1245 
-1.9692 -0.3657 0.0000 -1.9168 0.0019 1.5152 -1.1245 
-1.9692 -0.3656 0.0000 -1.9169 0.0019 1.5152 -1.1244 
-1.9692 -0.3656 0.0000 -1.9169 0.0019 1.5153 -1.1244 
-1.9692 -0.3655 0.0000 -1.9169 0.0019 1.5153 -1.1243 
-1.9692 -0.3655 0.0000 -1.9169 0.0019 1.5154 -1.1243 
-1.9692 -0.3654 0.0000 -1.9169 0.0019 1.5154 -1.1242 
-1.9692 -0.3653 0.0000 -1.9170 0.0019 1.5154 -1.1242 
-1.9692 -0.3653 0.0000 -1.9170 0.0019 1.5155 -1.1241 
-1.9693 -0.3652 0.0000 -1.9170 0.0018 1.5155 -1.1240 
-1.9693 -0.3652 0.0000 -1.9170 0.0018 1.5156 -1.1240 
-1.9693 -0.3651 0.0000 -1.9171 0.0018 1.5156 -1.1239 
-1.9693 -0.3651 0.0000 -1.9171 0.0018 1.5157 -1.1239 
-1.9693 -0.3650 0.0000 -1.9171 0.0018 1.5157 -1.1238 
-1.9693 -0.3649 0.0000 -1.9171 0.0018 1.5158 -1.1238 
-1.9693 -0.3649 0.0000 -1.9171 0.0018 1.5158 -1.1237 
-1.9693 -0.3648 0.0000 -1.9172 0.0018 1.5159 -1.1237 
-1.9693 -0.3648 0.0000 -1.9172 0.0018 1.5159 -1.1236 
-1.9693 -0.3647 0.0000 -1.9172 0.0017 1.5160 -1.1235 
-1.9693 -0.3646 0.0000 -1.9172 0.0017 1.5160 -1.1235 
-1.9693 -0.3646 0.0000 -1.9172 0.0017 1.5161 -1.1234 
-1.9693 -0.3645 0.0000 -1.9173 0.0017 1.5161 -1.1234 
-1.9693 -0.3645 0.0000 -1.9173 0.0017 1.5162 -1.1233 
-1.9694 -0.3644 0.0000 -1.9173 0.0017 1.5162 -1.1233 
-1.9694 -0.3643 0.0000 -1.9173 0.0017 1.5163 -1.1232 
-1.9694 -0.3643 0.0000 -1.9173 0.0017 1.5163 -1.1232 
-1.9694 -0.3642 0.0000 -1.9174 0.0016 1.5164 -1.1231 
-1.9694 -0.3641 0.0000 -1.9174 0.0016 1.5164 -1.1231 
-1.9694 -0.3641 0.0000 -1.9174 0.0016 1.5165 -1.1230 
-1.9694 -0.3640 0.0000 -1.9174 0.0016 1.5165 -1.1229 
-1.9694 -0.3639 0.0000 -1.9174 0.0016 1.5166 -1.1229 
-1.9694 -0.3638 0.0000 -1.9174 0.0016 1.5166 -1.1228 
-1.9694 -0.3638 0.0000 -1.9174 0.0016 1.5167 -1.1228 
-1.9694 -0.3637 0.0000 -1.9175 0.0016 1.5168 -1.1227 
-1.9694 -0.3636 0.0000 -1.9175 0.0016 1.5168 -1.1227 
-1.9694 -0.3635 0.0000 -1.9175 0.0015 1.5169 -1.1226 
-1.9694 -0.3635 0.0000 -1.9175 0.0015 1.5169 -1.1226 
-1.9694 -0.3634 0.0000 -1.9175 0.0015 1.5170 -1.1225 
-1.9694 -0.3633 0.0000 -1.9175 0.0015 1.5171 -1.1224 
-1.9695 -0.3632 0.0000 -1.9175 0.0015 1.5171 -1.1224 
-1.9695 -0.3631 0.0000 -1.9175 0.0015 1.5172 -1.1223 
-1.9695 -0.3630 0.0000 -1.9176 0.0015 1.5173 -1.1223 
-1.9695 -0.3629 0.0000 -1.9176 0.0015 1.5173 -1.1222 
-1.9695 -0.3628 0.0000 -1.9176 0.0014 1.5174 -1.1222 
-1.9695 -0.3627 0.0000 -1.9176 0.0014 1.5175 -1.1221 
-1.9695 -0.3626 0.0000 -1.9176 0.0014 1.5176 -1.1220 
-1.9695 -0.3625 0.0000 -1.9176 0.0014 1.5176 -1.1220 
-1.9695 -0.3624 0.0000 -1.9176 0.0014 1.5177 -1.1219 
-1.9695 -0.3623 0.0000 -1.9176 0.0014 1.5178 -1.1219 
-1.9695 -0.3622 0.0000 -1.9176 0.0014 1.5179 -1.1218 
-1.9695 -0.3621 0.0000 -1.9176 0.0013 1.5180 -1.1218 
-1.9695 -0.3620 0.0000 -1.9176 0.0013 1.5180 -1.1217 
-1.9695 -0.3619 0.0000 -1.9176 0.0013 1.5181 -1.1216 
-1.9695 -0.3617 0.0000 -1.9176 0.0013 1.5182 -1.1216 
-1.9695 -0.3616 0.0000 -1.9176 0.0013 1.5183 -1.1215 
-1.9695 -0.3615 0.0000 -1.9176 0.0013 1.5184 -1.1215 
-1.9695 -0.3613 0.0000 -1.9176 0.0013 1.5185 -1.1214 
-1.9695 -0.3612 0.0000 -1.9176 0.0012 1.5186 -1.1214 
-1.9696 -0.3610 0.0000 -1.9176 0.0012 1.5187 -1.1213 
-1.9696 -0.3609 0.0000 -1.9175 0.0012 1.5188 -1.1212 
-1.9696 -0.3607 0.0000 -1.9175 0.0012 1.5189 -1.1212 
-1.9696 -0.3606 0.0000 -1.9175 0.0012 1.5191 -1.1211 
-1.9696 -0.3604 0.0000 -1.9175 0.0012 1.5192 -1.1211 
-1.9696 -0.3602 0.0000 -1.9175 0.0011 1.5193 -1.1210 
-1.9696 -0.3600 0.0000 -1.9174 0.0011 1.5194 -1.1210 
-1.9696 -0.3598 0.0000 -1.9174 0.0011 1.5196 -1.1209 
-1.9696 -0.3597 0.0000 -1.9174 0.0011 1.5197 -1.1208 
-1.9696 -0.3595 0.0000 -1.9174 0.0011 1.5198 -1.1208 
-1.9696 -0.3592 0.0000 -1.9173 0.0011 1.5200 -1.1207 
-1.9696 -0.3590 0.0000 -1.9173 0.0010 1.5201 -1.1207 
-1.9696 -0.3588 0.0000 -1.9172 0.0010 1.5203 -1.1206 
-1.9696 -0.3586 0.0000 -1.9172 0.0010 1.5204 -1.1205 
-1.9696 -0.3583 0.0000 -1.9171 0.0010 1.5206 -1.1205 
-1.9696 -0.3581 0.0000 -1.9171 0.0010 1.5207 -1.1204 
-1.9696 -0.3579 0.0000 -1.9170 0.0009 1.5209 -1.1204 
-1.9696 -0.3576 0.0000 -1.9170 0.0009 1.5210 -1.1203 
-1.9696 -0.3573 0.0000 -1.9169 0.0009 1.5212 -1.1203 
-1.9696 -0.3571 0.0000 -1.9168 0.0009 1.5214 -1.1202 
-1.9696 -0.3568 0.0000 -1.9168 0.0009 1.5215 -1.1202 
-1.9696 -0.3565 0.0000 -1.9167 0.0008 1.5217 -1.1201 
-1.9696 -0.3562 0.0000 -1.9166 0.0008 1.5219 -1.1201 
-1.9696 -0.3560 0.0000 -1.9165 0.0008 1.5220 -1.1200 
-1.9696 -0.3557 0.0000 -1.9164 0.0007 1.5222 -1.1200 
-1.9696 -0.3554 0.0000 -1.9163 0.0007 1.5224 -1.1199 
-1.9696 -0.3551 0.0000 -1.9162 0.0007 1.5225 -1.1199 
-1.9696 -0.3548 0.0000 -1.9162 0.0007 1.5227 -1.1199 
-1.9696 -0.3544 0.0000 -1.9161 0.0006 1.5228 -1.1198 
-1.9697 -0.3541 0.0000 -1.9160 0.0006 1.5230 -1.1198 
-1.9697 -0.3538 0.0000 -1.9159 0.0005 1.5232 -1.1198 
-1.9697 -0.3535 0.0000 -1.9158 0.0005 1.5233 -1.1197 
-1.9697 -0.3532 0.0000 -1.9157 0.0004 1.5235 -1.1197 
-1.9697 -0.3528 0.0000 -1.9156 0.0004 1.5237 -1.1197 
-1.9697 -0.3525 0.0000 -1.9155 0.0003 1.5239 -1.1197 
-1.9697 -0.3521 0.0000 -1.9154 0.0003 1.5241 -1.1197 
-1.9697 -0.3518 0.0000 -1.9153 0.0002 1.5244 -1.1197 
-1.9697 -0.3514 0.0000 -1.9153 0.0001 1.5246 -1.1197 
-1.9697 -0.3509 0.0000 -1.9152 0.0000 1.5249 -1.1197 
-1.9697 -0.3505 0.0000 -1.9152 -0.0001 1.5253 -1.1198 
-1.9698 -0.3500 0.0000 -1.9152 -0.0002 1.5257 -1.1198 
-1.9698 -0.3494 0.0000 -1.9152 -0.0003 1.5262 -1.1198 
-1.9698 -0.3488 0.0000 -1.9153 -0.0004 1.5268 -1.1198 
-1.9698 -0.3480 0.0000 -1.9153 -0.0006 1.5276 -1.1199 
-1.9698 -0.3472 0.0000 -1.9155 -0.0007 1.5284 -1.1199 
-1.9698 -0.3463 0.0000 -1.9156 -0.0009 1.5294 -1.1199 
-1.9698 -0.3452 0.0000 -1.9158 -0.0011 1.5306 -1.1199 
-1.9697 -0.3440 0.0000 -1.9160 -0.0014 1.5320 -1.1200 
-1.9697 -0.3426 0.0000 -1.9163 -0.0016 1.5336 -1.1200 
-1.9697 -0.3410 0.0000 -1.9167 -0.0019 1.5355 -1.1199 
-1.9696 -0.3392 0.0000 -1.9170 -0.0022 1.5377 -1.1199 
-1.9696 -0.3372 0.0000 -1.9175 -0.0025 1.5401 -1.1199 
-1.9695 -0.3349 0.0000 -1.9180 -0.0029 1.5429 -1.1198 
-1.9694 -0.3323 0.0000 -1.9185 -0.0033 1.5460 -1.1197 
-1.9694 -0.3295 0.0000 -1.9191 -0.0037 1.5495 -1.1195 
-1.9693 -0.3263 0.0000 -1.9197 -0.0041 1.5533 -1.1194 
-1.9691 -0.3229 0.0000 -1.9204 -0.0045 1.5575 -1.1192 
-1.9690 -0.3192 0.0000 -1.9211 -0.0050 1.5620 -1.1189 
-1.9688 -0.3151 0.0000 -1.9218 -0.0055 1.5669 -1.1186 
-1.9687 -0.3108 0.0000 -1.9226 -0.0060 1.5721 -1.1183 
-1.9685 -0.3061 0.0000 -1.9233 -0.0065 1.5777 -1.1180 
-1.9683 -0.3012 0.0000 -1.9241 -0.0071 1.5836 -1.1176 
-1.9681 -0.2961 0.0000 -1.9249 -0.0076 1.5897 -1.1171 
-1.9679 -0.2906 0.0000 -1.9257 -0.0082 1.5962 -1.1167 
-1.9676 -0.2850 0.0000 -1.9265 -0.0087 1.6029 -1.1162 
-1.9674 -0.2791 0.0000 -1.9272 -0.0093 1.6098 -1.1156 
-1.9671 -0.2730 0.0000 -1.9280 -0.0099 1.6169 -1.1150 
-1.9668 -0.2667 0.0000 -1.9287 -0.0104 1.6243 -1.1144 
-1.9666 -0.2603 0.0000 -1.9295 -0.0110 1.6317 -1.1138 
-1.9663 -0.2537 0.0000 -1.9301 -0.0116 1.6393 -1.1131 
-1.9660 -0.2470 0.0000 -1.9308 -0.0122 1.6470 -1.1125 
-1.9657 -0.2402 0.0000 -1.9314 -0.0127 1.6549 -1.1118 
-1.9654 -0.2332 0.0000 -1.9320 -0.0133 1.6628 -1.1110 
-1.9650 -0.2262 0.0000 -1.9326 -0.0138 1.6707 -1.1103 
-1.9647 -0.2191 0.0000 -1.9331 -0.0144 1.6787 -1.1095 
-1.9644 -0.2119 0.0000 -1.9336 -0.0150 1.6868 -1.1088 
-1.9641 -0.2047 0.0000 -1.9340 -0.0155 1.6949 -1.1080 
-1.9637 -0.1974 0.0000 -1.9345 -0.0160 1.7030 -1.1072 
-1.9634 -0.1900 0.0000 -1.9348 -0.0166 1.7112 -1.1064 
-1.9631 -0.1826 0.0000 -1.9352 -0.0171 1.7193 -1.1056 
-1.9627 -0.1752 0.0000 -1.9355 -0.0176 1.7275 -1.1048 
-1.9624 -0.1677 0.0000 -1.9357 -0.0181 1.7356 -1.1040 
-1.9621 -0.1602 0.0000 -1.9359 -0.0186 1.7438 -1.1032 
-1.9617 -0.1526 0.0000 -1.9361 -0.0191 1.7520 -1.1023 
-1.9614 -0.1450 0.0000 -1.9363 -0.0196 1.7602 -1.1015 
-1.9610 -0.1373 0.0000 -1.9364 -0.0201 1.7684 -1.1007 
-1.9607 -0.1296 0.0000 -1.9364 -0.0206 1.7766 -1.0998 
-1.9603 -0.1218 0.0000 -1.9364 -0.0211 1.7848 -1.0990 
-1.9600 -0.1140 0.0000 -1.9364 -0.0216 1.7930 -1.0982 
-1.9597 -0.1061 0.0000 -1.9363 -0.0221 1.8013 -1.0973 
-1.9593 -0.0982 0.0000 -1.9362 -0.0226 1.8095 -1.0965 
-1.9590 -0.0901 0.0000 -1.9361 -0.0231 1.8178 -1.0957 
-1.9586 -0.0820 0.0000 -1.9359 -0.0235 1.8262 -1.0948 
-1.9582 -0.0738 0.0000 -1.9356 -0.0240 1.8345 -1.0940 
-1.9579 -0.0656 0.0000 -1.9353 -0.0245 1.8429 -1.0931 
-1.9575 -0.0572 0.0000 -1.9349 -0.0250 1.8514 -1.0923 
-1.9572 -0.0487 0.0000 -1.9345 -0.0254 1.8599 -1.0915 
-1.9568 -0.0400 0.0000 -1.9340 -0.0259 1.8685 -1.0906 
-1.9565 -0.0312 0.0000 -1.9335 -0.0264 1.8771 -1.0898 
-1.9561 -0.0223 0.0000 -1.9329 -0.0268 1.8858 -1.0890 
-1.9557 -0.0132 0.0000 -1.9322 -0.0273 1.8946 -1.0881 
-1.9553 -0.0040 0.0000 -1.9314 -0.0277 1.9036 -1.0873 
-1.9550 0.0055 0.0000 -1.9306 -0.0282 1.9126 -1.0865 
-1.9546 0.0152 0.0000 -1.9297 -0.0286 1.9217 -1.0856 
-1.9542 0.0251 0.0000 -1.9287 -0.0291 1.9309 -1.0848 
-1.9538 0.0352 0.0000 -1.9276 -0.0295 1.9403 -1.0840 
-1.9535 0.0456 0.0000 -1.9264 -0.0300 1.9498 -1.0832 
-1.9531 0.0562 0.0000 -1.9251 -0.0304 1.9595 -1.0824 
-1.9527 0.0671 0.0000 -1.9236 -0.0309 1.9692 -1.0816 
-1.9523 0.0783 0.0000 -1.9221 -0.0313 1.9792 -1.0809 
-1.9519 0.0897 0.0000 -1.9204 -0.0317 1.9892 -1.0801 
-1.9515 0.1014 0.0000 -1.9187 -0.0321 1.9994 -1.0793 
-1.9511 0.1134 0.0000 -1.9168 -0.0325 2.0096 -1.0786 
-1.9508 0.1256 0.0000 -1.9148 -0.0329 2.0200 -1.0779 
-1.9504 0.1381 0.0000 -1.9126 -0.0332 2.0304 -1.0772 
-1.9500 0.1507 0.0000 -1.9104 -0.0336 2.0409 -1.0766 
-1.9496 0.1635 0.0000 -1.9080 -0.0339 2.0514 -1.0759 
-1.9493 0.1764 0.0000 -1.9055 -0.0342 2.0618 -1.0753 
-1.9489 0.1894 0.0000 -1.9030 -0.0345 2.0721 -1.0747 
-1.9486 0.2023 0.0000 -1.9003 -0.0348 2.0824 -1.0742 
-1.9482 0.2152 0.0000 -1.8976 -0.0350 2.0924 -1.0737 
-1.9479 0.2280 0.0000 -1.8948 -0.0352 2.1022 -1.0732 
-1.9476 0.2405 0.0000 -1.8920 -0.0354 2.1117 -1.0727 
-1.9473 0.2528 0.0000 -1.8892 -0.0356 2.1209 -1.0723 
-1.9471 0.2648 0.0000 -1.8864 -0.0357 2.1297 -1.0719 
-1.9468 0.2764 0.0000 -1.8835 -0.0359 2.1381 -1.0716 
-1.9466 0.2876 0.0000 -1.8808 -0.0360 2.1461 -1.0712 
-1.9464 0.2983 0.0000 -1.8780 -0.0361 2.1536 -1.0709 
-1.9462 0.3085 0.0000 -1.8753 -0.0362 2.1607 -1.0706 
-1.9460 0.3183 0.0000 -1.8726 -0.0362 2.1674 -1.0703 
-1.9458 0.3276 0.0000 -1.8700 -0.0363 2.1736 -1.0701 
-1.9456 0.3364 0.0000 -1.8675 -0.0364 2.1794 -1.0698 
-1.9455 0.3447 0.0000 -1.8650 -0.0364 2.1848 -1.0696 
-1.9453 0.3527 0.0000 -1.8625 -0.0365 2.1899 -1.0693 
-1.9452 0.3602 0.0000 -1.8602 -0.0365 2.1946 -1.0691 
-1.9451 0.3674 0.0000 -1.8578 -0.0366 2.1991 -1.0689 
-1.9449 0.3743 0.0000 -1.8555 -0.0367 2.2032 -1.0686 
-1.9448 0.3809 0.0000 -1.8532 -0.0367 2.2072 -1.0684 
-1.9447 0.3873 0.0000 -1.8509 -0.0368 2.2109 -1.0682 
-1.9445 0.3935 0.0000 -1.8487 -0.0369 2.2145 -1.0679 
-1.9444 0.3995 0.0000 -1.8464 -0.0370 2.2179 -1.0677 
-1.9443 0.4054 0.0000 -1.8441 -0.0371 2.2213 -1.0675 
-1.9442 0.4112 0.0000 -1.8418 -0.0372 2.2245 -1.0673 
-1.9440 0.4170 0.0000 -1.8394 -0.0373 2.2277 -1.0670 
-1.9439 0.4228 0.0000 -1.8371 -0.0375 2.2308 -1.0668 
-1.9437 0.4285 0.0000 -1.8346 -0.0376 2.2339 -1.0666 
-1.9436 0.4343 0.0000 -1.8321 -0.0378 2.2370 -1.0664 
-1.9434 0.4402 0.0000 -1.8296 -0.0379 2.2401 -1.0661 
-1.9433 0.4461 0.0000 -1.8269 -0.0381 2.2432 -1.0659 
-1.9431 0.4522 0.0000 -1.8242 -0.0383 2.2463 -1.0657 
-1.9429 0.4583 0.0000 -1.8213 -0.0384 2.2495 -1.0655 
-1.9428 0.4646 0.0000 -1.8184 -0.0386 2.2527 -1.0654 
-1.9426 0.4710 0.0000 -1.8154 -0.0388 2.2560 -1.0652 
-1.9424 0.4775 0.0000 -1.8122 -0.0390 2.2593 -1.0650 
-1.9422 0.4843 0.0000 -1.8089 -0.0393 2.2626 -1.0649 
-1.9420 0.4912 0.0000 -1.8055 -0.0395 2.2660 -1.0648 
-1.9418 0.4983 0.0000 -1.8019 -0.0397 2.2695 -1.0647 
-1.9416 0.5055 0.0000 -1.7982 -0.0399 2.2730 -1.0646 
-1.9413 0.5130 0.0000 -1.7943 -0.0402 2.2766 -1.0646 
-1.9411 0.5207 0.0000 -1.7903 -0.0404 2.2802 -1.0645 
-1.9409 0.5285 0.0000 -1.7861 -0.0407 2.2839 -1.0645 
-1.9406 0.5365 0.0000 -1.7817 -0.0410 2.2876 -1.0646 
-1.9404 0.5448 0.0000 -1.7772 -0.0412 2.2913 -1.0646 
-1.9401 0.5532 0.0000 -1.7725 -0.0415 2.2951 -1.0647 
-1.9398 0.5617 0.0000 -1.7676 -0.0418 2.2988 -1.0648 
-1.9396 0.5704 0.0000 -1.7625 -0.0421 2.3025 -1.0649 
-1.9393 0.5792 0.0000 -1.7573 -0.0424 2.3062 -1.0651 
-1.9391 0.5881 0.0000 -1.7520 -0.0427 2.3098 -1.0653 
-1.9388 0.5970 0.0000 -1.7465 -0.0430 2.3134 -1.0655 
-1.9385 0.6060 0.0000 -1.7408 -0.0433 2.3169 -1.0657 
-1.9383 0.6150 0.0000 -1.7351 -0.0436 2.3203 -1.0660 
-1.9380 0.6239 0.0000 -1.7292 -0.0439 2.3236 -1.0662 
-1.9378 0.6328 0.0000 -1.7232 -0.0442 2.3267 -1.0665 
-1.9375 0.6416 0.0000 -1.7172 -0.0445 2.3296 -1.0668 
-1.9373 0.6502 0.0000 -1.7112 -0.0448 2.3324 -1.0671 
-1.9371 0.6587 0.0000 -1.7051 -0.0450 2.3350 -1.0674 
-1.9369 0.6670 0.0000 -1.6990 -0.0453 2.3374 -1.0677 
-1.9367 0.6751 0.0000 -1.6929 -0.0456 2.3397 -1.0680 
-1.9365 0.6829 0.0000 -1.6869 -0.0459 2.3417 -1.0682 
-1.9363 0.6905 0.0000 -1.6809 -0.0462 2.3435 -1.0685 
-1.9362 0.6978 0.0000 -1.6749 -0.0464 2.3451 -1.0687 
-1.9361 0.7049 0.0000 -1.6690 -0.0467 2.3465 -1.0689 
-1.9359 0.7117 0.0000 -1.6633 -0.0469 2.3478 -1.0691 
-1.9358 0.7182 0.0000 -1.6576 -0.0472 2.3488 -1.0693 
-1.9358 0.7245 0.0000 -1.6519 -0.0474 2.3497 -1.0694 
-1.9357 0.7305 0.0000 -1.6464 -0.0476 2.3505 -1.0696 
-1.9356 0.7363 0.0000 -1.6410 -0.0478 2.3511 -1.0697 
-1.9356 0.7419 0.0000 -1.6358 -0.0480 2.3516 -1.0698 
-1.9355 0.7473 0.0000 -1.6306 -0.0482 2.3520 -1.0698 
-1.9355 0.7524 0.0000 -1.6255 -0.0484 2.3523 -1.0699 
-1.9355 0.7574 0.0000 -1.6205 -0.0486 2.3525 -1.0699 
-1.9355 0.7623 0.0000 -1.6156 -0.0488 2.3527 -1.0699 
-1.9355 0.7669 0.0000 -1.6108 -0.0490 2.3528 -1.0699 
-1.9355 0.7715 0.0000 -1.6061 -0.0492 2.3529 -1.0699 
-1.9355 0.7759 0.0000 -1.6015 -0.0493 2.3529 -1.0698 
-1.9355 0.7803 0.0000 -1.5970 -0.0495 2.3530 -1.0698 
-1.9356 0.7845 0.0000 -1.5926 -0.0496 2.3530 -1.0697 
-1.9356 0.7886 0.0000 -1.5883 -0.0498 2.3531 -1.0697 
-1.9357 0.7927 0.0000 -1.5841 -0.0499 2.3531 -1.0696 
-1.9357 0.7967 0.0000 -1.5800 -0.0500 2.3532 -1.0696 
-1.9358 0.8006 0.0000 -1.5759 -0.0502 2.3533 -1.0695 
-1.9358 0.8044 0.0000 -1.5720 -0.0503 2.3534 -1.0695 
-1.9359 0.8081 0.0000 -1.5682 -0.0504 2.3536 -1.0695 
-1.9360 0.8118 0.0000 -1.5645 -0.0505 2.3538 -1.0694 
-1.9361 0.8154 0.0000 -1.5609 -0.0506 2.3540 -1.0694 
-1.9361 0.8189 0.0000 -1.5574 -0.0507 2.3543 -1.0694 
-1.9362 0.8224 0.0000 -1.5540 -0.0508 2.3546 -1.0693 
-1.9363 0.8257 0.0000 -1.5508 -0.0508 2.3549 -1.0693 
-1.9364 0.8290 0.0000 -1.5477 -0.0509 2.3553 -1.0694 
-1.9365 0.8322 0.0000 -1.5447 -0.0510 2.3558 -1.0694 
-1.9366 0.8353 0.0000 -1.5419 -0.0510 2.3562 -1.0694 
-1.9367 0.8382 0.0000 -1.5392 -0.0511 2.3567 -1.0694 
-1.9368 0.8411 0.0000 -1.5367 -0.0511 2.3573 -1.0695 
-1.9369 0.8438 0.0000 -1.5343 -0.0511 2.3579 -1.0696 
-1.9370 0.8465 0.0000 -1.5320 -0.0512 2.3585 -1.0696 
-1.9371 0.8490 0.0000 -1.5300 -0.0512 2.3591 -1.0697 
-1.9372 0.8514 0.0000 -1.5280 -0.0512 2.3598 -1.0698 
-1.9374 0.8536 0.0000 -1.5262 -0.0512 2.3605 -1.0699 
-1.9375 0.8558 0.0000 -1.5246 -0.0512 2.3611 -1.0701 
-1.9376 0.8578 0.0000 -1.5231 -0.0512 2.3618 -1.0702 
-1.9377 0.8597 0.0000 -1.5218 -0.0512 2.3625 -1.0703 
-1.9378 0.8614 0.0000 -1.5206 -0.0512 2.3632 -1.0704 
-1.9379 0.8631 0.0000 -1.5195 -0.0512 2.3639 -1.0706 
-1.9380 0.8646 0.0000 -1.5185 -0.0512 2.3646 -1.0707 
-1.9381 0.8660 0.0000 -1.5176 -0.0512 2.3653 -1.0709 
-1.9382 0.8673 0.0000 -1.5169 -0.0512 2.3660 -1.0710 
-1.9383 0.8685 0.0000 -1.5162 -0.0512 2.3666 -1.0712 
-1.9384 0.8696 0.0000 -1.5156 -0.0512 2.3673 -1.0713 
-1.9385 0.8706 0.0000 -1.5151 -0.0512 2.3679 -1.0714 
-1.9386 0.8716 0.0000 -1.5147 -0.0512 2.3685 -1.0716 
-1.9387 0.8724 0.0000 -1.5143 -0.0512 2.3690 -1.0717 
-1.9387 0.8732 0.0000 -1.5140 -0.0512 2.3696 -1.0719 
-1.9388 0.8740 0.0000 -1.5137 -0.0512 2.3701 -1.0720 
-1.9389 0.8746 0.0000 -1.5134 -0.0512 2.3705 -1.0721 
-1.9389 0.8753 0.0000 -1.5132 -0.0512 2.3710 -1.0722 
-1.9390 0.8759 0.0000 -1.5129 -0.0512 2.3714 -1.0723 
-1.9390 0.8765 0.0000 -1.5127 -0.0512 2.3718 -1.0724 
-1.9391 0.8770 0.0000 -1.5125 -0.0512 2.3721 -1.0725 
-1.9391 0.8775 0.0000 -1.5123 -0.0513 2.3725 -1.0726 
-1.9392 0.8781 0.0000 -1.5120 -0.0513 2.3728 -1.0727 
-1.9392 0.8786 0.0000 -1.5118 -0.0513 2.3731 -1.0728 
-1.9392 0.8791 0.0000 -1.5115 -0.0514 2.3733 -1.0728 
-1.9392 0.8796 0.0000 -1.5113 -0.0514 2.3736 -1.0729 
-1.9393 0.8801 0.0000 -1.5110 -0.0514 2.3738 -1.0729 
-1.9393 0.8806 0.0000 -1.5107 -0.0515 2.3740 -1.0730 
-1.9393 0.8811 0.0000 -1.5103 -0.0515 2.3742 -1.0730 
-1.9393 0.8816 0.0000 -1.5100 -0.0516 2.3744 -1.0731 
-1.9393 0.8822 0.0000 -1.5096 -0.0516 2.3746 -1.0731 
-1.9393 0.8827 0.0000 -1.5092 -0.0517 2.3747 -1.0732 
-1.9393 0.8833 0.0000 -1.5088 -0.0517 2.3749 -1.0732 
-1.9393 0.8839 0.0000 -1.5083 -0.0518 2.3750 -1.0732 
-1.9392 0.8845 0.0000 -1.5079 -0.0519 2.3752 -1.0732 
-1.9392 0.8851 0.0000 -1.5074 -0.0519 2.3753 -1.0733 
-1.9392 0.8857 0.0000 -1.5069 -0.0520 2.3754 -1.0733 
-1.9392 0.8863 0.0000 -1.5064 -0.0520 2.3755 -1.0733 
-1.9391 0.8869 0.0000 -1.5058 -0.0521 2.3757 -1.0733 
-1.9391 0.8876 0.0000 -1.5053 -0.0522 2.3758 -1.0733 
-1.9391 0.8883 0.0000 -1.5047 -0.0522 2.3759 -1.0734 
-1.9390 0.8889 0.0000 -1.5042 -0.0523 2.3761 -1.0734 
-1.9390 0.8896 0.0000 -1.5036 -0.0523 2.3762 -1.0734 
-1.9390 0.8903 0.0000 -1.5030 -0.0524 2.3763 -1.0734 
-1.9389 0.8910 0.0000 -1.5024 -0.0525 2.3765 -1.0734 
-1.9389 0.8917 0.0000 -1.5018 -0.0525 2.3766 -1.0734 
-1.9388 0.8924 0.0000 -1.5012 -0.0526 2.3767 -1.0734 
-1.9388 0.8931 0.0000 -1.5006 -0.0527 2.3769 -1.0735 
-1.9387 0.8939 0.0000 -1.5000 -0.0527 2.3771 -1.0735 
-1.9386 0.8946 0.0000 -1.4994 -0.0528 2.3772 -1.0735 
-1.9386 0.8953 0.0000 -1.4988 -0.0528 2.3774 -1.0735 
-1.9385 0.8960 0.0000 -1.4982 -0.0529 2.3776 -1.0735 
-1.9385 0.8967 0.0000 -1.4976 -0.0529 2.3777 -1.0735 
-1.9384 0.8974 0.0000 -1.4970 -0.0530 2.3779 -1.0736 
-1.9384 0.8981 0.0000 -1.4964 -0.0530 2.3781 -1.0736 
-1.9383 0.8988 0.0000 -1.4958 -0.0531 2.3783 -1.0736 
-1.9382 0.8995 0.0000 -1.4953 -0.0531 2.3785 -1.0736 
-1.9382 0.9002 0.0000 -1.4947 -0.0532 2.3787 -1.0737 
-1.9381 0.9009 0.0000 -1.4942 -0.0532 2.3789 -1.0737 
-1.9380 0.9015 0.0000 -1.4937 -0.0533 2.3791 -1.0737 
-1.9380 0.9022 0.0000 -1.4931 -0.0533 2.3793 -1.0737 
-1.9379 0.9028 0.0000 -1.4927 -0.0533 2.3795 -1.0738 
-1.9379 0.9034 0.0000 -1.4922 -0.0534 2.3797 -1.0738 
-1.9378 0.9040 0.0000 -1.4917 -0.0534 2.3799 -1.0738 
-1.9377 0.9046 0.0000 -1.4913 -0.0534 2.3801 -1.0739 
-1.9377 0.9052 0.0000 -1.4908 -0.0535 2.3804 -1.0739 
-1.9376 0.9057 0.0000 -1.4904 -0.0535 2.3806 -1.0739 
-1.9376 0.9063 0.0000 -1.4900 -0.0535 2.3808 -1.0740 
-1.9375 0.9068 0.0000 -1.4896 -0.0535 2.3810 -1.0740 
-1.9375 0.9073 0.0000 -1.4892 -0.0535 2.3812 -1.0740 
-1.9374 0.9078 0.0000 -1.4889 -0.0536 2.3814 -1.0741 
-1.9374 0.9083 0.0000 -1.4886 -0.0536 2.3816 -1.0741 
-1.9373 0.9087 0.0000 -1.4882 -0.0536 2.3818 -1.0742 
-1.9373 0.9091 0.0000 -1.4879 -0.0536 2.3820 -1.0742 
-1.9373 0.9096 0.0000 -1.4877 -0.0536 2.3822 -1.0742 
-1.9372 0.9100 0.0000 -1.4874 -0.0536 2.3824 -1.0743 
-1.9372 0.9103 0.0000 -1.4871 -0.0536 2.3826 -1.0743 
-1.9372 0.9107 0.0000 -1.4869 -0.0536 2.3828 -1.0744 
-1.9371 0.9110 0.0000 -1.4867 -0.0536 2.3829 -1.0744 
-1.9371 0.9114 0.0000 -1.4865 -0.0536 2.3831 -1.0744 
-1.9371 0.9117 0.0000 -1.4863 -0.0537 2.3833 -1.0745 
-1.9370 0.9120 0.0000 -1.4861 -0.0537 2.3834 -1.0745 
-1.9370 0.9123 0.0000 -1.4859 -0.0537 2.3836 -1.0746 
-1.9370 0.9125 0.0000 -1.4857 -0.0537 2.3837 -1.0746 
-1.9370 0.9128 0.0000 -1.4856 -0.0537 2.3838 -1.0746 
-1.9370 0.9130 0.0000 -1.4854 -0.0537 2.3840 -1.0747 
-1.9370 0.9132 0.0000 -1.4853 -0.0537 2.3841 -1.0747 
-1.9370 0.9135 0.0000 -1.4852 -0.0537 2.3842 -1.0747 
-1.9369 0.9137 0.0000 -1.4850 -0.0537 2.3843 -1.0748 
-1.9369 0.9139 0.0000 -1.4849 -0.0537 2.3844 -1.0748 
-1.9369 0.9141 0.0000 -1.4848 -0.0536 2.3845 -1.0748 
-1.9369 0.9142 0.0000 -1.4847 -0.0536 2.3846 -1.0749 
-1.9369 0.9144 0.0000 -1.4846 -0.0536 2.3846 -1.0749 
-1.9369 0.9146 0.0000 -1.4845 -0.0536 2.3847 -1.0749 
-1.9369 0.9147 0.0000 -1.4844 -0.0536 2.3848 -1.0750 
-1.9369 0.9149 0.0000 -1.4843 -0.0536 2.3848 -1.0750 
-1.9369 0.9150 0.0000 -1.4843 -0.0536 2.3849 -1.0750 
-1.9370 0.9151 0.0000 -1.4842 -0.0536 2.3849 -1.0750 
-1.9370 0.9153 0.0000 -1.4841 -0.0536 2.3850 -1.0751 
-1.9370 0.9154 0.0000 -1.4840 -0.0536 2.3850 -1.0751 
-1.9370 0.9155 0.0000 -1.4839 -0.0536 2.3850 -1.0751 
-1.9370 0.9157 0.0000 -1.4839 -0.0536 2.3850 -1.0751 
-1.9370 0.9158 0.0000 -1.4838 -0.0536 2.3850 -1.0752 
-1.9370 0.9159 0.0000 -1.4837 -0.0536 2.3851 -1.0752 
-1.9370 0.9160 0.0000 -1.4836 -0.0536 2.3851 -1.0752 
-1.9370 0.9161 0.0000 -1.4836 -0.0536 2.3851 -1.0752 
-1.9370 0.9162 0.0000 -1.4835 -0.0536 2.3851 -1.0752 
-1.9371 0.9164 0.0000 -1.4834 -0.0536 2.3851 -1.0752 
-1.9371 0.9165 0.0000 -1.4833 -0.0536 2.3850 -1.0753 
-1.9371 0.9166 0.0000 -1.4832 -0.0536 2.3850 -1.0753 
-1.9371 0.9167 0.0000 -1.4832 -0.0536 2.3850 -1.0753 
-1.9371 0.9168 0.0000 -1.4831 -0.0536 2.3850 -1.0753 
-1.9371 0.9169 0.0000 -1.4830 -0.0536 2.3850 -1.0753 
-1.9371 0.9170 0.0000 -1.4829 -0.0536 2.3850 -1.0753 
-1.9371 0.9172 0.0000 -1.4828 -0.0536 2.3849 -1.0753 
-1.9371 0.9173 0.0000 -1.4827 -0.0536 2.3849 -1.0753 
-1.9372 0.9174 0.0000 -1.4826 -0.0536 2.3849 -1.0753 
-1.9372 0.9175 0.0000 -1.4825 -0.0536 2.3848 -1.0753 
-1.9372 0.9176 0.0000 -1.4824 -0.0536 2.3848 -1.0753 
-1.9372 0.9177 0.0000 -1.4823 -0.0536 2.3848 -1.0754 
-1.9372 0.9179 0.0000 -1.4822 -0.0536 2.3847 -1.0754 
-1.9372 0.9180 0.0000 -1.4821 -0.0536 2.3847 -1.0754 
-1.9372 0.9181 0.0000 -1.4820 -0.0536 2.3847 -1.0754 
-1.9372 0.9182 0.0000 -1.4819 -0.0536 2.3846 -1.0754 
-1.9372 0.9183 0.0000 -1.4818 -0.0536 2.3846 -1.0754 
-1.9372 0.9185 0.0000 -1.4817 -0.0536 2.3845 -1.0754 
-1.9372 0.9186 0.0000 -1.4816 -0.0536 2.3845 -1.0754 
-1.9372 0.9187 0.0000 -1.4815 -0.0536 2.3845 -1.0754 
-1.9372 0.9189 0.0000 -1.4814 -0.0536 2.3844 -1.0754 
-1.9372 0.9190 0.0000 -1.4813 -0.0536 2.3844 -1.0754 
-1.9372 0.9191 0.0000 -1.4812 -0.0536 2.3843 -1.0754 
-1.9372 0.9192 0.0000 -1.4811 -0.0536 2.3843 -1.0754 
-1.9372 0.9194 0.0000 -1.4810 -0.0536 2.3842 -1.0754 
-1.9372 0.9195 0.0000 -1.4809 -0.0536 2.3842 -1.0754 
-1.9372 0.9196 0.0000 -1.4808 -0.0536 2.3842 -1.0754 
-1.9372 0.9198 0.0000 -1.4806 -0.0535 2.3841 -1.0754 
-1.9372 0.9199 0.0000 -1.4805 -0.0535 2.3841 -1.0754 
-1.9372 0.9200 0.0000 -1.4804 -0.0535 2.3840 -1.0754 
-1.9372 0.9201 0.0000 -1.4803 -0.0535 2.3840 -1.0754 
-1.9372 0.9203 0.0000 -1.4802 -0.0535 2.3840 -1.0754 
-1.9372 0.9204 0.0000 -1.4801 -0.0535 2.3839 -1.0754 
-1.9372 0.9205 0.0000 -1.4800 -0.0535 2.3839 -1.0754 
-1.9372 0.9207 0.0000 -1.4799 -0.0535 2.3839 -1.0753 
-1.9372 0.9208 0.0000 -1.4797 -0.0535 2.3838 -1.0753 
-1.9371 0.9209 0.0000 -1.4796 -0.0535 2.3838 -1.0753 
-1.9371 0.9211 0.0000 -1.4795 -0.0535 2.3837 -1.0753 
-1.9371 0.9212 0.0000 -1.4794 -0.0535 2.3837 -1.0753 
-1.9371 0.9213 0.0000 -1.4793 -0.0535 2.3837 -1.0753 
-1.9371 0.9215 0.0000 -1.4792 -0.0535 2.3836 -1.0753 
-1.9371 0.9216 0.0000 -1.4791 -0.0535 2.3836 -1.0753 
-1.9371 0.9217 0.0000 -1.4790 -0.0534 2.3836 -1.0753 
-1.9370 0.9218 0.0000 -1.4789 -0.0534 2.3836 -1.0753 
-1.9370 0.9220 0.0000 -1.4788 -0.0534 2.3835 -1.0753 
-1.9370 0.9221 0.0000 -1.4787 -0.0534 2.3835 -1.0753 
-1.9370 0.9222 0.0000 -1.4786 -0.0534 2.3835 -1.0753 
-1.9370 0.9223 0.0000 -1.4784 -0.0534 2.3835 -1.0753 
-1.9369 0.9224 0.0000 -1.4783 -0.0534 2.3834 -1.0753 
-1.9369 0.9226 0.0000 -1.4782 -0.0534 2.3834 -1.0753 
-1.9369 0.9227 0.0000 -1.4782 -0.0534 2.3834 -1.0753 
-1.9369 0.9228 0.0000 -1.4781 -0.0533 2.3834 -1.0753 
-1.9369 0.9229 0.0000 -1.4780 -0.0533 2.3834 -1.0753 
-1.9368 0.9230 0.0000 -1.4779 -0.0533 2.3834 -1.0753 
-1.9368 0.9232 0.0000 -1.4778 -0.0533 2.3834 -1.0753 
-1.9368 0.9233 0.0000 -1.4777 -0.0533 2.3834 -1.0753 
-1.9368 0.9234 0.0000 -1.4776 -0.0533 2.3834 -1.0753 
-1.9367 0.9235 0.0000 -1.4775 -0.0533 2.3833 -1.0753 
-1.9367 0.9236 0.0000 -1.4774 -0.0533 2.3834 -1.0753 
-1.9367 0.9237 0.0000 -1.4773 -0.0532 2.3834 -1.0753 
-1.9367 0.9238 0.0000 -1.4773 -0.0532 2.3834 -1.0753 
-1.9366 0.9239 0.0000 -1.4772 -0.0532 2.3834 -1.0753 
-1.9366 0.9240 0.0000 -1.4771 -0.0532 2.3834 -1.0754 
-1.9366 0.9242 0.0000 -1.4770 -0.0532 2.3834 -1.0754 
-1.9365 0.9243 0.0000 -1.4769 -0.0532 2.3834 -1.0754 
-1.9365 0.9244 0.0000 -1.4769 -0.0532 2.3834 -1.0754 
-1.9365 0.9245 0.0000 -1.4768 -0.0531 2.3835 -1.0754 
-1.9365 0.9246 0.0000 -1.4767 -0.0531 2.3835 -1.0755 
-1.9364 0.9247 0.0000 -1.4767 -0.0531 2.3835 -1.0755 
-1.9364 0.9248 0.0000 -1.4766 -0.0531 2.3836 -1.0755 
-1.9364 0.9249 0.0000 -1.4765 -0.0531 2.3836 -1.0755 
-1.9364 0.9250 0.0000 -1.4765 -0.0531 2.3837 -1.0756 
-1.9363 0.9251 0.0000 -1.4764 -0.0531 2.3837 -1.0756 
-1.9363 0.9253 0.0000 -1.4763 -0.0530 2.3838 -1.0757 
-1.9363 0.9254 0.0000 -1.4763 -0.0530 2.3838 -1.0757 
-1.9363 0.9255 0.0000 -1.4762 -0.0530 2.3839 -1.0758 
-1.9363 0.9256 0.0000 -1.4761 -0.0530 2.3840 -1.0758 
-1.9363 0.9258 0.0000 -1.4761 -0.0530 2.3840 -1.0759 
-1.9362 0.9259 0.0000 -1.4760 -0.0530 2.3841 -1.0759 
-1.9362 0.9260 0.0000 -1.4759 -0.0530 2.3842 -1.0760 
-1.9362 0.9262 0.0000 -1.4759 -0.0530 2.3843 -1.0761 
-1.9362 0.9263 0.0000 -1.4758 -0.0529 2.3844 -1.0762 
-1.9362 0.9265 0.0000 -1.4757 -0.0529 2.3845 -1.0762 
-1.9362 0.9267 0.0000 -1.4756 -0.0529 2.3846 -1.0763 
-1.9362 0.9268 0.0000 -1.4756 -0.0529 2.3847 -1.0764 
-1.9362 0.9270 0.0000 -1.4755 -0.0529 2.3849 -1.0765 
-1.9362 0.9272 0.0000 -1.4754 -0.0529 2.3850 -1.0766 
-1.9363 0.9274 0.0000 -1.4753 -0.0529 2.3851 -1.0766 
-1.9363 0.9276 0.0000 -1.4752 -0.0529 2.3852 -1.0767 
-1.9363 0.9278 0.0000 -1.4751 -0.0529 2.3854 -1.0768 
-1.9363 0.9280 0.0000 -1.4750 -0.0529 2.3855 -1.0769 
-1.9363 0.9283 0.0000 -1.4749 -0.0529 2.3856 -1.0770 
-1.9364 0.9285 0.0000 -1.4748 -0.0529 2.3858 -1.0771 
-1.9364 0.9288 0.0000 -1.4747 -0.0529 2.3859 -1.0772 
-1.9364 0.9290 0.0000 -1.4746 -0.0529 2.3861 -1.0772 
-1.9365 0.9293 0.0000 -1.4745 -0.0529 2.3862 -1.0773 
-1.9365 0.9296 0.0000 -1.4743 -0.0529 2.3863 -1.0774 
-1.9366 0.9299 0.0000 -1.4742 -0.0529 2.3865 -1.0775 
-1.9366 0.9302 0.0000 -1.4740 -0.0529 2.3866 -1.0775 
-1.9367 0.9305 0.0000 -1.4739 -0.0529 2.3868 -1.0776 
-1.9367 0.9308 0.0000 -1.4737 -0.0529 2.3869 -1.0776 
-1.9368 0.9311 0.0000 -1.4736 -0.0529 2.3870 -1.0777 
-1.9368 0.9314 0.0000 -1.4734 -0.0529 2.3871 -1.0777 
-1.9369 0.9318 0.0000 -1.4732 -0.0529 2.3873 -1.0777 
-1.9370 0.9321 0.0000 -1.4730 -0.0529 2.3874 -1.0777 
-1.9370 0.9324 0.0000 -1.4728 -0.0529 2.3875 -1.0777 
-1.9371 0.9328 0.0000 -1.4726 -0.0529 2.3876 -1.0777 
-1.9372 0.9331 0.0000 -1.4724 -0.0530 2.3877 -1.0777 
-1.9373 0.9335 0.0000 -1.4722 -0.0530 2.3877 -1.0776 
-1.9373 0.9339 0.0000 -1.4720 -0.0530 2.3878 -1.0776 
-1.9374 0.9342 0.0000 -1.4718 -0.0530 2.3879 -1.0775 
-1.9375 0.9346 0.0000 -1.4716 -0.0530 2.3879 -1.0775 
-1.9375 0.9349 0.0000 -1.4714 -0.0530 2.3880 -1.0774 
-1.9376 0.9353 0.0000 -1.4712 -0.0530 2.3880 -1.0773 
-1.9377 0.9356 0.0000 -1.4710 -0.0530 2.3880 -1.0772 
-1.9377 0.9359 0.0000 -1.4707 -0.0530 2.3880 -1.0770 
-1.9378 0.9363 0.0000 -1.4705 -0.0530 2.3880 -1.0769 
-1.9378 0.9366 0.0000 -1.4703 -0.0530 2.3880 -1.0767 
-1.9379 0.9369 0.0000 -1.4701 -0.0530 2.3880 -1.0766 
-1.9380 0.9372 0.0000 -1.4699 -0.0530 2.3880 -1.0764 
-1.9380 0.9375 0.0000 -1.4697 -0.0530 2.3880 -1.0762 
-1.9381 0.9378 0.0000 -1.4695 -0.0530 2.3880 -1.0760 
-1.9381 0.9380 0.0000 -1.4693 -0.0530 2.3879 -1.0758 
-1.9381 0.9383 0.0000 -1.4691 -0.0530 2.3879 -1.0756 
-1.9382 0.9385 0.0000 -1.4689 -0.0530 2.3878 -1.0753 
-1.9382 0.9388 0.0000 -1.4688 -0.0530 2.3878 -1.0751 
-1.9382 0.9390 0.0000 -1.4686 -0.0530 2.3878 -1.0749 
-1.9383 0.9392 0.0000 -1.4685 -0.0530 2.3877 -1.0746 
-1.9383 0.9393 0.0000 -1.4683 -0.0530 2.3877 -1.0743 
-1.9383 0.9395 0.0000 -1.4682 -0.0530 2.3877 -1.0740 
-1.9383 0.9397 0.0000 -1.4681 -0.0529 2.3876 -1.0737 
-1.9383 0.9398 0.0000 -1.4680 -0.0529 2.3876 -1.0734 
-1.9383 0.9399 0.0000 -1.4679 -0.0529 2.3876 -1.0731 
-1.9383 0.9400 0.0000 -1.4679 -0.0528 2.3876 -1.0728 
-1.9383 0.9401 0.0000 -1.4678 -0.0528 2.3877 -1.0724 
-1.9383 0.9401 0.0000 -1.4678 -0.0527 2.3877 -1.0720 
-1.9382 0.9401 0.0000 -1.4678 -0.0527 2.3878 -1.0717 
-1.9382 0.9402 0.0000 -1.4679 -0.0526 2.3879 -1.0712 
-1.9382 0.9402 0.0000 -1.4679 -0.0525 2.3880 -1.0708 
-1.9382 0.9402 0.0000 -1.4680 -0.0525 2.3882 -1.0704 
-1.9381 0.9401 0.0000 -1.4681 -0.0524 2.3884 -1.0699 
-1.9381 0.9401 0.0000 -1.4682 -0.0523 2.3887 -1.0694 
-1.9380 0.9400 0.0000 -1.4684 -0.0522 2.3889 -1.0689 
-1.9380 0.9399 0.0000 -1.4686 -0.0520 2.3893 -1.0683 
-1.9379 0.9398 0.0000 -1.4688 -0.0519 2.3897 -1.0677 
-1.9378 0.9397 0.0000 -1.4691 -0.0518 2.3901 -1.0670 
-1.9378 0.9396 0.0000 -1.4694 -0.0516 2.3906 -1.0664 
-1.9377 0.9394 0.0000 -1.4697 -0.0514 2.3912 -1.0656 
-1.9376 0.9393 0.0000 -1.4701 -0.0512 2.3919 -1.0648 
-1.9376 0.9391 0.0000 -1.4705 -0.0510 2.3926 -1.0640 
-1.9375 0.9390 0.0000 -1.4709 -0.0508 2.3933 -1.0631 
-1.9374 0.9388 0.0000 -1.4714 -0.0506 2.3942 -1.0622 
-1.9373 0.9386 0.0000 -1.4719 -0.0503 2.3951 -1.0612 
-1.9373 0.9384 0.0000 -1.4724 -0.0501 2.3961 -1.0602 
-1.9372 0.9382 0.0000 -1.4730 -0.0498 2.3971 -1.0591 
-1.9371 0.9380 0.0000 -1.4735 -0.0495 2.3983 -1.0579 
-1.9370 0.9379 0.0000 -1.4742 -0.0492 2.3994 -1.0567 
-1.9370 0.9377 0.0000 -1.4748 -0.0488 2.4007 -1.0554 
-1.9369 0.9375 0.0000 -1.4755 -0.0485 2.4020 -1.0540 
-1.9368 0.9373 0.0000 -1.4761 -0.0482 2.4034 -1.0526 
-1.9368 0.9371 0.0000 -1.4768 -0.0478 2.4048 -1.0512 
-1.9367 0.9370 0.0000 -1.4775 -0.0474 2.4062 -1.0497 
-1.9366 0.9368 0.0000 -1.4782 -0.0471 2.4077 -1.0481 
-1.9366 0.9367 0.0000 -1.4789 -0.0467 2.4092 -1.0465 
-1.9365 0.9365 0.0000 -1.4797 -0.0463 2.4107 -1.0449 
-1.9365 0.9364 0.0000 -1.4804 -0.0459 2.4122 -1.0432 
-1.9364 0.9363 0.0000 -1.4811 -0.0455 2.4137 -1.0415 
-1.9364 0.9362 0.0000 -1.4818 -0.0451 2.4153 -1.0398 
-1.9363 0.9361 0.0000 -1.4825 -0.0447 2.4168 -1.0380 
-1.9363 0.9360 0.0000 -1.4831 -0.0443 2.4183 -1.0362 
-1.9363 0.9359 0.0000 -1.4838 -0.0439 2.4198 -1.0344 
-1.9362 0.9358 0.0000 -1.4844 -0.0436 2.4212 -1.0325 
-1.9362 0.9358 0.0000 -1.4851 -0.0432 2.4226 -1.0307 
-1.9362 0.9357 0.0000 -1.4857 -0.0428 2.4240 -1.0288 
-1.9362 0.9357 0.0000 -1.4862 -0.0425 2.4253 -1.0269 
-1.9362 0.9357 0.0000 -1.4868 -0.0421 2.4266 -1.0250 
-1.9361 0.9356 0.0000 -1.4873 -0.0418 2.4279 -1.0231 
-1.9361 0.9356 0.0000 -1.4878 -0.0414 2.4290 -1.0212 
-1.9361 0.9356 0.0000 -1.4883 -0.0411 2.4302 -1.0192 
-1.9361 0.9356 0.0000 -1.4887 -0.0408 2.4313 -1.0172 
-1.9361 0.9357 0.0000 -1.4891 -0.0405 2.4323 -1.0152 
-1.9361 0.9357 0.0000 -1.4895 -0.0402 2.4332 -1.0132 
-1.9361 0.9357 0.0000 -1.4899 -0.0399 2.4342 -1.0112 
-1.9361 0.9357 0.0000 -1.4902 -0.0397 2.4350 -1.0091 
-1.9361 0.9358 0.0000 -1.4905 -0.0394 2.4358 -1.0070 
-1.9362 0.9358 0.0000 -1.4908 -0.0392 2.4366 -1.0049 
-1.9362 0.9359 0.0000 -1.4910 -0.0389 2.4373 -1.0027 
-1.9362 0.9359 0.0000 -1.4913 -0.0387 2.4379 -1.0005 
-1.9362 0.9360 0.0000 -1.4915 -0.0385 2.4385 -0.9982 
-1.9362 0.9361 0.0000 -1.4916 -0.0383 2.4390 -0.9959 
-1.9362 0.9362 0.0000 -1.4918 -0.0381 2.4395 -0.9935 
-1.9363 0.9362 0.0000 -1.4919 -0.0379 2.4400 -0.9910 
-1.9363 0.9363 0.0000 -1.4920 -0.0377 2.4403 -0.9885 
-1.9363 0.9364 0.0000 -1.4921 -0.0375 2.4407 -0.9860 
-1.9363 0.9365 0.0000 -1.4921 -0.0373 2.4410 -0.9833 
-1.9364 0.9366 0.0000 -1.4922 -0.0372 2.4412 -0.9806 
-1.9364 0.9368 0.0000 -1.4922 -0.0370 2.4414 -0.9778 
-1.9365 0.9369 0.0000 -1.4922 -0.0369 2.4416 -0.9748 
-1.9365 0.9370 0.0000 -1.4921 -0.0367 2.4417 -0.9718 
-1.9365 0.9372 0.0000 -1.4921 -0.0366 2.4417 -0.9687 
-1.9366 0.9373 0.0000 -1.4920 -0.0364 2.4418 -0.9655 
-1.9366 0.9375 0.0000 -1.4919 -0.0363 2.4417 -0.9622 
-1.9367 0.9376 0.0000 -1.4918 -0.0362 2.4417 -0.9587 
-1.9367 0.9378 0.0000 -1.4916 -0.0361 2.4416 -0.9551 
-1.9368 0.9380 0.0000 -1.4915 -0.0359 2.4414 -0.9514 
-1.9368 0.9381 0.0000 -1.4913 -0.0358 2.4412 -0.9475 
-1.9369 0.9383 0.0000 -1.4911 -0.0357 2.4410 -0.9435 
-1.9370 0.9385 0.0000 -1.4908 -0.0356 2.4407 -0.9393 
-1.9370 0.9388 0.0000 -1.4906 -0.0355 2.4404 -0.9350 
-1.9371 0.9390 0.0000 -1.4903 -0.0354 2.4401 -0.9305 
-1.9372 0.9392 0.0000 -1.4900 -0.0353 2.4397 -0.9258 
-1.9372 0.9394 0.0000 -1.4897 -0.0352 2.4392 -0.9209 
-1.9373 0.9397 0.0000 -1.4893 -0.0351 2.4388 -0.9159 
-1.9374 0.9399 0.0000 -1.4890 -0.0350 2.4382 -0.9106 
-1.9375 0.9402 0.0000 -1.4886 -0.0349 2.4377 -0.9052 
-1.9376 0.9405 0.0000 -1.4882 -0.0347 2.4371 -0.8995 
-1.9377 0.9408 0.0000 -1.4877 -0.0346 2.4364 -0.8936 
-1.9378 0.9411 0.0000 -1.4873 -0.0345 2.4358 -0.8875 
-1.9378 0.9414 0.0000 -1.4868 -0.0344 2.4350 -0.8812 
-1.9379 0.9417 0.0000 -1.4863 -0.0343 2.4343 -0.8747 
-1.9381 0.9420 0.0000 -1.4858 -0.0342 2.4335 -0.8679 
-1.9382 0.9423 0.0000 -1.4853 -0.0341 2.4327 -0.8609 
-1.9383 0.9427 0.0000 -1.4847 -0.0340 2.4318 -0.8536 
-1.9384 0.9430 0.0000 -1.4841 -0.0339 2.4309 -0.8461 
-1.9385 0.9434 0.0000 -1.4835 -0.0338 2.4299 -0.8383 
-1.9386 0.9438 0.0000 -1.4829 -0.0336 2.4289 -0.8303 
-1.9387 0.9441 0.0000 -1.4822 -0.0335 2.4279 -0.8221 
-1.9389 0.9445 0.0000 -1.4816 -0.0334 2.4268 -0.8136 
-1.9390 0.9449 0.0000 -1.4809 -0.0332 2.4258 -0.8048 
-1.9391 0.9453 0.0000 -1.4802 -0.0331 2.4246 -0.7958 
-1.9393 0.9457 0.0000 -1.4795 -0.0330 2.4235 -0.7866 
-1.9394 0.9461 0.0000 -1.4788 -0.0328 2.4223 -0.7771 
-1.9395 0.9465 0.0000 -1.4780 -0.0327 2.4211 -0.7673 
-1.9397 0.9470 0.0000 -1.4773 -0.0325 2.4199 -0.7574 
-1.9398 0.9474 0.0000 -1.4765 -0.0323 2.4186 -0.7472 
-1.9400 0.9478 0.0000 -1.4757 -0.0322 2.4173 -0.7368 
-1.9401 0.9482 0.0000 -1.4750 -0.0320 2.4160 -0.7262 
-1.9403 0.9487 0.0000 -1.4742 -0.0318 2.4147 -0.7153 
-1.9404 0.9491 0.0000 -1.4734 -0.0316 2.4134 -0.7043 
-1.9406 0.9495 0.0000 -1.4726 -0.0314 2.4121 -0.6931 
-1.9407 0.9499 0.0000 -1.4718 -0.0311 2.4108 -0.6817 
-1.9409 0.9504 0.0000 -1.4710 -0.0309 2.4094 -0.6701 
-1.9410 0.9508 0.0000 -1.4702 -0.0307 2.4081 -0.6583 
-1.9412 0.9512 0.0000 -1.4694 -0.0304 2.4068 -0.6464 
-1.9413 0.9516 0.0000 -1.4687 -0.0301 2.4055 -0.6343 
-1.9415 0.9521 0.0000 -1.4679 -0.0299 2.4042 -0.6221 
-1.9416 0.9525 0.0000 -1.4671 -0.0296 2.4029 -0.6097 
-1.9418 0.9529 0.0000 -1.4664 -0.0292 2.4016 -0.5971 
-1.9419 0.9533 0.0000 -1.4656 -0.0289 2.4004 -0.5845 
-1.9421 0.9537 0.0000 -1.4649 -0.0286 2.3991 -0.5716 
-1.9422 0.9541 0.0000 -1.4642 -0.0282 2.3980 -0.5586 
-1.9424 0.9546 0.0000 -1.4634 -0.0278 2.3968 -0.5455 
-1.9425 0.9550 0.0000 -1.4628 -0.0274 2.3957 -0.5322 
-1.9427 0.9554 0.0000 -1.4621 -0.0270 2.3946 -0.5187 
-1.9428 0.9558 0.0000 -1.4614 -0.0265 2.3935 -0.5051 
-1.9430 0.9562 0.0000 -1.4607 -0.0261 2.3925 -0.4913 
-1.9431 0.9567 0.0000 -1.4601 -0.0256 2.3916 -0.4773 
-1.9433 0.9571 0.0000 -1.4595 -0.0250 2.3906 -0.4632 
-1.9435 0.9576 0.0000 -1.4589 -0.0245 2.3897 -0.4488 
-1.9436 0.9580 0.0000 -1.4583 -0.0239 2.3889 -0.4343 
-1.9438 0.9585 0.0000 -1.4577 -0.0234 2.3881 -0.4196 
-1.9439 0.9590 0.0000 -1.4571 -0.0228 2.3874 -0.4047 
-1.9441 0.9594 0.0000 -1.4565 -0.0221 2.3867 -0.3897 
-1.9443 0.9599 0.0000 -1.4560 -0.0215 2.3860 -0.3745 
-1.9445 0.9604 0.0000 -1.4554 -0.0208 2.3854 -0.3592 
-1.9446 0.9609 0.0000 -1.4549 -0.0201 2.3848 -0.3437 
-1.9448 0.9615 0.0000 -1.4544 -0.0194 2.3842 -0.3281 
-1.9450 0.9620 0.0000 -1.4539 -0.0187 2.3837 -0.3125 
-1.9451 0.9625 0.0000 -1.4533 -0.0180 2.3833 -0.2968 
-1.9453 0.9631 0.0000 -1.4528 -0.0173 2.3828 -0.2810 
-1.9455 0.9636 0.0000 -1.4524 -0.0165 2.3824 -0.2653 
-1.9457 0.9642 0.0000 -1.4519 -0.0158 2.3821 -0.2496 
-1.9459 0.9648 0.0000 -1.4514 -0.0150 2.3817 -0.2340 
-1.9460 0.9653 0.0000 -1.4509 -0.0143 2.3814 -0.2185 
-1.9462 0.9659 0.0000 -1.4505 -0.0136 2.3812 -0.2031 
-1.9464 0.9664 0.0000 -1.4501 -0.0128 2.3809 -0.1879 
-1.9465 0.9670 0.0000 -1.4496 -0.0121 2.3807 -0.1728 
-1.9467 0.9676 0.0000 -1.4492 -0.0114 2.3805 -0.1580 
-1.9469 0.9681 0.0000 -1.4488 -0.0106 2.3803 -0.1434 
-1.9470 0.9686 0.0000 -1.4484 -0.0099 2.3801 -0.1291 
-1.9472 0.9692 0.0000 -1.4480 -0.0092 2.3800 -0.1151 
-1.9473 0.9697 0.0000 -1.4477 -0.0086 2.3798 -0.1014 
-1.9475 0.9702 0.0000 -1.4473 -0.0079 2.3797 -0.0880 
-1.9476 0.9706 0.0000 -1.4470 -0.0072 2.3796 -0.0749 
-1.9477 0.9711 0.0000 -1.4466 -0.0066 2.3795 -0.0621 
-1.9479 0.9716 0.0000 -1.4463 -0.0060 2.3794 -0.0497 
-1.9480 0.9720 0.0000 -1.4460 -0.0054 2.3794 -0.0377 
-1.9481 0.9724 0.0000 -1.4457 -0.0048 2.3793 -0.0260 
-1.9482 0.9729 0.0000 -1.4454 -0.0042 2.3793 -0.0146 
-1.9483 0.9733 0.0000 -1.4452 -0.0037 2.3792 -0.0036 
-1.9484 0.9736 0.0000 -1.4449 -0.0031 2.3792 0.0071 
-1.9485 0.9740 0.0000 -1.4447 -0.0026 2.3792 0.0174 
-1.9486 0.9743 0.0000 -1.4444 -0.0021 2.3792 0.0274 
-1.9487 0.9747 0.0000 -1.4442 -0.0016 2.3792 0.0371 
-1.9488 0.9750 0.0000 -1.4440 -0.0011 2.3792 0.0465 
-1.9489 0.9753 0.0000 -1.4438 -0.0007 2.3792 0.0555 
-1.9490 0.9756 0.0000 -1.4436 -0.0002 2.3793 0.0643 
-1.9490 0.9758 0.0000 -1.4435 0.0002 2.3793 0.0728 
-1.9491 0.9761 0.0000 -1.4433 0.0006 2.3793 0.0810 
-1.9492 0.9764 0.0000 -1.4432 0.0010 2.3794 0.0890 
-1.9492 0.9766 0.0000 -1.4430 0.0014 2.3794 0.0967 
-1.9493 0.9768 0.0000 -1.4429 0.0018 2.3795 0.1042 
-1.9493 0.9770 0.0000 -1.4427 0.0022 2.3795 0.1114 
-1.9494 0.9772 0.0000 -1.4426 0.0025 2.3796 0.1184 
-1.9494 0.9774 0.0000 -1.4425 0.0029 2.3797 0.1252 
-1.9495 0.9776 0.0000 -1.4424 0.0032 2.3797 0.1318 
-1.9495 0.9777 0.0000 -1.4423 0.0036 2.3798 0.1382 
-1.9495 0.9779 0.0000 -1.4422 0.0039 2.3799 0.1445 
-1.9496 0.9781 0.0000 -1.4421 0.0042 2.3800 0.1506 
-1.9496 0.9782 0.0000 -1.4420 0.0045 2.3801 0.1565 
-1.9496 0.9783 0.0000 -1.4420 0.0049 2.3802 0.1623 
-1.9496 0.9785 0.0000 -1.4419 0.0052 2.3803 0.1680 
-1.9497 0.9786 0.0000 -1.4418 0.0055 2.3804 0.1735 
-1.9497 0.9787 0.0000 -1.4418 0.0057 2.3805 0.1789 
-1.9497 0.9788 0.0000 -1.4417 0.0060 2.3807 0.1842 
-1.9497 0.9789 0.0000 -1.4416 0.0063 2.3808 0.1895 
-1.9497 0.9790 0.0000 -1.4416 0.0066 2.3809 0.1946 
-1.9498 0.9791 0.0000 -1.4415 0.0069 2.3811 0.1997 
-1.9498 0.9792 0.0000 -1.4415 0.0072 2.3812 0.2047 
-1.9498 0.9793 0.0000 -1.4414 0.0074 2.3814 0.2097 
-1.9498 0.9794 0.0000 -1.4414 0.0077 2.3815 0.2146 
-1.9498 0.9795 0.0000 -1.4413 0.0080 2.3817 0.2195 
-1.9498 0.9796 0.0000 -1.4413 0.0082 2.3818 0.2244 
-1.9498 0.9797 0.0000 -1.4412 0.0085 2.3820 0.2292 
-1.9499 0.9797 0.0000 -1.4412 0.0088 2.3822 0.2341 
-1.9499 0.9798 0.0000 -1.4411 0.0090 2.3824 0.2389 
-1.9499 0.9799 0.0000 -1.4410 0.0093 2.3825 0.2438 
-1.9499 0.9800 0.0000 -1.4410 0.0096 2.3827 0.2486 
-1.9499 0.9801 0.0000 -1.4409 0.0099 2.3829 0.2535 
-1.9499 0.9803 0.0000 -1.4408 0.0101 2.3831 0.2584 
-1.9499 0.9804 0.0000 -1.4408 0.0104 2.3833 0.2633 
-1.9500 0.9805 0.0000 -1.4407 0.0107 2.3835 0.2682 
-1.9500 0.9806 0.0000 -1.4406 0.0109 2.3837 0.2732 
-1.9500 0.9807 0.0000 -1.4405 0.0112 2.3838 0.2781 
-1.9500 0.9809 0.0000 -1.4404 0.0115 2.3840 0.2831 
-1.9500 0.9810 0.0000 -1.4403 0.0117 2.3842 0.2880 
-1.9501 0.9811 0.0000 -1.4402 0.0120 2.3844 0.2930 
-1.9501 0.9813 0.0000 -1.4401 0.0123 2.3845 0.2979 
-1.9501 0.9814 0.0000 -1.4400 0.0125 2.3847 0.3028 
-1.9502 0.9816 0.0000 -1.4399 0.0128 2.3848 0.3077 
-1.9502 0.9818 0.0000 -1.4398 0.0130 2.3850 0.3125 
-1.9502 0.9819 0.0000 -1.4396 0.0133 2.3851 0.3173 
-1.9503 0.9821 0.0000 -1.4395 0.0135 2.3852 0.3220 
-1.9503 0.9822 0.0000 -1.4394 0.0138 2.3853 0.3266 
-1.9503 0.9824 0.0000 -1.4393 0.0140 2.3854 0.3311 
-1.9504 0.9826 0.0000 -1.4391 0.0142 2.3855 0.3355 
-1.9504 0.9827 0.0000 -1.4390 0.0144 2.3856 0.3398 
-1.9504 0.9829 0.0000 -1.4389 0.0147 2.3857 0.3440 
-1.9505 0.9831 0.0000 -1.4388 0.0149 2.3857 0.3480 
-1.9505 0.9832 0.0000 -1.4386 0.0151 2.3858 0.3519 
-1.9506 0.9834 0.0000 -1.4385 0.0152 2.3858 0.3557 
-1.9506 0.9835 0.0000 -1.4384 0.0154 2.3858 0.3593 
-1.9506 0.9837 0.0000 -1.4383 0.0156 2.3858 0.3628 
-1.9507 0.9838 0.0000 -1.4382 0.0157 2.3858 0.3661 
-1.9507 0.9840 0.0000 -1.4381 0.0159 2.3858 0.3693 
-1.9507 0.9841 0.0000 -1.4380 0.0160 2.3858 0.3723 
-1.9508 0.9842 0.0000 -1.4379 0.0162 2.3858 0.3752 
-1.9508 0.9844 0.0000 -1.4378 0.0163 2.3858 0.3780 
-1.9508 0.9845 0.0000 -1.4377 0.0164 2.3858 0.3806 
-1.9509 0.9846 0.0000 -1.4376 0.0166 2.3857 0.3831 
-1.9509 0.9847 0.0000 -1.4375 0.0167 2.3857 0.3854 
-1.9509 0.9848 0.0000 -1.4375 0.0168 2.3856 0.3876 
-1.9509 0.9849 0.0000 -1.4374 0.0169 2.3856 0.3897 
-1.9510 0.9850 0.0000 -1.4373 0.0170 2.3855 0.3917 
-1.9510 0.9851 0.0000 -1.4373 0.0170 2.3855 0.3936 
-1.9510 0.9852 0.0000 -1.4372 0.0171 2.3854 0.3954 
-1.9510 0.9853 0.0000 -1.4372 0.0172 2.3853 0.3971 
-1.9511 0.9853 0.0000 -1.4371 0.0173 2.3853 0.3986 
-1.9511 0.9854 0.0000 -1.4371 0.0173 2.3852 0.4001 
-1.9511 0.9855 0.0000 -1.4370 0.0174 2.3851 0.4015 
-1.9511 0.9855 0.0000 -1.4370 0.0175 2.3850 0.4029 
-1.9511 0.9856 0.0000 -1.4369 0.0175 2.3850 0.4041 
-1.9512 0.9856 0.0000 -1.4369 0.0176 2.3849 0.4053 
-1.9512 0.9857 0.0000 -1.4369 0.0176 2.3848 0.4064 
-1.9512 0.9857 0.0000 -1.4368 0.0177 2.3847 0.4074 
-1.9512 0.9858 0.0000 -1.4368 0.0177 2.3847 0.4084 
-1.9512 0.9858 0.0000 -1.4368 0.0178 2.3846 0.4093 
-1.9512 0.9858 0.0000 -1.4368 0.0178 2.3845 0.4102 
-1.9512 0.9859 0.0000 -1.4367 0.0178 2.3844 0.4110 
-1.9512 0.9859 0.0000 -1.4367 0.0179 2.3844 0.4117 
-1.9512 0.9859 0.0000 -1.4367 0.0179 2.3843 0.4124 
-1.9513 0.9860 0.0000 -1.4367 0.0179 2.3842 0.4131 
-1.9513 0.9860 0.0000 -1.4367 0.0180 2.3841 0.4137 
-1.9513 0.9860 0.0000 -1.4367 0.0180 2.3840 0.4143 
-1.9513 0.9860 0.0000 -1.4366 0.0180 2.3840 0.4148 
-1.9513 0.9860 0.0000 -1.4366 0.0180 2.3839 0.4153 
-1.9513 0.9861 0.0000 -1.4366 0.0180 2.3838 0.4158 
-1.9513 0.9861 0.0000 -1.4366 0.0181 2.3837 0.4162 
-1.9513 0.9861 0.0000 -1.4366 0.0181 2.3836 0.4166 
-1.9513 0.9861 0.0000 -1.4366 0.0181 2.3835 0.4170 
-1.9513 0.9861 0.0000 -1.4366 0.0181 2.3835 0.4173 
-1.9513 0.9861 0.0000 -1.4366 0.0181 2.3834 0.4176 
-1.9513 0.9861 0.0000 -1.4366 0.0181 2.3833 0.4179 
-1.9513 0.9861 0.0000 -1.4366 0.0181 2.3832 0.4182 
-1.9513 0.9861 0.0000 -1.4366 0.0182 2.3831 0.4184 
-1.9513 0.9861 0.0000 -1.4366 0.0182 2.3831 0.4186 
-1.9513 0.9861 0.0000 -1.4366 0.0182 2.3830 0.4188 
-1.9513 0.9861 0.0000 -1.4366 0.0182 2.3829 0.4189 
-1.9513 0.9861 0.0000 -1.4366 0.0182 2.3828 0.4190 
-1.9513 0.9861 0.0000 -1.4366 0.0182 2.3827 0.4191 
-1.9513 0.9861 0.0000 -1.4366 0.0182 2.3827 0.4192 
-1.9513 0.9861 0.0000 -1.4366 0.0182 2.3826 0.4193 
-1.9513 0.9861 0.0000 -1.4366 0.0182 2.3825 0.4193 
-1.9513 0.9861 0.0000 -1.4366 0.0182 2.3824 0.4193 
-1.9513 0.9861 0.0000 -1.4366 0.0182 2.3823 0.4193 
-1.9513 0.9861 0.0000 -1.4366 0.0182 2.3823 0.4192 
-1.9513 0.9861 0.0000 -1.4367 0.0182 2.3822 0.4192 
-1.9513 0.9861 0.0000 -1.4367 0.0182 2.3821 0.4191 
-1.9513 0.9861 0.0000 -1.4367 0.0182 2.3820 0.4190 
-1.9513 0.9861 0.0000 -1.4367 0.0182 2.3820 0.4188 
-1.9513 0.9861 0.0000 -1.4367 0.0182 2.3819 0.4187 
-1.9513 0.9861 0.0000 -1.4367 0.0181 2.3818 0.4185 
-1.9513 0.9860 0.0000 -1.4367 0.0181 2.3817 0.4183 
-1.9513 0.9860 0.0000 -1.4367 0.0181 2.3816 0.4181 
-1.9513 0.9860 0.0000 -1.4367 0.0181 2.3816 0.4178 
-1.9513 0.9860 0.0000 -1.4368 0.0181 2.3815 0.4176 
-1.9513 0.9860 0.0000 -1.4368 0.0181 2.3814 0.4172 
-1.9513 0.9860 0.0000 -1.4368 0.0181 2.3813 0.4169 
-1.9513 0.9859 0.0000 -1.4368 0.0180 2.3812 0.4166 
-1.9513 0.9859 0.0000 -1.4368 0.0180 2.3812 0.4162 
-1.9513 0.9859 0.0000 -1.4369 0.0180 2.3811 0.4157 
-1.9513 0.9859 0.0000 -1.4369 0.0180 2.3810 0.4153 
