-2.0236 -0.2050 -0.0126 -1.7455 -0.0556 1.5563 -1.2845 
-2.0236 -0.2049 -0.0126 -1.7455 -0.0556 1.5564 -1.2845 
-2.0235 -0.2049 -0.0126 -1.7455 -0.0556 1.5564 -1.2845 
-2.0235 -0.2048 -0.0126 -1.7454 -0.0556 1.5565 -1.2844 
-2.0234 -0.2048 -0.0126 -1.7454 -0.0556 1.5565 -1.2844 
-2.0234 -0.2047 -0.0126 -1.7454 -0.0555 1.5566 -1.2844 
-2.0233 -0.2047 -0.0126 -1.7454 -0.0555 1.5566 -1.2844 
-2.0233 -0.2046 -0.0126 -1.7453 -0.0555 1.5566 -1.2843 
-2.0232 -0.2046 -0.0126 -1.7453 -0.0555 1.5567 -1.2843 
-2.0232 -0.2045 -0.0126 -1.7453 -0.0555 1.5567 -1.2843 
-2.0231 -0.2045 -0.0126 -1.7453 -0.0555 1.5568 -1.2843 
-2.0231 -0.2044 -0.0126 -1.7453 -0.0555 1.5568 -1.2842 
-2.0231 -0.2044 -0.0126 -1.7452 -0.0555 1.5568 -1.2842 
-2.0230 -0.2043 -0.0126 -1.7452 -0.0555 1.5569 -1.2842 
-2.0230 -0.2043 -0.0126 -1.7452 -0.0555 1.5569 -1.2841 
-2.0229 -0.2042 -0.0126 -1.7452 -0.0555 1.5569 -1.2841 
-2.0229 -0.2042 -0.0126 -1.7451 -0.0555 1.5570 -1.2841 
-2.0228 -0.2041 -0.0126 -1.7451 -0.0555 1.5570 -1.2841 
-2.0228 -0.2041 -0.0126 -1.7451 -0.0555 1.5570 -1.2840 
-2.0227 -0.2041 -0.0126 -1.7451 -0.0555 1.5571 -1.2840 
-2.0227 -0.2040 -0.0126 -1.7450 -0.0555 1.5571 -1.2840 
-2.0226 -0.2040 -0.0126 -1.7450 -0.0555 1.5571 -1.2839 
-2.0226 -0.2040 -0.0126 -1.7450 -0.0555 1.5571 -1.2839 
-2.0225 -0.2040 -0.0126 -1.7450 -0.0555 1.5571 -1.2839 
-2.0225 -0.2039 -0.0126 -1.7450 -0.0555 1.5572 -1.2839 
-2.0224 -0.2039 -0.0126 -1.7450 -0.0555 1.5572 -1.2838 
-2.0224 -0.2039 -0.0126 -1.7449 -0.0555 1.5572 -1.2838 
-2.0223 -0.2039 -0.0126 -1.7449 -0.0555 1.5571 -1.2838 
-2.0223 -0.2039 -0.0126 -1.7449 -0.0555 1.5571 -1.2837 
-2.0222 -0.2040 -0.0126 -1.7449 -0.0555 1.5571 -1.2837 
-2.0221 -0.2040 -0.0126 -1.7449 -0.0555 1.5571 -1.2836 
-2.0221 -0.2040 -0.0126 -1.7449 -0.0555 1.5571 -1.2836 
-2.0220 -0.2041 -0.0126 -1.7448 -0.0555 1.5570 -1.2835 
-2.0219 -0.2041 -0.0126 -1.7448 -0.0555 1.5570 -1.2835 
-2.0218 -0.2042 -0.0126 -1.7448 -0.0555 1.5569 -1.2834 
-2.0218 -0.2043 -0.0126 -1.7448 -0.0555 1.5568 -1.2834 
-2.0217 -0.2044 -0.0126 -1.7448 -0.0555 1.5568 -1.2833 
-2.0216 -0.2045 -0.0126 -1.7448 -0.0555 1.5567 -1.2832 
-2.0214 -0.2046 -0.0126 -1.7448 -0.0555 1.5566 -1.2831 
-2.0213 -0.2047 -0.0126 -1.7448 -0.0555 1.5565 -1.2830 
-2.0211 -0.2048 -0.0126 -1.7448 -0.0555 1.5564 -1.2828 
-2.0210 -0.2049 -0.0126 -1.7448 -0.0555 1.5563 -1.2827 
-2.0208 -0.2050 -0.0126 -1.7448 -0.0555 1.5562 -1.2825 
-2.0206 -0.2052 -0.0126 -1.7447 -0.0555 1.5561 -1.2822 
-2.0203 -0.2053 -0.0126 -1.7447 -0.0555 1.5560 -1.2820 
-2.0200 -0.2053 -0.0126 -1.7447 -0.0555 1.5559 -1.2816 
-2.0197 -0.2054 -0.0126 -1.7447 -0.0555 1.5559 -1.2813 
-2.0193 -0.2054 -0.0126 -1.7447 -0.0555 1.5559 -1.2808 
-2.0189 -0.2053 -0.0126 -1.7446 -0.0555 1.5559 -1.2803 
-2.0184 -0.2052 -0.0126 -1.7446 -0.0555 1.5561 -1.2797 
-2.0179 -0.2049 -0.0126 -1.7445 -0.0555 1.5563 -1.2790 
-2.0172 -0.2045 -0.0126 -1.7444 -0.0555 1.5566 -1.2782 
-2.0165 -0.2040 -0.0126 -1.7443 -0.0555 1.5571 -1.2772 
-2.0157 -0.2032 -0.0126 -1.7441 -0.0555 1.5577 -1.2761 
-2.0147 -0.2022 -0.0126 -1.7439 -0.0554 1.5586 -1.2749 
-2.0137 -0.2009 -0.0126 -1.7437 -0.0554 1.5596 -1.2734 
-2.0125 -0.1993 -0.0126 -1.7434 -0.0554 1.5610 -1.2717 
-2.0111 -0.1972 -0.0126 -1.7430 -0.0554 1.5628 -1.2698 
-2.0096 -0.1947 -0.0126 -1.7426 -0.0554 1.5649 -1.2676 
-2.0080 -0.1917 -0.0126 -1.7421 -0.0554 1.5674 -1.2652 
-2.0062 -0.1880 -0.0126 -1.7415 -0.0554 1.5705 -1.2625 
-2.0042 -0.1837 -0.0126 -1.7408 -0.0554 1.5741 -1.2595 
-2.0020 -0.1787 -0.0126 -1.7399 -0.0554 1.5782 -1.2562 
-1.9997 -0.1730 -0.0126 -1.7390 -0.0554 1.5831 -1.2526 
-1.9972 -0.1664 -0.0126 -1.7379 -0.0554 1.5885 -1.2487 
-1.9945 -0.1589 -0.0126 -1.7366 -0.0553 1.5947 -1.2445 
-1.9918 -0.1507 -0.0126 -1.7352 -0.0553 1.6015 -1.2400 
-1.9889 -0.1415 -0.0126 -1.7336 -0.0553 1.6091 -1.2353 
-1.9859 -0.1315 -0.0126 -1.7319 -0.0553 1.6173 -1.2304 
-1.9828 -0.1207 -0.0126 -1.7300 -0.0553 1.6262 -1.2253 
-1.9797 -0.1091 -0.0126 -1.7280 -0.0553 1.6356 -1.2200 
-1.9766 -0.0968 -0.0126 -1.7258 -0.0553 1.6456 -1.2146 
-1.9735 -0.0839 -0.0126 -1.7235 -0.0554 1.6561 -1.2092 
-1.9704 -0.0704 -0.0126 -1.7210 -0.0554 1.6671 -1.2038 
-1.9674 -0.0564 -0.0126 -1.7184 -0.0554 1.6783 -1.1984 
-1.9645 -0.0420 -0.0126 -1.7157 -0.0554 1.6898 -1.1931 
-1.9616 -0.0273 -0.0126 -1.7129 -0.0554 1.7016 -1.1878 
-1.9589 -0.0124 -0.0126 -1.7099 -0.0554 1.7134 -1.1827 
-1.9563 0.0028 -0.0126 -1.7069 -0.0554 1.7254 -1.1777 
-1.9538 0.0180 -0.0126 -1.7038 -0.0554 1.7373 -1.1729 
-1.9515 0.0333 -0.0126 -1.7006 -0.0555 1.7492 -1.1683 
-1.9493 0.0486 -0.0126 -1.6973 -0.0555 1.7611 -1.1638 
-1.9472 0.0639 -0.0126 -1.6939 -0.0555 1.7728 -1.1596 
-1.9453 0.0791 -0.0126 -1.6905 -0.0555 1.7844 -1.1555 
-1.9435 0.0943 -0.0126 -1.6869 -0.0555 1.7959 -1.1517 
-1.9418 0.1094 -0.0126 -1.6833 -0.0556 1.8072 -1.1480 
-1.9402 0.1244 -0.0126 -1.6797 -0.0556 1.8183 -1.1445 
-1.9388 0.1393 -0.0126 -1.6759 -0.0556 1.8293 -1.1412 
-1.9375 0.1541 -0.0126 -1.6721 -0.0556 1.8400 -1.1380 
-1.9362 0.1688 -0.0126 -1.6681 -0.0556 1.8506 -1.1350 
-1.9351 0.1834 -0.0126 -1.6641 -0.0556 1.8610 -1.1322 
-1.9341 0.1980 -0.0126 -1.6600 -0.0556 1.8713 -1.1295 
-1.9331 0.2125 -0.0126 -1.6557 -0.0557 1.8814 -1.1270 
-1.9322 0.2269 -0.0126 -1.6514 -0.0557 1.8913 -1.1246 
-1.9314 0.2413 -0.0126 -1.6470 -0.0557 1.9011 -1.1224 
-1.9307 0.2557 -0.0126 -1.6424 -0.0557 1.9107 -1.1202 
-1.9300 0.2701 -0.0126 -1.6378 -0.0557 1.9202 -1.1182 
-1.9294 0.2844 -0.0126 -1.6330 -0.0557 1.9296 -1.1163 
-1.9288 0.2988 -0.0126 -1.6281 -0.0557 1.9388 -1.1145 
-1.9283 0.3132 -0.0126 -1.6231 -0.0557 1.9480 -1.1128 
-1.9279 0.3276 -0.0126 -1.6179 -0.0557 1.9571 -1.1112 
-1.9275 0.3421 -0.0126 -1.6127 -0.0557 1.9661 -1.1097 
-1.9271 0.3566 -0.0126 -1.6073 -0.0557 1.9751 -1.1082 
-1.9267 0.3712 -0.0126 -1.6018 -0.0557 1.9840 -1.1069 
-1.9264 0.3859 -0.0126 -1.5963 -0.0557 1.9929 -1.1056 
-1.9261 0.4006 -0.0126 -1.5906 -0.0557 2.0017 -1.1044 
-1.9258 0.4155 -0.0126 -1.5849 -0.0557 2.0106 -1.1032 
-1.9255 0.4304 -0.0126 -1.5791 -0.0557 2.0195 -1.1021 
-1.9252 0.4454 -0.0126 -1.5733 -0.0557 2.0284 -1.1010 
-1.9249 0.4605 -0.0126 -1.5674 -0.0557 2.0373 -1.1000 
-1.9247 0.4756 -0.0126 -1.5616 -0.0557 2.0464 -1.0990 
-1.9244 0.4909 -0.0126 -1.5558 -0.0557 2.0555 -1.0980 
-1.9240 0.5061 -0.0126 -1.5500 -0.0557 2.0647 -1.0970 
-1.9237 0.5214 -0.0126 -1.5444 -0.0557 2.0740 -1.0960 
-1.9233 0.5367 -0.0126 -1.5389 -0.0558 2.0835 -1.0950 
-1.9229 0.5520 -0.0126 -1.5336 -0.0558 2.0931 -1.0939 
-1.9224 0.5672 -0.0126 -1.5285 -0.0558 2.1029 -1.0929 
-1.9219 0.5823 -0.0126 -1.5237 -0.0559 2.1128 -1.0918 
-1.9214 0.5973 -0.0126 -1.5192 -0.0559 2.1229 -1.0906 
-1.9208 0.6120 -0.0126 -1.5151 -0.0560 2.1332 -1.0894 
-1.9201 0.6265 -0.0126 -1.5113 -0.0560 2.1436 -1.0881 
-1.9194 0.6407 -0.0126 -1.5080 -0.0561 2.1541 -1.0868 
-1.9187 0.6546 -0.0126 -1.5052 -0.0562 2.1647 -1.0854 
-1.9179 0.6680 -0.0126 -1.5028 -0.0563 2.1753 -1.0839 
-1.9171 0.6809 -0.0126 -1.5010 -0.0564 2.1861 -1.0824 
-1.9162 0.6932 -0.0126 -1.4996 -0.0566 2.1967 -1.0809 
-1.9153 0.7050 -0.0126 -1.4988 -0.0567 2.2074 -1.0793 
-1.9145 0.7162 -0.0126 -1.4984 -0.0569 2.2179 -1.0777 
-1.9136 0.7267 -0.0126 -1.4986 -0.0570 2.2283 -1.0761 
-1.9127 0.7366 -0.0126 -1.4991 -0.0572 2.2384 -1.0745 
-1.9118 0.7458 -0.0126 -1.5001 -0.0574 2.2483 -1.0730 
-1.9110 0.7543 -0.0126 -1.5014 -0.0575 2.2579 -1.0715 
-1.9102 0.7621 -0.0126 -1.5030 -0.0577 2.2672 -1.0700 
-1.9095 0.7693 -0.0126 -1.5049 -0.0579 2.2761 -1.0687 
-1.9089 0.7759 -0.0126 -1.5069 -0.0581 2.2846 -1.0674 
-1.9083 0.7819 -0.0126 -1.5091 -0.0583 2.2927 -1.0662 
-1.9077 0.7874 -0.0126 -1.5113 -0.0585 2.3004 -1.0652 
-1.9073 0.7924 -0.0126 -1.5136 -0.0587 2.3076 -1.0642 
-1.9069 0.7969 -0.0126 -1.5159 -0.0589 2.3144 -1.0634 
-1.9066 0.8010 -0.0126 -1.5182 -0.0591 2.3207 -1.0627 
-1.9064 0.8047 -0.0126 -1.5203 -0.0593 2.3267 -1.0621 
-1.9063 0.8082 -0.0126 -1.5224 -0.0594 2.3322 -1.0617 
-1.9062 0.8113 -0.0126 -1.5243 -0.0596 2.3374 -1.0614 
-1.9062 0.8143 -0.0126 -1.5261 -0.0598 2.3421 -1.0612 
-1.9063 0.8170 -0.0126 -1.5276 -0.0599 2.3466 -1.0611 
-1.9065 0.8196 -0.0126 -1.5291 -0.0601 2.3507 -1.0611 
-1.9067 0.8220 -0.0126 -1.5303 -0.0603 2.3544 -1.0613 
-1.9069 0.8243 -0.0126 -1.5313 -0.0604 2.3579 -1.0615 
-1.9073 0.8266 -0.0126 -1.5322 -0.0605 2.3612 -1.0619 
-1.9076 0.8287 -0.0126 -1.5328 -0.0607 2.3642 -1.0623 
-1.9081 0.8309 -0.0126 -1.5333 -0.0608 2.3669 -1.0629 
-1.9085 0.8330 -0.0126 -1.5336 -0.0609 2.3695 -1.0635 
-1.9090 0.8351 -0.0126 -1.5337 -0.0610 2.3718 -1.0641 
-1.9095 0.8372 -0.0126 -1.5337 -0.0611 2.3740 -1.0649 
-1.9101 0.8393 -0.0126 -1.5335 -0.0612 2.3761 -1.0657 
-1.9107 0.8414 -0.0126 -1.5331 -0.0614 2.3780 -1.0665 
-1.9113 0.8435 -0.0126 -1.5326 -0.0614 2.3797 -1.0674 
-1.9119 0.8456 -0.0126 -1.5319 -0.0615 2.3814 -1.0683 
-1.9125 0.8478 -0.0126 -1.5311 -0.0616 2.3829 -1.0693 
-1.9132 0.8500 -0.0126 -1.5302 -0.0617 2.3844 -1.0703 
-1.9138 0.8522 -0.0126 -1.5292 -0.0618 2.3857 -1.0713 
-1.9144 0.8545 -0.0126 -1.5281 -0.0619 2.3870 -1.0723 
-1.9151 0.8568 -0.0126 -1.5269 -0.0620 2.3882 -1.0733 
-1.9157 0.8591 -0.0126 -1.5257 -0.0620 2.3894 -1.0743 
-1.9163 0.8614 -0.0126 -1.5244 -0.0621 2.3905 -1.0752 
-1.9169 0.8637 -0.0126 -1.5230 -0.0622 2.3915 -1.0762 
-1.9175 0.8660 -0.0126 -1.5216 -0.0622 2.3925 -1.0771 
-1.9181 0.8683 -0.0126 -1.5201 -0.0623 2.3935 -1.0780 
-1.9186 0.8706 -0.0126 -1.5187 -0.0624 2.3944 -1.0788 
-1.9191 0.8728 -0.0126 -1.5173 -0.0624 2.3953 -1.0796 
-1.9196 0.8750 -0.0126 -1.5158 -0.0625 2.3961 -1.0803 
-1.9200 0.8772 -0.0126 -1.5145 -0.0625 2.3969 -1.0810 
-1.9203 0.8792 -0.0126 -1.5131 -0.0626 2.3977 -1.0816 
-1.9207 0.8812 -0.0126 -1.5118 -0.0626 2.3984 -1.0821 
-1.9210 0.8831 -0.0126 -1.5106 -0.0627 2.3991 -1.0826 
-1.9212 0.8849 -0.0126 -1.5095 -0.0627 2.3998 -1.0829 
-1.9214 0.8866 -0.0126 -1.5085 -0.0627 2.4004 -1.0832 
-1.9215 0.8882 -0.0126 -1.5075 -0.0628 2.4010 -1.0834 
-1.9216 0.8896 -0.0126 -1.5066 -0.0628 2.4015 -1.0836 
-1.9217 0.8909 -0.0126 -1.5059 -0.0629 2.4021 -1.0837 
-1.9217 0.8921 -0.0126 -1.5052 -0.0629 2.4026 -1.0837 
-1.9217 0.8932 -0.0126 -1.5046 -0.0629 2.4030 -1.0837 
-1.9217 0.8942 -0.0126 -1.5041 -0.0629 2.4035 -1.0836 
-1.9216 0.8951 -0.0126 -1.5036 -0.0630 2.4039 -1.0835 
-1.9216 0.8959 -0.0126 -1.5032 -0.0630 2.4042 -1.0834 
-1.9215 0.8966 -0.0126 -1.5029 -0.0630 2.4046 -1.0833 
-1.9214 0.8972 -0.0126 -1.5027 -0.0630 2.4049 -1.0832 
-1.9213 0.8977 -0.0126 -1.5024 -0.0631 2.4052 -1.0830 
-1.9212 0.8982 -0.0126 -1.5022 -0.0631 2.4055 -1.0829 
-1.9211 0.8987 -0.0126 -1.5021 -0.0631 2.4058 -1.0827 
-1.9211 0.8991 -0.0126 -1.5020 -0.0631 2.4060 -1.0826 
-1.9210 0.8994 -0.0126 -1.5018 -0.0631 2.4062 -1.0825 
-1.9209 0.8998 -0.0126 -1.5017 -0.0632 2.4065 -1.0823 
-1.9208 0.9001 -0.0126 -1.5016 -0.0632 2.4067 -1.0822 
-1.9208 0.9004 -0.0126 -1.5015 -0.0632 2.4069 -1.0822 
-1.9207 0.9007 -0.0126 -1.5014 -0.0632 2.4071 -1.0821 
-1.9206 0.9010 -0.0126 -1.5013 -0.0632 2.4073 -1.0820 
-1.9206 0.9013 -0.0126 -1.5012 -0.0633 2.4075 -1.0820 
-1.9206 0.9016 -0.0126 -1.5011 -0.0633 2.4076 -1.0819 
-1.9205 0.9019 -0.0126 -1.5010 -0.0633 2.4078 -1.0819 
-1.9205 0.9021 -0.0126 -1.5009 -0.0633 2.4080 -1.0819 
-1.9205 0.9024 -0.0126 -1.5007 -0.0633 2.4082 -1.0819 
-1.9204 0.9027 -0.0126 -1.5006 -0.0633 2.4083 -1.0819 
-1.9204 0.9030 -0.0126 -1.5005 -0.0634 2.4085 -1.0819 
-1.9204 0.9033 -0.0126 -1.5003 -0.0634 2.4087 -1.0820 
-1.9204 0.9036 -0.0126 -1.5002 -0.0634 2.4088 -1.0820 
-1.9204 0.9039 -0.0126 -1.5000 -0.0634 2.4090 -1.0820 
-1.9204 0.9042 -0.0126 -1.4999 -0.0634 2.4092 -1.0821 
-1.9204 0.9045 -0.0126 -1.4997 -0.0635 2.4093 -1.0821 
-1.9204 0.9048 -0.0126 -1.4996 -0.0635 2.4095 -1.0822 
-1.9204 0.9051 -0.0126 -1.4994 -0.0635 2.4096 -1.0822 
-1.9204 0.9054 -0.0126 -1.4992 -0.0635 2.4098 -1.0823 
-1.9204 0.9057 -0.0126 -1.4991 -0.0635 2.4100 -1.0823 
-1.9204 0.9060 -0.0126 -1.4989 -0.0636 2.4101 -1.0824 
-1.9205 0.9063 -0.0126 -1.4987 -0.0636 2.4103 -1.0824 
-1.9205 0.9066 -0.0126 -1.4985 -0.0636 2.4105 -1.0825 
-1.9205 0.9069 -0.0126 -1.4984 -0.0636 2.4106 -1.0826 
-1.9205 0.9072 -0.0126 -1.4982 -0.0636 2.4108 -1.0826 
-1.9205 0.9076 -0.0126 -1.4980 -0.0636 2.4109 -1.0827 
-1.9205 0.9079 -0.0126 -1.4978 -0.0637 2.4111 -1.0828 
-1.9205 0.9082 -0.0126 -1.4977 -0.0637 2.4113 -1.0828 
-1.9205 0.9085 -0.0126 -1.4975 -0.0637 2.4114 -1.0829 
-1.9206 0.9088 -0.0126 -1.4973 -0.0637 2.4116 -1.0830 
-1.9206 0.9091 -0.0126 -1.4971 -0.0637 2.4117 -1.0831 
-1.9206 0.9094 -0.0126 -1.4970 -0.0638 2.4119 -1.0831 
-1.9206 0.9097 -0.0126 -1.4968 -0.0638 2.4120 -1.0832 
-1.9206 0.9100 -0.0126 -1.4966 -0.0638 2.4122 -1.0833 
-1.9206 0.9104 -0.0126 -1.4964 -0.0638 2.4124 -1.0833 
-1.9206 0.9107 -0.0126 -1.4963 -0.0638 2.4125 -1.0834 
-1.9207 0.9110 -0.0126 -1.4961 -0.0639 2.4127 -1.0835 
-1.9207 0.9113 -0.0126 -1.4959 -0.0639 2.4128 -1.0836 
-1.9207 0.9116 -0.0126 -1.4957 -0.0639 2.4130 -1.0837 
-1.9207 0.9119 -0.0126 -1.4955 -0.0639 2.4131 -1.0837 
-1.9207 0.9122 -0.0126 -1.4954 -0.0639 2.4133 -1.0838 
-1.9207 0.9125 -0.0126 -1.4952 -0.0640 2.4134 -1.0839 
-1.9207 0.9128 -0.0126 -1.4950 -0.0640 2.4135 -1.0840 
-1.9208 0.9131 -0.0126 -1.4948 -0.0640 2.4137 -1.0841 
-1.9208 0.9134 -0.0126 -1.4947 -0.0640 2.4138 -1.0842 
-1.9208 0.9136 -0.0126 -1.4945 -0.0640 2.4140 -1.0843 
-1.9208 0.9139 -0.0126 -1.4943 -0.0641 2.4141 -1.0844 
-1.9208 0.9142 -0.0126 -1.4941 -0.0641 2.4142 -1.0845 
-1.9208 0.9145 -0.0126 -1.4940 -0.0641 2.4143 -1.0846 
-1.9208 0.9148 -0.0126 -1.4938 -0.0641 2.4145 -1.0847 
-1.9209 0.9150 -0.0126 -1.4936 -0.0642 2.4146 -1.0848 
-1.9209 0.9153 -0.0126 -1.4934 -0.0642 2.4147 -1.0849 
-1.9209 0.9156 -0.0126 -1.4933 -0.0642 2.4148 -1.0851 
-1.9209 0.9158 -0.0126 -1.4931 -0.0642 2.4149 -1.0852 
-1.9209 0.9161 -0.0126 -1.4929 -0.0642 2.4150 -1.0853 
-1.9209 0.9163 -0.0126 -1.4928 -0.0643 2.4151 -1.0855 
-1.9209 0.9166 -0.0126 -1.4926 -0.0643 2.4152 -1.0856 
-1.9210 0.9168 -0.0126 -1.4924 -0.0643 2.4153 -1.0858 
-1.9210 0.9171 -0.0126 -1.4923 -0.0643 2.4153 -1.0860 
-1.9210 0.9173 -0.0126 -1.4921 -0.0644 2.4154 -1.0861 
-1.9210 0.9176 -0.0126 -1.4919 -0.0644 2.4155 -1.0863 
-1.9210 0.9178 -0.0126 -1.4918 -0.0644 2.4156 -1.0865 
-1.9210 0.9180 -0.0126 -1.4916 -0.0644 2.4156 -1.0867 
-1.9210 0.9183 -0.0126 -1.4914 -0.0645 2.4157 -1.0869 
-1.9211 0.9186 -0.0126 -1.4913 -0.0645 2.4158 -1.0871 
-1.9211 0.9188 -0.0126 -1.4911 -0.0645 2.4159 -1.0873 
-1.9211 0.9191 -0.0126 -1.4909 -0.0645 2.4160 -1.0875 
-1.9211 0.9194 -0.0126 -1.4907 -0.0645 2.4161 -1.0877 
-1.9211 0.9197 -0.0126 -1.4906 -0.0645 2.4162 -1.0879 
-1.9211 0.9200 -0.0126 -1.4904 -0.0646 2.4163 -1.0881 
-1.9211 0.9203 -0.0126 -1.4902 -0.0646 2.4164 -1.0884 
-1.9211 0.9207 -0.0126 -1.4900 -0.0646 2.4166 -1.0886 
-1.9212 0.9210 -0.0126 -1.4898 -0.0646 2.4167 -1.0888 
-1.9212 0.9214 -0.0126 -1.4897 -0.0646 2.4169 -1.0890 
-1.9212 0.9218 -0.0126 -1.4895 -0.0646 2.4171 -1.0891 
-1.9212 0.9223 -0.0126 -1.4893 -0.0646 2.4173 -1.0893 
-1.9212 0.9227 -0.0126 -1.4891 -0.0646 2.4175 -1.0895 
-1.9212 0.9232 -0.0126 -1.4889 -0.0646 2.4178 -1.0896 
-1.9212 0.9237 -0.0126 -1.4887 -0.0646 2.4181 -1.0898 
-1.9212 0.9242 -0.0126 -1.4885 -0.0646 2.4184 -1.0899 
-1.9212 0.9248 -0.0126 -1.4883 -0.0646 2.4187 -1.0900 
-1.9212 0.9254 -0.0126 -1.4880 -0.0645 2.4190 -1.0901 
-1.9212 0.9260 -0.0126 -1.4878 -0.0645 2.4194 -1.0902 
-1.9212 0.9266 -0.0126 -1.4876 -0.0645 2.4198 -1.0902 
-1.9212 0.9272 -0.0126 -1.4874 -0.0645 2.4202 -1.0903 
-1.9212 0.9279 -0.0126 -1.4872 -0.0645 2.4206 -1.0903 
-1.9212 0.9285 -0.0126 -1.4869 -0.0644 2.4210 -1.0904 
-1.9212 0.9292 -0.0126 -1.4867 -0.0644 2.4215 -1.0904 
-1.9212 0.9299 -0.0126 -1.4865 -0.0644 2.4219 -1.0904 
-1.9213 0.9307 -0.0126 -1.4862 -0.0644 2.4224 -1.0904 
-1.9213 0.9314 -0.0126 -1.4860 -0.0643 2.4229 -1.0904 
-1.9213 0.9321 -0.0126 -1.4858 -0.0643 2.4234 -1.0904 
-1.9213 0.9329 -0.0126 -1.4855 -0.0643 2.4239 -1.0904 
-1.9213 0.9336 -0.0126 -1.4853 -0.0643 2.4244 -1.0903 
-1.9213 0.9344 -0.0126 -1.4850 -0.0642 2.4249 -1.0903 
-1.9213 0.9352 -0.0126 -1.4848 -0.0642 2.4254 -1.0903 
-1.9213 0.9359 -0.0126 -1.4845 -0.0642 2.4260 -1.0903 
-1.9213 0.9367 -0.0126 -1.4843 -0.0641 2.4265 -1.0903 
-1.9213 0.9375 -0.0126 -1.4840 -0.0641 2.4270 -1.0903 
-1.9213 0.9383 -0.0126 -1.4838 -0.0641 2.4276 -1.0902 
-1.9213 0.9391 -0.0126 -1.4835 -0.0640 2.4282 -1.0902 
-1.9213 0.9399 -0.0126 -1.4833 -0.0640 2.4287 -1.0902 
-1.9213 0.9408 -0.0126 -1.4830 -0.0640 2.4293 -1.0902 
-1.9213 0.9416 -0.0126 -1.4828 -0.0639 2.4299 -1.0902 
-1.9213 0.9424 -0.0126 -1.4825 -0.0639 2.4305 -1.0901 
-1.9213 0.9433 -0.0126 -1.4822 -0.0638 2.4311 -1.0901 
-1.9213 0.9442 -0.0126 -1.4820 -0.0638 2.4317 -1.0900 
-1.9212 0.9450 -0.0126 -1.4817 -0.0637 2.4323 -1.0898 
-1.9212 0.9459 -0.0126 -1.4814 -0.0636 2.4329 -1.0895 
-1.9212 0.9468 -0.0126 -1.4811 -0.0636 2.4336 -1.0892 
-1.9212 0.9477 -0.0126 -1.4808 -0.0635 2.4342 -1.0887 
-1.9212 0.9487 -0.0126 -1.4805 -0.0634 2.4349 -1.0879 
-1.9212 0.9496 -0.0126 -1.4803 -0.0633 2.4355 -1.0870 
-1.9212 0.9506 -0.0126 -1.4800 -0.0632 2.4362 -1.0857 
-1.9212 0.9516 -0.0126 -1.4796 -0.0631 2.4369 -1.0840 
-1.9212 0.9525 -0.0126 -1.4793 -0.0629 2.4376 -1.0819 
-1.9212 0.9536 -0.0126 -1.4790 -0.0628 2.4383 -1.0792 
-1.9211 0.9546 -0.0126 -1.4787 -0.0626 2.4390 -1.0758 
-1.9211 0.9556 -0.0126 -1.4784 -0.0624 2.4398 -1.0716 
-1.9211 0.9566 -0.0126 -1.4781 -0.0622 2.4405 -1.0666 
-1.9211 0.9576 -0.0126 -1.4778 -0.0620 2.4412 -1.0606 
-1.9211 0.9586 -0.0126 -1.4775 -0.0618 2.4419 -1.0535 
-1.9211 0.9596 -0.0126 -1.4772 -0.0615 2.4426 -1.0453 
-1.9211 0.9606 -0.0126 -1.4769 -0.0613 2.4432 -1.0359 
-1.9211 0.9615 -0.0126 -1.4766 -0.0610 2.4439 -1.0252 
-1.9211 0.9624 -0.0126 -1.4763 -0.0607 2.4445 -1.0132 
-1.9211 0.9633 -0.0126 -1.4760 -0.0604 2.4451 -0.9999 
-1.9211 0.9641 -0.0126 -1.4758 -0.0601 2.4456 -0.9854 
-1.9212 0.9648 -0.0126 -1.4756 -0.0598 2.4461 -0.9697 
-1.9212 0.9655 -0.0126 -1.4754 -0.0595 2.4465 -0.9529 
-1.9212 0.9661 -0.0126 -1.4752 -0.0591 2.4469 -0.9351 
-1.9213 0.9667 -0.0126 -1.4750 -0.0588 2.4473 -0.9163 
-1.9214 0.9672 -0.0126 -1.4749 -0.0585 2.4476 -0.8967 
-1.9214 0.9676 -0.0126 -1.4748 -0.0582 2.4478 -0.8763 
-1.9215 0.9680 -0.0126 -1.4747 -0.0580 2.4480 -0.8553 
-1.9216 0.9683 -0.0126 -1.4746 -0.0577 2.4482 -0.8337 
-1.9217 0.9686 -0.0126 -1.4745 -0.0574 2.4483 -0.8117 
-1.9218 0.9688 -0.0126 -1.4745 -0.0572 2.4484 -0.7892 
-1.9219 0.9690 -0.0126 -1.4744 -0.0570 2.4485 -0.7663 
-1.9220 0.9692 -0.0126 -1.4744 -0.0567 2.4485 -0.7431 
-1.9221 0.9693 -0.0126 -1.4744 -0.0565 2.4485 -0.7196 
-1.9223 0.9694 -0.0126 -1.4744 -0.0563 2.4485 -0.6957 
-1.9224 0.9695 -0.0126 -1.4744 -0.0561 2.4485 -0.6716 
-1.9225 0.9695 -0.0126 -1.4744 -0.0559 2.4485 -0.6472 
-1.9227 0.9695 -0.0126 -1.4744 -0.0558 2.4484 -0.6225 
-1.9228 0.9696 -0.0126 -1.4744 -0.0556 2.4484 -0.5975 
-1.9230 0.9696 -0.0126 -1.4744 -0.0554 2.4483 -0.5723 
-1.9232 0.9696 -0.0126 -1.4744 -0.0553 2.4482 -0.5468 
-1.9233 0.9695 -0.0126 -1.4745 -0.0551 2.4481 -0.5210 
-1.9235 0.9695 -0.0126 -1.4745 -0.0550 2.4480 -0.4950 
-1.9237 0.9695 -0.0126 -1.4745 -0.0549 2.4479 -0.4688 
-1.9239 0.9694 -0.0126 -1.4746 -0.0547 2.4478 -0.4424 
-1.9240 0.9694 -0.0126 -1.4746 -0.0546 2.4477 -0.4158 
-1.9242 0.9693 -0.0126 -1.4746 -0.0545 2.4476 -0.3891 
-1.9244 0.9693 -0.0126 -1.4747 -0.0543 2.4475 -0.3622 
-1.9246 0.9692 -0.0126 -1.4747 -0.0542 2.4474 -0.3352 
-1.9247 0.9692 -0.0126 -1.4748 -0.0541 2.4473 -0.3082 
-1.9249 0.9691 -0.0126 -1.4748 -0.0540 2.4472 -0.2812 
-1.9251 0.9691 -0.0126 -1.4748 -0.0539 2.4471 -0.2542 
-1.9252 0.9690 -0.0126 -1.4749 -0.0537 2.4470 -0.2273 
-1.9254 0.9689 -0.0126 -1.4749 -0.0536 2.4469 -0.2005 
-1.9255 0.9689 -0.0126 -1.4750 -0.0535 2.4468 -0.1739 
-1.9256 0.9688 -0.0126 -1.4750 -0.0534 2.4467 -0.1475 
-1.9258 0.9688 -0.0126 -1.4750 -0.0532 2.4466 -0.1215 
-1.9259 0.9687 -0.0126 -1.4750 -0.0531 2.4466 -0.0959 
-1.9260 0.9687 -0.0126 -1.4751 -0.0530 2.4465 -0.0707 
-1.9261 0.9686 -0.0126 -1.4751 -0.0529 2.4464 -0.0460 
-1.9261 0.9686 -0.0126 -1.4751 -0.0527 2.4464 -0.0220 
-1.9262 0.9686 -0.0126 -1.4751 -0.0526 2.4463 0.0013 
-1.9262 0.9686 -0.0126 -1.4751 -0.0525 2.4463 0.0238 
-1.9263 0.9685 -0.0126 -1.4751 -0.0523 2.4463 0.0455 
-1.9263 0.9685 -0.0126 -1.4750 -0.0522 2.4462 0.0664 
-1.9263 0.9685 -0.0126 -1.4750 -0.0521 2.4462 0.0863 
-1.9263 0.9685 -0.0126 -1.4750 -0.0520 2.4462 0.1053 
-1.9263 0.9685 -0.0126 -1.4749 -0.0519 2.4462 0.1233 
-1.9263 0.9685 -0.0126 -1.4749 -0.0517 2.4462 0.1404 
-1.9263 0.9685 -0.0126 -1.4748 -0.0516 2.4462 0.1566 
-1.9262 0.9686 -0.0126 -1.4748 -0.0515 2.4462 0.1719 
-1.9262 0.9686 -0.0126 -1.4747 -0.0514 2.4462 0.1864 
-1.9262 0.9686 -0.0126 -1.4746 -0.0513 2.4462 0.2001 
-1.9261 0.9687 -0.0126 -1.4745 -0.0512 2.4462 0.2131 
-1.9261 0.9687 -0.0126 -1.4744 -0.0511 2.4462 0.2255 
-1.9260 0.9687 -0.0126 -1.4743 -0.0510 2.4462 0.2373 
-1.9260 0.9688 -0.0126 -1.4742 -0.0508 2.4462 0.2485 
-1.9259 0.9688 -0.0126 -1.4741 -0.0507 2.4463 0.2594 
-1.9259 0.9689 -0.0126 -1.4740 -0.0506 2.4463 0.2699 
-1.9258 0.9690 -0.0126 -1.4739 -0.0505 2.4463 0.2801 
-1.9258 0.9690 -0.0126 -1.4737 -0.0504 2.4463 0.2900 
-1.9257 0.9691 -0.0126 -1.4736 -0.0503 2.4463 0.2997 
-1.9257 0.9692 -0.0126 -1.4734 -0.0502 2.4464 0.3093 
-1.9256 0.9693 -0.0126 -1.4732 -0.0501 2.4464 0.3187 
-1.9255 0.9694 -0.0126 -1.4731 -0.0500 2.4464 0.3280 
-1.9255 0.9695 -0.0126 -1.4729 -0.0499 2.4465 0.3373 
-1.9254 0.9696 -0.0126 -1.4727 -0.0498 2.4465 0.3464 
-1.9254 0.9697 -0.0126 -1.4724 -0.0497 2.4465 0.3555 
-1.9253 0.9698 -0.0126 -1.4722 -0.0496 2.4466 0.3644 
-1.9252 0.9700 -0.0126 -1.4720 -0.0495 2.4466 0.3732 
-1.9252 0.9701 -0.0126 -1.4717 -0.0494 2.4466 0.3818 
-1.9251 0.9702 -0.0126 -1.4715 -0.0492 2.4467 0.3901 
-1.9251 0.9704 -0.0126 -1.4712 -0.0491 2.4467 0.3982 
-1.9250 0.9705 -0.0126 -1.4709 -0.0490 2.4467 0.4059 
-1.9250 0.9707 -0.0126 -1.4707 -0.0489 2.4468 0.4131 
-1.9249 0.9708 -0.0126 -1.4704 -0.0488 2.4468 0.4199 
-1.9249 0.9709 -0.0126 -1.4702 -0.0488 2.4468 0.4261 
-1.9248 0.9711 -0.0126 -1.4699 -0.0487 2.4469 0.4317 
-1.9248 0.9712 -0.0126 -1.4697 -0.0486 2.4469 0.4368 
-1.9247 0.9713 -0.0126 -1.4695 -0.0485 2.4469 0.4413 
-1.9247 0.9714 -0.0126 -1.4693 -0.0485 2.4470 0.4451 
-1.9247 0.9715 -0.0126 -1.4691 -0.0484 2.4470 0.4485 
-1.9247 0.9716 -0.0126 -1.4690 -0.0484 2.4470 0.4513 
-1.9246 0.9716 -0.0126 -1.4688 -0.0484 2.4470 0.4536 
-1.9246 0.9717 -0.0126 -1.4687 -0.0483 2.4470 0.4556 
-1.9246 0.9718 -0.0126 -1.4686 -0.0483 2.4470 0.4571 
-1.9246 0.9718 -0.0126 -1.4685 -0.0483 2.4470 0.4584 
-1.9246 0.9718 -0.0126 -1.4684 -0.0483 2.4471 0.4594 
-1.9246 0.9719 -0.0126 -1.4684 -0.0483 2.4471 0.4601 
-1.9246 0.9719 -0.0126 -1.4683 -0.0483 2.4471 0.4607 
-1.9246 0.9719 -0.0126 -1.4683 -0.0483 2.4471 0.4612 
-1.9246 0.9719 -0.0126 -1.4682 -0.0483 2.4471 0.4615 
-1.9246 0.9719 -0.0126 -1.4682 -0.0483 2.4471 0.4618 
-1.9246 0.9720 -0.0126 -1.4682 -0.0483 2.4471 0.4620 
-1.9246 0.9720 -0.0126 -1.4682 -0.0483 2.4471 0.4621 
-1.9246 0.9720 -0.0126 -1.4681 -0.0483 2.4471 0.4622 
-1.9246 0.9720 -0.0126 -1.4681 -0.0483 2.4471 0.4623 
-1.9246 0.9720 -0.0126 -1.4681 -0.0483 2.4471 0.4623 
-1.9246 0.9720 -0.0126 -1.4681 -0.0483 2.4471 0.4623 
-1.9246 0.9720 -0.0126 -1.4681 -0.0483 2.4471 0.4624 
-1.9246 0.9720 -0.0126 -1.4681 -0.0483 2.4471 0.4624 
-1.9246 0.9720 -0.0126 -1.4681 -0.0483 2.4471 0.4624 
-1.9245 0.9720 -0.0126 -1.4681 -0.0484 2.4471 0.4624 
-1.9245 0.9720 -0.0126 -1.4681 -0.0484 2.4471 0.4624 
-1.9245 0.9720 -0.0126 -1.4681 -0.0484 2.4471 0.4625 
-1.9245 0.9720 -0.0126 -1.4681 -0.0484 2.4471 0.4625 
-1.9245 0.9720 -0.0126 -1.4681 -0.0484 2.4471 0.4625 
-1.9245 0.9720 -0.0126 -1.4680 -0.0484 2.4471 0.4625 
-1.9245 0.9720 -0.0126 -1.4680 -0.0484 2.4471 0.4625 
-1.9245 0.9720 -0.0126 -1.4680 -0.0484 2.4471 0.4625 
-1.9245 0.9720 -0.0126 -1.4680 -0.0484 2.4471 0.4625 
-1.9245 0.9720 -0.0126 -1.4680 -0.0484 2.4471 0.4626 
-1.9245 0.9720 -0.0126 -1.4680 -0.0484 2.4471 0.4626 
-1.9245 0.9720 -0.0126 -1.4680 -0.0484 2.4470 0.4626 
-1.9245 0.9720 -0.0126 -1.4680 -0.0484 2.4470 0.4626 
-1.9245 0.9720 -0.0126 -1.4680 -0.0485 2.4470 0.4626 
-1.9245 0.9720 -0.0126 -1.4680 -0.0485 2.4470 0.4626 
-1.9245 0.9720 -0.0126 -1.4680 -0.0485 2.4470 0.4627 
-1.9245 0.9720 -0.0126 -1.4680 -0.0485 2.4470 0.4627 
-1.9245 0.9720 -0.0126 -1.4680 -0.0485 2.4470 0.4627 
-1.9245 0.9720 -0.0126 -1.4680 -0.0485 2.4470 0.4627 
-1.9246 0.9720 -0.0126 -1.4680 -0.0485 2.4470 0.4627 
-1.9246 0.9720 -0.0126 -1.4680 -0.0485 2.4470 0.4627 
-1.9246 0.9720 -0.0126 -1.4680 -0.0485 2.4470 0.4628 
-1.9246 0.9720 -0.0126 -1.4680 -0.0485 2.4470 0.4628 
-1.9246 0.9720 -0.0126 -1.4680 -0.0485 2.4470 0.4628 
-1.9246 0.9720 -0.0126 -1.4680 -0.0485 2.4470 0.4628 
-1.9246 0.9720 -0.0126 -1.4680 -0.0486 2.4470 0.4628 
-1.9246 0.9720 -0.0126 -1.4680 -0.0486 2.4470 0.4629 
-1.9246 0.9720 -0.0126 -1.4679 -0.0486 2.4470 0.4629 
-1.9246 0.9720 -0.0126 -1.4679 -0.0486 2.4470 0.4629 
-1.9246 0.9720 -0.0126 -1.4679 -0.0486 2.4470 0.4629 
-1.9246 0.9720 -0.0126 -1.4679 -0.0486 2.4470 0.4629 
-1.9246 0.9720 -0.0126 -1.4679 -0.0486 2.4470 0.4629 
-1.9246 0.9720 -0.0126 -1.4679 -0.0486 2.4470 0.4630 
-1.9246 0.9720 -0.0126 -1.4679 -0.0486 2.4470 0.4630 
-1.9246 0.9720 -0.0126 -1.4679 -0.0486 2.4470 0.4630 
-1.9246 0.9720 -0.0126 -1.4679 -0.0486 2.4470 0.4630 
-1.9246 0.9720 -0.0126 -1.4679 -0.0486 2.4470 0.4630 
-1.9246 0.9720 -0.0126 -1.4679 -0.0486 2.4470 0.4630 
-1.9246 0.9720 -0.0126 -1.4679 -0.0487 2.4470 0.4631 
-1.9246 0.9720 -0.0126 -1.4679 -0.0487 2.4470 0.4631 
-1.9246 0.9720 -0.0126 -1.4679 -0.0487 2.4470 0.4631 
-1.9246 0.9720 -0.0126 -1.4679 -0.0487 2.4470 0.4631 
-1.9246 0.9720 -0.0126 -1.4679 -0.0487 2.4470 0.4631 
-1.9246 0.9720 -0.0126 -1.4679 -0.0487 2.4470 0.4632 
-1.9246 0.9720 -0.0126 -1.4679 -0.0487 2.4470 0.4632 
-1.9246 0.9720 -0.0126 -1.4679 -0.0487 2.4470 0.4632 
-1.9246 0.9720 -0.0126 -1.4679 -0.0487 2.4470 0.4632 
-1.9246 0.9720 -0.0126 -1.4679 -0.0487 2.4470 0.4632 
