-1.9690 -0.3673 -0.0000 -1.9160 0.0023 1.5138 -1.1263 
-1.9690 -0.3672 -0.0000 -1.9160 0.0023 1.5139 -1.1263 
-1.9690 -0.3672 -0.0000 -1.9161 0.0023 1.5139 -1.1262 
-1.9690 -0.3672 -0.0000 -1.9161 0.0023 1.5139 -1.1262 
-1.9690 -0.3671 -0.0000 -1.9161 0.0023 1.5140 -1.1261 
-1.9690 -0.3671 -0.0000 -1.9161 0.0022 1.5140 -1.1261 
-1.9690 -0.3670 -0.0000 -1.9162 0.0022 1.5141 -1.1260 
-1.9690 -0.3670 -0.0000 -1.9162 0.0022 1.5141 -1.1259 
-1.9690 -0.3669 -0.0000 -1.9162 0.0022 1.5141 -1.1259 
-1.9690 -0.3669 -0.0000 -1.9162 0.0022 1.5142 -1.1258 
-1.9690 -0.3668 -0.0000 -1.9163 0.0022 1.5142 -1.1258 
-1.9690 -0.3668 -0.0000 -1.9163 0.0022 1.5143 -1.1257 
-1.9690 -0.3667 -0.0000 -1.9163 0.0022 1.5143 -1.1257 
-1.9690 -0.3667 -0.0000 -1.9163 0.0022 1.5143 -1.1256 
-1.9691 -0.3666 -0.0000 -1.9164 0.0022 1.5144 -1.1256 
-1.9691 -0.3666 -0.0000 -1.9164 0.0021 1.5144 -1.1255 
-1.9691 -0.3665 -0.0000 -1.9164 0.0021 1.5145 -1.1255 
-1.9691 -0.3665 -0.0000 -1.9164 0.0021 1.5145 -1.1254 
-1.9691 -0.3664 -0.0000 -1.9164 0.0021 1.5145 -1.1253 
-1.9691 -0.3664 -0.0000 -1.9165 0.0021 1.5146 -1.1253 
-1.9691 -0.3663 -0.0000 -1.9165 0.0021 1.5146 -1.1252 
-1.9691 -0.3663 -0.0000 -1.9165 0.0021 1.5147 -1.1252 
-1.9691 -0.3662 -0.0000 -1.9165 0.0021 1.5147 -1.1251 
-1.9691 -0.3662 -0.0000 -1.9166 0.0021 1.5148 -1.1251 
-1.9691 -0.3661 -0.0000 -1.9166 0.0020 1.5148 -1.1250 
-1.9691 -0.3661 -0.0000 -1.9166 0.0020 1.5148 -1.1250 
-1.9691 -0.3660 -0.0000 -1.9166 0.0020 1.5149 -1.1249 
-1.9691 -0.3660 -0.0000 -1.9167 0.0020 1.5149 -1.1249 
-1.9692 -0.3659 -0.0000 -1.9167 0.0020 1.5150 -1.1248 
-1.9692 -0.3659 -0.0000 -1.9167 0.0020 1.5150 -1.1247 
-1.9692 -0.3658 -0.0000 -1.9167 0.0020 1.5151 -1.1247 
-1.9692 -0.3658 -0.0000 -1.9167 0.0020 1.5151 -1.1246 
-1.9692 -0.3657 -0.0000 -1.9168 0.0020 1.5151 -1.1246 
-1.9692 -0.3657 -0.0000 -1.9168 0.0019 1.5152 -1.1245 
-1.9692 -0.3656 -0.0000 -1.9168 0.0019 1.5152 -1.1245 
-1.9692 -0.3655 -0.0000 -1.9168 0.0019 1.5153 -1.1244 
-1.9692 -0.3655 -0.0000 -1.9169 0.0019 1.5153 -1.1244 
-1.9692 -0.3654 -0.0000 -1.9169 0.0019 1.5154 -1.1243 
-1.9692 -0.3654 -0.0000 -1.9169 0.0019 1.5154 -1.1243 
-1.9692 -0.3653 -0.0000 -1.9169 0.0019 1.5154 -1.1242 
-1.9692 -0.3653 -0.0000 -1.9169 0.0019 1.5155 -1.1241 
-1.9692 -0.3652 -0.0000 -1.9170 0.0019 1.5155 -1.1241 
-1.9693 -0.3652 -0.0000 -1.9170 0.0018 1.5156 -1.1240 
-1.9693 -0.3651 -0.0000 -1.9170 0.0018 1.5156 -1.1240 
-1.9693 -0.3650 -0.0000 -1.9170 0.0018 1.5157 -1.1239 
-1.9693 -0.3650 -0.0000 -1.9170 0.0018 1.5157 -1.1239 
-1.9693 -0.3649 -0.0000 -1.9171 0.0018 1.5158 -1.1238 
-1.9693 -0.3649 -0.0000 -1.9171 0.0018 1.5158 -1.1238 
-1.9693 -0.3648 -0.0000 -1.9171 0.0018 1.5159 -1.1237 
-1.9693 -0.3647 -0.0000 -1.9171 0.0018 1.5159 -1.1237 
-1.9693 -0.3647 -0.0000 -1.9171 0.0017 1.5160 -1.1236 
-1.9693 -0.3646 -0.0000 -1.9172 0.0017 1.5160 -1.1235 
-1.9693 -0.3645 -0.0000 -1.9172 0.0017 1.5161 -1.1235 
-1.9693 -0.3645 -0.0000 -1.9172 0.0017 1.5161 -1.1234 
-1.9693 -0.3644 -0.0000 -1.9172 0.0017 1.5162 -1.1234 
-1.9693 -0.3643 -0.0000 -1.9172 0.0017 1.5162 -1.1233 
-1.9693 -0.3643 -0.0000 -1.9173 0.0017 1.5163 -1.1233 
-1.9694 -0.3642 -0.0000 -1.9173 0.0017 1.5163 -1.1232 
-1.9694 -0.3641 -0.0000 -1.9173 0.0017 1.5164 -1.1232 
-1.9694 -0.3641 -0.0000 -1.9173 0.0016 1.5164 -1.1231 
-1.9694 -0.3640 -0.0000 -1.9173 0.0016 1.5165 -1.1230 
-1.9694 -0.3639 -0.0000 -1.9173 0.0016 1.5166 -1.1230 
-1.9694 -0.3638 -0.0000 -1.9174 0.0016 1.5166 -1.1229 
-1.9694 -0.3638 -0.0000 -1.9174 0.0016 1.5167 -1.1229 
-1.9694 -0.3637 -0.0000 -1.9174 0.0016 1.5167 -1.1228 
-1.9694 -0.3636 -0.0000 -1.9174 0.0016 1.5168 -1.1228 
-1.9694 -0.3635 -0.0000 -1.9174 0.0016 1.5169 -1.1227 
-1.9694 -0.3634 -0.0000 -1.9174 0.0015 1.5169 -1.1227 
-1.9694 -0.3634 -0.0000 -1.9174 0.0015 1.5170 -1.1226 
-1.9694 -0.3633 -0.0000 -1.9174 0.0015 1.5170 -1.1225 
-1.9694 -0.3632 -0.0000 -1.9174 0.0015 1.5171 -1.1225 
-1.9694 -0.3631 -0.0000 -1.9175 0.0015 1.5172 -1.1224 
-1.9694 -0.3630 -0.0000 -1.9175 0.0015 1.5173 -1.1224 
-1.9694 -0.3629 -0.0000 -1.9175 0.0015 1.5173 -1.1223 
-1.9695 -0.3628 -0.0000 -1.9175 0.0015 1.5174 -1.1223 
-1.9695 -0.3627 -0.0000 -1.9175 0.0014 1.5175 -1.1222 
-1.9695 -0.3626 -0.0000 -1.9175 0.0014 1.5176 -1.1221 
-1.9695 -0.3625 -0.0000 -1.9175 0.0014 1.5176 -1.1221 
-1.9695 -0.3624 -0.0000 -1.9175 0.0014 1.5177 -1.1220 
-1.9695 -0.3623 -0.0000 -1.9175 0.0014 1.5178 -1.1220 
-1.9695 -0.3622 -0.0000 -1.9175 0.0014 1.5179 -1.1219 
-1.9695 -0.3620 -0.0000 -1.9175 0.0014 1.5180 -1.1219 
-1.9695 -0.3619 -0.0000 -1.9175 0.0013 1.5181 -1.1218 
-1.9695 -0.3618 -0.0000 -1.9175 0.0013 1.5181 -1.1217 
-1.9695 -0.3617 -0.0000 -1.9175 0.0013 1.5182 -1.1217 
-1.9695 -0.3615 -0.0000 -1.9175 0.0013 1.5183 -1.1216 
-1.9695 -0.3614 -0.0000 -1.9175 0.0013 1.5184 -1.1216 
-1.9695 -0.3612 -0.0000 -1.9175 0.0013 1.5185 -1.1215 
-1.9695 -0.3611 -0.0000 -1.9175 0.0013 1.5187 -1.1215 
-1.9695 -0.3609 -0.0000 -1.9174 0.0012 1.5188 -1.1214 
-1.9695 -0.3608 -0.0000 -1.9174 0.0012 1.5189 -1.1213 
-1.9695 -0.3606 -0.0000 -1.9174 0.0012 1.5190 -1.1213 
-1.9695 -0.3604 -0.0000 -1.9174 0.0012 1.5191 -1.1212 
-1.9695 -0.3603 -0.0000 -1.9174 0.0012 1.5192 -1.1212 
-1.9695 -0.3601 -0.0000 -1.9173 0.0012 1.5194 -1.1211 
-1.9695 -0.3599 -0.0000 -1.9173 0.0011 1.5195 -1.1210 
-1.9695 -0.3597 -0.0000 -1.9173 0.0011 1.5196 -1.1210 
-1.9695 -0.3595 -0.0000 -1.9172 0.0011 1.5198 -1.1209 
-1.9695 -0.3593 -0.0000 -1.9172 0.0011 1.5199 -1.1209 
-1.9695 -0.3590 -0.0000 -1.9172 0.0011 1.5201 -1.1208 
-1.9695 -0.3588 -0.0000 -1.9171 0.0010 1.5202 -1.1207 
-1.9695 -0.3586 -0.0000 -1.9171 0.0010 1.5204 -1.1207 
-1.9695 -0.3583 -0.0000 -1.9170 0.0010 1.5206 -1.1206 
-1.9695 -0.3581 -0.0000 -1.9170 0.0010 1.5207 -1.1206 
-1.9695 -0.3578 -0.0000 -1.9169 0.0010 1.5209 -1.1205 
-1.9695 -0.3575 -0.0000 -1.9168 0.0009 1.5211 -1.1204 
-1.9695 -0.3572 -0.0000 -1.9168 0.0009 1.5213 -1.1204 
-1.9695 -0.3570 -0.0000 -1.9167 0.0009 1.5214 -1.1203 
-1.9695 -0.3567 -0.0000 -1.9166 0.0009 1.5216 -1.1203 
-1.9695 -0.3563 -0.0000 -1.9165 0.0008 1.5218 -1.1202 
-1.9695 -0.3560 -0.0000 -1.9165 0.0008 1.5220 -1.1201 
-1.9695 -0.3557 -0.0000 -1.9164 0.0008 1.5222 -1.1201 
-1.9695 -0.3554 -0.0000 -1.9163 0.0008 1.5224 -1.1200 
-1.9695 -0.3550 -0.0000 -1.9162 0.0007 1.5226 -1.1200 
-1.9695 -0.3547 -0.0000 -1.9161 0.0007 1.5228 -1.1199 
-1.9695 -0.3543 -0.0000 -1.9159 0.0007 1.5230 -1.1199 
-1.9695 -0.3539 -0.0000 -1.9158 0.0006 1.5233 -1.1198 
-1.9695 -0.3536 -0.0001 -1.9157 0.0006 1.5235 -1.1198 
-1.9695 -0.3532 -0.0001 -1.9156 0.0006 1.5237 -1.1197 
-1.9695 -0.3528 -0.0001 -1.9154 0.0005 1.5239 -1.1197 
-1.9695 -0.3524 -0.0001 -1.9153 0.0005 1.5241 -1.1197 
-1.9695 -0.3520 -0.0001 -1.9152 0.0004 1.5243 -1.1196 
-1.9695 -0.3515 -0.0001 -1.9150 0.0004 1.5246 -1.1196 
-1.9695 -0.3511 -0.0001 -1.9149 0.0003 1.5248 -1.1196 
-1.9695 -0.3507 -0.0001 -1.9148 0.0003 1.5251 -1.1196 
-1.9696 -0.3502 -0.0001 -1.9147 0.0002 1.5253 -1.1196 
-1.9696 -0.3497 -0.0001 -1.9145 0.0001 1.5256 -1.1196 
-1.9696 -0.3492 -0.0001 -1.9144 0.0001 1.5259 -1.1195 
-1.9696 -0.3487 -0.0001 -1.9143 -0.0000 1.5263 -1.1195 
-1.9696 -0.3481 -0.0001 -1.9142 -0.0001 1.5267 -1.1196 
-1.9696 -0.3475 -0.0001 -1.9141 -0.0002 1.5271 -1.1196 
-1.9696 -0.3469 -0.0001 -1.9141 -0.0003 1.5277 -1.1196 
-1.9696 -0.3462 -0.0001 -1.9141 -0.0005 1.5283 -1.1196 
-1.9696 -0.3454 -0.0001 -1.9140 -0.0006 1.5290 -1.1196 
-1.9695 -0.3445 -0.0001 -1.9141 -0.0008 1.5298 -1.1196 
-1.9695 -0.3435 -0.0001 -1.9141 -0.0009 1.5307 -1.1196 
-1.9695 -0.3425 -0.0001 -1.9142 -0.0011 1.5318 -1.1197 
-1.9695 -0.3412 -0.0001 -1.9143 -0.0014 1.5331 -1.1197 
-1.9695 -0.3399 -0.0002 -1.9145 -0.0016 1.5346 -1.1197 
-1.9694 -0.3383 -0.0002 -1.9148 -0.0019 1.5363 -1.1197 
-1.9694 -0.3366 -0.0002 -1.9150 -0.0021 1.5383 -1.1196 
-1.9693 -0.3346 -0.0002 -1.9154 -0.0024 1.5406 -1.1196 
-1.9693 -0.3324 -0.0002 -1.9157 -0.0028 1.5431 -1.1195 
-1.9692 -0.3300 -0.0002 -1.9162 -0.0031 1.5459 -1.1194 
-1.9691 -0.3273 -0.0002 -1.9166 -0.0035 1.5491 -1.1193 
-1.9690 -0.3244 -0.0002 -1.9172 -0.0039 1.5526 -1.1192 
-1.9689 -0.3211 -0.0002 -1.9178 -0.0044 1.5565 -1.1190 
-1.9688 -0.3176 -0.0002 -1.9184 -0.0048 1.5607 -1.1188 
-1.9686 -0.3138 -0.0002 -1.9190 -0.0053 1.5653 -1.1185 
-1.9685 -0.3097 -0.0002 -1.9197 -0.0058 1.5702 -1.1182 
-1.9683 -0.3053 -0.0002 -1.9205 -0.0063 1.5755 -1.1179 
-1.9681 -0.3006 -0.0002 -1.9212 -0.0068 1.5811 -1.1176 
-1.9679 -0.2956 -0.0002 -1.9220 -0.0073 1.5870 -1.1172 
-1.9677 -0.2904 -0.0002 -1.9227 -0.0079 1.5931 -1.1167 
-1.9675 -0.2850 -0.0002 -1.9235 -0.0085 1.5996 -1.1163 
-1.9672 -0.2793 -0.0002 -1.9243 -0.0090 1.6063 -1.1157 
-1.9670 -0.2734 -0.0002 -1.9250 -0.0096 1.6132 -1.1152 
-1.9667 -0.2673 -0.0002 -1.9258 -0.0102 1.6203 -1.1146 
-1.9665 -0.2611 -0.0002 -1.9265 -0.0107 1.6276 -1.1140 
-1.9662 -0.2547 -0.0002 -1.9272 -0.0113 1.6350 -1.1134 
-1.9659 -0.2481 -0.0002 -1.9279 -0.0119 1.6426 -1.1127 
-1.9656 -0.2414 -0.0002 -1.9285 -0.0124 1.6503 -1.1121 
-1.9653 -0.2346 -0.0002 -1.9291 -0.0130 1.6581 -1.1113 
-1.9650 -0.2277 -0.0002 -1.9297 -0.0136 1.6660 -1.1106 
-1.9647 -0.2207 -0.0002 -1.9303 -0.0141 1.6739 -1.1099 
-1.9643 -0.2136 -0.0002 -1.9308 -0.0147 1.6819 -1.1091 
-1.9640 -0.2064 -0.0002 -1.9313 -0.0152 1.6899 -1.1084 
-1.9637 -0.1992 -0.0002 -1.9317 -0.0158 1.6980 -1.1076 
-1.9634 -0.1919 -0.0002 -1.9321 -0.0163 1.7061 -1.1068 
-1.9630 -0.1845 -0.0002 -1.9325 -0.0168 1.7142 -1.1060 
-1.9627 -0.1771 -0.0002 -1.9328 -0.0174 1.7223 -1.1052 
-1.9623 -0.1697 -0.0002 -1.9330 -0.0179 1.7305 -1.1044 
-1.9620 -0.1622 -0.0003 -1.9333 -0.0184 1.7386 -1.1036 
-1.9617 -0.1546 -0.0003 -1.9335 -0.0189 1.7468 -1.1028 
-1.9613 -0.1470 -0.0003 -1.9336 -0.0194 1.7550 -1.1019 
-1.9610 -0.1394 -0.0003 -1.9337 -0.0199 1.7632 -1.1011 
-1.9606 -0.1317 -0.0003 -1.9338 -0.0204 1.7714 -1.1003 
-1.9603 -0.1239 -0.0003 -1.9338 -0.0209 1.7796 -1.0994 
-1.9599 -0.1161 -0.0003 -1.9338 -0.0214 1.7878 -1.0986 
-1.9596 -0.1082 -0.0003 -1.9337 -0.0219 1.7960 -1.0978 
-1.9592 -0.1002 -0.0003 -1.9336 -0.0224 1.8043 -1.0969 
-1.9589 -0.0922 -0.0003 -1.9334 -0.0229 1.8126 -1.0961 
-1.9585 -0.0841 -0.0003 -1.9332 -0.0234 1.8209 -1.0952 
-1.9581 -0.0759 -0.0003 -1.9329 -0.0238 1.8292 -1.0944 
-1.9578 -0.0676 -0.0003 -1.9326 -0.0243 1.8376 -1.0935 
-1.9574 -0.0592 -0.0003 -1.9322 -0.0248 1.8461 -1.0927 
-1.9570 -0.0507 -0.0003 -1.9318 -0.0253 1.8546 -1.0918 
-1.9567 -0.0420 -0.0004 -1.9312 -0.0257 1.8631 -1.0910 
-1.9563 -0.0332 -0.0004 -1.9307 -0.0262 1.8717 -1.0902 
-1.9559 -0.0243 -0.0004 -1.9300 -0.0267 1.8804 -1.0893 
-1.9555 -0.0152 -0.0004 -1.9293 -0.0272 1.8892 -1.0885 
-1.9551 -0.0059 -0.0004 -1.9285 -0.0276 1.8981 -1.0876 
-1.9548 0.0036 -0.0004 -1.9276 -0.0281 1.9070 -1.0868 
-1.9544 0.0133 -0.0004 -1.9266 -0.0286 1.9161 -1.0859 
-1.9540 0.0232 -0.0005 -1.9255 -0.0290 1.9253 -1.0851 
-1.9536 0.0333 -0.0005 -1.9244 -0.0295 1.9346 -1.0843 
-1.9532 0.0437 -0.0005 -1.9231 -0.0300 1.9440 -1.0834 
-1.9527 0.0543 -0.0005 -1.9217 -0.0304 1.9536 -1.0826 
-1.9523 0.0652 -0.0005 -1.9202 -0.0309 1.9633 -1.0818 
-1.9519 0.0764 -0.0006 -1.9186 -0.0313 1.9732 -1.0810 
-1.9515 0.0878 -0.0006 -1.9169 -0.0318 1.9831 -1.0802 
-1.9511 0.0995 -0.0006 -1.9150 -0.0322 1.9933 -1.0794 
-1.9507 0.1115 -0.0007 -1.9130 -0.0326 2.0035 -1.0786 
-1.9502 0.1238 -0.0007 -1.9109 -0.0330 2.0138 -1.0779 
-1.9498 0.1363 -0.0007 -1.9087 -0.0334 2.0242 -1.0771 
-1.9494 0.1490 -0.0007 -1.9063 -0.0338 2.0347 -1.0764 
-1.9490 0.1619 -0.0008 -1.9038 -0.0342 2.0452 -1.0757 
-1.9486 0.1750 -0.0008 -1.9013 -0.0345 2.0556 -1.0751 
-1.9482 0.1881 -0.0008 -1.8986 -0.0348 2.0661 -1.0745 
-1.9478 0.2013 -0.0009 -1.8958 -0.0351 2.0764 -1.0739 
-1.9474 0.2144 -0.0009 -1.8930 -0.0354 2.0866 -1.0733 
-1.9471 0.2275 -0.0009 -1.8901 -0.0357 2.0966 -1.0727 
-1.9467 0.2404 -0.0010 -1.8871 -0.0359 2.1063 -1.0722 
-1.9464 0.2531 -0.0010 -1.8842 -0.0361 2.1158 -1.0718 
-1.9461 0.2654 -0.0010 -1.8812 -0.0363 2.1249 -1.0713 
-1.9458 0.2775 -0.0010 -1.8783 -0.0365 2.1336 -1.0709 
-1.9455 0.2891 -0.0011 -1.8754 -0.0366 2.1420 -1.0705 
-1.9453 0.3002 -0.0011 -1.8725 -0.0367 2.1499 -1.0702 
-1.9450 0.3109 -0.0011 -1.8697 -0.0368 2.1573 -1.0699 
-1.9448 0.3211 -0.0011 -1.8669 -0.0369 2.1644 -1.0696 
-1.9446 0.3308 -0.0011 -1.8642 -0.0370 2.1709 -1.0693 
-1.9444 0.3401 -0.0011 -1.8616 -0.0371 2.1771 -1.0690 
-1.9442 0.3488 -0.0012 -1.8590 -0.0372 2.1828 -1.0687 
-1.9441 0.3571 -0.0012 -1.8565 -0.0372 2.1881 -1.0685 
-1.9439 0.3649 -0.0012 -1.8541 -0.0373 2.1931 -1.0682 
-1.9438 0.3723 -0.0012 -1.8517 -0.0374 2.1977 -1.0680 
-1.9436 0.3794 -0.0012 -1.8494 -0.0374 2.2021 -1.0678 
-1.9435 0.3862 -0.0012 -1.8471 -0.0375 2.2062 -1.0675 
-1.9434 0.3927 -0.0012 -1.8448 -0.0376 2.2101 -1.0673 
-1.9432 0.3990 -0.0012 -1.8426 -0.0377 2.2137 -1.0671 
-1.9431 0.4051 -0.0012 -1.8403 -0.0377 2.2173 -1.0668 
-1.9430 0.4111 -0.0012 -1.8381 -0.0378 2.2206 -1.0666 
-1.9428 0.4170 -0.0012 -1.8358 -0.0379 2.2239 -1.0664 
-1.9427 0.4228 -0.0012 -1.8335 -0.0381 2.2271 -1.0661 
-1.9425 0.4285 -0.0013 -1.8311 -0.0382 2.2302 -1.0659 
-1.9424 0.4342 -0.0013 -1.8287 -0.0383 2.2333 -1.0657 
-1.9422 0.4400 -0.0013 -1.8263 -0.0385 2.2364 -1.0654 
-1.9421 0.4458 -0.0013 -1.8237 -0.0386 2.2394 -1.0652 
-1.9419 0.4516 -0.0013 -1.8211 -0.0388 2.2425 -1.0650 
-1.9417 0.4576 -0.0013 -1.8184 -0.0390 2.2456 -1.0648 
-1.9415 0.4636 -0.0014 -1.8156 -0.0391 2.2487 -1.0645 
-1.9414 0.4698 -0.0014 -1.8127 -0.0393 2.2518 -1.0643 
-1.9411 0.4761 -0.0014 -1.8097 -0.0395 2.2550 -1.0641 
-1.9409 0.4826 -0.0014 -1.8066 -0.0398 2.2582 -1.0639 
-1.9407 0.4892 -0.0015 -1.8033 -0.0400 2.2614 -1.0638 
-1.9405 0.4960 -0.0015 -1.7999 -0.0402 2.2648 -1.0636 
-1.9402 0.5030 -0.0015 -1.7964 -0.0405 2.2681 -1.0635 
-1.9400 0.5102 -0.0016 -1.7927 -0.0407 2.2716 -1.0633 
-1.9397 0.5176 -0.0016 -1.7889 -0.0410 2.2750 -1.0632 
-1.9395 0.5251 -0.0017 -1.7849 -0.0412 2.2786 -1.0631 
-1.9392 0.5329 -0.0017 -1.7807 -0.0415 2.2821 -1.0631 
-1.9389 0.5408 -0.0018 -1.7764 -0.0418 2.2858 -1.0630 
-1.9386 0.5490 -0.0018 -1.7719 -0.0421 2.2894 -1.0630 
-1.9383 0.5573 -0.0019 -1.7672 -0.0424 2.2931 -1.0630 
-1.9380 0.5658 -0.0019 -1.7624 -0.0427 2.2967 -1.0630 
-1.9377 0.5744 -0.0020 -1.7574 -0.0430 2.3004 -1.0631 
-1.9374 0.5832 -0.0020 -1.7522 -0.0433 2.3041 -1.0632 
-1.9371 0.5920 -0.0021 -1.7469 -0.0436 2.3077 -1.0633 
-1.9367 0.6009 -0.0021 -1.7415 -0.0439 2.3112 -1.0634 
-1.9364 0.6099 -0.0022 -1.7359 -0.0442 2.3147 -1.0635 
-1.9361 0.6189 -0.0022 -1.7302 -0.0446 2.3181 -1.0637 
-1.9358 0.6279 -0.0023 -1.7244 -0.0449 2.3214 -1.0639 
-1.9355 0.6368 -0.0024 -1.7185 -0.0452 2.3246 -1.0641 
-1.9352 0.6457 -0.0024 -1.7125 -0.0455 2.3276 -1.0643 
-1.9349 0.6544 -0.0025 -1.7065 -0.0458 2.3305 -1.0645 
-1.9346 0.6630 -0.0025 -1.7005 -0.0462 2.3332 -1.0648 
-1.9344 0.6714 -0.0026 -1.6944 -0.0465 2.3357 -1.0650 
-1.9341 0.6796 -0.0026 -1.6884 -0.0468 2.3381 -1.0652 
-1.9339 0.6875 -0.0027 -1.6823 -0.0471 2.3402 -1.0655 
-1.9337 0.6953 -0.0027 -1.6764 -0.0473 2.3421 -1.0657 
-1.9335 0.7027 -0.0028 -1.6705 -0.0476 2.3439 -1.0659 
-1.9333 0.7099 -0.0028 -1.6646 -0.0479 2.3454 -1.0661 
-1.9331 0.7168 -0.0028 -1.6589 -0.0482 2.3468 -1.0662 
-1.9330 0.7235 -0.0029 -1.6532 -0.0484 2.3480 -1.0664 
-1.9328 0.7298 -0.0029 -1.6477 -0.0487 2.3490 -1.0665 
-1.9327 0.7360 -0.0029 -1.6422 -0.0489 2.3498 -1.0666 
-1.9326 0.7418 -0.0030 -1.6368 -0.0491 2.3506 -1.0667 
-1.9325 0.7475 -0.0030 -1.6316 -0.0494 2.3511 -1.0668 
-1.9324 0.7529 -0.0030 -1.6264 -0.0496 2.3516 -1.0669 
-1.9324 0.7581 -0.0030 -1.6214 -0.0498 2.3520 -1.0669 
-1.9323 0.7631 -0.0031 -1.6165 -0.0500 2.3523 -1.0669 
-1.9323 0.7680 -0.0031 -1.6116 -0.0502 2.3525 -1.0669 
-1.9322 0.7727 -0.0031 -1.6069 -0.0504 2.3526 -1.0669 
-1.9322 0.7772 -0.0031 -1.6023 -0.0505 2.3527 -1.0668 
-1.9322 0.7817 -0.0032 -1.5977 -0.0507 2.3528 -1.0668 
-1.9322 0.7860 -0.0032 -1.5932 -0.0509 2.3529 -1.0667 
-1.9322 0.7902 -0.0032 -1.5889 -0.0511 2.3529 -1.0667 
-1.9322 0.7943 -0.0033 -1.5846 -0.0512 2.3529 -1.0666 
-1.9322 0.7983 -0.0033 -1.5804 -0.0514 2.3530 -1.0665 
-1.9322 0.8023 -0.0033 -1.5763 -0.0515 2.3530 -1.0664 
-1.9322 0.8062 -0.0033 -1.5723 -0.0517 2.3531 -1.0664 
-1.9323 0.8100 -0.0034 -1.5684 -0.0518 2.3532 -1.0663 
-1.9323 0.8137 -0.0034 -1.5646 -0.0519 2.3533 -1.0662 
-1.9323 0.8174 -0.0034 -1.5609 -0.0520 2.3534 -1.0661 
-1.9324 0.8210 -0.0035 -1.5572 -0.0522 2.3536 -1.0660 
-1.9324 0.8245 -0.0035 -1.5537 -0.0523 2.3538 -1.0660 
-1.9324 0.8279 -0.0036 -1.5503 -0.0524 2.3541 -1.0659 
-1.9325 0.8313 -0.0036 -1.5470 -0.0525 2.3543 -1.0659 
-1.9325 0.8346 -0.0036 -1.5439 -0.0526 2.3547 -1.0658 
-1.9326 0.8378 -0.0037 -1.5409 -0.0527 2.3550 -1.0658 
-1.9326 0.8409 -0.0037 -1.5379 -0.0527 2.3554 -1.0658 
-1.9326 0.8440 -0.0038 -1.5352 -0.0528 2.3559 -1.0657 
-1.9327 0.8469 -0.0038 -1.5326 -0.0529 2.3564 -1.0657 
-1.9328 0.8497 -0.0039 -1.5301 -0.0529 2.3569 -1.0657 
-1.9328 0.8524 -0.0039 -1.5277 -0.0530 2.3574 -1.0658 
-1.9329 0.8550 -0.0039 -1.5255 -0.0530 2.3580 -1.0658 
-1.9329 0.8575 -0.0040 -1.5235 -0.0531 2.3586 -1.0658 
-1.9330 0.8598 -0.0040 -1.5216 -0.0531 2.3592 -1.0659 
-1.9331 0.8620 -0.0041 -1.5198 -0.0531 2.3598 -1.0659 
-1.9331 0.8641 -0.0041 -1.5182 -0.0532 2.3604 -1.0660 
-1.9332 0.8661 -0.0041 -1.5168 -0.0532 2.3611 -1.0661 
-1.9332 0.8680 -0.0042 -1.5154 -0.0532 2.3618 -1.0662 
-1.9333 0.8697 -0.0042 -1.5142 -0.0532 2.3624 -1.0663 
-1.9334 0.8713 -0.0043 -1.5131 -0.0532 2.3631 -1.0664 
-1.9334 0.8728 -0.0043 -1.5122 -0.0532 2.3637 -1.0665 
-1.9335 0.8742 -0.0043 -1.5113 -0.0532 2.3644 -1.0666 
-1.9336 0.8755 -0.0044 -1.5106 -0.0533 2.3650 -1.0667 
-1.9336 0.8767 -0.0044 -1.5099 -0.0533 2.3656 -1.0668 
-1.9337 0.8778 -0.0044 -1.5093 -0.0533 2.3662 -1.0669 
-1.9338 0.8788 -0.0044 -1.5088 -0.0533 2.3667 -1.0670 
-1.9338 0.8797 -0.0045 -1.5084 -0.0533 2.3673 -1.0671 
-1.9339 0.8805 -0.0045 -1.5080 -0.0533 2.3678 -1.0672 
-1.9339 0.8813 -0.0045 -1.5076 -0.0533 2.3683 -1.0673 
-1.9340 0.8820 -0.0045 -1.5073 -0.0533 2.3688 -1.0674 
-1.9340 0.8827 -0.0045 -1.5071 -0.0533 2.3692 -1.0675 
-1.9341 0.8833 -0.0046 -1.5068 -0.0533 2.3696 -1.0676 
-1.9341 0.8839 -0.0046 -1.5066 -0.0534 2.3700 -1.0677 
-1.9341 0.8845 -0.0046 -1.5064 -0.0534 2.3704 -1.0677 
-1.9342 0.8850 -0.0046 -1.5061 -0.0534 2.3707 -1.0678 
-1.9342 0.8856 -0.0046 -1.5059 -0.0534 2.3710 -1.0679 
-1.9342 0.8861 -0.0046 -1.5057 -0.0535 2.3713 -1.0679 
-1.9342 0.8866 -0.0047 -1.5054 -0.0535 2.3715 -1.0680 
-1.9342 0.8871 -0.0047 -1.5052 -0.0536 2.3718 -1.0680 
-1.9342 0.8876 -0.0047 -1.5049 -0.0536 2.3720 -1.0681 
-1.9342 0.8881 -0.0047 -1.5046 -0.0537 2.3722 -1.0681 
-1.9342 0.8886 -0.0047 -1.5043 -0.0537 2.3724 -1.0681 
-1.9342 0.8891 -0.0047 -1.5040 -0.0538 2.3726 -1.0682 
-1.9342 0.8896 -0.0048 -1.5036 -0.0538 2.3727 -1.0682 
-1.9342 0.8901 -0.0048 -1.5032 -0.0539 2.3729 -1.0682 
-1.9342 0.8907 -0.0048 -1.5028 -0.0539 2.3730 -1.0682 
-1.9341 0.8913 -0.0048 -1.5024 -0.0540 2.3732 -1.0682 
-1.9341 0.8918 -0.0048 -1.5020 -0.0541 2.3733 -1.0682 
-1.9341 0.8924 -0.0049 -1.5015 -0.0541 2.3734 -1.0682 
-1.9340 0.8930 -0.0049 -1.5010 -0.0542 2.3735 -1.0682 
-1.9340 0.8936 -0.0049 -1.5005 -0.0543 2.3736 -1.0682 
-1.9339 0.8943 -0.0049 -1.5000 -0.0543 2.3737 -1.0682 
-1.9339 0.8949 -0.0050 -1.4995 -0.0544 2.3738 -1.0682 
-1.9338 0.8956 -0.0050 -1.4989 -0.0545 2.3740 -1.0682 
-1.9337 0.8962 -0.0050 -1.4983 -0.0546 2.3741 -1.0681 
-1.9337 0.8969 -0.0051 -1.4978 -0.0546 2.3742 -1.0681 
-1.9336 0.8976 -0.0051 -1.4972 -0.0547 2.3743 -1.0681 
-1.9335 0.8983 -0.0051 -1.4966 -0.0548 2.3744 -1.0681 
-1.9334 0.8990 -0.0052 -1.4960 -0.0549 2.3745 -1.0680 
-1.9333 0.8998 -0.0052 -1.4953 -0.0549 2.3746 -1.0680 
-1.9333 0.9005 -0.0052 -1.4947 -0.0550 2.3747 -1.0680 
-1.9332 0.9012 -0.0053 -1.4941 -0.0551 2.3749 -1.0680 
-1.9331 0.9019 -0.0053 -1.4935 -0.0552 2.3750 -1.0679 
-1.9330 0.9027 -0.0053 -1.4929 -0.0553 2.3751 -1.0679 
-1.9329 0.9034 -0.0054 -1.4922 -0.0553 2.3753 -1.0679 
-1.9328 0.9042 -0.0054 -1.4916 -0.0554 2.3754 -1.0679 
-1.9327 0.9049 -0.0055 -1.4910 -0.0555 2.3756 -1.0678 
-1.9326 0.9056 -0.0055 -1.4904 -0.0555 2.3757 -1.0678 
-1.9325 0.9063 -0.0056 -1.4898 -0.0556 2.3759 -1.0678 
-1.9324 0.9071 -0.0056 -1.4892 -0.0557 2.3760 -1.0678 
-1.9323 0.9078 -0.0056 -1.4886 -0.0557 2.3762 -1.0677 
-1.9322 0.9085 -0.0057 -1.4881 -0.0558 2.3764 -1.0677 
-1.9321 0.9092 -0.0057 -1.4875 -0.0559 2.3765 -1.0677 
-1.9320 0.9099 -0.0058 -1.4870 -0.0559 2.3767 -1.0677 
-1.9319 0.9105 -0.0058 -1.4864 -0.0560 2.3769 -1.0676 
-1.9318 0.9112 -0.0059 -1.4859 -0.0560 2.3770 -1.0676 
-1.9317 0.9118 -0.0059 -1.4854 -0.0561 2.3772 -1.0676 
-1.9316 0.9125 -0.0059 -1.4849 -0.0561 2.3774 -1.0676 
-1.9315 0.9131 -0.0060 -1.4844 -0.0562 2.3776 -1.0676 
-1.9314 0.9137 -0.0060 -1.4840 -0.0562 2.3778 -1.0676 
-1.9313 0.9143 -0.0061 -1.4835 -0.0563 2.3780 -1.0675 
-1.9312 0.9148 -0.0061 -1.4831 -0.0563 2.3781 -1.0675 
-1.9311 0.9154 -0.0061 -1.4827 -0.0564 2.3783 -1.0675 
-1.9310 0.9159 -0.0062 -1.4823 -0.0564 2.3785 -1.0675 
-1.9309 0.9164 -0.0062 -1.4819 -0.0564 2.3787 -1.0675 
-1.9308 0.9169 -0.0063 -1.4816 -0.0565 2.3789 -1.0675 
-1.9308 0.9174 -0.0063 -1.4812 -0.0565 2.3790 -1.0675 
-1.9307 0.9178 -0.0063 -1.4809 -0.0565 2.3792 -1.0675 
-1.9306 0.9183 -0.0064 -1.4806 -0.0566 2.3794 -1.0675 
-1.9306 0.9187 -0.0064 -1.4803 -0.0566 2.3795 -1.0675 
-1.9305 0.9191 -0.0064 -1.4800 -0.0566 2.3797 -1.0675 
-1.9304 0.9195 -0.0065 -1.4798 -0.0566 2.3798 -1.0675 
-1.9304 0.9198 -0.0065 -1.4795 -0.0567 2.3800 -1.0675 
-1.9303 0.9202 -0.0065 -1.4793 -0.0567 2.3801 -1.0675 
-1.9303 0.9205 -0.0065 -1.4791 -0.0567 2.3803 -1.0676 
-1.9302 0.9208 -0.0066 -1.4789 -0.0567 2.3804 -1.0676 
-1.9302 0.9211 -0.0066 -1.4787 -0.0567 2.3805 -1.0676 
-1.9301 0.9214 -0.0066 -1.4785 -0.0567 2.3807 -1.0676 
-1.9301 0.9217 -0.0066 -1.4783 -0.0567 2.3808 -1.0676 
-1.9301 0.9219 -0.0066 -1.4782 -0.0568 2.3809 -1.0676 
-1.9301 0.9222 -0.0067 -1.4780 -0.0568 2.3810 -1.0676 
-1.9300 0.9224 -0.0067 -1.4779 -0.0568 2.3811 -1.0676 
-1.9300 0.9226 -0.0067 -1.4778 -0.0568 2.3812 -1.0677 
-1.9300 0.9228 -0.0067 -1.4777 -0.0568 2.3813 -1.0677 
-1.9300 0.9230 -0.0067 -1.4775 -0.0568 2.3813 -1.0677 
-1.9300 0.9232 -0.0067 -1.4774 -0.0568 2.3814 -1.0677 
-1.9300 0.9233 -0.0067 -1.4773 -0.0568 2.3815 -1.0677 
-1.9299 0.9235 -0.0067 -1.4772 -0.0568 2.3815 -1.0677 
-1.9299 0.9237 -0.0067 -1.4771 -0.0568 2.3816 -1.0678 
-1.9299 0.9238 -0.0067 -1.4770 -0.0568 2.3816 -1.0678 
-1.9299 0.9240 -0.0068 -1.4770 -0.0568 2.3817 -1.0678 
-1.9299 0.9241 -0.0068 -1.4769 -0.0568 2.3817 -1.0678 
-1.9299 0.9242 -0.0068 -1.4768 -0.0568 2.3817 -1.0678 
-1.9299 0.9244 -0.0068 -1.4767 -0.0568 2.3818 -1.0678 
-1.9300 0.9245 -0.0068 -1.4766 -0.0568 2.3818 -1.0679 
-1.9300 0.9246 -0.0068 -1.4766 -0.0568 2.3818 -1.0679 
-1.9300 0.9247 -0.0068 -1.4765 -0.0568 2.3818 -1.0679 
-1.9300 0.9248 -0.0068 -1.4764 -0.0568 2.3818 -1.0679 
-1.9300 0.9250 -0.0068 -1.4763 -0.0568 2.3818 -1.0679 
-1.9300 0.9251 -0.0068 -1.4762 -0.0568 2.3818 -1.0679 
-1.9300 0.9252 -0.0068 -1.4762 -0.0568 2.3818 -1.0679 
-1.9300 0.9253 -0.0068 -1.4761 -0.0568 2.3818 -1.0679 
-1.9300 0.9254 -0.0068 -1.4760 -0.0568 2.3818 -1.0680 
-1.9300 0.9255 -0.0068 -1.4759 -0.0568 2.3818 -1.0680 
-1.9301 0.9256 -0.0068 -1.4758 -0.0568 2.3818 -1.0680 
-1.9301 0.9257 -0.0068 -1.4758 -0.0568 2.3817 -1.0680 
-1.9301 0.9258 -0.0068 -1.4757 -0.0568 2.3817 -1.0680 
-1.9301 0.9259 -0.0068 -1.4756 -0.0568 2.3817 -1.0680 
-1.9301 0.9260 -0.0068 -1.4755 -0.0568 2.3817 -1.0680 
-1.9301 0.9262 -0.0068 -1.4754 -0.0568 2.3816 -1.0680 
-1.9301 0.9263 -0.0068 -1.4753 -0.0568 2.3816 -1.0680 
-1.9301 0.9264 -0.0068 -1.4752 -0.0568 2.3816 -1.0680 
-1.9301 0.9265 -0.0068 -1.4751 -0.0568 2.3815 -1.0680 
-1.9301 0.9266 -0.0068 -1.4750 -0.0568 2.3815 -1.0680 
-1.9301 0.9267 -0.0068 -1.4750 -0.0568 2.3814 -1.0680 
-1.9302 0.9269 -0.0068 -1.4749 -0.0569 2.3814 -1.0680 
-1.9302 0.9270 -0.0068 -1.4748 -0.0569 2.3814 -1.0680 
-1.9302 0.9271 -0.0068 -1.4746 -0.0569 2.3813 -1.0680 
-1.9302 0.9272 -0.0068 -1.4745 -0.0569 2.3813 -1.0680 
-1.9302 0.9273 -0.0068 -1.4744 -0.0569 2.3812 -1.0680 
-1.9302 0.9275 -0.0068 -1.4743 -0.0569 2.3812 -1.0680 
-1.9302 0.9276 -0.0068 -1.4742 -0.0569 2.3811 -1.0680 
-1.9302 0.9277 -0.0068 -1.4741 -0.0569 2.3811 -1.0680 
-1.9302 0.9279 -0.0068 -1.4740 -0.0569 2.3811 -1.0680 
-1.9302 0.9280 -0.0069 -1.4739 -0.0569 2.3810 -1.0680 
-1.9301 0.9281 -0.0069 -1.4738 -0.0569 2.3810 -1.0679 
-1.9301 0.9283 -0.0069 -1.4737 -0.0569 2.3809 -1.0679 
-1.9301 0.9284 -0.0069 -1.4735 -0.0569 2.3809 -1.0679 
-1.9301 0.9285 -0.0069 -1.4734 -0.0569 2.3808 -1.0679 
-1.9301 0.9287 -0.0069 -1.4733 -0.0569 2.3808 -1.0679 
-1.9301 0.9288 -0.0069 -1.4732 -0.0569 2.3807 -1.0679 
-1.9301 0.9289 -0.0069 -1.4731 -0.0569 2.3807 -1.0679 
-1.9301 0.9291 -0.0069 -1.4729 -0.0569 2.3806 -1.0679 
-1.9301 0.9292 -0.0069 -1.4728 -0.0569 2.3806 -1.0678 
-1.9300 0.9294 -0.0069 -1.4727 -0.0569 2.3805 -1.0678 
-1.9300 0.9295 -0.0070 -1.4726 -0.0569 2.3805 -1.0678 
-1.9300 0.9297 -0.0070 -1.4724 -0.0569 2.3804 -1.0678 
-1.9300 0.9298 -0.0070 -1.4723 -0.0569 2.3804 -1.0678 
-1.9300 0.9299 -0.0070 -1.4722 -0.0569 2.3803 -1.0677 
-1.9299 0.9301 -0.0070 -1.4721 -0.0569 2.3803 -1.0677 
-1.9299 0.9302 -0.0070 -1.4719 -0.0569 2.3803 -1.0677 
-1.9299 0.9304 -0.0070 -1.4718 -0.0569 2.3802 -1.0677 
-1.9298 0.9305 -0.0070 -1.4717 -0.0569 2.3802 -1.0677 
-1.9298 0.9307 -0.0071 -1.4716 -0.0569 2.3801 -1.0676 
-1.9298 0.9308 -0.0071 -1.4715 -0.0569 2.3801 -1.0676 
-1.9298 0.9310 -0.0071 -1.4713 -0.0569 2.3801 -1.0676 
-1.9297 0.9311 -0.0071 -1.4712 -0.0569 2.3800 -1.0676 
-1.9297 0.9313 -0.0071 -1.4711 -0.0569 2.3800 -1.0675 
-1.9296 0.9314 -0.0071 -1.4710 -0.0569 2.3799 -1.0675 
-1.9296 0.9315 -0.0072 -1.4708 -0.0569 2.3799 -1.0675 
-1.9296 0.9317 -0.0072 -1.4707 -0.0569 2.3799 -1.0675 
-1.9295 0.9318 -0.0072 -1.4706 -0.0569 2.3798 -1.0674 
-1.9295 0.9320 -0.0072 -1.4705 -0.0569 2.3798 -1.0674 
-1.9295 0.9321 -0.0072 -1.4704 -0.0569 2.3798 -1.0674 
-1.9294 0.9323 -0.0073 -1.4702 -0.0569 2.3798 -1.0674 
-1.9294 0.9324 -0.0073 -1.4701 -0.0569 2.3797 -1.0673 
-1.9293 0.9325 -0.0073 -1.4700 -0.0569 2.3797 -1.0673 
-1.9293 0.9327 -0.0073 -1.4699 -0.0569 2.3797 -1.0673 
-1.9292 0.9328 -0.0073 -1.4698 -0.0569 2.3797 -1.0673 
-1.9292 0.9330 -0.0074 -1.4697 -0.0569 2.3797 -1.0673 
-1.9291 0.9331 -0.0074 -1.4696 -0.0569 2.3796 -1.0672 
-1.9291 0.9332 -0.0074 -1.4695 -0.0569 2.3796 -1.0672 
-1.9290 0.9334 -0.0074 -1.4693 -0.0569 2.3796 -1.0672 
-1.9290 0.9335 -0.0074 -1.4692 -0.0569 2.3796 -1.0672 
-1.9289 0.9337 -0.0075 -1.4691 -0.0569 2.3796 -1.0672 
-1.9289 0.9338 -0.0075 -1.4690 -0.0569 2.3796 -1.0672 
-1.9288 0.9339 -0.0075 -1.4689 -0.0569 2.3796 -1.0672 
-1.9288 0.9341 -0.0075 -1.4688 -0.0569 2.3796 -1.0671 
-1.9288 0.9342 -0.0076 -1.4687 -0.0569 2.3796 -1.0671 
-1.9287 0.9343 -0.0076 -1.4686 -0.0569 2.3797 -1.0671 
-1.9287 0.9345 -0.0076 -1.4685 -0.0569 2.3797 -1.0671 
-1.9286 0.9346 -0.0076 -1.4684 -0.0569 2.3797 -1.0671 
-1.9286 0.9348 -0.0076 -1.4683 -0.0569 2.3797 -1.0672 
-1.9285 0.9349 -0.0077 -1.4683 -0.0569 2.3798 -1.0672 
-1.9285 0.9350 -0.0077 -1.4682 -0.0569 2.3798 -1.0672 
-1.9284 0.9352 -0.0077 -1.4681 -0.0569 2.3798 -1.0672 
-1.9284 0.9353 -0.0077 -1.4680 -0.0569 2.3799 -1.0672 
-1.9284 0.9355 -0.0077 -1.4679 -0.0569 2.3799 -1.0673 
-1.9283 0.9356 -0.0078 -1.4678 -0.0569 2.3800 -1.0673 
-1.9283 0.9358 -0.0078 -1.4677 -0.0569 2.3801 -1.0673 
-1.9283 0.9359 -0.0078 -1.4676 -0.0569 2.3801 -1.0674 
-1.9283 0.9361 -0.0078 -1.4676 -0.0569 2.3802 -1.0674 
-1.9282 0.9363 -0.0078 -1.4675 -0.0569 2.3803 -1.0675 
-1.9282 0.9364 -0.0078 -1.4674 -0.0569 2.3804 -1.0675 
-1.9282 0.9366 -0.0078 -1.4673 -0.0569 2.3805 -1.0676 
-1.9282 0.9368 -0.0079 -1.4672 -0.0569 2.3806 -1.0677 
-1.9282 0.9370 -0.0079 -1.4671 -0.0569 2.3807 -1.0677 
-1.9282 0.9372 -0.0079 -1.4670 -0.0569 2.3808 -1.0678 
-1.9282 0.9374 -0.0079 -1.4669 -0.0569 2.3809 -1.0679 
-1.9282 0.9376 -0.0079 -1.4668 -0.0568 2.3810 -1.0680 
-1.9282 0.9378 -0.0079 -1.4668 -0.0568 2.3812 -1.0681 
-1.9283 0.9380 -0.0079 -1.4667 -0.0568 2.3813 -1.0682 
-1.9283 0.9382 -0.0079 -1.4666 -0.0568 2.3814 -1.0682 
-1.9283 0.9385 -0.0079 -1.4665 -0.0568 2.3816 -1.0683 
-1.9284 0.9387 -0.0079 -1.4663 -0.0568 2.3817 -1.0684 
-1.9284 0.9389 -0.0078 -1.4662 -0.0568 2.3819 -1.0685 
-1.9285 0.9392 -0.0078 -1.4661 -0.0568 2.3820 -1.0686 
-1.9285 0.9395 -0.0078 -1.4660 -0.0568 2.3822 -1.0687 
-1.9286 0.9397 -0.0078 -1.4659 -0.0568 2.3823 -1.0688 
-1.9286 0.9400 -0.0078 -1.4658 -0.0568 2.3825 -1.0689 
-1.9287 0.9403 -0.0078 -1.4656 -0.0568 2.3826 -1.0690 
-1.9288 0.9406 -0.0077 -1.4655 -0.0568 2.3828 -1.0690 
-1.9289 0.9409 -0.0077 -1.4653 -0.0568 2.3829 -1.0691 
-1.9290 0.9412 -0.0077 -1.4652 -0.0568 2.3830 -1.0692 
-1.9290 0.9415 -0.0077 -1.4650 -0.0568 2.3832 -1.0692 
-1.9291 0.9418 -0.0076 -1.4649 -0.0568 2.3833 -1.0693 
-1.9292 0.9421 -0.0076 -1.4647 -0.0568 2.3834 -1.0693 
-1.9293 0.9424 -0.0076 -1.4646 -0.0568 2.3835 -1.0693 
-1.9294 0.9427 -0.0076 -1.4644 -0.0568 2.3837 -1.0694 
-1.9295 0.9431 -0.0075 -1.4642 -0.0568 2.3838 -1.0694 
-1.9296 0.9434 -0.0075 -1.4640 -0.0568 2.3838 -1.0694 
-1.9298 0.9437 -0.0075 -1.4638 -0.0568 2.3839 -1.0694 
-1.9299 0.9440 -0.0074 -1.4637 -0.0568 2.3840 -1.0693 
-1.9300 0.9444 -0.0074 -1.4635 -0.0568 2.3841 -1.0693 
-1.9301 0.9447 -0.0074 -1.4633 -0.0568 2.3841 -1.0692 
-1.9302 0.9450 -0.0073 -1.4631 -0.0568 2.3842 -1.0692 
-1.9303 0.9453 -0.0073 -1.4629 -0.0568 2.3842 -1.0691 
-1.9304 0.9456 -0.0073 -1.4627 -0.0568 2.3842 -1.0690 
-1.9305 0.9459 -0.0072 -1.4625 -0.0567 2.3842 -1.0689 
-1.9306 0.9462 -0.0072 -1.4623 -0.0567 2.3842 -1.0687 
-1.9307 0.9465 -0.0072 -1.4621 -0.0567 2.3842 -1.0686 
-1.9307 0.9468 -0.0072 -1.4619 -0.0567 2.3842 -1.0684 
-1.9308 0.9471 -0.0071 -1.4617 -0.0567 2.3841 -1.0683 
-1.9309 0.9474 -0.0071 -1.4615 -0.0567 2.3841 -1.0681 
-1.9310 0.9476 -0.0071 -1.4613 -0.0567 2.3840 -1.0679 
-1.9310 0.9479 -0.0071 -1.4611 -0.0567 2.3839 -1.0677 
-1.9311 0.9481 -0.0071 -1.4609 -0.0567 2.3839 -1.0675 
-1.9311 0.9484 -0.0070 -1.4607 -0.0567 2.3838 -1.0672 
-1.9312 0.9486 -0.0070 -1.4605 -0.0567 2.3837 -1.0670 
-1.9312 0.9488 -0.0070 -1.4603 -0.0567 2.3836 -1.0667 
-1.9313 0.9490 -0.0070 -1.4602 -0.0567 2.3835 -1.0664 
-1.9313 0.9492 -0.0070 -1.4600 -0.0567 2.3833 -1.0661 
-1.9313 0.9493 -0.0070 -1.4598 -0.0567 2.3832 -1.0658 
-1.9313 0.9495 -0.0070 -1.4597 -0.0567 2.3831 -1.0655 
-1.9313 0.9496 -0.0070 -1.4595 -0.0567 2.3829 -1.0651 
-1.9313 0.9498 -0.0070 -1.4594 -0.0567 2.3828 -1.0648 
-1.9313 0.9499 -0.0070 -1.4592 -0.0567 2.3826 -1.0644 
-1.9313 0.9500 -0.0070 -1.4591 -0.0567 2.3825 -1.0640 
-1.9313 0.9501 -0.0070 -1.4590 -0.0567 2.3823 -1.0635 
-1.9313 0.9502 -0.0070 -1.4589 -0.0567 2.3822 -1.0631 
-1.9312 0.9502 -0.0070 -1.4587 -0.0567 2.3820 -1.0626 
-1.9312 0.9503 -0.0071 -1.4586 -0.0567 2.3819 -1.0620 
-1.9312 0.9503 -0.0071 -1.4586 -0.0567 2.3817 -1.0615 
-1.9311 0.9504 -0.0071 -1.4585 -0.0567 2.3816 -1.0609 
-1.9311 0.9504 -0.0071 -1.4584 -0.0567 2.3814 -1.0602 
-1.9310 0.9504 -0.0071 -1.4583 -0.0567 2.3813 -1.0595 
-1.9310 0.9504 -0.0072 -1.4583 -0.0566 2.3812 -1.0588 
-1.9309 0.9505 -0.0072 -1.4582 -0.0566 2.3810 -1.0579 
-1.9308 0.9505 -0.0072 -1.4582 -0.0566 2.3809 -1.0571 
-1.9308 0.9505 -0.0072 -1.4581 -0.0566 2.3808 -1.0561 
-1.9307 0.9504 -0.0072 -1.4581 -0.0566 2.3806 -1.0551 
-1.9307 0.9504 -0.0073 -1.4580 -0.0566 2.3805 -1.0540 
-1.9306 0.9504 -0.0073 -1.4580 -0.0565 2.3804 -1.0528 
-1.9305 0.9504 -0.0073 -1.4580 -0.0565 2.3803 -1.0514 
-1.9305 0.9504 -0.0073 -1.4580 -0.0565 2.3802 -1.0500 
-1.9304 0.9504 -0.0073 -1.4579 -0.0565 2.3802 -1.0485 
-1.9304 0.9504 -0.0074 -1.4579 -0.0564 2.3801 -1.0468 
-1.9304 0.9504 -0.0074 -1.4579 -0.0564 2.3800 -1.0451 
-1.9303 0.9504 -0.0074 -1.4579 -0.0563 2.3799 -1.0431 
-1.9303 0.9504 -0.0074 -1.4579 -0.0563 2.3799 -1.0411 
-1.9303 0.9505 -0.0074 -1.4578 -0.0562 2.3798 -1.0388 
-1.9302 0.9505 -0.0074 -1.4578 -0.0561 2.3798 -1.0364 
-1.9302 0.9505 -0.0074 -1.4578 -0.0560 2.3798 -1.0339 
-1.9302 0.9506 -0.0074 -1.4577 -0.0560 2.3798 -1.0311 
-1.9303 0.9507 -0.0074 -1.4577 -0.0559 2.3797 -1.0282 
-1.9303 0.9508 -0.0074 -1.4576 -0.0558 2.3797 -1.0251 
-1.9303 0.9509 -0.0074 -1.4576 -0.0557 2.3797 -1.0218 
-1.9304 0.9510 -0.0074 -1.4575 -0.0555 2.3797 -1.0183 
-1.9304 0.9511 -0.0074 -1.4574 -0.0554 2.3797 -1.0146 
-1.9305 0.9513 -0.0073 -1.4574 -0.0553 2.3797 -1.0107 
-1.9305 0.9515 -0.0073 -1.4573 -0.0551 2.3797 -1.0066 
-1.9306 0.9517 -0.0073 -1.4572 -0.0550 2.3797 -1.0022 
-1.9307 0.9519 -0.0072 -1.4571 -0.0548 2.3798 -0.9977 
-1.9308 0.9521 -0.0072 -1.4570 -0.0547 2.3798 -0.9930 
-1.9310 0.9523 -0.0071 -1.4568 -0.0545 2.3798 -0.9880 
-1.9311 0.9526 -0.0071 -1.4567 -0.0543 2.3798 -0.9829 
-1.9312 0.9528 -0.0071 -1.4566 -0.0541 2.3798 -0.9775 
-1.9314 0.9531 -0.0070 -1.4564 -0.0539 2.3799 -0.9720 
-1.9315 0.9534 -0.0069 -1.4563 -0.0537 2.3799 -0.9663 
-1.9317 0.9537 -0.0069 -1.4561 -0.0534 2.3799 -0.9603 
-1.9318 0.9540 -0.0068 -1.4559 -0.0532 2.3799 -0.9542 
-1.9320 0.9543 -0.0068 -1.4557 -0.0529 2.3799 -0.9480 
-1.9322 0.9546 -0.0067 -1.4555 -0.0527 2.3799 -0.9415 
-1.9324 0.9550 -0.0066 -1.4554 -0.0524 2.3800 -0.9349 
-1.9325 0.9553 -0.0066 -1.4552 -0.0522 2.3800 -0.9282 
-1.9327 0.9557 -0.0065 -1.4550 -0.0519 2.3800 -0.9213 
-1.9329 0.9560 -0.0064 -1.4548 -0.0516 2.3800 -0.9142 
-1.9331 0.9564 -0.0064 -1.4545 -0.0513 2.3800 -0.9071 
-1.9333 0.9567 -0.0063 -1.4543 -0.0510 2.3800 -0.8998 
-1.9335 0.9571 -0.0062 -1.4541 -0.0507 2.3800 -0.8924 
-1.9337 0.9575 -0.0061 -1.4539 -0.0504 2.3800 -0.8849 
-1.9339 0.9578 -0.0061 -1.4537 -0.0501 2.3800 -0.8773 
-1.9341 0.9582 -0.0060 -1.4535 -0.0498 2.3800 -0.8696 
-1.9343 0.9585 -0.0059 -1.4533 -0.0494 2.3800 -0.8618 
-1.9345 0.9589 -0.0059 -1.4531 -0.0491 2.3800 -0.8539 
-1.9347 0.9592 -0.0058 -1.4529 -0.0488 2.3800 -0.8460 
-1.9349 0.9596 -0.0057 -1.4527 -0.0484 2.3800 -0.8380 
-1.9351 0.9599 -0.0057 -1.4525 -0.0481 2.3800 -0.8300 
-1.9353 0.9602 -0.0056 -1.4523 -0.0477 2.3800 -0.8219 
-1.9355 0.9606 -0.0055 -1.4521 -0.0474 2.3800 -0.8138 
-1.9357 0.9609 -0.0055 -1.4519 -0.0470 2.3800 -0.8057 
-1.9359 0.9612 -0.0054 -1.4517 -0.0467 2.3800 -0.7975 
-1.9360 0.9615 -0.0053 -1.4515 -0.0463 2.3800 -0.7893 
-1.9362 0.9618 -0.0053 -1.4513 -0.0459 2.3800 -0.7811 
-1.9364 0.9621 -0.0052 -1.4511 -0.0456 2.3799 -0.7729 
-1.9365 0.9624 -0.0052 -1.4510 -0.0452 2.3799 -0.7648 
-1.9367 0.9627 -0.0051 -1.4508 -0.0449 2.3799 -0.7566 
-1.9369 0.9629 -0.0051 -1.4507 -0.0445 2.3799 -0.7484 
-1.9370 0.9632 -0.0050 -1.4505 -0.0441 2.3799 -0.7402 
-1.9372 0.9634 -0.0050 -1.4504 -0.0438 2.3799 -0.7321 
-1.9373 0.9637 -0.0049 -1.4502 -0.0434 2.3799 -0.7240 
-1.9374 0.9639 -0.0049 -1.4501 -0.0430 2.3799 -0.7159 
-1.9376 0.9641 -0.0048 -1.4500 -0.0427 2.3799 -0.7078 
-1.9377 0.9643 -0.0048 -1.4498 -0.0423 2.3799 -0.6998 
-1.9378 0.9645 -0.0047 -1.4497 -0.0419 2.3799 -0.6919 
-1.9380 0.9647 -0.0047 -1.4496 -0.0416 2.3799 -0.6839 
-1.9381 0.9649 -0.0047 -1.4495 -0.0412 2.3798 -0.6761 
-1.9382 0.9651 -0.0046 -1.4494 -0.0409 2.3798 -0.6683 
-1.9383 0.9652 -0.0046 -1.4493 -0.0405 2.3798 -0.6605 
-1.9384 0.9654 -0.0046 -1.4492 -0.0401 2.3798 -0.6528 
-1.9385 0.9655 -0.0045 -1.4491 -0.0398 2.3798 -0.6452 
-1.9386 0.9657 -0.0045 -1.4491 -0.0394 2.3798 -0.6376 
-1.9387 0.9658 -0.0045 -1.4490 -0.0391 2.3798 -0.6301 
-1.9388 0.9659 -0.0045 -1.4489 -0.0387 2.3798 -0.6227 
-1.9388 0.9660 -0.0044 -1.4489 -0.0384 2.3798 -0.6153 
-1.9389 0.9661 -0.0044 -1.4488 -0.0380 2.3798 -0.6081 
-1.9390 0.9662 -0.0044 -1.4488 -0.0377 2.3798 -0.6008 
-1.9391 0.9663 -0.0044 -1.4487 -0.0373 2.3798 -0.5937 
-1.9391 0.9664 -0.0044 -1.4487 -0.0370 2.3798 -0.5866 
-1.9392 0.9664 -0.0044 -1.4486 -0.0367 2.3798 -0.5796 
-1.9392 0.9665 -0.0044 -1.4486 -0.0363 2.3798 -0.5727 
-1.9393 0.9666 -0.0043 -1.4486 -0.0360 2.3798 -0.5658 
-1.9393 0.9666 -0.0043 -1.4486 -0.0357 2.3798 -0.5590 
-1.9394 0.9667 -0.0043 -1.4485 -0.0353 2.3798 -0.5522 
-1.9394 0.9667 -0.0043 -1.4485 -0.0350 2.3798 -0.5455 
-1.9395 0.9667 -0.0043 -1.4485 -0.0347 2.3798 -0.5389 
-1.9395 0.9668 -0.0043 -1.4485 -0.0343 2.3798 -0.5323 
-1.9395 0.9668 -0.0043 -1.4485 -0.0340 2.3798 -0.5257 
-1.9396 0.9668 -0.0043 -1.4485 -0.0337 2.3798 -0.5191 
-1.9396 0.9668 -0.0043 -1.4485 -0.0333 2.3798 -0.5126 
-1.9396 0.9668 -0.0043 -1.4485 -0.0330 2.3798 -0.5060 
-1.9397 0.9668 -0.0043 -1.4485 -0.0327 2.3798 -0.4995 
-1.9397 0.9668 -0.0043 -1.4485 -0.0323 2.3797 -0.4929 
-1.9397 0.9669 -0.0043 -1.4485 -0.0320 2.3797 -0.4863 
-1.9397 0.9669 -0.0043 -1.4485 -0.0316 2.3797 -0.4797 
-1.9398 0.9669 -0.0043 -1.4485 -0.0313 2.3797 -0.4729 
-1.9398 0.9669 -0.0043 -1.4485 -0.0309 2.3797 -0.4661 
-1.9398 0.9669 -0.0043 -1.4485 -0.0306 2.3797 -0.4592 
-1.9399 0.9669 -0.0043 -1.4485 -0.0302 2.3796 -0.4521 
-1.9399 0.9669 -0.0043 -1.4485 -0.0298 2.3796 -0.4449 
-1.9399 0.9670 -0.0043 -1.4485 -0.0294 2.3796 -0.4376 
-1.9400 0.9670 -0.0043 -1.4485 -0.0290 2.3795 -0.4300 
-1.9400 0.9670 -0.0043 -1.4485 -0.0285 2.3795 -0.4222 
-1.9401 0.9671 -0.0043 -1.4484 -0.0281 2.3795 -0.4142 
-1.9402 0.9672 -0.0043 -1.4484 -0.0276 2.3794 -0.4059 
-1.9402 0.9672 -0.0042 -1.4483 -0.0272 2.3794 -0.3973 
-1.9403 0.9673 -0.0042 -1.4483 -0.0267 2.3793 -0.3884 
-1.9404 0.9674 -0.0042 -1.4482 -0.0262 2.3793 -0.3792 
-1.9405 0.9676 -0.0042 -1.4481 -0.0256 2.3792 -0.3697 
-1.9406 0.9677 -0.0041 -1.4480 -0.0251 2.3791 -0.3598 
-1.9407 0.9679 -0.0041 -1.4479 -0.0245 2.3791 -0.3496 
-1.9408 0.9680 -0.0041 -1.4478 -0.0239 2.3790 -0.3390 
-1.9410 0.9682 -0.0040 -1.4477 -0.0233 2.3789 -0.3280 
-1.9411 0.9684 -0.0040 -1.4476 -0.0227 2.3789 -0.3167 
-1.9413 0.9687 -0.0039 -1.4474 -0.0220 2.3788 -0.3050 
-1.9414 0.9689 -0.0039 -1.4473 -0.0213 2.3787 -0.2929 
-1.9416 0.9692 -0.0038 -1.4471 -0.0206 2.3786 -0.2806 
-1.9418 0.9694 -0.0038 -1.4469 -0.0199 2.3786 -0.2679 
-1.9420 0.9697 -0.0037 -1.4467 -0.0192 2.3785 -0.2550 
-1.9422 0.9701 -0.0036 -1.4465 -0.0185 2.3784 -0.2419 
-1.9424 0.9704 -0.0036 -1.4463 -0.0177 2.3783 -0.2285 
-1.9426 0.9707 -0.0035 -1.4461 -0.0170 2.3783 -0.2149 
-1.9428 0.9711 -0.0034 -1.4458 -0.0162 2.3782 -0.2013 
-1.9431 0.9714 -0.0033 -1.4456 -0.0154 2.3781 -0.1875 
-1.9433 0.9718 -0.0033 -1.4454 -0.0147 2.3781 -0.1737 
-1.9435 0.9722 -0.0032 -1.4451 -0.0139 2.3780 -0.1599 
-1.9437 0.9725 -0.0031 -1.4449 -0.0131 2.3779 -0.1461 
-1.9440 0.9729 -0.0030 -1.4447 -0.0124 2.3779 -0.1324 
-1.9442 0.9733 -0.0029 -1.4444 -0.0116 2.3778 -0.1188 
-1.9444 0.9737 -0.0029 -1.4442 -0.0109 2.3778 -0.1053 
-1.9447 0.9740 -0.0028 -1.4439 -0.0102 2.3778 -0.0920 
-1.9449 0.9744 -0.0027 -1.4437 -0.0094 2.3777 -0.0789 
-1.9451 0.9748 -0.0026 -1.4435 -0.0087 2.3777 -0.0661 
-1.9453 0.9751 -0.0025 -1.4433 -0.0080 2.3777 -0.0535 
-1.9455 0.9755 -0.0025 -1.4430 -0.0074 2.3777 -0.0411 
-1.9457 0.9758 -0.0024 -1.4428 -0.0067 2.3777 -0.0291 
-1.9459 0.9761 -0.0023 -1.4426 -0.0060 2.3777 -0.0173 
-1.9461 0.9765 -0.0023 -1.4424 -0.0054 2.3777 -0.0058 
-1.9463 0.9768 -0.0022 -1.4422 -0.0048 2.3777 0.0053 
-1.9465 0.9771 -0.0021 -1.4420 -0.0042 2.3777 0.0162 
-1.9466 0.9774 -0.0021 -1.4419 -0.0036 2.3777 0.0267 
-1.9468 0.9776 -0.0020 -1.4417 -0.0031 2.3777 0.0369 
-1.9469 0.9779 -0.0019 -1.4415 -0.0025 2.3778 0.0468 
-1.9471 0.9782 -0.0019 -1.4414 -0.0020 2.3778 0.0565 
-1.9472 0.9784 -0.0018 -1.4413 -0.0015 2.3778 0.0658 
-1.9474 0.9786 -0.0018 -1.4411 -0.0010 2.3779 0.0748 
-1.9475 0.9789 -0.0017 -1.4410 -0.0005 2.3779 0.0835 
-1.9476 0.9791 -0.0017 -1.4409 -0.0001 2.3780 0.0920 
-1.9477 0.9793 -0.0016 -1.4408 0.0004 2.3780 0.1002 
-1.9478 0.9795 -0.0016 -1.4406 0.0008 2.3781 0.1081 
-1.9479 0.9797 -0.0016 -1.4405 0.0013 2.3782 0.1158 
-1.9480 0.9798 -0.0015 -1.4404 0.0017 2.3782 0.1233 
-1.9481 0.9800 -0.0015 -1.4404 0.0021 2.3783 0.1306 
-1.9482 0.9801 -0.0015 -1.4403 0.0024 2.3784 0.1376 
-1.9483 0.9803 -0.0014 -1.4402 0.0028 2.3785 0.1444 
-1.9483 0.9804 -0.0014 -1.4401 0.0032 2.3786 0.1510 
-1.9484 0.9806 -0.0014 -1.4401 0.0035 2.3787 0.1575 
-1.9485 0.9807 -0.0013 -1.4400 0.0039 2.3788 0.1638 
-1.9485 0.9808 -0.0013 -1.4399 0.0042 2.3789 0.1699 
-1.9486 0.9809 -0.0013 -1.4399 0.0046 2.3790 0.1758 
-1.9486 0.9810 -0.0013 -1.4398 0.0049 2.3791 0.1816 
-1.9487 0.9811 -0.0012 -1.4398 0.0052 2.3792 0.1873 
-1.9487 0.9812 -0.0012 -1.4397 0.0055 2.3793 0.1929 
-1.9488 0.9813 -0.0012 -1.4397 0.0058 2.3794 0.1983 
-1.9488 0.9814 -0.0012 -1.4396 0.0061 2.3796 0.2037 
-1.9488 0.9815 -0.0012 -1.4396 0.0064 2.3797 0.2089 
-1.9489 0.9816 -0.0012 -1.4396 0.0067 2.3798 0.2141 
-1.9489 0.9816 -0.0011 -1.4395 0.0070 2.3800 0.2192 
-1.9489 0.9817 -0.0011 -1.4395 0.0073 2.3801 0.2242 
-1.9490 0.9818 -0.0011 -1.4395 0.0076 2.3803 0.2292 
-1.9490 0.9819 -0.0011 -1.4394 0.0078 2.3804 0.2341 
-1.9490 0.9819 -0.0011 -1.4394 0.0081 2.3806 0.2389 
-1.9490 0.9820 -0.0011 -1.4394 0.0084 2.3808 0.2437 
-1.9491 0.9821 -0.0011 -1.4393 0.0087 2.3809 0.2485 
-1.9491 0.9821 -0.0010 -1.4393 0.0089 2.3811 0.2533 
-1.9491 0.9822 -0.0010 -1.4393 0.0092 2.3813 0.2581 
-1.9491 0.9823 -0.0010 -1.4392 0.0095 2.3815 0.2628 
-1.9492 0.9823 -0.0010 -1.4392 0.0097 2.3817 0.2675 
-1.9492 0.9824 -0.0010 -1.4391 0.0100 2.3819 0.2722 
-1.9492 0.9825 -0.0010 -1.4391 0.0103 2.3821 0.2770 
-1.9492 0.9826 -0.0010 -1.4391 0.0106 2.3823 0.2817 
-1.9493 0.9827 -0.0010 -1.4390 0.0108 2.3825 0.2864 
-1.9493 0.9827 -0.0009 -1.4389 0.0111 2.3827 0.2911 
-1.9493 0.9828 -0.0009 -1.4389 0.0114 2.3829 0.2958 
-1.9493 0.9829 -0.0009 -1.4388 0.0116 2.3831 0.3005 
-1.9494 0.9830 -0.0009 -1.4388 0.0119 2.3832 0.3052 
-1.9494 0.9831 -0.0009 -1.4387 0.0122 2.3834 0.3098 
-1.9495 0.9832 -0.0009 -1.4386 0.0124 2.3836 0.3145 
-1.9495 0.9833 -0.0008 -1.4386 0.0127 2.3838 0.3191 
-1.9495 0.9834 -0.0008 -1.4385 0.0130 2.3840 0.3236 
-1.9496 0.9835 -0.0008 -1.4384 0.0132 2.3842 0.3281 
-1.9496 0.9836 -0.0008 -1.4383 0.0135 2.3843 0.3325 
-1.9497 0.9838 -0.0008 -1.4382 0.0137 2.3845 0.3369 
-1.9497 0.9839 -0.0007 -1.4381 0.0139 2.3846 0.3412 
-1.9498 0.9840 -0.0007 -1.4381 0.0142 2.3848 0.3453 
-1.9498 0.9841 -0.0007 -1.4380 0.0144 2.3849 0.3494 
-1.9499 0.9842 -0.0007 -1.4379 0.0146 2.3850 0.3534 
-1.9499 0.9843 -0.0007 -1.4378 0.0148 2.3851 0.3572 
-1.9500 0.9844 -0.0006 -1.4377 0.0150 2.3852 0.3609 
-1.9500 0.9846 -0.0006 -1.4376 0.0152 2.3853 0.3645 
-1.9501 0.9847 -0.0006 -1.4375 0.0154 2.3854 0.3680 
-1.9501 0.9848 -0.0006 -1.4375 0.0156 2.3854 0.3713 
-1.9502 0.9849 -0.0006 -1.4374 0.0158 2.3855 0.3745 
-1.9503 0.9850 -0.0005 -1.4373 0.0159 2.3855 0.3775 
-1.9503 0.9851 -0.0005 -1.4372 0.0161 2.3855 0.3804 
-1.9504 0.9852 -0.0005 -1.4372 0.0162 2.3855 0.3831 
-1.9504 0.9853 -0.0005 -1.4371 0.0164 2.3855 0.3857 
-1.9505 0.9854 -0.0005 -1.4370 0.0165 2.3855 0.3882 
-1.9505 0.9854 -0.0004 -1.4370 0.0166 2.3855 0.3906 
-1.9505 0.9855 -0.0004 -1.4369 0.0168 2.3855 0.3928 
-1.9506 0.9856 -0.0004 -1.4369 0.0169 2.3855 0.3949 
-1.9506 0.9857 -0.0004 -1.4368 0.0170 2.3855 0.3968 
-1.9507 0.9857 -0.0004 -1.4368 0.0171 2.3854 0.3987 
-1.9507 0.9858 -0.0004 -1.4367 0.0172 2.3854 0.4005 
-1.9507 0.9859 -0.0003 -1.4367 0.0172 2.3854 0.4021 
-1.9508 0.9859 -0.0003 -1.4366 0.0173 2.3853 0.4037 
-1.9508 0.9860 -0.0003 -1.4366 0.0174 2.3853 0.4052 
-1.9508 0.9860 -0.0003 -1.4366 0.0175 2.3852 0.4066 
-1.9509 0.9861 -0.0003 -1.4365 0.0175 2.3851 0.4079 
-1.9509 0.9861 -0.0003 -1.4365 0.0176 2.3851 0.4091 
-1.9509 0.9862 -0.0003 -1.4365 0.0177 2.3850 0.4102 
-1.9509 0.9862 -0.0003 -1.4364 0.0177 2.3850 0.4113 
-1.9510 0.9862 -0.0003 -1.4364 0.0178 2.3849 0.4123 
-1.9510 0.9863 -0.0002 -1.4364 0.0178 2.3848 0.4133 
-1.9510 0.9863 -0.0002 -1.4364 0.0179 2.3847 0.4142 
-1.9510 0.9863 -0.0002 -1.4364 0.0179 2.3847 0.4150 
-1.9510 0.9863 -0.0002 -1.4364 0.0179 2.3846 0.4158 
-1.9511 0.9864 -0.0002 -1.4363 0.0180 2.3845 0.4166 
-1.9511 0.9864 -0.0002 -1.4363 0.0180 2.3845 0.4173 
-1.9511 0.9864 -0.0002 -1.4363 0.0180 2.3844 0.4179 
-1.9511 0.9864 -0.0002 -1.4363 0.0181 2.3843 0.4185 
-1.9511 0.9865 -0.0002 -1.4363 0.0181 2.3842 0.4191 
-1.9511 0.9865 -0.0002 -1.4363 0.0181 2.3841 0.4196 
-1.9512 0.9865 -0.0002 -1.4363 0.0181 2.3841 0.4201 
-1.9512 0.9865 -0.0002 -1.4363 0.0182 2.3840 0.4206 
-1.9512 0.9865 -0.0002 -1.4363 0.0182 2.3839 0.4211 
-1.9512 0.9865 -0.0002 -1.4363 0.0182 2.3838 0.4215 
-1.9512 0.9865 -0.0002 -1.4363 0.0182 2.3838 0.4218 
-1.9512 0.9865 -0.0002 -1.4363 0.0182 2.3837 0.4222 
-1.9512 0.9865 -0.0002 -1.4363 0.0183 2.3836 0.4225 
-1.9512 0.9865 -0.0002 -1.4363 0.0183 2.3835 0.4228 
-1.9512 0.9865 -0.0001 -1.4363 0.0183 2.3834 0.4231 
-1.9512 0.9865 -0.0001 -1.4363 0.0183 2.3834 0.4233 
-1.9512 0.9866 -0.0001 -1.4363 0.0183 2.3833 0.4236 
-1.9512 0.9866 -0.0001 -1.4363 0.0183 2.3832 0.4238 
-1.9512 0.9866 -0.0001 -1.4363 0.0183 2.3831 0.4240 
-1.9512 0.9866 -0.0001 -1.4363 0.0183 2.3830 0.4241 
-1.9513 0.9866 -0.0001 -1.4363 0.0183 2.3830 0.4243 
-1.9513 0.9866 -0.0001 -1.4363 0.0183 2.3829 0.4244 
-1.9513 0.9865 -0.0001 -1.4363 0.0184 2.3828 0.4245 
-1.9513 0.9865 -0.0001 -1.4363 0.0184 2.3827 0.4246 
-1.9513 0.9865 -0.0001 -1.4363 0.0184 2.3826 0.4247 
-1.9513 0.9865 -0.0001 -1.4363 0.0184 2.3826 0.4247 
-1.9513 0.9865 -0.0001 -1.4363 0.0184 2.3825 0.4248 
-1.9513 0.9865 -0.0001 -1.4363 0.0184 2.3824 0.4248 
-1.9513 0.9865 -0.0001 -1.4363 0.0184 2.3823 0.4248 
-1.9513 0.9865 -0.0001 -1.4363 0.0184 2.3822 0.4248 
-1.9513 0.9865 -0.0001 -1.4363 0.0184 2.3822 0.4247 
-1.9513 0.9865 -0.0001 -1.4364 0.0184 2.3821 0.4247 
-1.9513 0.9865 -0.0001 -1.4364 0.0184 2.3820 0.4246 
-1.9513 0.9865 -0.0001 -1.4364 0.0183 2.3819 0.4245 
-1.9513 0.9865 -0.0001 -1.4364 0.0183 2.3819 0.4244 
-1.9513 0.9865 -0.0001 -1.4364 0.0183 2.3818 0.4243 
-1.9513 0.9865 -0.0001 -1.4364 0.0183 2.3817 0.4242 
-1.9513 0.9864 -0.0001 -1.4364 0.0183 2.3816 0.4240 
-1.9513 0.9864 -0.0001 -1.4364 0.0183 2.3815 0.4239 
-1.9513 0.9864 -0.0001 -1.4364 0.0183 2.3815 0.4237 
-1.9512 0.9864 -0.0001 -1.4364 0.0183 2.3814 0.4235 
-1.9512 0.9864 -0.0001 -1.4365 0.0183 2.3813 0.4233 
-1.9512 0.9864 -0.0001 -1.4365 0.0183 2.3812 0.4230 
-1.9512 0.9864 -0.0001 -1.4365 0.0183 2.3811 0.4227 
-1.9512 0.9863 -0.0001 -1.4365 0.0182 2.3811 0.4225 
-1.9512 0.9863 -0.0001 -1.4365 0.0182 2.3810 0.4222 
-1.9512 0.9863 -0.0001 -1.4365 0.0182 2.3809 0.4218 
