-1.93873 0.923122 -0.000241649 -1.46633 -0.0582089 2.37593 -1.07035 
-1.93872 0.923119 -0.000234202 -1.46633 -0.0582109 2.37593 -1.07035 
-1.93873 0.923124 -0.000236388 -1.46633 -0.0582115 2.37593 -1.07035 
-1.93874 0.923128 -0.000242333 -1.46633 -0.0582109 2.37592 -1.07035 
-1.93874 0.923121 -0.000237831 -1.46633 -0.0582115 2.37593 -1.07035 
-1.93873 0.923126 -0.000239493 -1.46633 -0.0582103 2.37593 -1.07035 
-1.93873 0.923124 -0.000239952 -1.46633 -0.0582095 2.37593 -1.07035 
-1.93873 0.923121 -0.000241441 -1.46633 -0.0582109 2.37593 -1.07035 
-1.93873 0.923119 -0.000237822 -1.46633 -0.0582109 2.37593 -1.07035 
-1.93872 0.923122 -0.000232532 -1.46633 -0.0582109 2.37593 -1.07035 
-1.93872 0.923124 -0.000236151 -1.46633 -0.0582109 2.37593 -1.07035 
-1.93873 0.923115 -0.000234924 -1.46633 -0.0582121 2.37593 -1.07035 
-1.93873 0.923119 -0.000237822 -1.46633 -0.0582095 2.37593 -1.07035 
-1.93873 0.923119 -0.000236151 -1.46633 -0.0582103 2.37593 -1.07035 
-1.93872 0.923117 -0.000232611 -1.46633 -0.0582121 2.37593 -1.07035 
-1.93872 0.923121 -0.000236151 -1.46633 -0.0582115 2.37593 -1.07035 
-1.93872 0.923117 -0.000234202 -1.46633 -0.0582109 2.37593 -1.07035 
-1.93871 0.923119 -0.000230862 -1.46633 -0.0582121 2.37593 -1.07035 
-1.9387 0.92312 -0.000227242 -1.46633 -0.0582115 2.37593 -1.07035 
-1.93871 0.923119 -0.000227242 -1.46633 -0.0582109 2.37593 -1.07035 
-1.93872 0.923115 -0.000234202 -1.46633 -0.0582109 2.37593 -1.07035 
-1.93871 0.923119 -0.000230862 -1.46633 -0.0582115 2.37593 -1.07035 
-1.9387 0.923121 -0.000227006 -1.46633 -0.0582121 2.37593 -1.07035 
-1.9387 0.923122 -0.000228913 -1.46633 -0.0582121 2.37593 -1.07035 
-1.93871 0.923124 -0.000228913 -1.46633 -0.0582115 2.37592 -1.07036 
-1.93871 0.923126 -0.000230862 -1.46633 -0.0582109 2.37593 -1.07035 
-1.93871 0.923126 -0.000228913 -1.46633 -0.0582121 2.37592 -1.07035 
-1.93871 0.923124 -0.000230862 -1.46633 -0.0582121 2.37592 -1.07035 
-1.93872 0.923125 -0.000236152 -1.46633 -0.0582109 2.37592 -1.07035 
-1.93873 0.923128 -0.000239492 -1.46633 -0.0582109 2.37593 -1.07035 
-1.93872 0.923121 -0.000234202 -1.46633 -0.0582121 2.37593 -1.07035 
-1.93869 0.923129 -0.000223623 -1.46633 -0.0582121 2.37592 -1.07035 
-1.93869 0.923128 -0.000220282 -1.46633 -0.0582121 2.37593 -1.07035 
-1.93871 0.923119 -0.000232453 -1.46633 -0.0582103 2.37593 -1.07035 
-1.93872 0.923117 -0.000239492 -1.46633 -0.0582115 2.37593 -1.07035 
-1.93871 0.923129 -0.000234202 -1.46633 -0.0582115 2.37593 -1.07035 
-1.9387 0.923128 -0.000227242 -1.46633 -0.0582103 2.37593 -1.07035 
-1.93871 0.923131 -0.000232532 -1.46633 -0.0582115 2.37593 -1.07035 
-1.93874 0.923126 -0.000243572 -1.46633 -0.0582109 2.37593 -1.07035 
-1.93873 0.923112 -0.000240282 -1.46632 -0.0582109 2.37593 -1.07035 
-1.93873 0.923096 -0.000232532 -1.46632 -0.0582103 2.37593 -1.07035 
-1.93874 0.923099 -0.000243193 -1.46632 -0.0582103 2.37593 -1.07035 
-1.93878 0.923106 -0.000269415 -1.46633 -0.0582103 2.37593 -1.07035 
-1.93886 0.923108 -0.000268568 -1.46633 -0.0582095 2.37593 -1.07035 
-1.93893 0.923102 -0.000284437 -1.46633 -0.0582089 2.37593 -1.07034 
-1.93895 0.923099 -0.000292778 -1.46632 -0.0582095 2.37593 -1.07035 
-1.93894 0.923093 -0.000290684 -1.46632 -0.0582103 2.37593 -1.07035 
-1.93894 0.923084 -0.000294027 -1.46631 -0.0582089 2.37593 -1.07035 
-1.93895 0.923084 -0.000300757 -1.46632 -0.0582083 2.37593 -1.07035 
-1.93894 0.923091 -0.00028859 -1.46632 -0.0582103 2.37593 -1.07035 
-1.93887 0.923119 -0.000251734 -1.46633 -0.0582103 2.37593 -1.07035 
-1.9388 0.923121 -0.000227815 -1.46633 -0.0582109 2.37593 -1.07035 
-1.93878 0.923089 -0.000229879 -1.46632 -0.0582089 2.37593 -1.07035 
-1.93878 0.923084 -0.00023154 -1.46632 -0.0582103 2.37593 -1.07035 
-1.93876 0.923114 -0.00021567 -1.46633 -0.0582103 2.37593 -1.07035 
-1.93873 0.923109 -0.000203993 -1.46633 -0.0582103 2.37593 -1.07035 
-1.93872 0.923047 -0.00021262 -1.46631 -0.0582103 2.37594 -1.07035 
-1.93873 0.923037 -0.000218188 -1.4663 -0.0582095 2.37594 -1.07036 
-1.93874 0.923088 -0.000223478 -1.46633 -0.0582115 2.37592 -1.07035 
-1.93874 0.923101 -0.000229927 -1.46635 -0.0582128 2.37592 -1.07035 
-1.93872 0.923085 -0.000213318 -1.46634 -0.0582121 2.37592 -1.07035 
-1.93866 0.92308 -0.00020399 -1.46634 -0.0582172 2.37592 -1.07035 
-1.93862 0.923072 -0.000208481 -1.46634 -0.058214 2.37592 -1.07035 
-1.93863 0.923062 -0.000209279 -1.46633 -0.0582245 2.37593 -1.07036 
-1.93857 0.922697 -0.000243922 -1.46637 -0.0586728 2.37601 -1.07036 
-1.93847 0.922015 -0.000243754 -1.46642 -0.05923 2.37658 -1.07036 
-1.93824 0.921002 -0.000243755 -1.46642 -0.0597221 2.37658 -1.07036 
-1.93796 0.919604 -0.000235832 -1.46642 -0.0600274 2.37656 -1.07036 
-1.93762 0.917929 -0.00024695 -1.46648 -0.0602835 2.37653 -1.07036 
-1.93722 0.915967 -0.000248621 -1.46657 -0.060514 2.37649 -1.07037 
-1.93679 0.914022 -0.000236516 -1.46679 -0.0607608 2.3763 -1.07036 
-1.93624 0.911809 -0.000241806 -1.46732 -0.0609973 2.37612 -1.07036 
-1.93571 0.909284 -0.000239712 -1.46834 -0.0611002 2.37611 -1.07036 
-1.93516 0.906477 -0.000219973 -1.46993 -0.0611498 2.3761 -1.07036 
-1.93451 0.903548 -0.000209958 -1.47191 -0.0612101 2.37602 -1.07036 
-1.9336 0.900248 -0.000203566 -1.47455 -0.0612601 2.37578 -1.07036 
-1.93253 0.897478 -0.000198845 -1.47707 -0.0612823 2.37558 -1.07036 
-1.93124 0.894911 -0.000209279 -1.47974 -0.061282 2.37548 -1.07036 
-1.92984 0.892451 -0.00021521 -1.48259 -0.06128 2.37548 -1.07036 
-1.92854 0.890247 -0.000222196 -1.48543 -0.06128 2.37547 -1.07036 
-1.92722 0.888056 -0.000234154 -1.48846 -0.0612775 2.37546 -1.07036 
-1.9261 0.886008 -0.000238542 -1.49142 -0.0612735 2.37547 -1.07036 
-1.92521 0.883887 -0.0002487 -1.49457 -0.0612694 2.37547 -1.07035 
-1.92449 0.881465 -0.000239712 -1.49826 -0.0612701 2.37548 -1.07035 
-1.92387 0.879019 -0.000250146 -1.50206 -0.0612632 2.37548 -1.07035 
-1.9234 0.876572 -0.000254589 -1.50599 -0.061264 2.37549 -1.07036 
-1.92304 0.874403 -0.000252919 -1.5096 -0.0612628 2.37551 -1.07035 
-1.92276 0.872593 -0.000249299 -1.51268 -0.061264 2.37552 -1.07035 
-1.9225 0.87129 -0.000244433 -1.51493 -0.061264 2.37552 -1.07035 
-1.92226 0.870485 -0.0002393 -1.51637 -0.0612615 2.37553 -1.07035 
-1.92205 0.870216 -0.000241237 -1.51687 -0.0612635 2.37555 -1.07035 
-1.92189 0.870259 -0.000239288 -1.5168 -0.0612621 2.37558 -1.07035 
-1.92177 0.870291 -0.000246764 -1.51678 -0.0612621 2.37559 -1.07035 
-1.92171 0.870342 -0.000239288 -1.51677 -0.0612621 2.3756 -1.07035 
-1.92168 0.870398 -0.000243228 -1.51677 -0.0612615 2.3756 -1.07035 
-1.92169 0.87047 -0.000256528 -1.51677 -0.0612628 2.37561 -1.07035 
-1.92172 0.870602 -0.000279486 -1.51677 -0.0612615 2.37561 -1.07035 
-1.92175 0.870796 -0.000326382 -1.51676 -0.0612548 2.37567 -1.07035 
-1.92183 0.871037 -0.000329799 -1.51676 -0.0612548 2.37636 -1.07035 
-1.92191 0.871322 -0.000336009 -1.51665 -0.0612554 2.37658 -1.07035 
-1.92199 0.871629 -0.00034415 -1.51652 -0.061248 2.37658 -1.07035 
-1.92208 0.871959 -0.000355603 -1.5164 -0.0612474 2.37658 -1.07035 
-1.92221 0.872341 -0.000370401 -1.51621 -0.0612413 2.37658 -1.07035 
-1.92237 0.872767 -0.000392464 -1.51594 -0.0612327 2.37659 -1.07034 
-1.92257 0.873242 -0.000394777 -1.51565 -0.061228 2.37659 -1.07034 
-1.9227 0.873786 -0.000405178 -1.51534 -0.0612218 2.3766 -1.07033 
-1.92283 0.874274 -0.000431945 -1.515 -0.0612018 2.37661 -1.0703 
-1.92301 0.874731 -0.000430644 -1.51463 -0.0611774 2.37661 -1.07001 
-1.92317 0.87518 -0.000426593 -1.5143 -0.0611591 2.37663 -1.06884 
-1.92324 0.875507 -0.000434804 -1.51397 -0.0611445 2.37663 -1.0675 
-1.92328 0.875732 -0.000435108 -1.51361 -0.0610776 2.37664 -1.06638 
-1.92331 0.875885 -0.000436326 -1.5133 -0.0609487 2.37664 -1.06537 
-1.92329 0.875964 -0.000429789 -1.51309 -0.0609467 2.37664 -1.06479 
-1.92326 0.875996 -0.000424644 -1.51295 -0.060934 2.37664 -1.06436 
-1.92328 0.876049 -0.000431429 -1.51274 -0.0608545 2.37665 -1.06346 
-1.9233 0.876141 -0.000435351 -1.51253 -0.0607517 2.37665 -1.06182 
-1.9233 0.876266 -0.000437814 -1.51235 -0.0607421 2.37665 -1.06023 
-1.92331 0.876443 -0.000444024 -1.51215 -0.0606869 2.37665 -1.0587 
-1.92335 0.876744 -0.000444666 -1.5119 -0.0605733 2.37667 -1.05653 
-1.92333 0.877187 -0.000433522 -1.5115 -0.0605728 2.37666 -1.05411 
-1.92326 0.877704 -0.000424499 -1.51106 -0.0605635 2.37667 -1.05246 
-1.92326 0.878234 -0.000424499 -1.51064 -0.0604918 2.37667 -1.05081 
-1.92326 0.878785 -0.000422129 -1.51028 -0.0603906 2.37667 -1.04772 
-1.92321 0.879378 -0.000418108 -1.50996 -0.0603999 2.37667 -1.04485 
-1.92316 0.879977 -0.000422885 -1.50961 -0.0604027 2.37667 -1.04365 
-1.92321 0.880533 -0.000450339 -1.50935 -0.0603941 2.37667 -1.04354 
-1.92337 0.881072 -0.0004627 -1.50908 -0.0603985 2.37668 -1.04339 
-1.92362 0.881683 -0.000501415 -1.50868 -0.0604232 2.37669 -1.0434 
-1.92392 0.882322 -0.000514569 -1.50822 -0.0604611 2.37669 -1.04341 
-1.92427 0.882921 -0.000518166 -1.50781 -0.060671 2.37669 -1.04349 
-1.92461 0.883439 -0.00051984 -1.50754 -0.0613161 2.37669 -1.04417 
-1.92489 0.883867 -0.00051745 -1.5075 -0.062071 2.37668 -1.04662 
-1.92508 0.884306 -0.000512065 -1.5075 -0.0628458 2.37669 -1.05011 
-1.92517 0.884709 -0.000513025 -1.5075 -0.0636967 2.37668 -1.05461 
-1.92518 0.885146 -0.000503697 -1.5075 -0.0642882 2.37669 -1.0603 
-1.92518 0.885588 -0.000511959 -1.5075 -0.0643398 2.37669 -1.06526 
-1.92526 0.885934 -0.000513025 -1.5075 -0.0643377 2.37669 -1.06814 
-1.92534 0.88623 -0.000512301 -1.50749 -0.0643393 2.3767 -1.06868 
-1.92545 0.886447 -0.000518853 -1.50747 -0.0643393 2.3767 -1.06868 
-1.92561 0.886591 -0.000511436 -1.50742 -0.0643406 2.37671 -1.06869 
-1.92579 0.886724 -0.000509684 -1.50728 -0.0643364 2.37672 -1.06868 
-1.92597 0.886884 -0.000510635 -1.50712 -0.0643294 2.37723 -1.06868 
-1.92616 0.887112 -0.000512305 -1.5068 -0.0643068 2.37757 -1.06867 
-1.92638 0.887435 -0.000514973 -1.50617 -0.0642734 2.37761 -1.06863 
-1.92663 0.887922 -0.000509684 -1.50523 -0.0641776 2.37761 -1.06847 
-1.92685 0.888601 -0.000504548 -1.50391 -0.0638521 2.37761 -1.06758 
-1.92702 0.889469 -0.000515906 -1.50217 -0.0635766 2.37761 -1.06607 
-1.92713 0.890607 -0.000501201 -1.50007 -0.0632395 2.3776 -1.06419 
-1.92716 0.892069 -0.000508159 -1.49756 -0.0629364 2.37761 -1.06198 
-1.92716 0.893718 -0.000504539 -1.49489 -0.0627005 2.3776 -1.05985 
-1.92718 0.895527 -0.000516605 -1.49221 -0.0625413 2.3776 -1.05798 
-1.92727 0.897626 -0.000518602 -1.48939 -0.0625097 2.37759 -1.05652 
-1.92744 0.899772 -0.000526326 -1.48678 -0.0624486 2.37759 -1.05533 
-1.92771 0.902003 -0.000524552 -1.48438 -0.0624189 2.37759 -1.05446 
-1.928 0.904018 -0.000525442 -1.48256 -0.0624049 2.37758 -1.05427 
-1.92833 0.905769 -0.000519505 -1.48131 -0.0623662 2.37759 -1.0542 
-1.92861 0.906865 -0.000519416 -1.48082 -0.0623688 2.37759 -1.0542 
-1.9288 0.907493 -0.00051288 -1.48076 -0.0623694 2.37758 -1.0542 
-1.92889 0.907853 -0.000507735 -1.48076 -0.0623719 2.37756 -1.05421 
-1.92889 0.907974 -0.000504157 -1.48078 -0.0623806 2.37753 -1.05421 
-1.92884 0.907929 -0.00047667 -1.48078 -0.062396 2.37751 -1.05422 
-1.92869 0.907886 -0.000466263 -1.48077 -0.06242 2.37752 -1.05427 
-1.92852 0.907904 -0.000466022 -1.48079 -0.0624363 2.3775 -1.05433 
-1.92835 0.907926 -0.000467146 -1.48085 -0.0624616 2.37745 -1.05452 
-1.92818 0.907924 -0.000462278 -1.48103 -0.0625537 2.37737 -1.05518 
-1.92801 0.907922 -0.000458886 -1.48135 -0.0627625 2.37733 -1.05626 
-1.92784 0.907928 -0.000458531 -1.48179 -0.0628402 2.37731 -1.05727 
-1.92771 0.90793 -0.000460518 -1.48233 -0.0629476 2.3773 -1.05842 
-1.92764 0.907933 -0.000462425 -1.4829 -0.0631333 2.3773 -1.05988 
-1.92764 0.907929 -0.000471841 -1.48337 -0.0632123 2.3773 -1.06153 
-1.92768 0.907931 -0.000483039 -1.48358 -0.0632218 2.3773 -1.06282 
-1.92775 0.907961 -0.000485364 -1.48363 -0.0632235 2.3773 -1.06369 
-1.92779 0.907995 -0.000486486 -1.48367 -0.0632333 2.3773 -1.06421 
-1.92778 0.908044 -0.000476905 -1.4837 -0.0632475 2.3773 -1.06459 
-1.92777 0.908129 -0.000474748 -1.48374 -0.0632802 2.37729 -1.06494 
-1.92777 0.90822 -0.00048038 -1.48398 -0.0633084 2.37728 -1.06547 
-1.9278 0.908319 -0.000490627 -1.4844 -0.0633128 2.37727 -1.06599 
-1.92789 0.908471 -0.000499003 -1.48487 -0.0633154 2.37727 -1.06632 
-1.92799 0.908675 -0.000502081 -1.48529 -0.0633346 2.37727 -1.06657 
-1.92811 0.908899 -0.000509005 -1.48576 -0.0633587 2.37727 -1.06695 
-1.92826 0.90915 -0.000516634 -1.4861 -0.0633621 2.37728 -1.06736 
-1.92845 0.909484 -0.000521679 -1.48615 -0.0633621 2.37729 -1.06759 
-1.92864 0.909754 -0.000513292 -1.48613 -0.0633602 2.3773 -1.06763 
-1.92879 0.909939 -0.000528312 -1.48611 -0.0633583 2.37731 -1.06762 
-1.92898 0.91006 -0.00052818 -1.4861 -0.0633589 2.37731 -1.06762 
-1.9292 0.91013 -0.000529851 -1.48608 -0.0633513 2.37732 -1.06762 
-1.92941 0.910156 -0.000529162 -1.48603 -0.0633423 2.37732 -1.0676 
-1.92968 0.910206 -0.000529427 -1.48592 -0.0633269 2.37733 -1.06758 
-1.92992 0.910331 -0.000519588 -1.48579 -0.063309 2.37733 -1.06754 
-1.93012 0.910524 -0.000520705 -1.48565 -0.0632892 2.37733 -1.06738 
-1.93027 0.910747 -0.000519035 -1.48553 -0.0632729 2.37733 -1.06699 
-1.93035 0.91104 -0.000518697 -1.48537 -0.0632384 2.37733 -1.06634 
-1.9304 0.911432 -0.000520942 -1.48515 -0.0631658 2.37734 -1.06573 
-1.93048 0.912005 -0.000526223 -1.48468 -0.0630342 2.37734 -1.06521 
-1.93058 0.912727 -0.000520942 -1.48395 -0.0629902 2.37734 -1.06459 
-1.9307 0.913574 -0.000522612 -1.48304 -0.062923 2.37735 -1.0637 
-1.93085 0.9145 -0.000522612 -1.48193 -0.0628834 2.37736 -1.06268 
-1.93099 0.915466 -0.00052818 -1.4808 -0.0628664 2.37736 -1.06214 
-1.93116 0.916526 -0.000527675 -1.47963 -0.0628269 2.37736 -1.06187 
-1.93136 0.917689 -0.000529427 -1.47838 -0.0627883 2.37736 -1.06159 
-1.93157 0.91887 -0.000527757 -1.47711 -0.0627582 2.37736 -1.0614 
-1.93175 0.920107 -0.000523676 -1.47583 -0.0627319 2.37735 -1.06133 
-1.93191 0.921344 -0.000535913 -1.47474 -0.062733 2.37734 -1.06133 
-1.93209 0.92237 -0.000525808 -1.47406 -0.0627325 2.37735 -1.06133 
-1.93222 0.923176 -0.000520946 -1.47367 -0.0627331 2.37736 -1.06133 
-1.9323 0.923684 -0.000522612 -1.4736 -0.0627356 2.37736 -1.06133 
-1.93231 0.923969 -0.000514157 -1.4736 -0.0627384 2.37736 -1.06133 
-1.93227 0.924019 -0.000490883 -1.4736 -0.0627437 2.37736 -1.06135 
-1.93219 0.923945 -0.000479598 -1.47356 -0.0627561 2.37737 -1.06136 
-1.93204 0.923901 -0.000473233 -1.47338 -0.0627664 2.37736 -1.0614 
-1.93182 0.9239 -0.000476734 -1.47319 -0.0627738 2.37736 -1.0615 
-1.93164 0.923851 -0.00047183 -1.47316 -0.0627992 2.37735 -1.06179 
-1.93147 0.923844 -0.000479119 -1.47316 -0.0628197 2.37733 -1.06247 
-1.93139 0.923888 -0.000478404 -1.47321 -0.0628396 2.37732 -1.0632 
-1.93137 0.9239 -0.000469919 -1.47324 -0.0629304 2.37732 -1.06358 
-1.93135 0.923894 -0.000471589 -1.47325 -0.0630605 2.37731 -1.0641 
-1.93134 0.923896 -0.000465053 -1.47325 -0.0630656 2.37731 -1.06485 
-1.93131 0.923918 -0.000461857 -1.47332 -0.0630665 2.37731 -1.0657 
-1.93127 0.923921 -0.00046034 -1.47344 -0.0630679 2.37731 -1.06648 
-1.93124 0.923922 -0.000461042 -1.47355 -0.0630713 2.37731 -1.06698 
-1.93122 0.923915 -0.000447098 -1.47366 -0.0630774 2.3773 -1.06733 
-1.93114 0.923905 -0.000439408 -1.47379 -0.0630941 2.3773 -1.06765 
-1.93107 0.923903 -0.000444772 -1.47381 -0.0631121 2.3773 -1.06793 
-1.93105 0.923885 -0.000446341 -1.47381 -0.0631096 2.3773 -1.06806 
-1.93106 0.923842 -0.000441157 -1.47381 -0.0631102 2.37731 -1.06808 
-1.93105 0.923801 -0.000444776 -1.4738 -0.0631121 2.3773 -1.06808 
-1.93108 0.923758 -0.000454928 -1.47381 -0.0631102 2.3773 -1.06809 
-1.9311 0.923717 -0.000471396 -1.4738 -0.0631102 2.37731 -1.06809 
-1.93117 0.923642 -0.000488984 -1.4738 -0.0631084 2.37731 -1.06809 
-1.93129 0.923562 -0.000488984 -1.4738 -0.063109 2.37731 -1.06809 
-1.9314 0.923474 -0.000486421 -1.4738 -0.0631096 2.37731 -1.06809 
-1.93146 0.923398 -0.0004929 -1.4738 -0.0631077 2.3773 -1.06809 
-1.93146 0.923362 -0.000489549 -1.4738 -0.0631084 2.3773 -1.06808 
-1.93144 0.923349 -0.000482032 -1.4738 -0.0631096 2.3773 -1.06808 
-1.93144 0.923356 -0.000485364 -1.4738 -0.0631084 2.37729 -1.06808 
-1.93145 0.923368 -0.000480075 -1.47382 -0.0631084 2.37729 -1.06809 
-1.93143 0.923364 -0.000475209 -1.47382 -0.063109 2.37728 -1.06808 
-1.93141 0.923352 -0.00047417 -1.47382 -0.063109 2.37729 -1.06809 
-1.93141 0.92335 -0.000470345 -1.47382 -0.0631084 2.37728 -1.06809 
-1.93139 0.923363 -0.000467489 -1.47385 -0.0631066 2.37727 -1.06809 
-1.93139 0.923347 -0.000475629 -1.47386 -0.063109 2.37728 -1.06809 
-1.9314 0.923335 -0.000473683 -1.47386 -0.0631077 2.37728 -1.06808 
-1.93138 0.923338 -0.000468185 -1.47386 -0.0631076 2.37728 -1.06808 
-1.93136 0.923313 -0.000460345 -1.47386 -0.063109 2.37728 -1.06809 
-1.93131 0.923275 -0.000458802 -1.47386 -0.0631077 2.37728 -1.06808 
-1.93126 0.923209 -0.00046239 -1.47386 -0.0631079 2.37728 -1.06808 
-1.93123 0.923144 -0.000454046 -1.47386 -0.0631072 2.37728 -1.06808 
-1.9312 0.923044 -0.000452415 -1.47386 -0.0631077 2.37728 -1.06809 
-1.93117 0.92293 -0.000450744 -1.47386 -0.063109 2.37727 -1.06808 
-1.93116 0.922831 -0.000452414 -1.47387 -0.063109 2.37725 -1.06808 
-1.93116 0.922752 -0.000455153 -1.47388 -0.0631084 2.37715 -1.06809 
-1.93116 0.922679 -0.00045755 -1.47388 -0.0631077 2.37697 -1.06808 
-1.93115 0.922636 -0.000454402 -1.47388 -0.063109 2.37696 -1.06808 
-1.93115 0.922602 -0.000456034 -1.47391 -0.0631077 2.37695 -1.06808 
-1.93115 0.922569 -0.00045844 -1.47399 -0.063109 2.37694 -1.06808 
-1.93116 0.92255 -0.000469376 -1.47403 -0.063109 2.37695 -1.06808 
-1.93118 0.922544 -0.00047453 -1.47404 -0.0631084 2.37694 -1.06809 
-1.9312 0.922528 -0.000480913 -1.47407 -0.0631115 2.37694 -1.06808 
-1.93124 0.922526 -0.000487392 -1.47408 -0.0631084 2.37694 -1.06808 
-1.93131 0.922519 -0.000493838 -1.47412 -0.063109 2.37694 -1.06809 
-1.93143 0.922515 -0.000508767 -1.47423 -0.0631102 2.37694 -1.06808 
-1.93156 0.922518 -0.000505465 -1.47433 -0.063109 2.37694 -1.06808 
-1.93166 0.922511 -0.000513871 -1.47444 -0.0631102 2.37693 -1.06808 
-1.93173 0.922493 -0.000511778 -1.47455 -0.0631109 2.37693 -1.06809 
-1.93178 0.922504 -0.000511778 -1.47464 -0.0631096 2.37693 -1.06808 
-1.93178 0.922498 -0.000511778 -1.47473 -0.0631084 2.37693 -1.06808 
-1.93178 0.922468 -0.000513448 -1.47473 -0.0631084 2.37693 -1.06808 
-1.93183 0.922417 -0.000523022 -1.47474 -0.063109 2.37693 -1.06808 
-1.93189 0.92238 -0.000525166 -1.47475 -0.063109 2.37693 -1.06808 
-1.93194 0.922324 -0.000521602 -1.47475 -0.0631084 2.37693 -1.06808 
-1.93196 0.922231 -0.000519416 -1.47475 -0.063109 2.37692 -1.06809 
-1.93195 0.922147 -0.000515343 -1.47476 -0.063109 2.37692 -1.06808 
-1.93194 0.92205 -0.00051288 -1.47476 -0.0631084 2.37692 -1.06808 
-1.93195 0.921945 -0.000514471 -1.47476 -0.063109 2.37691 -1.06809 
-1.93195 0.921865 -0.000518169 -1.47476 -0.0631084 2.37691 -1.06808 
-1.93196 0.921797 -0.000519415 -1.47476 -0.063109 2.3769 -1.06809 
-1.93196 0.921758 -0.000519416 -1.47478 -0.0631096 2.37689 -1.06808 
-1.93196 0.921747 -0.000519334 -1.47487 -0.0631084 2.37688 -1.06809 
-1.93198 0.921739 -0.000529762 -1.475 -0.0631084 2.37688 -1.06809 
-1.93201 0.921741 -0.000529136 -1.47518 -0.0631096 2.37687 -1.06809 
-1.93202 0.921732 -0.000529859 -1.47541 -0.0631084 2.37687 -1.06808 
-1.93208 0.921731 -0.000529454 -1.47564 -0.0631084 2.37687 -1.06808 
-1.93213 0.92174 -0.000529427 -1.47582 -0.0631091 2.37686 -1.06809 
-1.93216 0.921743 -0.000531376 -1.47593 -0.0631077 2.37687 -1.06808 
-1.93218 0.921734 -0.000530374 -1.47596 -0.0631084 2.37687 -1.06808 
-1.9322 0.921731 -0.000531385 -1.47596 -0.063109 2.37686 -1.06808 
-1.9322 0.921726 -0.000527766 -1.47595 -0.0631084 2.37687 -1.06808 
-1.9322 0.921708 -0.000524137 -1.47595 -0.063109 2.37687 -1.06808 
-1.93219 0.9217 -0.000524561 -1.47595 -0.0631077 2.37687 -1.06808 
-1.93221 0.921693 -0.000527719 -1.47595 -0.0631071 2.37687 -1.06808 
-1.93223 0.921682 -0.000530374 -1.47595 -0.0631069 2.37687 -1.06808 
-1.93224 0.921691 -0.000529453 -1.47595 -0.0631077 2.37686 -1.06807 
-1.93224 0.921694 -0.00052776 -1.47595 -0.0631071 2.37687 -1.06808 
-1.93224 0.921697 -0.000529427 -1.47595 -0.0631066 2.37687 -1.06808 
-1.93224 0.921696 -0.000525808 -1.47595 -0.0631064 2.37686 -1.06808 
-1.93224 0.921693 -0.000524135 -1.47595 -0.0631061 2.37687 -1.06807 
-1.93224 0.921692 -0.000527757 -1.47595 -0.0631067 2.37687 -1.06807 
-1.93224 0.921693 -0.000527757 -1.47595 -0.0631039 2.37686 -1.06807 
-1.93224 0.921684 -0.000531558 -1.47595 -0.0631033 2.37687 -1.06807 
-1.93226 0.921679 -0.000531584 -1.47595 -0.0631067 2.37687 -1.06807 
-1.93226 0.921678 -0.000525836 -1.47595 -0.0631054 2.37687 -1.06807 
-1.93225 0.921671 -0.000522467 -1.47595 -0.0631038 2.37687 -1.06807 
-1.93225 0.921668 -0.000517323 -1.47595 -0.0631071 2.37687 -1.06806 
-1.93224 0.921685 -0.000518811 -1.47595 -0.0631077 2.37687 -1.06807 
-1.93223 0.921694 -0.000514127 -1.47596 -0.0631066 2.37686 -1.06807 
-1.93222 0.921704 -0.000505641 -1.47597 -0.0631071 2.37686 -1.06807 
-1.93219 0.921724 -0.000492713 -1.47603 -0.0631084 2.37686 -1.06807 
-1.9321 0.921714 -0.000492855 -1.47616 -0.0631045 2.37686 -1.06807 
-1.93199 0.921709 -0.000491822 -1.47632 -0.0631084 2.37685 -1.06807 
-1.93192 0.92172 -0.000486348 -1.47653 -0.0631077 2.37685 -1.06807 
-1.93186 0.921712 -0.000489662 -1.47677 -0.063109 2.37685 -1.06807 
-1.93184 0.921698 -0.000494482 -1.47693 -0.063109 2.37685 -1.06807 
-1.93185 0.921712 -0.000496477 -1.477 -0.0631084 2.37685 -1.06807 
-1.93186 0.921703 -0.000498227 -1.47702 -0.063109 2.37686 -1.06807 
-1.93186 0.921644 -0.000503292 -1.477 -0.0631084 2.37686 -1.06806 
-1.93186 0.921608 -0.000501343 -1.477 -0.063109 2.37686 -1.06807 
-1.93185 0.921584 -0.000491542 -1.47699 -0.0631102 2.37687 -1.06807 
-1.93183 0.921545 -0.00048715 -1.47699 -0.0631115 2.37687 -1.06808 
-1.9318 0.921519 -0.000486321 -1.47699 -0.0631102 2.37686 -1.06808 
-1.93173 0.921492 -0.00047948 -1.47699 -0.0631152 2.37687 -1.06808 
-1.93163 0.921436 -0.000484796 -1.47698 -0.063115 2.37687 -1.06808 
-1.93158 0.921368 -0.000483125 -1.47697 -0.0631143 2.37688 -1.06808 
-1.93158 0.921279 -0.000484796 -1.47694 -0.063115 2.37688 -1.06808 
-1.9316 0.921169 -0.000496901 -1.4769 -0.063115 2.37688 -1.06808 
-1.93162 0.921047 -0.000504134 -1.47687 -0.0631113 2.37688 -1.06808 
-1.93164 0.920958 -0.000511778 -1.47682 -0.0631112 2.37688 -1.06808 
-1.93166 0.920904 -0.000521777 -1.47673 -0.0631096 2.37689 -1.06807 
-1.93173 0.920886 -0.000517746 -1.47666 -0.063112 2.37688 -1.06808 
-1.93179 0.920889 -0.000524984 -1.47664 -0.063113 2.37688 -1.06807 
-1.93183 0.920919 -0.00051743 -1.47665 -0.0631094 2.37688 -1.06808 
-1.9318 0.920939 -0.000498672 -1.47666 -0.0631111 2.37688 -1.06807 
-1.93174 0.920926 -0.000491192 -1.47666 -0.0631144 2.37688 -1.06808 
-1.93167 0.920922 -0.000491187 -1.47666 -0.0631144 2.37688 -1.06808 
-1.9316 0.920926 -0.000490411 -1.47666 -0.0631137 2.37688 -1.06808 
-1.93155 0.920925 -0.000484372 -1.47666 -0.0631143 2.37688 -1.06807 
-1.93152 0.920917 -0.000483126 -1.47666 -0.0631137 2.37688 -1.06808 
-1.93148 0.920927 -0.000476557 -1.47666 -0.0631127 2.37688 -1.06808 
-1.93143 0.92092 -0.00047631 -1.47666 -0.0631125 2.37688 -1.06808 
-1.93139 0.920901 -0.000479941 -1.47666 -0.0631085 2.37687 -1.06808 
-1.93136 0.920915 -0.000477981 -1.47667 -0.0631142 2.37688 -1.06808 
-1.93134 0.920923 -0.000469496 -1.47667 -0.0631098 2.37688 -1.06808 
-1.93129 0.920918 -0.000469919 -1.47667 -0.0631129 2.37687 -1.06808 
-1.93124 0.920906 -0.000473547 -1.47667 -0.0631097 2.37687 -1.06808 
-1.93127 0.920911 -0.000486561 -1.47667 -0.0631122 2.37687 -1.06807 
-1.93129 0.920932 -0.00048856 -1.47668 -0.0631133 2.37687 -1.06808 
-1.93128 0.920927 -0.000485219 -1.47668 -0.0631078 2.37687 -1.06808 
-1.93127 0.920921 -0.000485219 -1.47668 -0.0631102 2.37687 -1.06808 
-1.93128 0.920937 -0.000483271 -1.47669 -0.0631121 2.37687 -1.06808 
-1.93128 0.920941 -0.00047993 -1.47671 -0.0631128 2.37686 -1.06807 
-1.93125 0.920936 -0.000473118 -1.47675 -0.0631099 2.37686 -1.06807 
-1.93123 0.920926 -0.000472079 -1.4768 -0.0631077 2.37686 -1.06808 
-1.93125 0.920939 -0.000478404 -1.47683 -0.0631098 2.37686 -1.06808 
-1.93126 0.920954 -0.000478404 -1.47688 -0.063108 2.37685 -1.06807 
-1.93123 0.920945 -0.000466313 -1.47692 -0.0631064 2.37685 -1.06808 
-1.93118 0.920938 -0.00046888 -1.47693 -0.0631051 2.37686 -1.06807 
-1.93117 0.920943 -0.000466803 -1.47693 -0.0631045 2.37686 -1.06807 
-1.93117 0.920952 -0.000466749 -1.47693 -0.0630965 2.37686 -1.06806 
-1.93118 0.920945 -0.00047056 -1.47693 -0.0630891 2.37686 -1.06804 
-1.93117 0.920945 -0.000466723 -1.47693 -0.0630837 2.37686 -1.06803 
-1.93118 0.920949 -0.000468472 -1.47693 -0.0630824 2.37686 -1.06802 
-1.93119 0.920957 -0.000473529 -1.47694 -0.0630787 2.37686 -1.06801 
-1.9312 0.920956 -0.000476879 -1.47694 -0.0630828 2.37686 -1.068 
-1.9312 0.920926 -0.000475323 -1.47693 -0.0630832 2.37686 -1.068 
-1.93118 0.920921 -0.000469928 -1.47692 -0.0630833 2.37686 -1.068 
-1.93117 0.920929 -0.000469456 -1.47692 -0.063082 2.37686 -1.068 
-1.93116 0.920902 -0.000465053 -1.4769 -0.0630863 2.37687 -1.068 
-1.93113 0.920862 -0.000465198 -1.47686 -0.0630869 2.37688 -1.068 
-1.93107 0.920852 -0.00046321 -1.47677 -0.0630876 2.37689 -1.06801 
-1.93099 0.920827 -0.00044915 -1.4766 -0.0630886 2.37689 -1.06801 
-1.9309 0.92076 -0.000450294 -1.47643 -0.0630888 2.37689 -1.06801 
-1.93079 0.92064 -0.00044381 -1.47626 -0.0630893 2.37689 -1.068 
-1.93067 0.920465 -0.000430305 -1.47608 -0.0630882 2.3769 -1.06801 
-1.93055 0.920244 -0.000438056 -1.47596 -0.0630886 2.37687 -1.068 
-1.9305 0.919975 -0.000437234 -1.476 -0.0630949 2.37684 -1.068 
-1.9305 0.919748 -0.000443223 -1.47602 -0.0630942 2.37662 -1.068 
-1.9305 0.919499 -0.000443251 -1.47602 -0.0630955 2.37633 -1.06801 
-1.93049 0.919262 -0.000439605 -1.47604 -0.0630975 2.37622 -1.06801 
-1.93047 0.918992 -0.000433098 -1.47618 -0.0630955 2.37619 -1.068 
-1.93046 0.918692 -0.000435478 -1.47638 -0.0630962 2.37617 -1.06801 
-1.93045 0.918435 -0.000434765 -1.47656 -0.0630976 2.37614 -1.068 
-1.93045 0.918267 -0.000440603 -1.47673 -0.063097 2.37614 -1.06801 
-1.93045 0.918214 -0.000443943 -1.47676 -0.0630982 2.37614 -1.068 
-1.93046 0.918227 -0.000445158 -1.47679 -0.0630956 2.37613 -1.068 
-1.93047 0.918241 -0.000452942 -1.47685 -0.0630949 2.37614 -1.06801 
-1.93048 0.918249 -0.000453709 -1.47688 -0.0630981 2.37614 -1.06801 
-1.93048 0.918245 -0.000457586 -1.47688 -0.0630949 2.37615 -1.068 
-1.93048 0.918251 -0.000458943 -1.47689 -0.0630955 2.37614 -1.06801 
-1.93047 0.91825 -0.000453789 -1.47689 -0.0630962 2.37614 -1.068 
-1.93048 0.91825 -0.000457441 -1.4769 -0.0630982 2.37614 -1.068 
-1.9305 0.918257 -0.000467711 -1.47691 -0.0630973 2.37615 -1.068 
-1.93051 0.91826 -0.000471371 -1.47691 -0.0630966 2.37615 -1.068 
-1.93051 0.918266 -0.000472436 -1.47691 -0.0630949 2.37614 -1.06801 
-1.93052 0.91826 -0.000480921 -1.47692 -0.0630959 2.37615 -1.068 
-1.93055 0.918254 -0.000485363 -1.47691 -0.0630949 2.37615 -1.068 
-1.93061 0.918254 -0.000478404 -1.47691 -0.0630942 2.37615 -1.06801 
-1.93071 0.918247 -0.000487313 -1.47691 -0.0630936 2.37616 -1.068 
-1.93079 0.918225 -0.000481778 -1.4769 -0.0630936 2.37617 -1.06801 
-1.93082 0.918232 -0.000479775 -1.4769 -0.0630936 2.37617 -1.068 
-1.93081 0.91823 -0.000480844 -1.4769 -0.0630936 2.37618 -1.068 
-1.9308 0.918213 -0.000476879 -1.47689 -0.0630924 2.37618 -1.06801 
-1.93081 0.918217 -0.000480498 -1.47688 -0.0630936 2.37618 -1.068 
-1.93082 0.918208 -0.000482879 -1.47688 -0.0630917 2.37618 -1.06801 
-1.93082 0.918211 -0.000482896 -1.47688 -0.0630955 2.37618 -1.068 
-1.93081 0.918203 -0.000475209 -1.47688 -0.0630942 2.37618 -1.068 
-1.93079 0.918209 -0.000476879 -1.47687 -0.0631005 2.37618 -1.06801 
-1.9308 0.918209 -0.000474156 -1.47688 -0.0631019 2.37618 -1.06802 
-1.93079 0.918209 -0.000475659 -1.47687 -0.0631109 2.37618 -1.06802 
-1.9308 0.918216 -0.000478509 -1.47688 -0.0631133 2.37618 -1.06804 
-1.93081 0.91823 -0.000482169 -1.47688 -0.063115 2.37617 -1.06804 
-1.9308 0.91824 -0.00047513 -1.47689 -0.0631231 2.37617 -1.06806 
-1.93079 0.918233 -0.000474892 -1.47689 -0.063132 2.37617 -1.06806 
-1.93081 0.918255 -0.000478799 -1.4769 -0.0631314 2.37617 -1.06808 
-1.93081 0.918282 -0.000478828 -1.4769 -0.0631307 2.37617 -1.06808 
-1.93079 0.918288 -0.000470658 -1.47691 -0.0631314 2.37617 -1.06809 
-1.93078 0.918286 -0.000465198 -1.47691 -0.0631368 2.37617 -1.06812 
-1.93077 0.918301 -0.000460332 -1.47692 -0.0631434 2.37617 -1.06821 
-1.93076 0.918321 -0.000450412 -1.47692 -0.0631464 2.37617 -1.06858 
-1.93075 0.918315 -0.000450982 -1.47693 -0.063147 2.37617 -1.06892 
-1.93074 0.918316 -0.000449718 -1.47693 -0.0631524 2.37617 -1.06926 
-1.93072 0.918328 -0.000444434 -1.47694 -0.0631569 2.37617 -1.06975 
-1.93071 0.918327 -0.000446263 -1.47694 -0.0631553 2.37618 -1.07032 
-1.93072 0.918315 -0.000447282 -1.47694 -0.0631555 2.37617 -1.07075 
-1.93072 0.918323 -0.000446835 -1.47694 -0.0631585 2.37617 -1.07127 
-1.93072 0.918337 -0.000449218 -1.47695 -0.0631553 2.37618 -1.07224 
-1.93073 0.918322 -0.000449215 -1.47695 -0.0631547 2.37618 -1.07341 
-1.93073 0.918316 -0.000451053 -1.47694 -0.0631541 2.37618 -1.07435 
-1.93074 0.918324 -0.000449219 -1.47695 -0.0631527 2.37617 -1.07503 
-1.93076 0.918333 -0.000452943 -1.47695 -0.0631547 2.37617 -1.07543 
-1.93076 0.918345 -0.000457704 -1.47695 -0.0631547 2.37618 -1.07587 
-1.93078 0.918339 -0.0004609 -1.47695 -0.0631547 2.37618 -1.07624 
-1.9308 0.918354 -0.000457822 -1.47696 -0.0631566 2.37617 -1.07654 
-1.93078 0.91838 -0.00045923 -1.47698 -0.0631565 2.37617 -1.07703 
-1.93079 0.918387 -0.000462849 -1.47707 -0.0631553 2.37617 -1.07773 
-1.93081 0.918415 -0.000474499 -1.4772 -0.063155 2.37618 -1.0784 
-1.93088 0.918455 -0.000473502 -1.47736 -0.0631547 2.37617 -1.07901 
-1.93093 0.918504 -0.000474107 -1.47757 -0.0631541 2.37617 -1.07942 
-1.93095 0.918574 -0.000472515 -1.47777 -0.0631547 2.37618 -1.07976 
-1.93096 0.918634 -0.000478973 -1.47793 -0.0631541 2.37618 -1.07998 
-1.93098 0.918702 -0.000478973 -1.47801 -0.0631541 2.37618 -1.08008 
-1.931 0.918759 -0.000475632 -1.47803 -0.0631547 2.37618 -1.08023 
-1.93101 0.918772 -0.000477329 -1.47803 -0.0631527 2.37618 -1.0803 
-1.93101 0.91875 -0.000477302 -1.47802 -0.0631515 2.37619 -1.0803 
-1.93102 0.918715 -0.000475623 -1.47798 -0.0631461 2.3762 -1.0803 
-1.93102 0.918698 -0.000475632 -1.47794 -0.0631461 2.3762 -1.0803 
-1.93105 0.918737 -0.000477302 -1.47794 -0.0631448 2.3762 -1.0803 
-1.93106 0.918748 -0.000477302 -1.47795 -0.0631361 2.3762 -1.08029 
-1.93108 0.918736 -0.000478973 -1.47794 -0.0631354 2.37621 -1.0803 
-1.93112 0.918732 -0.00047992 -1.47793 -0.0631235 2.37621 -1.08029 
-1.93118 0.918744 -0.000475853 -1.47793 -0.0631173 2.37621 -1.08028 
-1.93124 0.918763 -0.000477381 -1.47793 -0.0631086 2.37621 -1.08027 
-1.9313 0.918769 -0.000475632 -1.47793 -0.0630971 2.37621 -1.08027 
-1.93133 0.918771 -0.000480462 -1.47793 -0.0630824 2.37622 -1.08026 
-1.93136 0.918766 -0.000477539 -1.47792 -0.0630692 2.37622 -1.08024 
-1.93138 0.918791 -0.000475632 -1.47791 -0.0630639 2.37623 -1.08023 
-1.93139 0.918796 -0.000475632 -1.47791 -0.0630521 2.37623 -1.08022 
-1.9314 0.918792 -0.000475632 -1.47791 -0.0630422 2.37623 -1.08019 
-1.93142 0.918799 -0.000480922 -1.47789 -0.0630162 2.37623 -1.08017 
-1.93145 0.918813 -0.000483372 -1.47788 -0.0629777 2.37623 -1.08014 
-1.93149 0.918821 -0.000480498 -1.47787 -0.0628991 2.37624 -1.08008 
-1.93153 0.918822 -0.000482169 -1.47785 -0.0628066 2.37624 -1.08 
-1.93155 0.918849 -0.000485788 -1.47778 -0.0627517 2.37625 -1.07985 
-1.9316 0.918888 -0.000482204 -1.47769 -0.0627466 2.37625 -1.07971 
-1.93164 0.918952 -0.000489909 -1.47761 -0.0627177 2.37625 -1.07962 
-1.93168 0.919051 -0.000485285 -1.47748 -0.0626297 2.37625 -1.07942 
-1.93171 0.919165 -0.000485078 -1.47734 -0.0625848 2.37625 -1.07918 
-1.93175 0.91929 -0.000487301 -1.47721 -0.0625542 2.37626 -1.07904 
-1.9318 0.919424 -0.000482629 -1.47708 -0.0624865 2.37626 -1.07893 
-1.93184 0.919557 -0.00048465 -1.47695 -0.0623429 2.37626 -1.07878 
-1.93189 0.919717 -0.000487304 -1.4768 -0.0623278 2.37626 -1.07875 
-1.93195 0.91988 -0.000485364 -1.47666 -0.0623195 2.37627 -1.07874 
-1.93202 0.920056 -0.000487392 -1.47649 -0.0623194 2.37627 -1.07874 
-1.93212 0.920247 -0.000489562 -1.47635 -0.0623202 2.37627 -1.07874 
-1.93219 0.920421 -0.000491934 -1.47627 -0.0623228 2.37627 -1.07874 
-1.93226 0.920576 -0.000490418 -1.47623 -0.0623253 2.37628 -1.07875 
-1.93231 0.920716 -0.000490483 -1.47622 -0.0623382 2.37628 -1.07876 
-1.93232 0.920827 -0.000482103 -1.47622 -0.0623467 2.37627 -1.07878 
-1.93229 0.920906 -0.000477341 -1.47622 -0.0623538 2.37627 -1.07879 
-1.93228 0.920934 -0.000470378 -1.47622 -0.0623582 2.37627 -1.0788 
-1.93227 0.920932 -0.000468926 -1.47621 -0.0623583 2.37627 -1.07881 
-1.93226 0.920911 -0.000458689 -1.47616 -0.0623643 2.37627 -1.07881 
-1.93222 0.920918 -0.000455229 -1.4761 -0.0623644 2.37627 -1.07882 
-1.93218 0.920922 -0.00045561 -1.47611 -0.0623644 2.37626 -1.07882 
-1.93216 0.920918 -0.000460666 -1.4761 -0.0623644 2.37626 -1.07882 
-1.93217 0.92093 -0.000458806 -1.47611 -0.0623637 2.37626 -1.07882 
-1.93217 0.920944 -0.000460755 -1.47612 -0.062365 2.37626 -1.07883 
-1.93217 0.92094 -0.000462425 -1.47612 -0.062365 2.37626 -1.07883 
-1.93217 0.92092 -0.000462425 -1.47611 -0.062365 2.37626 -1.07883 
-1.93218 0.920908 -0.000464345 -1.47611 -0.0623648 2.37627 -1.07883 
-1.93219 0.920913 -0.00046924 -1.4761 -0.0623644 2.37627 -1.07882 
-1.93219 0.920903 -0.000469486 -1.47609 -0.0623637 2.37628 -1.07883 
-1.93219 0.920885 -0.000470269 -1.47604 -0.0623624 2.37629 -1.07883 
-1.9322 0.9209 -0.000472435 -1.47592 -0.062363 2.37629 -1.07883 
-1.93222 0.920899 -0.000478973 -1.47578 -0.0623625 2.37632 -1.07882 
-1.93224 0.920879 -0.000482142 -1.47569 -0.0623624 2.37709 -1.07883 
-1.93226 0.920888 -0.000486248 -1.47548 -0.0623624 2.37729 -1.07882 
-1.9323 0.920881 -0.000493736 -1.47524 -0.0623611 2.37729 -1.07882 
-1.93236 0.920888 -0.000498994 -1.47499 -0.0623605 2.3773 -1.07882 
-1.93245 0.920886 -0.00049929 -1.47473 -0.0623605 2.37729 -1.07881 
-1.93249 0.920867 -0.000483284 -1.47453 -0.0623571 2.37729 -1.07882 
-1.93247 0.920859 -0.000484953 -1.47449 -0.0623598 2.37729 -1.07882 
-1.93247 0.920872 -0.000479114 -1.47449 -0.062359 2.37729 -1.07882 
-1.9325 0.920908 -0.000490509 -1.4745 -0.0623522 2.37729 -1.07882 
-1.93252 0.92094 -0.00048856 -1.47452 -0.0623538 2.37728 -1.07882 
-1.93253 0.920945 -0.000492188 -1.47453 -0.0623532 2.37728 -1.07882 
-1.93256 0.920969 -0.000490086 -1.47455 -0.0623525 2.37727 -1.07881 
-1.9326 0.921002 -0.000485228 -1.47459 -0.0623532 2.37727 -1.07881 
-1.93261 0.921043 -0.000489282 -1.47472 -0.0623538 2.37726 -1.07881 
-1.93264 0.921149 -0.000501125 -1.4749 -0.0623551 2.37726 -1.07882 
-1.93273 0.921299 -0.000499887 -1.47522 -0.0623554 2.37725 -1.07881 
-1.93287 0.921493 -0.00050219 -1.47583 -0.0623538 2.37724 -1.07882 
-1.93307 0.921734 -0.000502982 -1.4765 -0.0623551 2.37724 -1.07881 
-1.93337 0.922033 -0.000493281 -1.47741 -0.0623532 2.37725 -1.07881 
-1.93361 0.922343 -0.000447794 -1.47802 -0.0623402 2.37748 -1.07882 
-1.93366 0.922767 -0.000424076 -1.47796 -0.0623365 2.37814 -1.07882 
-1.93363 0.922966 -0.0004092 -1.47792 -0.062337 2.37851 -1.07882 
-1.93362 0.92291 -0.000411293 -1.4779 -0.0623371 2.37852 -1.07882 
-1.93363 0.922797 -0.000412963 -1.47784 -0.062338 2.37851 -1.07881 
-1.93363 0.922707 -0.000406963 -1.47783 -0.0623391 2.3785 -1.07882 
-1.93363 0.922675 -0.000406418 -1.47784 -0.0623351 2.3785 -1.07882 
-1.93364 0.922674 -0.000404901 -1.47784 -0.0623304 2.3785 -1.07881 
-1.93365 0.922666 -0.000401099 -1.47785 -0.062325 2.3785 -1.07882 
-1.93367 0.922667 -0.000404901 -1.47786 -0.0623214 2.3785 -1.07882 
-1.9337 0.922687 -0.000402415 -1.47786 -0.0623122 2.3785 -1.07882 
-1.93369 0.922682 -0.000393674 -1.47786 -0.0622924 2.37851 -1.07882 
-1.93372 0.922679 -0.000392122 -1.47786 -0.0622684 2.37851 -1.07882 
-1.93373 0.922678 -0.000370288 -1.47786 -0.0622614 2.37851 -1.07884 
-1.93371 0.92269 -0.000348834 -1.47786 -0.0622614 2.37852 -1.07884 
-1.93372 0.922652 -0.000347876 -1.47782 -0.0622594 2.37853 -1.07885 
-1.93373 0.922612 -0.000343339 -1.47781 -0.062256 2.37852 -1.07886 
-1.93372 0.922622 -0.000333569 -1.47781 -0.0622504 2.37852 -1.07905 
-1.93372 0.92263 -0.000329754 -1.47781 -0.0622506 2.37853 -1.07941 
-1.93374 0.922598 -0.000333068 -1.47781 -0.0622421 2.37853 -1.07944 
-1.93379 0.922592 -0.000334567 -1.47781 -0.0622112 2.37854 -1.07945 
-1.93383 0.922609 -0.00032485 -1.47782 -0.0621784 2.37854 -1.07946 
-1.93386 0.922621 -0.000324583 -1.47782 -0.062143 2.37854 -1.07948 
-1.93389 0.922609 -0.000319726 -1.47783 -0.062082 2.37854 -1.07951 
-1.9339 0.922604 -0.00030971 -1.47782 -0.061987 2.37854 -1.07951 
-1.9339 0.922624 -0.000300947 -1.47782 -0.0618176 2.37855 -1.07952 
-1.93393 0.922617 -0.000310553 -1.4778 -0.0615701 2.37856 -1.07951 
-1.93399 0.922607 -0.000302182 -1.4778 -0.0612787 2.37856 -1.07952 
-1.93402 0.922667 -0.000295253 -1.47781 -0.0609689 2.37856 -1.07951 
-1.93403 0.922746 -0.000296212 -1.47782 -0.060567 2.37856 -1.07951 
-1.93402 0.922801 -0.000294238 -1.47781 -0.0601676 2.37856 -1.07951 
-1.93402 0.922867 -0.000295821 -1.4778 -0.0598434 2.37856 -1.0795 
-1.93401 0.922938 -0.000280414 -1.47775 -0.0596273 2.37856 -1.0795 
-1.93394 0.923014 -0.000267036 -1.47755 -0.0595 2.37855 -1.07947 
-1.93386 0.923111 -0.000260874 -1.47731 -0.0594529 2.37854 -1.07945 
-1.93377 0.92325 -0.000249528 -1.4771 -0.0594509 2.37854 -1.07944 
-1.93361 0.92342 -0.000229492 -1.47689 -0.059457 2.37854 -1.07943 
-1.93343 0.923627 -0.000241498 -1.47674 -0.05946 2.37854 -1.07943 
-1.93337 0.923899 -0.000251772 -1.47671 -0.0594616 2.37853 -1.07943 
-1.93338 0.924288 -0.000247205 -1.47663 -0.0594587 2.37854 -1.07943 
-1.93338 0.924736 -0.000241377 -1.47643 -0.0594581 2.37854 -1.07943 
-1.93338 0.925344 -0.00024039 -1.47604 -0.0594411 2.37854 -1.07942 
-1.93339 0.92608 -0.000233854 -1.47548 -0.0593469 2.37854 -1.07934 
-1.93337 0.92672 -0.000225938 -1.47492 -0.0591579 2.37854 -1.0792 
-1.93337 0.92726 -0.000223165 -1.47446 -0.0588931 2.37854 -1.0791 
-1.9334 0.927649 -0.000221215 -1.47424 -0.0585059 2.37854 -1.07901 
-1.93342 0.927892 -0.000236485 -1.47424 -0.0581988 2.37854 -1.07901 
-1.9335 0.928137 -0.000259223 -1.47424 -0.0579823 2.37853 -1.07901 
-1.93369 0.928425 -0.00024523 -1.47424 -0.0577819 2.37855 -1.079 
-1.93383 0.928738 -0.000237168 -1.47421 -0.057543 2.37858 -1.07901 
-1.93389 0.929118 -0.000254165 -1.47408 -0.0573002 2.37874 -1.079 
-1.93401 0.92957 -0.000240509 -1.47396 -0.0570111 2.37908 -1.07901 
-1.93405 0.930075 -0.000241797 -1.4738 -0.0565897 2.37922 -1.07899 
-1.93408 0.930651 -0.000239498 -1.47362 -0.0559495 2.37939 -1.07899 
-1.93411 0.931185 -0.000232338 -1.47348 -0.055097 2.37965 -1.079 
-1.9341 0.931697 -0.000224413 -1.47342 -0.0541671 2.38011 -1.079 
-1.93409 0.932133 -0.000206352 -1.4734 -0.0533259 2.38044 -1.07899 
-1.93409 0.932558 -0.000193674 -1.4734 -0.052449 2.38065 -1.07899 
-1.93407 0.933044 -0.000189112 -1.47334 -0.0515296 2.38106 -1.079 
-1.93409 0.933574 -0.000180865 -1.4733 -0.0507438 2.3814 -1.079 
-1.93407 0.934176 -0.000174239 -1.47317 -0.0499211 2.38233 -1.07899 
-1.93409 0.934969 -0.000173052 -1.47317 -0.0489484 2.38323 -1.07899 
-1.93405 0.935628 -0.000179975 -1.47285 -0.0483382 2.38506 -1.07899 
-1.93414 0.936095 -0.000183327 -1.47284 -0.0480659 2.38552 -1.079 
-1.93421 0.936567 -0.000179762 -1.47283 -0.0479352 2.38612 -1.079 
-1.93429 0.937075 -0.000175906 -1.47283 -0.0478709 2.3867 -1.079 
-1.93432 0.937579 -0.000165007 -1.47281 -0.0477513 2.38737 -1.079 
-1.93432 0.938194 -0.000167989 -1.47282 -0.0476501 2.38887 -1.07901 
-1.93437 0.938807 -0.000181606 -1.47283 -0.0476358 2.38996 -1.07901 
-1.9345 0.939531 -0.00017412 -1.47281 -0.0476061 2.39087 -1.07901 
-1.93457 0.940193 -0.000166328 -1.47277 -0.0475869 2.39211 -1.07902 
-1.93458 0.940749 -0.000159322 -1.47273 -0.0475773 2.39339 -1.07902 
-1.93457 0.94106 -0.000150449 -1.47272 -0.0475744 2.39446 -1.07902 
-1.93457 0.941126 -0.000155629 -1.47272 -0.0475764 2.39472 -1.07903 
-1.93459 0.941095 -0.000164088 -1.47271 -0.0475777 2.39473 -1.07905 
-1.93461 0.941084 -0.00016564 -1.4726 -0.0475777 2.39474 -1.07907 
-1.93468 0.941077 -0.000170053 -1.47236 -0.0475816 2.39475 -1.0791 
-1.93474 0.941066 -0.000166887 -1.47208 -0.0475828 2.39476 -1.0792 
-1.93475 0.941069 -0.000164242 -1.47178 -0.0475822 2.39476 -1.07962 
-1.93473 0.941068 -0.000127918 -1.4714 -0.0475852 2.3948 -1.07973 
-1.93465 0.941061 -4.56985e-05 -1.47097 -0.0475914 2.39508 -1.07976 
-1.93451 0.941068 -5.90741e-05 -1.47042 -0.0475876 2.39532 -1.07978 
-1.93449 0.941048 -5.0168e-05 -1.46999 -0.0475882 2.39532 -1.07978 
-1.93447 0.941066 -4.01576e-05 -1.46974 -0.0475895 2.39533 -1.07979 
-1.93442 0.941065 -4.37642e-05 -1.4697 -0.0475901 2.39533 -1.07982 
-1.93442 0.941059 -4.73957e-05 -1.4697 -0.0475895 2.39533 -1.07982 
-1.93446 0.941108 -5.99322e-05 -1.46973 -0.0475928 2.39532 -1.07983 
-1.93448 0.941189 -6.42589e-05 -1.46978 -0.0475994 2.39532 -1.0799 
-1.93448 0.941205 -6.64022e-05 -1.46979 -0.0475983 2.39532 -1.08003 
-1.93449 0.941197 -6.92695e-05 -1.46979 -0.0475968 2.39532 -1.08007 
-1.93452 0.94119 -8.06605e-05 -1.46979 -0.0476031 2.39532 -1.08008 
-1.93455 0.941162 -7.57331e-05 -1.46979 -0.0476049 2.39532 -1.08013 
-1.93458 0.94112 -8.73053e-05 -1.46978 -0.0476066 2.39532 -1.08016 
-1.93467 0.941035 -8.71607e-05 -1.46978 -0.0476093 2.39531 -1.08016 
-1.93474 0.940909 -8.52119e-05 -1.46978 -0.0476103 2.3953 -1.08017 
-1.93476 0.940697 -9.3409e-05 -1.46978 -0.0476116 2.39529 -1.08017 
-1.93478 0.940397 -9.36984e-05 -1.46978 -0.0476117 2.39529 -1.08016 
-1.93478 0.939979 -9.15772e-05 -1.46978 -0.0476164 2.39528 -1.08016 
-1.93474 0.939466 -8.84077e-05 -1.46983 -0.0476308 2.39518 -1.08016 
-1.93472 0.938955 -9.88377e-05 -1.47012 -0.0476452 2.39496 -1.08016 
-1.93474 0.938402 -9.68932e-05 -1.47071 -0.0476455 2.39485 -1.08016 
-1.9347 0.937852 -8.14597e-05 -1.47121 -0.0476474 2.39485 -1.08016 
-1.93456 0.937236 -8.35415e-05 -1.4714 -0.0476557 2.39485 -1.08015 
-1.93443 0.936392 -0.0001453 -1.4716 -0.0477493 2.39471 -1.08014 
-1.93444 0.935206 -0.000202757 -1.47221 -0.0478445 2.39416 -1.08014 
-1.93444 0.933812 -0.000192877 -1.47294 -0.04785 2.39355 -1.08015 
-1.9344 0.932309 -0.000192877 -1.47372 -0.0478814 2.39289 -1.08014 
-1.93438 0.930772 -0.000192877 -1.4745 -0.0479568 2.39227 -1.08014 
-1.93432 0.92915 -0.000196496 -1.47532 -0.0480741 2.39183 -1.08014 
-1.93426 0.927504 -0.000201362 -1.47618 -0.0482991 2.39133 -1.08014 
-1.93419 0.926115 -0.000202884 -1.47696 -0.0485287 2.39101 -1.08014 
-1.93411 0.924922 -0.000202888 -1.4777 -0.0487012 2.39085 -1.08014 
-1.934 0.924039 -0.000214269 -1.47843 -0.0487798 2.39074 -1.08014 
-1.93393 0.923505 -0.000208464 -1.47907 -0.0487916 2.39074 -1.08014 
-1.93389 0.923415 -0.000218187 -1.47948 -0.0488001 2.39074 -1.08014 
-1.93392 0.923542 -0.00024712 -1.47995 -0.0488014 2.39074 -1.08014 
-1.93399 0.923601 -0.000328059 -1.48071 -0.0488002 2.39074 -1.08014 
-1.93416 0.923595 -0.000330296 -1.48174 -0.0488031 2.39076 -1.08014 
-1.93434 0.923587 -0.000331966 -1.48262 -0.0487974 2.39076 -1.08014 
-1.9345 0.923613 -0.000326232 -1.48311 -0.0487976 2.39081 -1.08014 
-1.93454 0.9236 -0.000324172 -1.48309 -0.0487956 2.39083 -1.08014 
-1.93452 0.923459 -0.000325076 -1.48294 -0.048797 2.39084 -1.08014 
-1.93449 0.923285 -0.000325579 -1.48275 -0.0487989 2.39083 -1.08013 
-1.93447 0.923078 -0.000322234 -1.48264 -0.0488008 2.39084 -1.08014 
-1.93446 0.922875 -0.000321515 -1.48257 -0.0488009 2.39084 -1.08014 
-1.93444 0.922678 -0.000313749 -1.48244 -0.048799 2.39084 -1.08013 
-1.9344 0.922512 -0.000304698 -1.48231 -0.0487965 2.39084 -1.08014 
-1.93433 0.922383 -0.000302212 -1.48218 -0.0487944 2.39084 -1.08013 
-1.93425 0.922331 -0.000303359 -1.482 -0.0487918 2.39085 -1.08013 
-1.93418 0.922341 -0.000304766 -1.48183 -0.0487918 2.39085 -1.08012 
-1.93414 0.922344 -0.000296886 -1.48178 -0.0487872 2.39085 -1.08013 
-1.93411 0.922371 -0.000296886 -1.48178 -0.0487858 2.39085 -1.08012 
-1.93409 0.922391 -0.00029248 -1.48179 -0.0487844 2.39085 -1.08013 
-1.93405 0.922391 -0.000289047 -1.48178 -0.0487781 2.39086 -1.08011 
-1.93399 0.922367 -0.000287759 -1.48176 -0.0487718 2.39089 -1.08011 
-1.93393 0.922371 -0.000287758 -1.4817 -0.0487704 2.39094 -1.0801 
-1.93392 0.922398 -0.000289429 -1.48166 -0.0487705 2.39094 -1.0801 
-1.93392 0.922415 -0.000296164 -1.48167 -0.0487663 2.39095 -1.0801 
-1.93393 0.922412 -0.000296244 -1.48166 -0.0487675 2.39096 -1.08009 
-1.93392 0.92238 -0.000292625 -1.48164 -0.0487662 2.39098 -1.0801 
-1.93391 0.922379 -0.00028847 -1.48157 -0.048765 2.39099 -1.0801 
-1.9339 0.922399 -0.0002834 -1.48147 -0.0487636 2.391 -1.08009 
-1.93387 0.922377 -0.000282892 -1.48136 -0.0487603 2.39102 -1.08008 
-1.93384 0.922374 -0.000279036 -1.48118 -0.0487611 2.39103 -1.08009 
-1.93381 0.922386 -0.000279697 -1.48098 -0.0487589 2.39104 -1.08008 
-1.93377 0.922381 -0.000281367 -1.48081 -0.0487595 2.39105 -1.08008 
-1.93377 0.922379 -0.000285194 -1.48073 -0.0487589 2.39105 -1.08008 
-1.93377 0.922406 -0.000288182 -1.48073 -0.0487608 2.39105 -1.08008 
-1.93378 0.92245 -0.000289417 -1.48075 -0.0487602 2.39104 -1.08008 
-1.93379 0.922469 -0.000295416 -1.48076 -0.0487595 2.39104 -1.08008 
-1.9338 0.92246 -0.00029823 -1.48076 -0.0487602 2.39104 -1.08007 
-1.9338 0.922463 -0.000298889 -1.48076 -0.0487614 2.39104 -1.08008 
-1.93379 0.922456 -0.000296244 -1.48076 -0.0487614 2.39105 -1.08008 
-1.93379 0.922448 -0.000300834 -1.48076 -0.0487621 2.39104 -1.08008 
-1.93381 0.922455 -0.000311532 -1.48076 -0.0487627 2.39104 -1.08008 
-1.93382 0.922465 -0.000313763 -1.48077 -0.0487627 2.39104 -1.08007 
-1.93382 0.922453 -0.000317686 -1.48076 -0.0487633 2.39104 -1.08008 
-1.93383 0.922443 -0.000321737 -1.48076 -0.0487621 2.39104 -1.08007 
-1.93383 0.922464 -0.000318726 -1.48078 -0.048764 2.39103 -1.08007 
-1.93383 0.922479 -0.000322802 -1.48082 -0.0487633 2.39104 -1.08008 
-1.93386 0.922467 -0.000336151 -1.4809 -0.0487627 2.39103 -1.08007 
-1.93394 0.922471 -0.000329244 -1.48097 -0.048764 2.39103 -1.08008 
-1.93398 0.922485 -0.000340152 -1.48107 -0.0487646 2.39103 -1.08008 
-1.93402 0.922476 -0.000337256 -1.48123 -0.0487648 2.39103 -1.08007 
-1.93407 0.922478 -0.00034145 -1.48143 -0.0487701 2.39103 -1.08008 
-1.93412 0.922502 -0.000336414 -1.48163 -0.0487713 2.39103 -1.08008 
-1.93415 0.922505 -0.000339534 -1.48183 -0.048772 2.39103 -1.08007 
-1.93415 0.922502 -0.000336757 -1.48195 -0.048772 2.39103 -1.08008 
-1.93415 0.922498 -0.00034019 -1.48202 -0.0487726 2.39102 -1.08008 
-1.93416 0.922498 -0.000340215 -1.48205 -0.0487726 2.39103 -1.08008 
-1.93414 0.922479 -0.000334152 -1.48204 -0.0487723 2.39103 -1.08007 
-1.93413 0.922441 -0.000328771 -1.48202 -0.048772 2.39103 -1.08008 
-1.93412 0.92245 -0.000328771 -1.48202 -0.048772 2.39103 -1.08008 
-1.93415 0.922476 -0.000335586 -1.48203 -0.0487726 2.39103 -1.08008 
-1.93417 0.92248 -0.000341576 -1.48204 -0.0487714 2.39103 -1.08008 
-1.93417 0.922451 -0.000339707 -1.48203 -0.0487726 2.39103 -1.08007 
-1.93417 0.922446 -0.00034044 -1.48203 -0.0487694 2.39103 -1.08007 
-1.93419 0.92246 -0.00034769 -1.48203 -0.0487694 2.39103 -1.08007 
-1.93421 0.92247 -0.000349216 -1.48203 -0.0487707 2.39103 -1.08007 
-1.93424 0.922451 -0.000346386 -1.48203 -0.0487707 2.39103 -1.08007 
-1.93428 0.922437 -0.000352412 -1.48201 -0.0487688 2.39103 -1.08007 
-1.93434 0.922443 -0.000353306 -1.48201 -0.0487714 2.39104 -1.08007 
-1.9344 0.92246 -0.000355752 -1.48202 -0.0487688 2.39103 -1.08006 
-1.93444 0.922448 -0.000356176 -1.48201 -0.0487675 2.39103 -1.08006 
-1.93443 0.922437 -0.000348506 -1.48201 -0.0487675 2.39103 -1.08007 
-1.93443 0.922439 -0.000346818 -1.48201 -0.0487684 2.39103 -1.08006 
-1.93445 0.922447 -0.000347717 -1.48201 -0.0487681 2.39104 -1.08006 
-1.93445 0.922431 -0.000351491 -1.48201 -0.0487714 2.39103 -1.08006 
-1.93446 0.922429 -0.000346731 -1.482 -0.0487706 2.39103 -1.08006 
-1.93446 0.922442 -0.000344071 -1.48201 -0.0487701 2.39103 -1.08007 
-1.93445 0.922451 -0.000340912 -1.482 -0.0487715 2.39103 -1.08006 
-1.93445 0.922432 -0.000344071 -1.48201 -0.0487675 2.39103 -1.08007 
-1.93447 0.922418 -0.00034769 -1.482 -0.0487714 2.39103 -1.08007 
-1.93446 0.922414 -0.000350414 -1.482 -0.0487694 2.39103 -1.08006 
-1.93445 0.922422 -0.0003477 -1.482 -0.0487714 2.39104 -1.08006 
-1.93446 0.922406 -0.000351634 -1.482 -0.0487745 2.39104 -1.08007 
-1.93447 0.922398 -0.000354496 -1.48199 -0.0487759 2.39104 -1.08007 
-1.93446 0.922378 -0.000350806 -1.48199 -0.0487722 2.39104 -1.08006 
-1.93447 0.922363 -0.000357846 -1.48196 -0.0487745 2.39105 -1.08007 
-1.93449 0.922339 -0.000363136 -1.48195 -0.0487745 2.39105 -1.08006 
-1.9345 0.922315 -0.000363136 -1.48193 -0.0487739 2.39105 -1.08006 
-1.93449 0.922303 -0.000358083 -1.48192 -0.0487739 2.39105 -1.08007 
-1.93448 0.922274 -0.000356176 -1.4819 -0.0487759 2.39106 -1.08007 
-1.93448 0.922234 -0.000356176 -1.48185 -0.0487759 2.39107 -1.08007 
-1.93448 0.922211 -0.000359795 -1.48175 -0.0487778 2.39107 -1.08007 
-1.93448 0.92217 -0.000354506 -1.48173 -0.0487797 2.39108 -1.08007 
-1.93446 0.922122 -0.000345597 -1.4817 -0.0487797 2.39108 -1.08007 
-1.93444 0.92205 -0.000345569 -1.48169 -0.0487835 2.39108 -1.08007 
-1.93445 0.921982 -0.000344391 -1.48167 -0.0487835 2.39108 -1.08007 
-1.93443 0.921979 -0.000331822 -1.48166 -0.048788 2.39109 -1.08006 
-1.93442 0.921982 -0.000326532 -1.48166 -0.0487887 2.39109 -1.08007 
-1.93442 0.921974 -0.000333492 -1.48165 -0.0487874 2.39109 -1.08007 
-1.93441 0.921972 -0.000327663 -1.48165 -0.048788 2.39109 -1.08007 
-1.93441 0.921969 -0.000327388 -1.48165 -0.048788 2.39109 -1.08007 
-1.93442 0.921966 -0.000329371 -1.48165 -0.0487874 2.39109 -1.08007 
-1.93442 0.921962 -0.000329416 -1.48165 -0.0487887 2.39109 -1.08007 
-1.93441 0.921966 -0.000323336 -1.48165 -0.0487887 2.39109 -1.08007 
-1.93441 0.921966 -0.000323336 -1.48164 -0.048788 2.39109 -1.08007 
-1.93442 0.921965 -0.00032668 -1.48165 -0.048788 2.39109 -1.08006 
-1.93441 0.921964 -0.000325006 -1.48165 -0.0487893 2.39109 -1.08007 
-1.93441 0.921961 -0.000326756 -1.48165 -0.0487888 2.39109 -1.08007 
-1.93442 0.921961 -0.000326677 -1.48164 -0.048788 2.39109 -1.08007 
-1.93442 0.921959 -0.000325006 -1.48164 -0.0487893 2.39109 -1.08007 
-1.93442 0.92196 -0.000328626 -1.48164 -0.0487874 2.39109 -1.08007 
-1.93442 0.921963 -0.000328626 -1.48164 -0.0487887 2.39109 -1.08006 
-1.93441 0.921958 -0.000326677 -1.48164 -0.0487893 2.39109 -1.08007 
-1.93441 0.921958 -0.000326677 -1.48164 -0.0487887 2.39109 -1.08007 
-1.93442 0.921953 -0.000328625 -1.48164 -0.0487887 2.39109 -1.08006 
-1.93442 0.921956 -0.000328626 -1.48164 -0.0487887 2.39109 -1.08007 
-1.93442 0.921943 -0.000324046 -1.48164 -0.0487887 2.39109 -1.08007 
-1.93441 0.921955 -0.000325006 -1.48165 -0.0487899 2.39109 -1.08007 
-1.9344 0.921953 -0.000333915 -1.48164 -0.0487913 2.39109 -1.08006 
-1.93441 0.921946 -0.000325006 -1.48162 -0.0487899 2.39109 -1.08006 
-1.93441 0.921943 -0.000323336 -1.48163 -0.0487906 2.39109 -1.08007 
-1.93442 0.921945 -0.000319717 -1.48163 -0.0487899 2.39109 -1.08007 
-1.93442 0.921946 -0.000330296 -1.48162 -0.048788 2.39109 -1.08007 
-1.93442 0.921941 -0.000330296 -1.48162 -0.048788 2.39109 -1.08007 
-1.93441 0.921948 -0.000325006 -1.48163 -0.0487899 2.39109 -1.08007 
-1.93441 0.921948 -0.000321386 -1.48162 -0.0487899 2.39109 -1.08007 
-1.93442 0.92195 -0.000325006 -1.48163 -0.0487918 2.39109 -1.08007 
-1.93441 0.921948 -0.000325006 -1.48163 -0.0487906 2.39109 -1.08006 
-1.93441 0.921945 -0.000328626 -1.48162 -0.0487887 2.39109 -1.08007 
-1.93442 0.921945 -0.000326677 -1.48163 -0.0487893 2.39109 -1.08007 
-1.93441 0.921945 -0.000326677 -1.48162 -0.0487893 2.39109 -1.08007 
-1.93441 0.921945 -0.000323257 -1.48162 -0.0487893 2.39109 -1.08007 
-1.93441 0.921946 -0.000326677 -1.48162 -0.0487899 2.39109 -1.08007 
-1.93441 0.921946 -0.000326674 -1.48162 -0.0487899 2.39109 -1.08007 
-1.93441 0.921946 -0.000323336 -1.48163 -0.0487893 2.39109 -1.08007 
-1.93442 0.921946 -0.000325006 -1.48163 -0.0487899 2.39109 -1.08007 
-1.93442 0.921945 -0.000324997 -1.48162 -0.0487893 2.39109 -1.08007 
-1.93441 0.921943 -0.000328626 -1.48162 -0.0487893 2.39109 -1.08007 
-1.93442 0.921945 -0.000323336 -1.48162 -0.0487906 2.39109 -1.08007 
-1.93441 0.921943 -0.000323336 -1.48163 -0.0487899 2.3911 -1.08007 
-1.93441 0.921945 -0.000326677 -1.48162 -0.0487893 2.3911 -1.08006 
-1.93441 0.92194 -0.00032477 -1.48162 -0.0487899 2.39109 -1.08007 
-1.93442 0.921941 -0.000325006 -1.48163 -0.0487893 2.39109 -1.08007 
-1.93441 0.921944 -0.000325006 -1.48163 -0.0487887 2.39109 -1.08007 
-1.93441 0.921942 -0.000325006 -1.48162 -0.0487906 2.39109 -1.08007 
-1.93441 0.92194 -0.000325006 -1.48162 -0.0487899 2.39109 -1.08007 
-1.93442 0.92194 -0.000325006 -1.48162 -0.0487899 2.39109 -1.08007 
-1.93441 0.921938 -0.000326677 -1.48162 -0.048789 2.39109 -1.08007 
-1.93441 0.921938 -0.000325006 -1.48162 -0.0487899 2.39109 -1.08006 
-1.93441 0.92194 -0.000325006 -1.48162 -0.0487899 2.39109 -1.08006 
