-2.0229 -0.203015 -0.0125201 -1.74412 -0.055495 1.55733 -1.28445 
-2.02289 -0.20301 -0.0125165 -1.74412 -0.0554948 1.55734 -1.28444 
-2.0229 -0.203015 -0.0125181 -1.74412 -0.0554937 1.55733 -1.28445 
-2.0229 -0.203017 -0.0125148 -1.74412 -0.0554949 1.55733 -1.28445 
-2.0229 -0.203013 -0.0125181 -1.74412 -0.0554957 1.55734 -1.28445 
-2.0229 -0.203013 -0.0125201 -1.74412 -0.055495 1.55733 -1.28445 
-2.0229 -0.203015 -0.0125201 -1.74412 -0.0554937 1.55733 -1.28445 
-2.0229 -0.203013 -0.0125181 -1.74412 -0.055495 1.55733 -1.28445 
-2.0229 -0.203018 -0.0125181 -1.74412 -0.055495 1.55734 -1.28445 
-2.0229 -0.203011 -0.0125181 -1.74412 -0.055495 1.55733 -1.28445 
-2.0229 -0.203013 -0.0125201 -1.74412 -0.055495 1.55733 -1.28444 
-2.0229 -0.203015 -0.0125201 -1.74412 -0.0554934 1.55733 -1.28445 
-2.0229 -0.203013 -0.0125217 -1.74412 -0.0554937 1.55734 -1.28445 
-2.0229 -0.203015 -0.0125181 -1.74412 -0.0554944 1.55733 -1.28445 
-2.0229 -0.203015 -0.0125218 -1.74412 -0.055495 1.55733 -1.28445 
-2.0229 -0.203011 -0.0125208 -1.74412 -0.0554918 1.55733 -1.28445 
-2.0229 -0.203011 -0.0125181 -1.74412 -0.0554944 1.55733 -1.28445 
-2.0229 -0.203015 -0.0125201 -1.74412 -0.0554939 1.55734 -1.28445 
-2.0229 -0.203013 -0.0125165 -1.74412 -0.055495 1.55734 -1.28445 
-2.0229 -0.203017 -0.0125201 -1.74412 -0.055495 1.55734 -1.28445 
-2.0229 -0.203015 -0.0125201 -1.74412 -0.055495 1.55734 -1.28445 
-2.0229 -0.203011 -0.0125188 -1.74412 -0.0554939 1.55734 -1.28445 
-2.0229 -0.203017 -0.0125181 -1.74412 -0.055493 1.55733 -1.28445 
-2.0229 -0.203013 -0.0125165 -1.74412 -0.0554944 1.55733 -1.28445 
-2.0229 -0.203015 -0.0125148 -1.74412 -0.055495 1.55733 -1.28445 
-2.0229 -0.203015 -0.0125181 -1.74412 -0.055495 1.55733 -1.28445 
-2.0229 -0.203017 -0.0125181 -1.74412 -0.0554937 1.55733 -1.28445 
-2.0229 -0.203013 -0.0125181 -1.74412 -0.0554943 1.55733 -1.28445 
-2.0229 -0.203015 -0.0125201 -1.74412 -0.0554937 1.55733 -1.28445 
-2.0229 -0.203017 -0.0125217 -1.74412 -0.055495 1.55733 -1.28445 
-2.0229 -0.203013 -0.0125201 -1.74412 -0.0554942 1.55733 -1.28445 
-2.0229 -0.203015 -0.0125201 -1.74412 -0.0554957 1.55733 -1.28445 
-2.0229 -0.203013 -0.0125201 -1.74412 -0.055495 1.55733 -1.28445 
-2.0229 -0.203011 -0.0125201 -1.74412 -0.0554959 1.55733 -1.28445 
-2.0229 -0.203017 -0.0125201 -1.74412 -0.055495 1.55733 -1.28445 
-2.0229 -0.203013 -0.0125201 -1.74412 -0.055495 1.55734 -1.28445 
-2.0229 -0.203011 -0.0125181 -1.74412 -0.055494 1.55733 -1.28445 
-2.0229 -0.203015 -0.0125128 -1.74412 -0.0554937 1.55733 -1.28445 
-2.02289 -0.203017 -0.0125128 -1.74412 -0.0554943 1.55733 -1.28445 
-2.02291 -0.203015 -0.0125369 -1.74412 -0.0554953 1.55733 -1.28446 
-2.02287 -0.202993 -0.0124902 -1.74414 -0.0554937 1.55733 -1.28445 
-2.02289 -0.203002 -0.0125052 -1.74414 -0.0554934 1.55733 -1.28446 
-2.02288 -0.202987 -0.0124907 -1.74414 -0.0554957 1.55733 -1.28445 
-2.02293 -0.202992 -0.0125469 -1.74413 -0.0554957 1.55734 -1.28445 
-2.02292 -0.203006 -0.0125234 -1.7441 -0.055495 1.55734 -1.28445 
-2.02291 -0.203018 -0.0125238 -1.74411 -0.0554924 1.55735 -1.28445 
-2.02288 -0.202948 -0.0124865 -1.74413 -0.0554901 1.55734 -1.28446 
-2.02292 -0.202946 -0.0125321 -1.74413 -0.0554921 1.55734 -1.28445 
-2.02303 -0.202882 -0.0125204 -1.74406 -0.0554891 1.55756 -1.28445 
-2.02302 -0.203132 -0.012348 -1.74343 -0.0554822 1.55778 -1.28445 
-2.02301 -0.203352 -0.0123498 -1.74307 -0.0554682 1.55783 -1.28445 
-2.02308 -0.203224 -0.0123397 -1.74278 -0.0554758 1.55873 -1.28445 
-2.02333 -0.202667 -0.0123269 -1.74184 -0.0554815 1.55946 -1.28444 
-2.02368 -0.201345 -0.0123347 -1.74094 -0.0554989 1.55983 -1.28445 
-2.02448 -0.198854 -0.0123355 -1.73986 -0.0555062 1.56149 -1.28444 
-2.02561 -0.195293 -0.0123439 -1.7396 -0.0555161 1.564 -1.28442 
-2.02712 -0.190212 -0.0123454 -1.73961 -0.0555146 1.56889 -1.28438 
-2.02812 -0.183201 -0.0123489 -1.73958 -0.0555109 1.57571 -1.28393 
-2.028 -0.174378 -0.0122214 -1.73955 -0.0555094 1.58647 -1.28318 
-2.02695 -0.163347 -0.0120978 -1.73946 -0.0555027 1.59838 -1.28091 
-2.02501 -0.150912 -0.0119801 -1.73854 -0.0555017 1.61098 -1.27586 
-2.02255 -0.136469 -0.0119515 -1.73707 -0.0554756 1.6242 -1.26782 
-2.01915 -0.120951 -0.0118106 -1.73504 -0.0554639 1.63785 -1.25635 
-2.01507 -0.104126 -0.0117558 -1.73282 -0.055458 1.65259 -1.24736 
-2.01018 -0.0867813 -0.0117558 -1.73015 -0.0554175 1.66724 -1.23935 
-2.00469 -0.0692269 -0.0117496 -1.72697 -0.0554129 1.6819 -1.23123 
-1.99875 -0.0490305 -0.0117314 -1.72172 -0.0553454 1.69735 -1.22203 
-1.99233 -0.0277041 -0.0117515 -1.71489 -0.0551869 1.71271 -1.21247 
-1.98552 -0.0058131 -0.0116795 -1.70627 -0.0551655 1.72599 -1.20365 
-1.97798 0.0176401 -0.0117022 -1.6958 -0.0551502 1.73887 -1.19344 
-1.97077 0.0417438 -0.0117197 -1.68418 -0.0551487 1.7515 -1.18263 
-1.96398 0.0670071 -0.0116828 -1.67147 -0.0551444 1.76369 -1.17086 
-1.95669 0.0947807 -0.0116724 -1.65658 -0.0551397 1.77598 -1.15894 
-1.94976 0.12286 -0.0116748 -1.64147 -0.0551252 1.78892 -1.14589 
-1.94357 0.151262 -0.0117105 -1.62504 -0.0551219 1.80051 -1.13234 
-1.93789 0.181665 -0.0116863 -1.60612 -0.0551234 1.81149 -1.12196 
-1.93274 0.211844 -0.0116925 -1.58656 -0.0551244 1.82328 -1.11466 
-1.92809 0.241996 -0.0117013 -1.56573 -0.0551199 1.83254 -1.11036 
-1.92372 0.273654 -0.0116924 -1.5428 -0.0550966 1.84098 -1.10641 
-1.91986 0.304696 -0.0116956 -1.51918 -0.0550839 1.84745 -1.10352 
-1.91625 0.338865 -0.011689 -1.49164 -0.0550167 1.85407 -1.10068 
-1.91347 0.371122 -0.0117118 -1.46419 -0.0548926 1.86072 -1.09945 
-1.91093 0.403633 -0.0117183 -1.43521 -0.0547489 1.86423 -1.09907 
-1.90861 0.43663 -0.0116891 -1.40453 -0.0546545 1.86606 -1.09862 
-1.90648 0.470335 -0.0116706 -1.37171 -0.0544684 1.86708 -1.09845 
-1.90471 0.502018 -0.0116931 -1.33929 -0.0542443 1.86726 -1.09842 
-1.90303 0.534247 -0.0117333 -1.306 -0.0540864 1.86726 -1.09842 
-1.9016 0.566511 -0.0117094 -1.27345 -0.0539841 1.86723 -1.09842 
-1.9006 0.598182 -0.0117428 -1.24234 -0.0538914 1.86724 -1.09842 
-1.90029 0.627942 -0.011726 -1.21411 -0.0538032 1.86723 -1.09842 
-1.90033 0.657292 -0.0118454 -1.18741 -0.0537551 1.86729 -1.09843 
-1.90076 0.684719 -0.0118969 -1.16366 -0.0537243 1.86818 -1.09843 
-1.90157 0.71109 -0.0119114 -1.14159 -0.0536456 1.8705 -1.09843 
-1.90274 0.737235 -0.0119486 -1.12059 -0.0535445 1.87493 -1.09844 
-1.90449 0.76095 -0.0119576 -1.10225 -0.053429 1.8799 -1.09843 
-1.90683 0.783019 -0.0120287 -1.08586 -0.0532811 1.88426 -1.09843 
-1.90982 0.804191 -0.0120316 -1.07109 -0.0531305 1.8891 -1.09843 
-1.9132 0.822745 -0.0120245 -1.05948 -0.0528684 1.8964 -1.09844 
-1.91685 0.839669 -0.0120182 -1.05183 -0.0525717 1.9044 -1.09846 
-1.92104 0.855064 -0.0120105 -1.0476 -0.0523214 1.91289 -1.09847 
-1.92516 0.867894 -0.0120095 -1.04732 -0.0522033 1.92397 -1.0985 
-1.92931 0.88038 -0.0120014 -1.04769 -0.0520984 1.93506 -1.09855 
-1.93364 0.892742 -0.0119963 -1.04834 -0.052072 1.94728 -1.09893 
-1.93805 0.904911 -0.0119919 -1.04858 -0.0520698 1.95829 -1.09984 
-1.94255 0.916966 -0.0119902 -1.049 -0.0520704 1.96989 -1.10124 
-1.94738 0.928735 -0.0119736 -1.04931 -0.0520644 1.98171 -1.10201 
-1.95206 0.940035 -0.0119483 -1.05082 -0.0520609 1.993 -1.10284 
-1.95643 0.95019 -0.0119158 -1.05169 -0.0520625 2.00339 -1.1044 
-1.96046 0.961225 -0.0119 -1.05284 -0.0520627 2.01468 -1.1072 
-1.96375 0.970695 -0.011896 -1.05457 -0.0520713 2.02592 -1.11065 
-1.96655 0.979676 -0.0118892 -1.05554 -0.0520675 2.03496 -1.11576 
-1.9689 0.989095 -0.0118833 -1.05716 -0.0520611 2.04434 -1.12072 
-1.9705 0.996789 -0.011832 -1.05878 -0.0520595 2.05335 -1.12376 
-1.97127 1.00386 -0.0118389 -1.06113 -0.0520548 2.06176 -1.12599 
-1.97128 1.01033 -0.0117464 -1.0661 -0.0520512 2.07074 -1.12714 
-1.97046 1.01467 -0.0116808 -1.07449 -0.0520512 2.0819 -1.12753 
-1.96926 1.01634 -0.0116595 -1.08669 -0.0520538 2.09509 -1.12775 
-1.96801 1.01623 -0.011651 -1.1017 -0.0520551 2.10913 -1.12796 
-1.96672 1.0159 -0.0116527 -1.1157 -0.0520601 2.12234 -1.12799 
-1.96536 1.01512 -0.011603 -1.1298 -0.0520564 2.13566 -1.12801 
-1.9635 1.01325 -0.0115817 -1.14513 -0.0520605 2.14888 -1.12801 
-1.96124 1.01018 -0.0115651 -1.15987 -0.0520623 2.16079 -1.12801 
-1.95859 1.00552 -0.0115341 -1.17467 -0.0520621 2.1708 -1.12801 
-1.95554 0.999616 -0.011536 -1.19018 -0.0520681 2.18054 -1.12801 
-1.95253 0.993122 -0.011555 -1.20571 -0.0520819 2.18834 -1.12801 
-1.9498 0.984706 -0.0115518 -1.22217 -0.0520905 2.19602 -1.12801 
-1.94701 0.973731 -0.0115731 -1.24178 -0.0521033 2.20323 -1.12801 
-1.94473 0.963193 -0.0116052 -1.26233 -0.0521304 2.21316 -1.12801 
-1.94272 0.949973 -0.0116554 -1.28588 -0.0523115 2.22309 -1.128 
-1.94107 0.93734 -0.0116575 -1.31122 -0.0523832 2.23527 -1.128 
-1.93952 0.923164 -0.0116546 -1.33764 -0.0524376 2.24821 -1.128 
-1.93812 0.910816 -0.011648 -1.36399 -0.0524446 2.26315 -1.12799 
-1.93658 0.897469 -0.0116565 -1.38998 -0.0524579 2.27792 -1.12795 
-1.93513 0.886798 -0.0116319 -1.41307 -0.052466 2.29258 -1.1279 
-1.93345 0.876541 -0.0116448 -1.43327 -0.0524538 2.3046 -1.12761 
-1.93122 0.867384 -0.0116525 -1.45224 -0.0524557 2.31536 -1.12598 
-1.92918 0.861835 -0.0116606 -1.46518 -0.0524512 2.32359 -1.12491 
-1.92698 0.858183 -0.011664 -1.47425 -0.0524551 2.33178 -1.12481 
-1.92462 0.856328 -0.0116649 -1.4794 -0.0524701 2.33599 -1.12481 
-1.92217 0.856318 -0.0116825 -1.48107 -0.0524788 2.33754 -1.12481 
-1.91965 0.856752 -0.011677 -1.482 -0.0524893 2.33826 -1.12481 
-1.91707 0.857229 -0.0116993 -1.48297 -0.0525212 2.3387 -1.12481 
-1.91475 0.857896 -0.0117756 -1.484 -0.0525445 2.33946 -1.12481 
-1.91315 0.858679 -0.0118352 -1.48517 -0.0527797 2.34089 -1.12481 
-1.91242 0.859822 -0.0118523 -1.48655 -0.0530767 2.34365 -1.12481 
-1.91256 0.861506 -0.0119957 -1.48771 -0.0533477 2.34632 -1.1248 
-1.91321 0.863612 -0.012018 -1.4887 -0.053359 2.34917 -1.1248 
-1.91386 0.866198 -0.0120315 -1.48951 -0.053389 2.35273 -1.12481 
-1.9141 0.868817 -0.0120328 -1.48987 -0.0533878 2.35555 -1.12481 
-1.91399 0.871362 -0.0120232 -1.48987 -0.0533917 2.35887 -1.1248 
-1.91383 0.873634 -0.0120262 -1.48989 -0.0533956 2.3616 -1.12481 
-1.9139 0.875666 -0.0120809 -1.49024 -0.0534074 2.36462 -1.12481 
-1.91421 0.877186 -0.0121845 -1.49108 -0.0534182 2.36698 -1.1248 
-1.91488 0.878383 -0.0122212 -1.49241 -0.0534243 2.36949 -1.1248 
-1.91572 0.878966 -0.0122276 -1.49464 -0.0535001 2.37203 -1.12481 
-1.91657 0.878985 -0.0122297 -1.49771 -0.0535018 2.37475 -1.1248 
-1.91736 0.878994 -0.0122278 -1.50116 -0.0535023 2.37816 -1.12479 
-1.91795 0.879009 -0.0122405 -1.50443 -0.0534997 2.38112 -1.12477 
-1.91838 0.878995 -0.0123028 -1.5076 -0.0534964 2.38503 -1.12467 
-1.91878 0.879037 -0.0123262 -1.51036 -0.0534902 2.38898 -1.12397 
-1.91912 0.879123 -0.0123343 -1.51241 -0.0534911 2.39182 -1.12149 
-1.91936 0.879463 -0.0123309 -1.51348 -0.0534891 2.39294 -1.1183 
-1.91949 0.880221 -0.012346 -1.51359 -0.0534831 2.39355 -1.1153 
-1.91968 0.881169 -0.0123497 -1.51358 -0.0534824 2.39425 -1.11278 
-1.91992 0.882426 -0.0123535 -1.51357 -0.0534831 2.39575 -1.10995 
-1.92018 0.883895 -0.0123648 -1.51357 -0.0534851 2.39755 -1.10552 
-1.92059 0.885462 -0.0123648 -1.51354 -0.053493 2.39917 -1.1024 
-1.92097 0.887225 -0.0123934 -1.51345 -0.0534962 2.40154 -1.10212 
-1.92134 0.889102 -0.0123897 -1.51338 -0.0535216 2.40519 -1.10213 
-1.92152 0.890769 -0.0123861 -1.51322 -0.0535541 2.40773 -1.10213 
-1.92149 0.892421 -0.012361 -1.51314 -0.0535575 2.40934 -1.10213 
-1.92143 0.893735 -0.0123521 -1.51306 -0.0535534 2.41045 -1.10213 
-1.92141 0.894995 -0.0123488 -1.51256 -0.0535454 2.41121 -1.10211 
-1.92147 0.896105 -0.0123689 -1.51188 -0.0535395 2.4117 -1.10181 
-1.92155 0.896757 -0.0123862 -1.5111 -0.0535387 2.41192 -1.10049 
-1.92161 0.89684 -0.0124033 -1.51032 -0.0535314 2.41193 -1.09844 
-1.92175 0.896837 -0.0124061 -1.50937 -0.0535314 2.41192 -1.09543 
-1.92192 0.896837 -0.0124057 -1.50878 -0.0535233 2.41193 -1.09189 
-1.92201 0.896877 -0.0123972 -1.50875 -0.0535266 2.41192 -1.08864 
-1.92196 0.897142 -0.0123729 -1.50878 -0.0535253 2.41192 -1.08514 
-1.92185 0.897504 -0.0123649 -1.50876 -0.0535304 2.41192 -1.08154 
-1.92187 0.897755 -0.012386 -1.50875 -0.0535259 2.41192 -1.07959 
-1.92197 0.897839 -0.0124118 -1.50868 -0.0535278 2.41192 -1.07839 
-1.92215 0.897843 -0.0124595 -1.50852 -0.0535233 2.41192 -1.07742 
-1.92221 0.897922 -0.0124531 -1.50806 -0.0535179 2.41193 -1.07446 
-1.92211 0.897982 -0.0124023 -1.50765 -0.0535252 2.41193 -1.06871 
-1.92179 0.898063 -0.0123382 -1.50743 -0.0535323 2.41193 -1.06312 
-1.92152 0.898195 -0.0123429 -1.50738 -0.053539 2.41193 -1.06143 
-1.92141 0.898486 -0.0123407 -1.50727 -0.0536132 2.41193 -1.06144 
-1.92133 0.898945 -0.0123463 -1.50704 -0.0544072 2.41193 -1.06146 
-1.92129 0.899491 -0.0123321 -1.50661 -0.0557301 2.41193 -1.06188 
-1.92115 0.90019 -0.0123085 -1.50569 -0.0574156 2.41193 -1.06332 
-1.92089 0.900941 -0.0123064 -1.50459 -0.058857 2.41193 -1.06504 
-1.92082 0.901558 -0.0123035 -1.50348 -0.0600208 2.41193 -1.06781 
-1.92085 0.901925 -0.0123179 -1.50255 -0.0611772 2.41193 -1.0707 
-1.92098 0.90211 -0.0123338 -1.50208 -0.0617571 2.41193 -1.07353 
-1.92121 0.902172 -0.0123361 -1.50205 -0.0622441 2.41193 -1.07796 
-1.92138 0.902431 -0.012333 -1.50205 -0.0624015 2.41193 -1.08258 
-1.92135 0.902881 -0.012308 -1.50204 -0.0625015 2.41192 -1.08758 
-1.92117 0.903442 -0.012229 -1.50192 -0.0625149 2.41193 -1.09234 
-1.92093 0.904093 -0.0122118 -1.50142 -0.0625089 2.41193 -1.09619 
-1.92073 0.904779 -0.0122011 -1.50047 -0.0625072 2.41193 -1.09779 
-1.92068 0.905303 -0.0122051 -1.49947 -0.0625045 2.41193 -1.09782 
-1.92083 0.905547 -0.0122296 -1.49879 -0.0624953 2.41193 -1.09782 
-1.92102 0.905612 -0.012232 -1.49852 -0.0624811 2.41193 -1.09781 
-1.92118 0.905664 -0.0122312 -1.49849 -0.0624567 2.41193 -1.09779 
-1.92121 0.905861 -0.0122242 -1.49843 -0.0624051 2.41193 -1.09759 
-1.92121 0.90621 -0.0122125 -1.49829 -0.0621837 2.41193 -1.09527 
-1.92119 0.906645 -0.0122031 -1.49815 -0.0620219 2.41193 -1.09205 
-1.92121 0.907255 -0.0122015 -1.49775 -0.0618457 2.41193 -1.08854 
-1.92119 0.908221 -0.0121934 -1.49681 -0.061766 2.41193 -1.08393 
-1.92119 0.909258 -0.0121976 -1.49577 -0.0617671 2.41193 -1.08139 
-1.92119 0.910113 -0.0121966 -1.49511 -0.0617672 2.41193 -1.08132 
-1.92118 0.910792 -0.0122007 -1.49496 -0.0617983 2.41192 -1.08135 
-1.9212 0.911566 -0.0122184 -1.49495 -0.0618802 2.41193 -1.08177 
-1.92118 0.912322 -0.0122147 -1.4949 -0.0621072 2.41193 -1.08382 
-1.92119 0.913157 -0.0122232 -1.49464 -0.062233 2.41192 -1.08701 
-1.92121 0.913898 -0.0122312 -1.49407 -0.0623075 2.41193 -1.08937 
-1.92119 0.914598 -0.0122244 -1.49304 -0.0623414 2.41193 -1.09073 
-1.92123 0.915445 -0.0122497 -1.49142 -0.0624798 2.41193 -1.09337 
-1.92135 0.916519 -0.0122561 -1.48933 -0.0625092 2.41193 -1.09676 
-1.92144 0.918089 -0.0122525 -1.48665 -0.0625096 2.41193 -1.10009 
-1.92143 0.919877 -0.012234 -1.48408 -0.0625183 2.41193 -1.10107 
-1.92143 0.921566 -0.0122308 -1.48182 -0.0625166 2.41194 -1.10158 
-1.92133 0.921838 -0.012228 -1.48092 -0.0625304 2.41193 -1.10297 
-1.92134 0.921975 -0.0122211 -1.48092 -0.0625344 2.41192 -1.10434 
-1.92131 0.921949 -0.0122243 -1.48093 -0.0626127 2.41192 -1.10581 
-1.92132 0.921888 -0.0122296 -1.48102 -0.0626913 2.41189 -1.1095 
-1.92132 0.921796 -0.0122262 -1.48119 -0.0626979 2.41185 -1.11419 
-1.92132 0.92161 -0.0122318 -1.48145 -0.0626992 2.41184 -1.11691 
-1.92146 0.921279 -0.0122764 -1.48216 -0.0627031 2.41171 -1.1182 
-1.92185 0.920595 -0.0123552 -1.48334 -0.0627139 2.41168 -1.11954 
-1.92241 0.91991 -0.0123885 -1.48477 -0.0627468 2.41166 -1.12065 
-1.92309 0.919359 -0.0123893 -1.48642 -0.0627533 2.41166 -1.12116 
-1.92355 0.919221 -0.0123638 -1.48771 -0.0627505 2.41166 -1.12116 
-1.92342 0.919325 -0.0122403 -1.48831 -0.062735 2.41166 -1.12116 
-1.92275 0.919237 -0.0121807 -1.48828 -0.0627083 2.41167 -1.12114 
-1.92198 0.919274 -0.0121827 -1.48813 -0.0626947 2.41167 -1.12111 
-1.92177 0.919268 -0.0121941 -1.48805 -0.0626856 2.41168 -1.12105 
-1.92217 0.919371 -0.0122518 -1.48798 -0.0626845 2.41168 -1.121 
-1.92305 0.91962 -0.0123751 -1.48799 -0.0626755 2.41167 -1.121 
-1.92357 0.919619 -0.0120597 -1.48799 -0.0624272 2.41168 -1.12093 
-1.92325 0.919708 -0.0121433 -1.48798 -0.0624391 2.41168 -1.12089 
-1.92306 0.919795 -0.0121699 -1.48798 -0.0624464 2.41168 -1.12089 
-1.92284 0.920026 -0.0121584 -1.48797 -0.0624451 2.4117 -1.12086 
-1.92249 0.920543 -0.0120864 -1.4879 -0.0624333 2.41172 -1.12037 
-1.92189 0.921421 -0.0120704 -1.48777 -0.0624384 2.41189 -1.1202 
-1.92146 0.922724 -0.0120671 -1.48751 -0.0624378 2.41201 -1.12017 
-1.92124 0.923999 -0.0120857 -1.48731 -0.0624391 2.41238 -1.12011 
-1.92135 0.925174 -0.0120969 -1.48718 -0.0624362 2.41302 -1.12001 
-1.92139 0.92647 -0.0120862 -1.48697 -0.0624352 2.41409 -1.11982 
-1.92138 0.927536 -0.0120924 -1.48696 -0.0624358 2.4154 -1.1197 
-1.92137 0.928579 -0.0120891 -1.48695 -0.0624339 2.41675 -1.11963 
-1.92139 0.929625 -0.0120947 -1.48695 -0.0624356 2.41782 -1.11945 
-1.92139 0.930823 -0.0120921 -1.48693 -0.0624346 2.41916 -1.11934 
-1.92141 0.932212 -0.0121042 -1.48693 -0.0624379 2.42114 -1.11914 
-1.92141 0.933777 -0.0121202 -1.48689 -0.0624385 2.42326 -1.11912 
-1.92149 0.934926 -0.012217 -1.4868 -0.062447 2.42608 -1.11911 
-1.92152 0.935784 -0.012197 -1.48679 -0.0624394 2.42694 -1.1191 
-1.92135 0.937111 -0.0122017 -1.48673 -0.0624457 2.42888 -1.1191 
-1.92142 0.938991 -0.0122265 -1.48626 -0.0624474 2.43046 -1.1191 
-1.92151 0.941735 -0.0121965 -1.48531 -0.0624342 2.43248 -1.1191 
-1.92164 0.944959 -0.0122137 -1.48373 -0.0624355 2.43392 -1.1191 
-1.92167 0.948576 -0.0122084 -1.48167 -0.0624284 2.43566 -1.11908 
-1.92169 0.952231 -0.0122202 -1.47997 -0.0624376 2.43797 -1.11907 
-1.92174 0.955552 -0.0122327 -1.47869 -0.0624294 2.44043 -1.11905 
-1.92184 0.957811 -0.0122368 -1.47837 -0.0624347 2.4433 -1.11903 
-1.9219 0.959435 -0.0122355 -1.47834 -0.0624236 2.44571 -1.11897 
-1.92192 0.961036 -0.0122355 -1.47828 -0.0624249 2.44797 -1.11858 
-1.922 0.962897 -0.0122432 -1.47814 -0.0624236 2.45038 -1.11843 
-1.92206 0.9658 -0.0122164 -1.4771 -0.0624112 2.45279 -1.11819 
-1.92186 0.969177 -0.0121087 -1.47597 -0.0623157 2.45531 -1.11818 
-1.92155 0.968781 -0.0120681 -1.47617 -0.0621603 2.45569 -1.11818 
-1.92152 0.968753 -0.0120528 -1.47633 -0.0621437 2.45571 -1.11818 
-1.92158 0.968789 -0.0120364 -1.47638 -0.0619786 2.45571 -1.11817 
-1.92161 0.968836 -0.0120378 -1.47642 -0.0613923 2.4557 -1.11796 
-1.92162 0.968801 -0.0120181 -1.47665 -0.0599581 2.45566 -1.11451 
-1.92157 0.968536 -0.0119844 -1.47723 -0.0572084 2.45526 -1.10331 
-1.92146 0.968036 -0.0119648 -1.47818 -0.0544736 2.45469 -1.08518 
-1.92153 0.967358 -0.011995 -1.4795 -0.0523317 2.45442 -1.05935 
-1.92156 0.966782 -0.0119818 -1.4806 -0.0512347 2.45434 -1.02704 
-1.9216 0.966301 -0.0119826 -1.48142 -0.0508863 2.45394 -0.989128 
-1.9217 0.966097 -0.0119803 -1.48174 -0.0508846 2.45368 -0.947875 
-1.92162 0.966102 -0.011906 -1.48172 -0.05086 2.45353 -0.910133 
-1.92131 0.966112 -0.0118313 -1.48169 -0.0508536 2.45354 -0.873156 
-1.92093 0.966123 -0.0118384 -1.48171 -0.0507704 2.45351 -0.83395 
-1.92066 0.966116 -0.0118156 -1.48172 -0.0506597 2.45346 -0.790883 
-1.92055 0.966102 -0.0118057 -1.48172 -0.0505311 2.45324 -0.746564 
-1.92056 0.966025 -0.0118077 -1.48173 -0.0504653 2.45262 -0.701429 
-1.92058 0.965971 -0.0118063 -1.48172 -0.0503793 2.45227 -0.656862 
-1.92055 0.965968 -0.0118028 -1.48173 -0.0503566 2.45223 -0.613517 
-1.92045 0.965973 -0.0117553 -1.48172 -0.0502294 2.45223 -0.568806 
-1.92022 0.965976 -0.0117199 -1.48173 -0.0497919 2.45224 -0.525112 
-1.91978 0.965976 -0.0116689 -1.48174 -0.0497459 2.45223 -0.482889 
-1.91946 0.965968 -0.0116984 -1.48174 -0.0497363 2.45223 -0.442681 
-1.91947 0.96595 -0.0118471 -1.48172 -0.0497241 2.45222 -0.407635 
-1.92017 0.965945 -0.0118624 -1.48174 -0.0497129 2.45209 -0.377523 
-1.92116 0.965943 -0.0118631 -1.48174 -0.0497056 2.45201 -0.350042 
-1.92214 0.965931 -0.0119169 -1.48175 -0.0496822 2.45193 -0.324659 
-1.92281 0.965911 -0.011936 -1.48173 -0.0496657 2.45186 -0.298851 
-1.92333 0.965903 -0.0120015 -1.48174 -0.0496733 2.45172 -0.271751 
-1.92384 0.965878 -0.0120077 -1.48173 -0.0496681 2.45156 -0.246868 
-1.92439 0.965864 -0.0120025 -1.48173 -0.0496563 2.45141 -0.221884 
-1.92499 0.965815 -0.0119892 -1.48173 -0.0496475 2.4511 -0.195827 
-1.92537 0.965801 -0.0119728 -1.48171 -0.0491759 2.4511 -0.168221 
-1.92555 0.965786 -0.011963 -1.48168 -0.0489525 2.4511 -0.139166 
-1.92554 0.965799 -0.0119151 -1.48166 -0.0485177 2.45108 -0.107571 
-1.92564 0.965791 -0.011953 -1.48167 -0.0483493 2.45106 -0.0751659 
-1.92601 0.965778 -0.0119654 -1.48167 -0.0483451 2.45106 -0.0454794 
-1.92621 0.965765 -0.0119846 -1.48167 -0.0482757 2.45106 -0.0167219 
-1.92647 0.965767 -0.0119616 -1.48163 -0.0481545 2.45107 0.0125995 
-1.92659 0.965774 -0.0119415 -1.48157 -0.0481243 2.45108 0.0417432 
-1.92651 0.965805 -0.0118474 -1.48146 -0.0480939 2.45109 0.0693239 
-1.9262 0.965809 -0.0117769 -1.48146 -0.0480481 2.4511 0.0941771 
-1.92597 0.965821 -0.0117904 -1.48144 -0.0480335 2.4511 0.117886 
-1.92594 0.965813 -0.0117737 -1.48144 -0.0480037 2.45111 0.140476 
-1.92594 0.965811 -0.0117578 -1.48141 -0.0479635 2.45113 0.161671 
-1.926 0.965821 -0.0117884 -1.48138 -0.0479406 2.45114 0.179828 
-1.92604 0.965848 -0.0117937 -1.48134 -0.0478807 2.45119 0.198756 
-1.92622 0.965843 -0.0118175 -1.48133 -0.0478101 2.4512 0.217308 
-1.92653 0.96588 -0.0118232 -1.48122 -0.0477976 2.45129 0.234969 
-1.92676 0.965984 -0.0118497 -1.48108 -0.0477737 2.45142 0.249846 
-1.92704 0.966208 -0.0118437 -1.48065 -0.0476767 2.4515 0.264115 
-1.9272 0.966614 -0.0118604 -1.47989 -0.0475636 2.45155 0.280548 
-1.92729 0.96716 -0.011859 -1.47889 -0.0473631 2.45155 0.297566 
-1.92738 0.967663 -0.0118474 -1.47788 -0.047215 2.45157 0.314202 
-1.92737 0.96824 -0.0118072 -1.47678 -0.0468464 2.45155 0.331512 
-1.92705 0.968743 -0.0117582 -1.47581 -0.0464601 2.45157 0.351245 
-1.92678 0.969169 -0.011753 -1.47498 -0.0463057 2.45156 0.369501 
-1.92666 0.969377 -0.0117255 -1.4746 -0.0460213 2.45157 0.387011 
-1.92651 0.969449 -0.0117118 -1.47445 -0.0454185 2.45158 0.406575 
-1.92646 0.969576 -0.011655 -1.47417 -0.0447689 2.45202 0.428196 
-1.92596 0.971168 -0.011557 -1.47149 -0.0446056 2.45338 0.44866 
-1.92569 0.972192 -0.0117738 -1.46929 -0.0448667 2.45167 0.462746 
-1.92574 0.97216 -0.0117722 -1.46929 -0.0448887 2.45161 0.462753 
-1.92577 0.972169 -0.0117702 -1.46928 -0.0448618 2.45166 0.462773 
-1.92583 0.972172 -0.0117508 -1.46928 -0.0448444 2.45169 0.462788 
-1.92586 0.972169 -0.011752 -1.46929 -0.0448383 2.4517 0.462797 
-1.92591 0.972176 -0.0117504 -1.46929 -0.044832 2.45172 0.462792 
-1.92595 0.972174 -0.0117502 -1.4693 -0.0448287 2.45173 0.462792 
-1.92596 0.97217 -0.0117505 -1.4693 -0.0448319 2.45175 0.462792 
-1.92598 0.97217 -0.0117564 -1.46931 -0.0448491 2.45177 0.462781 
-1.92598 0.97216 -0.011766 -1.46931 -0.0448957 2.45177 0.462705 
-1.92596 0.972157 -0.0117831 -1.46932 -0.0450736 2.45177 0.461864 
-1.92596 0.972159 -0.0117861 -1.46933 -0.0450981 2.45177 0.461826 
-1.92596 0.972141 -0.0117894 -1.46933 -0.0451202 2.45176 0.461816 
-1.92594 0.972113 -0.011794 -1.46933 -0.0451405 2.45175 0.461815 
-1.92592 0.972068 -0.011795 -1.46933 -0.045166 2.45173 0.461791 
-1.92584 0.97197 -0.0117731 -1.46933 -0.0452182 2.45171 0.461759 
-1.92568 0.971817 -0.0117756 -1.4694 -0.0452679 2.45165 0.461718 
-1.92566 0.971768 -0.0117582 -1.46943 -0.0452695 2.45164 0.461716 
-1.92567 0.971757 -0.0117582 -1.46944 -0.0452676 2.45163 0.461709 
-1.92568 0.971751 -0.0117597 -1.46943 -0.0452657 2.45164 0.461709 
-1.92568 0.971756 -0.0117562 -1.46944 -0.0452654 2.45164 0.461709 
-1.92567 0.971754 -0.0117557 -1.46944 -0.0452687 2.45164 0.461708 
-1.92567 0.97175 -0.0117513 -1.46944 -0.0452664 2.45164 0.461707 
-1.92566 0.971753 -0.0117533 -1.46944 -0.0452657 2.45164 0.46171 
-1.92567 0.971755 -0.0117566 -1.46943 -0.0452664 2.45164 0.461704 
-1.92567 0.97175 -0.0117513 -1.46944 -0.0452667 2.45164 0.461708 
-1.92567 0.97175 -0.0117533 -1.46943 -0.0452651 2.45164 0.461709 
-1.92567 0.97175 -0.0117533 -1.46944 -0.0452668 2.45164 0.461706 
-1.92566 0.971747 -0.0117533 -1.46943 -0.0452651 2.45164 0.461706 
-1.92567 0.971749 -0.0117492 -1.46943 -0.0452645 2.45164 0.461704 
-1.92567 0.971747 -0.0117513 -1.46943 -0.0452672 2.45164 0.461701 
-1.92567 0.971749 -0.0117484 -1.46943 -0.0452692 2.45164 0.461699 
-1.92567 0.971745 -0.0117508 -1.46943 -0.0452704 2.45164 0.461705 
-1.92566 0.971722 -0.0117623 -1.46944 -0.0452673 2.45164 0.461703 
-1.92565 0.971726 -0.0117448 -1.46944 -0.0452708 2.45164 0.461701 
-1.92566 0.971729 -0.0117481 -1.46943 -0.0452718 2.45164 0.461703 
-1.92566 0.971729 -0.0117518 -1.46944 -0.0452708 2.45163 0.461705 
-1.92566 0.971725 -0.0117448 -1.46944 -0.0452658 2.45163 0.461708 
-1.92566 0.97173 -0.0117465 -1.46944 -0.0452661 2.45164 0.461704 
-1.92566 0.97173 -0.0117465 -1.46944 -0.0452698 2.45164 0.461705 
-1.92565 0.971732 -0.0117481 -1.46944 -0.0452704 2.45164 0.461706 
-1.92566 0.97173 -0.0117481 -1.46944 -0.0452705 2.45164 0.461703 
-1.92566 0.971727 -0.0117479 -1.46944 -0.0452659 2.45164 0.461708 
-1.92566 0.97173 -0.0117481 -1.46944 -0.0452698 2.45164 0.461704 
-1.92566 0.97173 -0.0117481 -1.46944 -0.0452698 2.45164 0.461706 
-1.92566 0.97173 -0.0117491 -1.46944 -0.0452672 2.45165 0.46171 
-1.92566 0.971727 -0.0117481 -1.46944 -0.0452699 2.45164 0.461708 
-1.92566 0.971729 -0.0117498 -1.46943 -0.0452712 2.45164 0.461706 
-1.92566 0.97173 -0.0117481 -1.46944 -0.0452673 2.45164 0.461707 
-1.92566 0.97173 -0.0117428 -1.46944 -0.0452693 2.45164 0.461707 
-1.92566 0.971729 -0.0117465 -1.46944 -0.0452711 2.45165 0.461706 
-1.92566 0.97173 -0.0117465 -1.46944 -0.0452699 2.45164 0.461701 
-1.92566 0.971729 -0.0117457 -1.46944 -0.0452695 2.45164 0.461708 
-1.92566 0.971732 -0.0117448 -1.46944 -0.0452685 2.45164 0.461707 
-1.92566 0.971727 -0.0117443 -1.46944 -0.0452712 2.45165 0.461704 
-1.92566 0.97173 -0.0117465 -1.46944 -0.0452695 2.45165 0.461703 
-1.92566 0.971725 -0.0117446 -1.46944 -0.0452685 2.45164 0.461706 
-1.92566 0.971729 -0.0117426 -1.46943 -0.0452685 2.45164 0.461708 
-1.92566 0.971727 -0.0117481 -1.46943 -0.0452698 2.45164 0.461701 
-1.92566 0.971729 -0.0117457 -1.46944 -0.0452699 2.45164 0.461706 
-1.92566 0.971725 -0.0117465 -1.46944 -0.0452692 2.45165 0.461708 
-1.92566 0.971727 -0.011745 -1.46944 -0.0452693 2.45165 0.461706 
-1.92566 0.971729 -0.0117433 -1.46944 -0.0452685 2.45165 0.461708 
-1.92566 0.97173 -0.0117469 -1.46944 -0.0452699 2.45165 0.461704 
-1.92566 0.971726 -0.0117476 -1.46944 -0.0452694 2.45165 0.461709 
-1.92566 0.971729 -0.0117416 -1.46944 -0.0452699 2.45165 0.46171 
-1.92566 0.971728 -0.0117387 -1.46944 -0.0452693 2.45165 0.461705 
-1.92566 0.971726 -0.0117457 -1.46944 -0.0452693 2.45165 0.461711 
-1.92566 0.97173 -0.0117471 -1.46944 -0.0452685 2.45165 0.461704 
-1.92566 0.97173 -0.0117433 -1.46944 -0.0452705 2.45165 0.46171 
