-2.02254 -0.202979 -0.0135944 -1.74403 -0.055536 1.55737 -1.28378 
-2.02253 -0.202977 -0.0135855 -1.74404 -0.0555373 1.55737 -1.28377 
-2.02254 -0.202975 -0.0135972 -1.74403 -0.0555363 1.55737 -1.28377 
-2.02254 -0.202977 -0.0135893 -1.74403 -0.0555369 1.55737 -1.28378 
-2.02254 -0.202972 -0.0135951 -1.74403 -0.0555369 1.55737 -1.28378 
-2.02254 -0.202978 -0.0135936 -1.74403 -0.0555363 1.55737 -1.28378 
-2.02254 -0.202973 -0.0135929 -1.74403 -0.0555401 1.55737 -1.28378 
-2.02253 -0.202977 -0.0135915 -1.74403 -0.0555349 1.55737 -1.28378 
-2.02254 -0.202974 -0.0135925 -1.74403 -0.0555363 1.55737 -1.28378 
-2.02254 -0.20297 -0.0135898 -1.74403 -0.0555356 1.55737 -1.28377 
-2.02254 -0.202979 -0.0135913 -1.74403 -0.0555369 1.55737 -1.28377 
-2.02254 -0.202976 -0.0135934 -1.74403 -0.0555369 1.55737 -1.28377 
-2.02253 -0.202972 -0.0135869 -1.74403 -0.0555369 1.55737 -1.28378 
-2.02254 -0.202977 -0.0135929 -1.74403 -0.0555356 1.55737 -1.28378 
-2.02254 -0.202975 -0.013592 -1.74403 -0.0555363 1.55737 -1.28378 
-2.02254 -0.202976 -0.0135913 -1.74403 -0.0555401 1.55737 -1.28378 
-2.02254 -0.202974 -0.013595 -1.74403 -0.0555372 1.55737 -1.28377 
-2.02254 -0.202974 -0.0135917 -1.74403 -0.0555363 1.55737 -1.28378 
-2.02254 -0.202975 -0.0135897 -1.74403 -0.0555363 1.55737 -1.28377 
-2.02254 -0.202973 -0.0135936 -1.74403 -0.0555363 1.55737 -1.28378 
-2.02254 -0.202974 -0.0135915 -1.74403 -0.0555373 1.55737 -1.28378 
-2.02254 -0.202977 -0.013592 -1.74403 -0.0555363 1.55737 -1.28377 
-2.02254 -0.202973 -0.0135931 -1.74403 -0.0555356 1.55737 -1.28377 
-2.02254 -0.202975 -0.0135952 -1.74403 -0.0555363 1.55737 -1.28378 
-2.02254 -0.202976 -0.0135896 -1.74403 -0.0555363 1.55737 -1.28378 
-2.02254 -0.202975 -0.0135927 -1.74403 -0.0555369 1.55737 -1.28378 
-2.02254 -0.202976 -0.0135913 -1.74403 -0.0555356 1.55737 -1.28377 
-2.02254 -0.202975 -0.0135919 -1.74403 -0.0555369 1.55737 -1.28378 
-2.02254 -0.202976 -0.0135919 -1.74403 -0.055536 1.55737 -1.28378 
-2.02254 -0.202972 -0.0135896 -1.74403 -0.0555369 1.55737 -1.28378 
-2.02254 -0.202976 -0.0135891 -1.74403 -0.0555388 1.55737 -1.28378 
-2.02254 -0.202975 -0.0135915 -1.74403 -0.055537 1.55737 -1.28377 
-2.02254 -0.202971 -0.0135876 -1.74403 -0.0555363 1.55737 -1.28378 
-2.02254 -0.202973 -0.0135934 -1.74403 -0.0555363 1.55737 -1.28378 
-2.02254 -0.202976 -0.0135929 -1.74403 -0.0555363 1.55737 -1.28377 
-2.02254 -0.202974 -0.0135927 -1.74403 -0.0555356 1.55737 -1.28377 
-2.02254 -0.202974 -0.0136041 -1.74403 -0.0555382 1.55737 -1.28378 
-2.02256 -0.202972 -0.0136259 -1.74403 -0.0555394 1.55737 -1.28378 
-2.02255 -0.20298 -0.0135978 -1.74403 -0.0555385 1.55737 -1.28378 
-2.02255 -0.202972 -0.0136067 -1.74403 -0.0555382 1.55737 -1.28378 
-2.02255 -0.202977 -0.0136069 -1.74402 -0.0555407 1.55737 -1.28377 
-2.02257 -0.202976 -0.0136392 -1.74402 -0.0555471 1.55737 -1.28378 
-2.02258 -0.202984 -0.0136386 -1.74401 -0.0555466 1.55737 -1.28378 
-2.02256 -0.202984 -0.0136155 -1.74401 -0.0555444 1.55738 -1.28377 
-2.02255 -0.202996 -0.0136074 -1.74402 -0.0555394 1.55737 -1.28377 
-2.02258 -0.202995 -0.0136455 -1.74403 -0.0555407 1.55737 -1.28377 
-2.02255 -0.202961 -0.013604 -1.74402 -0.0555343 1.55738 -1.28377 
-2.02257 -0.202899 -0.0136403 -1.74405 -0.0555407 1.55738 -1.28377 
-2.02262 -0.202874 -0.0136667 -1.74405 -0.0555402 1.55739 -1.28378 
-2.02259 -0.20277 -0.0136418 -1.74378 -0.0555456 1.55871 -1.28377 
-2.02262 -0.201403 -0.0136573 -1.74022 -0.0555509 1.5604 -1.28377 
-2.02284 -0.198457 -0.0137096 -1.7337 -0.0555663 1.5604 -1.28377 
-2.02387 -0.194333 -0.0137632 -1.72608 -0.0555765 1.56037 -1.28377 
-2.02589 -0.188196 -0.013775 -1.71702 -0.0556154 1.56028 -1.28377 
-2.02964 -0.179739 -0.0138315 -1.70645 -0.0559624 1.56027 -1.28377 
-2.03547 -0.167617 -0.013841 -1.69466 -0.0564614 1.5603 -1.28377 
-2.04254 -0.153201 -0.0138202 -1.68065 -0.0567601 1.56054 -1.28376 
-2.05071 -0.134537 -0.0138534 -1.66409 -0.0568872 1.56253 -1.28377 
-2.05982 -0.113127 -0.0138878 -1.64492 -0.0569744 1.56492 -1.28378 
-2.06957 -0.0877486 -0.0138526 -1.62199 -0.0569789 1.56731 -1.28378 
-2.07847 -0.0593886 -0.0138751 -1.59683 -0.0569703 1.56989 -1.28378 
-2.08653 -0.0302298 -0.0138714 -1.57149 -0.0569551 1.57417 -1.28379 
-2.09342 -0.00029921 -0.0137937 -1.54632 -0.0569259 1.58017 -1.28382 
-2.09915 0.0325933 -0.0137946 -1.52023 -0.0568881 1.5885 -1.28387 
-2.10373 0.0660662 -0.0137708 -1.49603 -0.0568844 1.59723 -1.28605 
-2.10782 0.0997019 -0.013783 -1.47391 -0.0568651 1.60843 -1.29571 
-2.11191 0.133174 -0.0138163 -1.45327 -0.0567931 1.62191 -1.3097 
-2.11593 0.165972 -0.0137957 -1.43494 -0.0566949 1.63715 -1.32144 
-2.11973 0.199699 -0.013761 -1.41713 -0.0565953 1.65244 -1.33054 
-2.12324 0.233491 -0.0137025 -1.39953 -0.0562495 1.66876 -1.33555 
-2.12644 0.267698 -0.0137256 -1.38155 -0.0558161 1.68535 -1.33578 
-2.12886 0.300785 -0.0137051 -1.3641 -0.0554884 1.70027 -1.33578 
-2.13024 0.334187 -0.0136597 -1.34696 -0.0551238 1.71591 -1.33578 
-2.13087 0.365348 -0.0136548 -1.33108 -0.0548239 1.73047 -1.33578 
-2.13092 0.396473 -0.0135679 -1.31499 -0.0545281 1.74564 -1.33577 
-2.13057 0.428416 -0.0135076 -1.29927 -0.0542419 1.76109 -1.33576 
-2.13005 0.460049 -0.0134747 -1.28439 -0.0538854 1.77621 -1.33575 
-2.12922 0.492711 -0.0134209 -1.26986 -0.0533561 1.79349 -1.33567 
-2.12805 0.522574 -0.0134043 -1.25653 -0.0529699 1.80905 -1.33533 
-2.12646 0.551178 -0.0133187 -1.24387 -0.0525188 1.82513 -1.33376 
-2.12427 0.579213 -0.0133038 -1.23204 -0.05207 1.84027 -1.33001 
-2.12143 0.607744 -0.0132089 -1.22032 -0.05156 1.8562 -1.32509 
-2.11752 0.635464 -0.0131847 -1.20993 -0.0509543 1.87243 -1.31705 
-2.11269 0.661444 -0.0131513 -1.20116 -0.0505834 1.88801 -1.30768 
-2.10701 0.68562 -0.0131121 -1.19411 -0.0503329 1.90382 -1.2967 
-2.10049 0.708881 -0.0131075 -1.18924 -0.0501931 1.91986 -1.28789 
-2.09326 0.730565 -0.0130865 -1.18609 -0.050113 1.93662 -1.2814 
-2.08514 0.75019 -0.0130798 -1.18545 -0.0500454 1.95363 -1.27728 
-2.07649 0.768552 -0.0130876 -1.18532 -0.0498301 1.97078 -1.27402 
-2.06775 0.786859 -0.0130641 -1.18535 -0.0495923 1.98794 -1.26947 
-2.05792 0.804609 -0.0130693 -1.1854 -0.0494516 2.0036 -1.26179 
-2.04848 0.819494 -0.0130712 -1.18537 -0.0491822 2.01817 -1.25262 
-2.03884 0.834234 -0.0130337 -1.18544 -0.0490547 2.03076 -1.24278 
-2.0278 0.847142 -0.0130542 -1.18547 -0.0490458 2.04212 -1.23015 
-2.01746 0.859278 -0.013048 -1.186 -0.0490522 2.05168 -1.21731 
-2.0059 0.869919 -0.0130578 -1.18669 -0.0490568 2.06129 -1.20887 
-1.99462 0.880223 -0.0130676 -1.18795 -0.049067 2.0699 -1.2037 
-1.98404 0.888487 -0.0130559 -1.1906 -0.0490884 2.07886 -1.20242 
-1.97298 0.89527 -0.013083 -1.19416 -0.0490889 2.08633 -1.20242 
-1.96251 0.900828 -0.0130687 -1.20051 -0.0491164 2.09627 -1.20242 
-1.95156 0.904129 -0.0130671 -1.2105 -0.049114 2.10686 -1.20243 
-1.94073 0.9044 -0.0130743 -1.22511 -0.0491264 2.11922 -1.20242 
-1.92975 0.903233 -0.013071 -1.2418 -0.0491287 2.13309 -1.20242 
-1.9194 0.901274 -0.0130925 -1.25931 -0.049133 2.14776 -1.20242 
-1.9098 0.898827 -0.0131493 -1.27747 -0.0491301 2.16193 -1.20231 
-1.90057 0.896353 -0.0131675 -1.29549 -0.0491305 2.17766 -1.20054 
-1.89205 0.893866 -0.0132045 -1.31424 -0.0491221 2.19328 -1.19539 
-1.88479 0.891461 -0.0132011 -1.33244 -0.0491322 2.20878 -1.18376 
-1.87822 0.888792 -0.0132541 -1.35128 -0.0492777 2.22426 -1.16838 
-1.87286 0.885404 -0.013249 -1.37073 -0.0494658 2.23958 -1.15538 
-1.86866 0.880482 -0.0133884 -1.39181 -0.0496557 2.25621 -1.14287 
-1.8662 0.87363 -0.0134232 -1.41459 -0.0499895 2.27206 -1.12879 
-1.86537 0.866264 -0.0134324 -1.43743 -0.0501069 2.28797 -1.11289 
-1.86574 0.858322 -0.0136199 -1.4597 -0.0505525 2.30319 -1.09519 
-1.86705 0.848011 -0.0136924 -1.48169 -0.0508934 2.31566 -1.08018 
-1.86914 0.837112 -0.0137413 -1.50455 -0.0515732 2.32732 -1.06778 
-1.87199 0.825702 -0.0139371 -1.52613 -0.0519074 2.33892 -1.05795 
-1.8761 0.814691 -0.0139721 -1.54583 -0.0521199 2.34819 -1.04886 
-1.88134 0.805618 -0.0140363 -1.56256 -0.0522109 2.35743 -1.03647 
-1.88741 0.797216 -0.0139944 -1.57626 -0.0522591 2.3654 -1.01654 
-1.89319 0.791484 -0.0139848 -1.58619 -0.0522617 2.37159 -0.991474 
-1.89877 0.789104 -0.0139918 -1.59151 -0.0524698 2.37594 -0.963142 
-1.90394 0.789605 -0.0139919 -1.59196 -0.0526811 2.37784 -0.938638 
-1.90852 0.790327 -0.0139949 -1.59173 -0.0538432 2.37818 -0.926495 
-1.91287 0.790838 -0.0139593 -1.59171 -0.0575112 2.37822 -0.926536 
-1.91692 0.79128 -0.0138683 -1.59171 -0.0633447 2.37832 -0.93444 
-1.92034 0.791889 -0.0137937 -1.5917 -0.0671435 2.3787 -0.954529 
-1.92273 0.79262 -0.0137901 -1.59167 -0.068143 2.37959 -0.983209 
-1.92416 0.793858 -0.0137848 -1.59162 -0.0681825 2.38102 -1.0166 
-1.92451 0.796166 -0.01378 -1.59109 -0.0681784 2.38441 -1.05008 
-1.92433 0.799492 -0.0136518 -1.59017 -0.0681794 2.38835 -1.08212 
-1.92365 0.803718 -0.0136053 -1.58863 -0.0681579 2.39237 -1.10959 
-1.92268 0.808808 -0.0135796 -1.586 -0.0680721 2.39512 -1.12559 
-1.9221 0.814444 -0.0135312 -1.5819 -0.0670343 2.397 -1.1255 
-1.92192 0.821164 -0.0135244 -1.5767 -0.0647397 2.39806 -1.11612 
-1.92209 0.828531 -0.013555 -1.57228 -0.0638237 2.40009 -1.09886 
-1.92238 0.83561 -0.0135414 -1.56844 -0.0638142 2.4045 -1.0796 
-1.92242 0.842486 -0.0135813 -1.56461 -0.0638194 2.40886 -1.06862 
-1.92269 0.849289 -0.0135911 -1.56124 -0.0638396 2.41236 -1.06533 
-1.92282 0.855713 -0.0136561 -1.55853 -0.0640396 2.41586 -1.06536 
-1.92263 0.860764 -0.0136014 -1.55597 -0.0650186 2.41828 -1.06707 
-1.92223 0.864903 -0.0135453 -1.55244 -0.0661571 2.41992 -1.07386 
-1.92178 0.868181 -0.0135479 -1.54829 -0.066942 2.41999 -1.08554 
-1.92151 0.870619 -0.0135405 -1.54428 -0.0670238 2.41999 -1.09881 
-1.92152 0.872444 -0.0135598 -1.54031 -0.067003 2.41999 -1.10693 
-1.92186 0.873812 -0.0135766 -1.53716 -0.0669107 2.41994 -1.10718 
-1.92242 0.874615 -0.0135682 -1.53584 -0.0661714 2.41993 -1.10594 
-1.92263 0.875126 -0.0135535 -1.5358 -0.0650441 2.41993 -1.09976 
-1.92239 0.875972 -0.0135049 -1.53579 -0.0643245 2.41993 -1.08912 
-1.9218 0.876916 -0.0134295 -1.53575 -0.0642211 2.41993 -1.07443 
-1.921 0.877791 -0.0134162 -1.53561 -0.0642383 2.41993 -1.06195 
-1.92018 0.878398 -0.0134359 -1.53556 -0.064247 2.41993 -1.05847 
-1.91957 0.87864 -0.013429 -1.53513 -0.0643062 2.41993 -1.05848 
-1.91894 0.878699 -0.0134375 -1.53458 -0.0650514 2.41993 -1.0595 
-1.91847 0.878689 -0.0134453 -1.53415 -0.0657035 2.41993 -1.06429 
-1.91827 0.878685 -0.0134451 -1.53406 -0.0662804 2.41993 -1.07236 
-1.91814 0.878689 -0.0134337 -1.53379 -0.0663825 2.41993 -1.08136 
-1.91797 0.87869 -0.0134323 -1.53336 -0.0663803 2.41993 -1.08521 
-1.91788 0.878739 -0.0134202 -1.53265 -0.0663709 2.41994 -1.08555 
-1.91766 0.878812 -0.013396 -1.53155 -0.0663531 2.41994 -1.08555 
-1.91734 0.879254 -0.0133719 -1.52972 -0.065847 2.41994 -1.08484 
-1.9168 0.880053 -0.0133252 -1.52749 -0.0649262 2.41985 -1.07883 
-1.91619 0.881292 -0.0133103 -1.52482 -0.0643861 2.41932 -1.06723 
-1.91556 0.882707 -0.0133288 -1.52262 -0.0643914 2.4187 -1.05401 
-1.91544 0.883866 -0.0133895 -1.52198 -0.0643983 2.41848 -1.04749 
-1.91571 0.885047 -0.0134603 -1.52198 -0.0644396 2.41847 -1.04633 
-1.91623 0.88668 -0.01352 -1.52178 -0.064801 2.41851 -1.04651 
-1.91664 0.888697 -0.0135233 -1.5211 -0.0656994 2.41875 -1.04954 
-1.91673 0.890848 -0.0135199 -1.51978 -0.0661505 2.41884 -1.05766 
-1.9167 0.893168 -0.0135052 -1.51724 -0.0661568 2.41887 -1.06635 
-1.91654 0.895597 -0.0135052 -1.51377 -0.0661579 2.41886 -1.07246 
-1.91653 0.89767 -0.0135026 -1.51022 -0.0661483 2.41883 -1.07431 
-1.91671 0.899096 -0.0135369 -1.50775 -0.0661149 2.41874 -1.07431 
-1.91738 0.899979 -0.0135468 -1.50671 -0.0659209 2.41871 -1.07414 
-1.91818 0.900458 -0.0135429 -1.50671 -0.0655888 2.4187 -1.07236 
-1.9188 0.900853 -0.0135478 -1.50671 -0.065227 2.4187 -1.068 
-1.91918 0.901087 -0.0135444 -1.5067 -0.0650155 2.41871 -1.06236 
-1.91928 0.901103 -0.0135478 -1.50668 -0.0648786 2.41871 -1.05725 
-1.91924 0.901103 -0.013526 -1.50657 -0.0648609 2.41871 -1.05358 
-1.9191 0.901121 -0.0135237 -1.50657 -0.0648638 2.41871 -1.05338 
-1.91893 0.901135 -0.0135112 -1.50657 -0.0648794 2.41871 -1.05338 
-1.91863 0.901141 -0.0135142 -1.50656 -0.0648842 2.41871 -1.05338 
-1.91841 0.90119 -0.013517 -1.50657 -0.0649014 2.41871 -1.05339 
-1.91832 0.901262 -0.0135133 -1.50657 -0.0649541 2.41871 -1.05345 
-1.91829 0.901386 -0.0135164 -1.50658 -0.0651608 2.4187 -1.05384 
-1.91827 0.901579 -0.0135232 -1.50657 -0.0652959 2.41871 -1.05546 
-1.91812 0.901776 -0.0135148 -1.50657 -0.0654686 2.41872 -1.05741 
-1.91787 0.90191 -0.01351 -1.50657 -0.0655445 2.41872 -1.06007 
-1.91761 0.902107 -0.0134983 -1.50656 -0.0655751 2.41873 -1.06148 
-1.91734 0.902327 -0.0135085 -1.50656 -0.0655813 2.41872 -1.06167 
-1.91743 0.902571 -0.0135221 -1.50656 -0.0655905 2.41873 -1.06169 
-1.91773 0.902827 -0.0135434 -1.50646 -0.0655688 2.41874 -1.06168 
-1.91825 0.903214 -0.0135518 -1.50606 -0.0655377 2.41874 -1.06155 
-1.91868 0.903828 -0.0135497 -1.50548 -0.0654526 2.41875 -1.0604 
-1.91885 0.904818 -0.0135477 -1.5043 -0.0652511 2.41875 -1.0574 
-1.91882 0.906033 -0.0135381 -1.50288 -0.0652038 2.41874 -1.0552 
-1.91875 0.90763 -0.0135365 -1.50113 -0.065137 2.41874 -1.05352 
-1.9189 0.909706 -0.0135732 -1.49919 -0.0651352 2.41874 -1.05323 
-1.91924 0.911638 -0.0135791 -1.49803 -0.0651446 2.41874 -1.05324 
-1.91951 0.913704 -0.0135751 -1.49706 -0.0651731 2.41878 -1.05327 
-1.91951 0.915754 -0.0135794 -1.49618 -0.065267 2.41911 -1.05347 
-1.91968 0.916736 -0.0136757 -1.49454 -0.0657605 2.41909 -1.05565 
-1.91969 0.916931 -0.0136781 -1.4945 -0.0657526 2.41904 -1.05747 
-1.91959 0.916944 -0.0136292 -1.49447 -0.0657757 2.41903 -1.05761 
-1.91931 0.916923 -0.0136222 -1.49445 -0.0659654 2.41905 -1.06048 
-1.91898 0.916952 -0.0136095 -1.49429 -0.0660539 2.41905 -1.0648 
-1.91865 0.916999 -0.0136243 -1.49419 -0.0662241 2.41907 -1.06955 
-1.9187 0.917191 -0.013625 -1.49391 -0.0663441 2.41908 -1.07346 
-1.91869 0.917279 -0.0136052 -1.49381 -0.0663498 2.41908 -1.07631 
-1.91872 0.917327 -0.0136064 -1.49363 -0.0663409 2.41907 -1.07871 
-1.91876 0.917351 -0.01362 -1.49357 -0.0663419 2.41907 -1.0796 
-1.91903 0.917549 -0.0136435 -1.49331 -0.0663425 2.41908 -1.07971 
-1.91972 0.917856 -0.0136933 -1.49277 -0.0663606 2.41907 -1.08028 
-1.92065 0.917941 -0.0136921 -1.49254 -0.0663803 2.41907 -1.08448 
-1.92135 0.917932 -0.0136778 -1.49219 -0.0663799 2.41907 -1.09072 
-1.9216 0.917919 -0.0136714 -1.49152 -0.0663538 2.41907 -1.09621 
-1.92146 0.91792 -0.0135095 -1.49063 -0.066337 2.41906 -1.09697 
-1.9209 0.917924 -0.0135138 -1.49011 -0.0663297 2.41904 -1.09697 
-1.92031 0.918024 -0.0134848 -1.4901 -0.0663255 2.41904 -1.09698 
-1.91969 0.918136 -0.0134711 -1.49012 -0.0663225 2.41889 -1.09698 
-1.91942 0.918097 -0.013471 -1.4901 -0.0663022 2.41871 -1.09696 
-1.91943 0.918096 -0.0134691 -1.4901 -0.0662226 2.4187 -1.09693 
-1.91951 0.918102 -0.0134775 -1.49009 -0.0659603 2.4187 -1.09693 
-1.91953 0.918118 -0.0134807 -1.49008 -0.0659136 2.41871 -1.09687 
-1.91954 0.918116 -0.0134745 -1.49007 -0.0657084 2.41871 -1.09615 
-1.91955 0.918111 -0.0134839 -1.49007 -0.0655553 2.4187 -1.09511 
-1.91963 0.918106 -0.0134886 -1.49007 -0.0653167 2.41869 -1.09406 
-1.91987 0.918069 -0.0135102 -1.48997 -0.0652875 2.41869 -1.09371 
-1.92026 0.918066 -0.0134955 -1.48877 -0.0651602 2.41872 -1.0935 
-1.92029 0.918019 -0.0134961 -1.48637 -0.0651386 2.41843 -1.09335 
-1.92018 0.917987 -0.0134882 -1.48362 -0.0651437 2.41724 -1.09336 
-1.9202 0.917998 -0.0135198 -1.48222 -0.0651664 2.41553 -1.09338 
-1.92037 0.91813 -0.0135371 -1.48271 -0.0652188 2.41521 -1.09357 
-1.92065 0.91812 -0.0135582 -1.48417 -0.0653565 2.4152 -1.09485 
-1.92084 0.91812 -0.0135658 -1.48577 -0.0654944 2.41521 -1.09629 
-1.92103 0.918123 -0.0135978 -1.48657 -0.0655657 2.41522 -1.09662 
-1.92136 0.918075 -0.0136125 -1.48665 -0.0656059 2.41522 -1.09711 
-1.92173 0.917992 -0.0136188 -1.48663 -0.0656298 2.41522 -1.0978 
-1.92212 0.917987 -0.0136321 -1.48663 -0.0656673 2.41521 -1.09868 
-1.92239 0.917993 -0.0136362 -1.48668 -0.0656695 2.4152 -1.09973 
-1.92246 0.917997 -0.0136338 -1.48684 -0.0656791 2.4152 -1.10062 
-1.92254 0.917963 -0.0136388 -1.48722 -0.0656811 2.41519 -1.10138 
-1.92252 0.917944 -0.0136377 -1.48787 -0.0657063 2.41519 -1.1017 
-1.92253 0.917937 -0.0136341 -1.48828 -0.0657161 2.41519 -1.10211 
-1.9225 0.917899 -0.0136296 -1.48873 -0.0657217 2.41519 -1.10216 
-1.92255 0.917899 -0.0136413 -1.48921 -0.0657185 2.41519 -1.10217 
-1.92253 0.917893 -0.0136292 -1.48997 -0.0657163 2.41518 -1.10219 
-1.92256 0.917862 -0.0136121 -1.49114 -0.0657004 2.41544 -1.10218 
-1.92235 0.917463 -0.0135902 -1.49222 -0.0657063 2.41552 -1.10219 
-1.92236 0.91717 -0.013583 -1.49311 -0.0656906 2.41553 -1.10218 
-1.92233 0.91718 -0.0135595 -1.49353 -0.0656812 2.41566 -1.10218 
-1.92218 0.917183 -0.0135455 -1.49368 -0.0656743 2.41589 -1.10217 
-1.92197 0.917252 -0.0134929 -1.49382 -0.0656658 2.41602 -1.10216 
-1.92154 0.917276 -0.0134757 -1.49414 -0.065656 2.41613 -1.10214 
-1.92106 0.917333 -0.0134497 -1.49436 -0.0656356 2.41631 -1.10208 
-1.92076 0.917522 -0.0134506 -1.49439 -0.065625 2.41649 -1.10186 
-1.92074 0.917823 -0.0134636 -1.49438 -0.065594 2.41674 -1.10145 
-1.92097 0.918364 -0.0134892 -1.49436 -0.0655379 2.41714 -1.10106 
-1.92135 0.919276 -0.0134871 -1.49422 -0.0654314 2.41808 -1.10078 
-1.92161 0.92084 -0.013489 -1.4934 -0.0654067 2.41892 -1.10076 
-1.9219 0.923214 -0.0134997 -1.49167 -0.065363 2.41924 -1.10073 
-1.92195 0.925373 -0.0134586 -1.49019 -0.0651243 2.41941 -1.10071 
-1.92198 0.927105 -0.0134694 -1.48929 -0.0650879 2.41988 -1.10067 
-1.92198 0.928311 -0.0134658 -1.48874 -0.0650407 2.42032 -1.1006 
-1.92201 0.929208 -0.0134694 -1.48839 -0.0649919 2.42092 -1.10045 
-1.92201 0.930019 -0.0134711 -1.48827 -0.0648757 2.42155 -1.10037 
-1.92203 0.931123 -0.0134626 -1.48821 -0.064842 2.42283 -1.10036 
-1.92203 0.932717 -0.0134626 -1.48788 -0.0648368 2.42434 -1.10036 
-1.92204 0.934984 -0.0134615 -1.48705 -0.0647873 2.42591 -1.10032 
-1.9219 0.937403 -0.0134002 -1.48554 -0.0647183 2.4278 -1.10031 
-1.9218 0.939275 -0.0134179 -1.48483 -0.0647139 2.42797 -1.1003 
-1.92193 0.941898 -0.0134209 -1.48379 -0.0647065 2.42982 -1.10031 
-1.92193 0.945068 -0.0133925 -1.48223 -0.0646937 2.43065 -1.10031 
-1.92175 0.949035 -0.0133395 -1.47997 -0.0646844 2.43223 -1.10031 
-1.92159 0.953428 -0.013333 -1.47721 -0.0646903 2.43316 -1.10031 
-1.92138 0.957786 -0.0133272 -1.47473 -0.0646891 2.4339 -1.1003 
-1.92101 0.960829 -0.0133122 -1.47352 -0.0646877 2.43512 -1.10031 
-1.92058 0.962854 -0.0133301 -1.47331 -0.0646969 2.43726 -1.1003 
-1.92066 0.964492 -0.0133764 -1.4731 -0.0646978 2.43966 -1.1003 
-1.92074 0.966335 -0.0133356 -1.4729 -0.0646886 2.44242 -1.1003 
-1.92056 0.969003 -0.0133263 -1.4725 -0.0646877 2.4451 -1.10031 
-1.92071 0.969403 -0.0132577 -1.47245 -0.0646767 2.44783 -1.10032 
-1.92073 0.969582 -0.0132951 -1.47251 -0.0646735 2.44783 -1.10031 
-1.92076 0.969657 -0.0132799 -1.47253 -0.0646263 2.44784 -1.10031 
-1.92078 0.969739 -0.0132763 -1.47254 -0.0645588 2.44784 -1.10032 
-1.92082 0.969792 -0.013273 -1.47255 -0.0639643 2.44784 -1.10013 
-1.92084 0.969802 -0.0132466 -1.47272 -0.0621496 2.44783 -1.0964 
-1.92059 0.969786 -0.0132259 -1.47294 -0.0585127 2.44783 -1.08492 
-1.92017 0.969728 -0.0132178 -1.47318 -0.05631 2.44782 -1.06599 
-1.91981 0.9697 -0.0132024 -1.47321 -0.0556673 2.44781 -1.04227 
-1.91944 0.969702 -0.0131976 -1.47322 -0.055415 2.4478 -1.01807 
-1.91911 0.969677 -0.0132124 -1.47329 -0.0553837 2.44778 -0.995168 
-1.91883 0.969681 -0.0131773 -1.47329 -0.0552473 2.44778 -0.969755 
-1.91855 0.969684 -0.0132116 -1.47328 -0.0552006 2.44777 -0.943531 
-1.91858 0.969664 -0.0132044 -1.47331 -0.0551175 2.44772 -0.917695 
-1.91853 0.96966 -0.0132082 -1.47335 -0.0550121 2.44768 -0.887899 
-1.91874 0.96966 -0.0133062 -1.47334 -0.0550112 2.44768 -0.857535 
-1.91901 0.969667 -0.0133059 -1.47332 -0.0549957 2.44768 -0.831311 
-1.91895 0.969642 -0.0132907 -1.47339 -0.0549499 2.44755 -0.802101 
-1.91899 0.969637 -0.0133117 -1.47339 -0.0548204 2.44751 -0.76701 
-1.91926 0.969638 -0.0133325 -1.4734 -0.0548015 2.44741 -0.727148 
-1.91963 0.969585 -0.0133732 -1.4734 -0.0548062 2.44699 -0.688408 
-1.91991 0.969588 -0.0133845 -1.4734 -0.0548075 2.44696 -0.651148 
-1.91995 0.969571 -0.0133654 -1.47341 -0.0548089 2.44691 -0.615633 
-1.92001 0.969515 -0.013379 -1.47343 -0.0548004 2.44657 -0.582391 
-1.92019 0.969511 -0.0133881 -1.47341 -0.0548036 2.44657 -0.548659 
-1.92041 0.969498 -0.0134174 -1.47341 -0.0548088 2.44657 -0.515689 
-1.92088 0.969504 -0.0134468 -1.47342 -0.0548097 2.44651 -0.485481 
-1.92149 0.969496 -0.0134366 -1.47341 -0.0548062 2.44647 -0.460372 
-1.92204 0.969497 -0.0134385 -1.47341 -0.0547946 2.44636 -0.43678 
-1.9225 0.969476 -0.0134419 -1.47341 -0.0547892 2.44624 -0.410855 
-1.92292 0.969449 -0.0134546 -1.47341 -0.0547975 2.4461 -0.384805 
-1.9234 0.969426 -0.013461 -1.47341 -0.0547887 2.44602 -0.359744 
-1.92388 0.969428 -0.0134749 -1.47341 -0.0547812 2.44597 -0.335054 
-1.92462 0.969437 -0.0134634 -1.4734 -0.0547807 2.44596 -0.310068 
-1.92531 0.969437 -0.0134564 -1.47341 -0.0547647 2.44565 -0.285588 
-1.92588 0.969424 -0.0134441 -1.47341 -0.0547409 2.4454 -0.259784 
-1.92626 0.969426 -0.0134398 -1.47341 -0.0547375 2.44533 -0.23343 
-1.92649 0.969384 -0.0134277 -1.4734 -0.0546188 2.445 -0.208457 
-1.92645 0.969366 -0.0133973 -1.4734 -0.054455 2.44495 -0.180083 
-1.9264 0.969342 -0.0132838 -1.47339 -0.0543434 2.44495 -0.151902 
-1.92638 0.969325 -0.0133132 -1.4734 -0.0541455 2.44489 -0.12495 
-1.9264 0.969325 -0.0133285 -1.4734 -0.0537314 2.44487 -0.0971666 
-1.92667 0.969302 -0.013325 -1.4734 -0.0535121 2.44467 -0.0704052 
-1.92697 0.969251 -0.0134292 -1.47339 -0.0533725 2.44456 -0.046135 
-1.92751 0.969252 -0.0134245 -1.4734 -0.0531864 2.44456 -0.0227112 
-1.92786 0.969237 -0.0134112 -1.47338 -0.0529512 2.44457 0.00109516 
-1.92791 0.969216 -0.0134028 -1.47339 -0.052827 2.44456 0.0236462 
-1.92785 0.969206 -0.0133012 -1.4734 -0.0526598 2.44456 0.0477735 
-1.9276 0.96917 -0.0132918 -1.47343 -0.0526174 2.44445 0.0690352 
-1.92747 0.969127 -0.0132487 -1.47348 -0.0524791 2.44425 0.0877774 
-1.92737 0.969088 -0.013269 -1.4735 -0.0523398 2.44422 0.10527 
-1.92755 0.969056 -0.0133167 -1.47349 -0.0522879 2.44423 0.123465 
-1.92763 0.969036 -0.0132956 -1.47348 -0.0521182 2.44424 0.138767 
-1.92747 0.96903 -0.0132533 -1.47348 -0.052069 2.44425 0.154487 
-1.92715 0.968998 -0.0132004 -1.47346 -0.052013 2.44426 0.168853 
-1.92651 0.968985 -0.0131163 -1.47344 -0.0519015 2.44428 0.182793 
-1.92547 0.968981 -0.0131087 -1.47342 -0.0518624 2.44428 0.198778 
-1.92439 0.968968 -0.0131252 -1.47339 -0.0517974 2.44431 0.212754 
-1.92355 0.969028 -0.0131114 -1.47322 -0.0517513 2.44433 0.227346 
-1.92283 0.969024 -0.0131269 -1.47321 -0.0517245 2.44434 0.243094 
-1.92245 0.96903 -0.0131195 -1.4732 -0.0516856 2.44435 0.257764 
-1.92239 0.969034 -0.0131347 -1.47318 -0.0516717 2.44434 0.27282 
-1.92266 0.969034 -0.0131547 -1.47318 -0.0516458 2.44434 0.286906 
-1.92286 0.969079 -0.0131671 -1.47307 -0.0516404 2.44436 0.297685 
-1.92319 0.969095 -0.0132014 -1.47305 -0.0515348 2.44438 0.307827 
-1.92372 0.969096 -0.0132085 -1.47303 -0.0514615 2.44441 0.319687 
-1.92421 0.969109 -0.0132009 -1.473 -0.0513536 2.44445 0.330073 
-1.92457 0.969132 -0.0132151 -1.47294 -0.0512755 2.44448 0.339973 
-1.92482 0.969436 -0.0131921 -1.47249 -0.0511496 2.44481 0.351837 
-1.92482 0.969667 -0.0131766 -1.47201 -0.0509688 2.44482 0.362409 
-1.92482 0.969909 -0.013179 -1.47156 -0.0509008 2.44482 0.373846 
-1.92469 0.970211 -0.0131253 -1.47099 -0.0506838 2.44483 0.387053 
-1.92453 0.97056 -0.0131179 -1.47034 -0.0505238 2.44482 0.401134 
-1.92438 0.970771 -0.0131152 -1.46993 -0.0503421 2.44484 0.415176 
-1.92432 0.971017 -0.0131012 -1.46948 -0.0501991 2.44483 0.429557 
-1.92424 0.971172 -0.0130989 -1.46918 -0.0500133 2.44484 0.442312 
-1.9241 0.971795 -0.0130317 -1.46808 -0.0496279 2.44521 0.454279 
-1.92393 0.97259 -0.0131626 -1.46657 -0.04962 2.44476 0.462261 
-1.92396 0.972552 -0.0131483 -1.46656 -0.049613 2.44465 0.462458 
-1.92403 0.972551 -0.013143 -1.46654 -0.0495822 2.44467 0.462557 
-1.924 0.972556 -0.0131467 -1.46655 -0.0495852 2.44467 0.462624 
-1.92402 0.972554 -0.0131524 -1.46655 -0.0495871 2.44467 0.462625 
-1.92405 0.972556 -0.0131579 -1.46655 -0.0495941 2.44467 0.462623 
-1.92408 0.972561 -0.0131617 -1.46655 -0.0495979 2.44467 0.462625 
-1.92414 0.972561 -0.0131596 -1.46655 -0.0495928 2.44468 0.462626 
-1.92416 0.972568 -0.0131606 -1.46655 -0.0495934 2.44468 0.462626 
-1.92416 0.972575 -0.0131547 -1.46655 -0.0495977 2.44468 0.462622 
-1.92415 0.972575 -0.0131503 -1.46656 -0.0496027 2.44468 0.462623 
-1.92416 0.972581 -0.0131515 -1.46656 -0.0496124 2.44468 0.462623 
-1.92414 0.972586 -0.0131583 -1.46657 -0.0496327 2.44468 0.462613 
-1.92412 0.972577 -0.0131676 -1.46658 -0.0496996 2.44468 0.462603 
-1.92404 0.972558 -0.0131893 -1.46659 -0.0501032 2.44467 0.462574 
-1.92401 0.972546 -0.0132156 -1.46658 -0.0502656 2.44468 0.462557 
-1.924 0.97253 -0.0132093 -1.46659 -0.0502761 2.44467 0.462556 
-1.92397 0.972503 -0.0132008 -1.4666 -0.0502966 2.44466 0.462526 
-1.92393 0.972459 -0.0131817 -1.46661 -0.0503137 2.44464 0.462506 
-1.9239 0.972432 -0.0131807 -1.46661 -0.0503104 2.44465 0.462502 
-1.92387 0.972418 -0.0131863 -1.46662 -0.0503111 2.44464 0.462506 
-1.92387 0.972411 -0.0131863 -1.46663 -0.0503118 2.44464 0.462504 
-1.92386 0.97241 -0.0131844 -1.46663 -0.0503111 2.44464 0.462498 
-1.92386 0.972411 -0.013188 -1.46663 -0.0503118 2.44465 0.462502 
-1.92386 0.972407 -0.0131863 -1.46663 -0.0503111 2.44465 0.462504 
-1.92386 0.972413 -0.0131863 -1.46663 -0.0503111 2.44465 0.462506 
-1.92387 0.972408 -0.0131844 -1.46663 -0.0503104 2.44465 0.462502 
-1.92386 0.972409 -0.0131839 -1.46663 -0.0503118 2.44465 0.462503 
-1.92386 0.972414 -0.0131843 -1.46662 -0.0503104 2.44465 0.462498 
-1.92386 0.97241 -0.0131859 -1.46663 -0.0503104 2.44465 0.462502 
-1.92386 0.972408 -0.0131836 -1.46663 -0.0503118 2.44465 0.462501 
-1.92386 0.972405 -0.0131897 -1.46663 -0.0503118 2.44465 0.462498 
-1.92387 0.97241 -0.0131909 -1.46662 -0.0503111 2.44467 0.462497 
-1.92386 0.972403 -0.0131815 -1.46663 -0.050313 2.44466 0.462502 
-1.92386 0.9724 -0.0131841 -1.46663 -0.0503137 2.44465 0.462498 
-1.92386 0.972401 -0.0131815 -1.46663 -0.050313 2.44466 0.462503 
-1.92386 0.972403 -0.0131853 -1.46662 -0.050313 2.44466 0.462499 
-1.92386 0.972401 -0.0131854 -1.46662 -0.050313 2.44465 0.462503 
-1.92386 0.972403 -0.0131797 -1.46662 -0.0503118 2.44466 0.462498 
-1.92386 0.972401 -0.0131835 -1.46663 -0.050313 2.44466 0.462504 
-1.92386 0.972405 -0.0131833 -1.46663 -0.0503143 2.44466 0.462506 
-1.92386 0.972399 -0.0131869 -1.46662 -0.0503124 2.44466 0.462504 
-1.92386 0.972403 -0.0131834 -1.46663 -0.0503137 2.44466 0.462503 
-1.92386 0.972403 -0.013182 -1.46663 -0.0503133 2.44466 0.462498 
-1.92386 0.972401 -0.0131853 -1.46662 -0.050313 2.44466 0.462496 
-1.92386 0.972401 -0.0131814 -1.46663 -0.050313 2.44466 0.462498 
-1.92386 0.972401 -0.0131856 -1.46663 -0.050313 2.44466 0.462499 
-1.92386 0.972404 -0.0131865 -1.46662 -0.050313 2.44466 0.462499 
-1.92386 0.972401 -0.0131841 -1.46662 -0.0503143 2.44466 0.4625 
-1.92386 0.972401 -0.0131843 -1.46662 -0.050313 2.44466 0.462502 
-1.92386 0.972401 -0.0131848 -1.46663 -0.0503124 2.44466 0.462499 
-1.92386 0.9724 -0.0131836 -1.46662 -0.0503137 2.44466 0.462504 
-1.92386 0.972405 -0.0131797 -1.46662 -0.0503137 2.44466 0.462499 
-1.92386 0.972402 -0.0131849 -1.46663 -0.050313 2.44466 0.462498 
-1.92386 0.972398 -0.0131848 -1.46662 -0.050313 2.44466 0.462499 
-1.92386 0.972403 -0.0131858 -1.46662 -0.0503134 2.44466 0.462499 
-1.92385 0.972403 -0.0131839 -1.46662 -0.0503137 2.44466 0.462501 
-1.92386 0.972397 -0.0131832 -1.46663 -0.0503143 2.44466 0.462506 
-1.92386 0.9724 -0.0131849 -1.46662 -0.050313 2.44466 0.462502 
-1.92386 0.972399 -0.0131831 -1.46662 -0.0503124 2.44466 0.4625 
-1.92386 0.972397 -0.0131839 -1.46663 -0.0503137 2.44466 0.462494 
-1.92385 0.972399 -0.0131852 -1.46662 -0.050313 2.44466 0.462498 
-1.92386 0.972398 -0.0131855 -1.46662 -0.0503137 2.44466 0.462505 
-1.92386 0.972401 -0.0131848 -1.46663 -0.0503149 2.44466 0.462496 
-1.92386 0.972398 -0.0131812 -1.46662 -0.0503124 2.44466 0.462501 
-1.92386 0.9724 -0.013185 -1.46662 -0.0503141 2.44466 0.462503 
-1.92386 0.972406 -0.0131834 -1.46662 -0.0503143 2.44466 0.462502 
