-2.02287 -0.206151 -0.0123143 -1.74575 -0.0554172 1.55733 -1.2838 
-2.02288 -0.206149 -0.0123138 -1.74575 -0.0554164 1.55733 -1.2838 
-2.02287 -0.206148 -0.0123087 -1.74575 -0.0554154 1.55733 -1.2838 
-2.02288 -0.206145 -0.0123141 -1.74575 -0.0554143 1.55734 -1.2838 
-2.02287 -0.206149 -0.0123145 -1.74575 -0.055414 1.55734 -1.2838 
-2.02288 -0.206148 -0.0123162 -1.74575 -0.0554137 1.55734 -1.2838 
-2.02288 -0.206151 -0.0123177 -1.74575 -0.0554182 1.55733 -1.2838 
-2.02287 -0.206149 -0.0123162 -1.74575 -0.0554136 1.55734 -1.2838 
-2.02287 -0.206151 -0.0123145 -1.74575 -0.055413 1.55734 -1.2838 
-2.02288 -0.206145 -0.0123162 -1.74576 -0.0554131 1.55733 -1.2838 
-2.02288 -0.206149 -0.0123162 -1.74575 -0.0554167 1.55734 -1.2838 
-2.02288 -0.206147 -0.0123176 -1.74575 -0.0554135 1.55734 -1.2838 
-2.02287 -0.206149 -0.0123179 -1.74575 -0.055414 1.55733 -1.2838 
-2.02288 -0.206146 -0.0123196 -1.74575 -0.0554167 1.55734 -1.2838 
-2.02288 -0.206147 -0.0123119 -1.74575 -0.0554164 1.55733 -1.2838 
-2.02288 -0.206151 -0.0123161 -1.74575 -0.0554149 1.55733 -1.2838 
-2.02288 -0.206147 -0.0123154 -1.74575 -0.0554152 1.55733 -1.2838 
-2.02288 -0.206147 -0.0123178 -1.74575 -0.0554139 1.55734 -1.28379 
-2.02288 -0.206143 -0.0123124 -1.74575 -0.0554136 1.55733 -1.2838 
-2.02288 -0.206147 -0.0123162 -1.74575 -0.0554161 1.55733 -1.2838 
-2.02287 -0.206149 -0.0123104 -1.74575 -0.0554134 1.55734 -1.28379 
-2.02288 -0.206145 -0.0123172 -1.74575 -0.055413 1.55734 -1.28379 
-2.02288 -0.206153 -0.0123141 -1.74575 -0.0554134 1.55733 -1.28379 
-2.02288 -0.206147 -0.0123146 -1.74575 -0.0554157 1.55734 -1.2838 
-2.02287 -0.206151 -0.0123145 -1.74575 -0.055414 1.55733 -1.2838 
-2.02288 -0.206149 -0.0123162 -1.74575 -0.055414 1.55734 -1.2838 
-2.02288 -0.206149 -0.0123212 -1.74575 -0.0554133 1.55733 -1.28379 
-2.02287 -0.206145 -0.0123162 -1.74575 -0.0554152 1.55734 -1.2838 
-2.02287 -0.206147 -0.012316 -1.74575 -0.0554131 1.55734 -1.28379 
-2.02288 -0.20615 -0.0123144 -1.74575 -0.0554144 1.55734 -1.2838 
-2.02287 -0.206146 -0.0123141 -1.74575 -0.0554183 1.55733 -1.2838 
-2.02288 -0.206152 -0.0123178 -1.74575 -0.0554177 1.55733 -1.2838 
-2.02287 -0.206145 -0.0123126 -1.74575 -0.0554129 1.55733 -1.28379 
-2.02288 -0.206152 -0.0123116 -1.74575 -0.0554165 1.55733 -1.2838 
-2.02287 -0.20615 -0.0123145 -1.74575 -0.0554172 1.55733 -1.28379 
-2.02288 -0.206149 -0.0123247 -1.74575 -0.0554163 1.55733 -1.28379 
-2.02289 -0.206143 -0.0123285 -1.74576 -0.0554139 1.55733 -1.2838 
-2.02287 -0.20614 -0.0123063 -1.74576 -0.0554172 1.55733 -1.2838 
-2.02286 -0.206154 -0.0123025 -1.74575 -0.0554142 1.55734 -1.2838 
-2.02287 -0.206164 -0.0123032 -1.74574 -0.0554131 1.55734 -1.2838 
-2.02289 -0.206162 -0.0123294 -1.74574 -0.0554157 1.55734 -1.2838 
-2.02289 -0.206162 -0.0123184 -1.74575 -0.0554146 1.55734 -1.2838 
-2.02293 -0.206167 -0.0123649 -1.74574 -0.0554165 1.55734 -1.28379 
-2.02291 -0.206175 -0.0123434 -1.74572 -0.0554152 1.55735 -1.2838 
-2.02291 -0.206131 -0.0123382 -1.74573 -0.0554167 1.55736 -1.2838 
-2.02296 -0.206185 -0.0123869 -1.74569 -0.0554218 1.55736 -1.2838 
-2.02294 -0.206179 -0.0123724 -1.74558 -0.0554168 1.55738 -1.2838 
-2.02294 -0.206151 -0.0123606 -1.7456 -0.0554134 1.55738 -1.2838 
-2.02297 -0.206092 -0.012395 -1.74561 -0.0554161 1.55738 -1.28379 
-2.02336 -0.205861 -0.0122529 -1.74517 -0.0554151 1.55946 -1.28378 
-2.02409 -0.205275 -0.0121688 -1.743 -0.0554042 1.56028 -1.28376 
-2.02544 -0.204361 -0.0121703 -1.74058 -0.0554011 1.56028 -1.28326 
-2.02719 -0.202995 -0.0121994 -1.73941 -0.0553975 1.56029 -1.28002 
-2.02946 -0.2005 -0.0122116 -1.73925 -0.0554039 1.56129 -1.2714 
-2.0324 -0.195973 -0.0122231 -1.73933 -0.0554058 1.56482 -1.25828 
-2.03563 -0.189408 -0.0122109 -1.73935 -0.0554183 1.57021 -1.24526 
-2.03916 -0.181341 -0.012199 -1.73936 -0.0554321 1.57933 -1.23226 
-2.04308 -0.170273 -0.0121978 -1.7394 -0.0554295 1.59217 -1.219 
-2.04661 -0.157487 -0.0122083 -1.73933 -0.055436 1.60637 -1.20988 
-2.05002 -0.142619 -0.0122116 -1.73935 -0.0554385 1.62194 -1.20622 
-2.05295 -0.126761 -0.0121735 -1.73928 -0.0554379 1.63918 -1.20516 
-2.05563 -0.106821 -0.0121906 -1.73931 -0.0554397 1.65949 -1.20513 
-2.05782 -0.0869146 -0.0122153 -1.73934 -0.0554292 1.67951 -1.20509 
-2.05967 -0.0654678 -0.0122169 -1.73925 -0.0554276 1.70119 -1.20455 
-2.06125 -0.043458 -0.0121803 -1.73913 -0.0554115 1.72352 -1.20333 
-2.06234 -0.0204483 -0.0121826 -1.73912 -0.0554049 1.74645 -1.20068 
-2.06273 0.0039498 -0.0121803 -1.73903 -0.0553831 1.76968 -1.19689 
-2.06264 0.027845 -0.0120957 -1.73888 -0.0553355 1.79288 -1.19267 
-2.06223 0.0514703 -0.0119727 -1.7382 -0.0553146 1.81548 -1.18838 
-2.06161 0.0752206 -0.0119203 -1.7367 -0.0552647 1.838 -1.1802 
-2.06107 0.0972122 -0.011889 -1.73421 -0.0552268 1.85726 -1.17203 
-2.06055 0.117794 -0.0118203 -1.73166 -0.05518 1.87524 -1.16558 
-2.05964 0.137839 -0.0117832 -1.7283 -0.0551232 1.89167 -1.16108 
-2.05811 0.156883 -0.0117575 -1.72426 -0.0549331 1.9066 -1.1577 
-2.05607 0.174849 -0.0116998 -1.71849 -0.054817 1.91879 -1.15361 
-2.05395 0.191967 -0.011703 -1.71036 -0.0547539 1.92835 -1.14442 
-2.05216 0.209132 -0.0116913 -1.70069 -0.0547389 1.93598 -1.13264 
-2.05097 0.224437 -0.0116927 -1.68941 -0.0547389 1.94018 -1.12368 
-2.05008 0.238919 -0.0117062 -1.67674 -0.0547377 1.94122 -1.11926 
-2.04952 0.252708 -0.0117078 -1.66305 -0.0547405 1.94121 -1.11909 
-2.04915 0.264527 -0.0117037 -1.64977 -0.0547434 1.94121 -1.1191 
-2.04894 0.276313 -0.0116931 -1.63627 -0.0547469 1.94115 -1.11909 
-2.04885 0.286999 -0.0116981 -1.62436 -0.0547469 1.94113 -1.1191 
-2.04878 0.296277 -0.0116929 -1.61349 -0.0547494 1.94037 -1.1191 
-2.04863 0.305879 -0.0116748 -1.60414 -0.0547514 1.9403 -1.11911 
-2.04841 0.313915 -0.0116581 -1.59703 -0.0547558 1.9403 -1.11913 
-2.04827 0.320785 -0.0116547 -1.59137 -0.0547606 1.9403 -1.11917 
-2.04818 0.327583 -0.0116453 -1.58728 -0.0547606 1.94034 -1.11924 
-2.04809 0.332991 -0.0116422 -1.58524 -0.05477 1.94082 -1.1199 
-2.04789 0.337112 -0.0116192 -1.58461 -0.0547711 1.94119 -1.12146 
-2.04736 0.34016 -0.0115911 -1.58461 -0.0547741 1.94162 -1.12303 
-2.04641 0.342534 -0.0115868 -1.58462 -0.054776 1.94219 -1.12534 
-2.04519 0.344495 -0.0115829 -1.58462 -0.0547853 1.94314 -1.12773 
-2.04368 0.34621 -0.0115154 -1.58465 -0.0547841 1.94415 -1.13046 
-2.04201 0.347604 -0.0114866 -1.58468 -0.0547812 1.94474 -1.13603 
-2.04016 0.348888 -0.0114693 -1.5847 -0.0547844 1.94543 -1.14181 
-2.03799 0.350224 -0.0114103 -1.58476 -0.0547808 1.94609 -1.14601 
-2.03525 0.351456 -0.0114076 -1.58499 -0.0547802 1.94713 -1.14802 
-2.03229 0.352397 -0.0114195 -1.58544 -0.0547821 1.94785 -1.14844 
-2.02925 0.353167 -0.0114146 -1.58615 -0.0547865 1.94874 -1.14845 
-2.02596 0.353677 -0.0114191 -1.58737 -0.0547864 1.95037 -1.14845 
-2.02282 0.353971 -0.0114327 -1.5886 -0.0547845 1.95187 -1.14845 
-2.01967 0.354102 -0.0114286 -1.58974 -0.0547814 1.95275 -1.14845 
-2.01681 0.35411 -0.0114093 -1.59051 -0.0547825 1.95308 -1.14845 
-2.01401 0.35412 -0.011421 -1.59101 -0.0547822 1.95312 -1.14845 
-2.01141 0.354138 -0.0114185 -1.59147 -0.0547806 1.95312 -1.14845 
-2.00914 0.354235 -0.0114191 -1.59212 -0.0547805 1.95313 -1.14844 
-2.00744 0.354581 -0.0114142 -1.59304 -0.0547805 1.95322 -1.14844 
-2.00574 0.355509 -0.011421 -1.59455 -0.0547798 1.9549 -1.14844 
-2.00393 0.357278 -0.0113914 -1.59704 -0.0547805 1.95941 -1.14844 
-2.00156 0.360601 -0.011405 -1.60065 -0.0547811 1.96658 -1.14842 
-1.99912 0.365141 -0.0114179 -1.60489 -0.0547767 1.9767 -1.14833 
-1.99712 0.370804 -0.011429 -1.60838 -0.0547753 1.98675 -1.14723 
-1.99516 0.379933 -0.0114344 -1.61153 -0.0547734 1.99974 -1.14436 
-1.99377 0.390231 -0.0114476 -1.61352 -0.0547709 2.01266 -1.14132 
-1.99286 0.400843 -0.0114607 -1.61416 -0.0547702 2.0251 -1.13906 
-1.9924 0.413281 -0.0114652 -1.61415 -0.0547713 2.03757 -1.13826 
-1.99227 0.425439 -0.0114796 -1.61385 -0.0547686 2.04976 -1.13807 
-1.99235 0.43855 -0.0116372 -1.61395 -0.0547661 2.06297 -1.13797 
-1.99243 0.451724 -0.0116485 -1.61372 -0.0547609 2.0765 -1.13697 
-1.99256 0.465546 -0.0116705 -1.61375 -0.0547584 2.08987 -1.1339 
-1.9926 0.478381 -0.0116857 -1.61366 -0.0547516 2.10377 -1.12945 
-1.99267 0.49199 -0.0116836 -1.61371 -0.0547527 2.11684 -1.12187 
-1.99269 0.506582 -0.0116921 -1.61362 -0.0547459 2.13167 -1.1118 
-1.99264 0.520519 -0.0116636 -1.61368 -0.0547472 2.14516 -1.10023 
-1.99247 0.533156 -0.0116539 -1.61362 -0.054744 2.15809 -1.08843 
-1.99237 0.546779 -0.0116407 -1.61366 -0.0547388 2.17131 -1.07529 
-1.9922 0.559205 -0.0116232 -1.61361 -0.0547388 2.18422 -1.06035 
-1.99189 0.572052 -0.0116034 -1.61361 -0.0547382 2.19669 -1.0463 
-1.99138 0.5838 -0.0115731 -1.61346 -0.0547363 2.20864 -1.03331 
-1.99052 0.596672 -0.0115243 -1.61349 -0.0547424 2.2212 -1.02165 
-1.98906 0.607748 -0.0114677 -1.61338 -0.0547408 2.23227 -1.01604 
-1.98708 0.619291 -0.0114484 -1.61343 -0.0547542 2.2425 -1.01562 
-1.98438 0.630831 -0.0114647 -1.61334 -0.0548108 2.25504 -1.01563 
-1.98144 0.64196 -0.0114638 -1.61329 -0.0550269 2.26522 -1.01568 
-1.97814 0.653542 -0.0114584 -1.61319 -0.0551975 2.27625 -1.01593 
-1.97471 0.66416 -0.0114865 -1.61311 -0.0554464 2.28636 -1.01691 
-1.97133 0.675222 -0.0114866 -1.61311 -0.0557808 2.29721 -1.01854 
-1.96778 0.685191 -0.0115018 -1.61298 -0.0564509 2.30699 -1.0217 
-1.96461 0.694903 -0.0114809 -1.613 -0.0575862 2.31557 -1.02572 
-1.96139 0.704165 -0.0114983 -1.61298 -0.0586494 2.32385 -1.03049 
-1.95817 0.712578 -0.0114881 -1.61297 -0.0596945 2.33321 -1.03816 
-1.95532 0.720337 -0.0114915 -1.61301 -0.0610073 2.33992 -1.04873 
-1.95261 0.727295 -0.0114937 -1.613 -0.0619028 2.34649 -1.06214 
-1.95002 0.732908 -0.0114915 -1.61292 -0.0623354 2.35257 -1.07647 
-1.9477 0.737431 -0.0114797 -1.6128 -0.062426 2.35631 -1.08895 
-1.94566 0.74126 -0.0114911 -1.61278 -0.0624244 2.3595 -1.09699 
-1.94364 0.744677 -0.0114845 -1.61279 -0.062425 2.36279 -1.09892 
-1.94166 0.747672 -0.0114883 -1.61277 -0.0624006 2.36644 -1.09889 
-1.93997 0.750041 -0.0114898 -1.61276 -0.0623555 2.36963 -1.09825 
-1.93843 0.752221 -0.0114773 -1.6127 -0.0622746 2.37201 -1.0939 
-1.93708 0.754349 -0.0114697 -1.61234 -0.062036 2.37366 -1.08546 
-1.93585 0.75703 -0.0114647 -1.61093 -0.06197 2.37494 -1.07091 
-1.93469 0.760884 -0.0114355 -1.60782 -0.0619747 2.37584 -1.05233 
-1.93369 0.765886 -0.0114539 -1.60346 -0.0619754 2.37643 -1.03768 
-1.93315 0.77184 -0.0114768 -1.59895 -0.0619881 2.3776 -1.02949 
-1.93305 0.778656 -0.0115349 -1.5944 -0.0620231 2.37934 -1.02746 
-1.93325 0.785765 -0.0117477 -1.58915 -0.0621705 2.38121 -1.02767 
-1.9339 0.793639 -0.011807 -1.58308 -0.062505 2.38342 -1.03064 
-1.93478 0.80283 -0.0118183 -1.57707 -0.0631198 2.38608 -1.03748 
-1.93572 0.811615 -0.0119139 -1.57168 -0.0639497 2.39051 -1.04789 
-1.93709 0.820134 -0.0120238 -1.56574 -0.0644235 2.39334 -1.06081 
-1.93943 0.829473 -0.0121981 -1.55899 -0.064618 2.3961 -1.07414 
-1.94313 0.83782 -0.0123538 -1.55119 -0.0646992 2.39784 -1.08543 
-1.94871 0.845574 -0.0123272 -1.54171 -0.0647202 2.39787 -1.09318 
-1.9553 0.85289 -0.0123208 -1.53214 -0.0647559 2.39788 -1.10151 
-1.96152 0.858082 -0.0122536 -1.52431 -0.0647606 2.39786 -1.10771 
-1.96706 0.861483 -0.0121908 -1.51829 -0.0647637 2.39777 -1.11215 
-1.97216 0.864025 -0.012178 -1.51364 -0.0647651 2.39752 -1.11737 
-1.97676 0.866488 -0.0121977 -1.51012 -0.0647663 2.39743 -1.12417 
-1.98095 0.869086 -0.0121982 -1.50725 -0.064767 2.39743 -1.13215 
-1.98492 0.872012 -0.0121925 -1.50435 -0.0647624 2.39742 -1.1434 
-1.98835 0.874959 -0.0121276 -1.50118 -0.0647618 2.39742 -1.15216 
-1.99081 0.877336 -0.0119995 -1.49822 -0.0647538 2.39743 -1.15854 
-1.99166 0.878498 -0.0117991 -1.4964 -0.0647295 2.39738 -1.16022 
-1.99061 0.878371 -0.0116216 -1.49607 -0.0646968 2.39731 -1.16021 
-1.98804 0.878326 -0.0115868 -1.49587 -0.0645977 2.39709 -1.16019 
-1.98442 0.878364 -0.0115087 -1.49587 -0.0644914 2.39696 -1.16014 
-1.98052 0.878377 -0.0114667 -1.49589 -0.0642477 2.39672 -1.15967 
-1.97625 0.878471 -0.0114316 -1.49596 -0.0639958 2.39647 -1.15838 
-1.97155 0.878591 -0.0114331 -1.49608 -0.0635443 2.39632 -1.15578 
-1.96684 0.878894 -0.0114249 -1.49616 -0.06327 2.39627 -1.15212 
-1.96198 0.879347 -0.0114134 -1.49645 -0.0630448 2.39625 -1.14808 
-1.95665 0.880215 -0.0114019 -1.49661 -0.0629651 2.39625 -1.14155 
-1.95172 0.881477 -0.0114052 -1.49661 -0.0629178 2.39625 -1.13512 
-1.94722 0.883101 -0.011414 -1.49662 -0.0629146 2.39627 -1.13045 
-1.94333 0.885058 -0.0114204 -1.49662 -0.0629203 2.3963 -1.12644 
-1.94005 0.887333 -0.0114413 -1.4966 -0.0629145 2.39685 -1.12476 
-1.93752 0.889709 -0.011428 -1.49649 -0.0629188 2.39734 -1.12448 
-1.93539 0.89241 -0.011428 -1.49589 -0.0629174 2.398 -1.12446 
-1.934 0.894836 -0.0114199 -1.49531 -0.0629179 2.39852 -1.12445 
-1.93307 0.897073 -0.0114297 -1.4948 -0.0629206 2.39938 -1.12443 
-1.9326 0.898702 -0.0114245 -1.49477 -0.0629216 2.40047 -1.12443 
-1.93225 0.899804 -0.0114125 -1.49476 -0.0629197 2.40222 -1.12443 
-1.93185 0.900411 -0.0114156 -1.49475 -0.0629165 2.4036 -1.12434 
-1.93135 0.900613 -0.0114042 -1.49475 -0.0629146 2.40425 -1.12351 
-1.93072 0.900615 -0.0113998 -1.49474 -0.0629125 2.40436 -1.12126 
-1.92997 0.900647 -0.0113926 -1.49475 -0.0629085 2.40438 -1.11772 
-1.92915 0.900705 -0.0114044 -1.49475 -0.0629123 2.40438 -1.11255 
-1.92848 0.900875 -0.0114127 -1.49475 -0.0629155 2.40438 -1.10631 
-1.92795 0.901175 -0.0114264 -1.49476 -0.0629226 2.40438 -1.09968 
-1.9277 0.901617 -0.0114255 -1.49476 -0.0629203 2.40438 -1.09568 
-1.92756 0.902131 -0.0114279 -1.49476 -0.0629177 2.40447 -1.09319 
-1.92748 0.902698 -0.0114213 -1.49476 -0.0629191 2.40501 -1.09271 
-1.92728 0.903502 -0.0114217 -1.49476 -0.0629499 2.40549 -1.09271 
-1.92699 0.904412 -0.0114256 -1.49476 -0.0630115 2.406 -1.09276 
-1.92669 0.905419 -0.0114238 -1.49476 -0.0632984 2.40669 -1.0931 
-1.92641 0.906483 -0.0114312 -1.49477 -0.0634532 2.40776 -1.09467 
-1.92633 0.907582 -0.0114331 -1.49476 -0.0635414 2.40917 -1.09561 
-1.9263 0.908756 -0.0114433 -1.49476 -0.0636067 2.41045 -1.09589 
-1.92628 0.909885 -0.0114291 -1.49476 -0.0636255 2.41149 -1.096 
-1.92617 0.910868 -0.0114326 -1.49476 -0.0636334 2.41203 -1.09602 
-1.92602 0.911789 -0.0114259 -1.49475 -0.0636264 2.41273 -1.09602 
-1.92587 0.912833 -0.0114275 -1.49475 -0.0636138 2.41358 -1.096 
-1.92584 0.913882 -0.0114244 -1.4947 -0.0635917 2.41465 -1.09592 
-1.92582 0.914888 -0.0114312 -1.49462 -0.0635801 2.41595 -1.09561 
-1.92583 0.915959 -0.0114326 -1.49408 -0.0635661 2.41701 -1.09504 
-1.92579 0.917032 -0.0114191 -1.49258 -0.0635645 2.41742 -1.0945 
-1.92578 0.918103 -0.0114276 -1.49029 -0.0635633 2.41743 -1.09445 
-1.92579 0.919515 -0.0114374 -1.48764 -0.06354 2.41743 -1.09436 
-1.92582 0.920485 -0.0115076 -1.48599 -0.0635502 2.41733 -1.09431 
-1.92585 0.920447 -0.0115377 -1.486 -0.0635502 2.41727 -1.09432 
-1.92582 0.920435 -0.0115244 -1.48601 -0.0635553 2.41727 -1.09432 
-1.9258 0.920429 -0.0115224 -1.48601 -0.063572 2.41726 -1.09433 
-1.92575 0.920399 -0.0115148 -1.48602 -0.0635876 2.41725 -1.09436 
-1.92564 0.920364 -0.0115214 -1.4861 -0.0636146 2.41722 -1.0945 
-1.92554 0.920291 -0.0115201 -1.48621 -0.0636458 2.41712 -1.09517 
-1.9254 0.920193 -0.0115148 -1.48636 -0.0637347 2.41709 -1.09626 
-1.92525 0.920123 -0.0115334 -1.48647 -0.0638363 2.41707 -1.09711 
-1.92523 0.920082 -0.0115297 -1.48657 -0.0639678 2.41707 -1.09895 
-1.92516 0.920033 -0.0115245 -1.48661 -0.0640081 2.41707 -1.10137 
-1.92496 0.91997 -0.0115201 -1.48675 -0.0640435 2.41706 -1.10328 
-1.92462 0.919759 -0.0115069 -1.4871 -0.0640966 2.41705 -1.10491 
-1.9241 0.919443 -0.0115162 -1.48761 -0.0641887 2.41703 -1.10679 
-1.92339 0.919028 -0.0115265 -1.48801 -0.0641981 2.41701 -1.10811 
-1.92255 0.918706 -0.0115118 -1.48803 -0.0641975 2.41698 -1.10816 
-1.9217 0.918493 -0.0115286 -1.48803 -0.0641981 2.4169 -1.10816 
-1.92122 0.918444 -0.0115441 -1.48806 -0.0641987 2.41669 -1.10816 
-1.92111 0.918422 -0.0115838 -1.48829 -0.0641974 2.41641 -1.10815 
-1.9213 0.91837 -0.0117225 -1.4888 -0.0641962 2.41637 -1.10815 
-1.92187 0.918115 -0.0117711 -1.48939 -0.0641974 2.41636 -1.10815 
-1.92245 0.917569 -0.0117976 -1.49031 -0.0641948 2.41636 -1.10815 
-1.92284 0.916757 -0.0117832 -1.49162 -0.0641893 2.41636 -1.10815 
-1.92263 0.915953 -0.0117336 -1.49258 -0.0641843 2.41636 -1.10813 
-1.92204 0.915184 -0.0116572 -1.49317 -0.064185 2.41636 -1.10814 
-1.9213 0.914301 -0.0116596 -1.49372 -0.0641862 2.41636 -1.10813 
-1.92078 0.91307 -0.011664 -1.49486 -0.064185 2.41635 -1.10813 
-1.92067 0.911578 -0.0116607 -1.4966 -0.0641835 2.41635 -1.10812 
-1.92071 0.909853 -0.0116841 -1.49871 -0.064175 2.41635 -1.10811 
-1.92076 0.90792 -0.0116905 -1.50094 -0.0641725 2.41636 -1.10808 
-1.92077 0.906769 -0.0116868 -1.502 -0.0641651 2.41636 -1.10804 
-1.92073 0.906458 -0.0116606 -1.50203 -0.0641532 2.41638 -1.10766 
-1.92067 0.906423 -0.0116455 -1.50196 -0.0641459 2.41639 -1.10705 
-1.92058 0.90648 -0.0116375 -1.50196 -0.0641277 2.41642 -1.10638 
-1.92048 0.906467 -0.0116227 -1.50187 -0.0641179 2.41643 -1.10459 
-1.92035 0.906472 -0.0116237 -1.50172 -0.0641159 2.41643 -1.10307 
-1.92035 0.906478 -0.0116481 -1.5015 -0.0641149 2.41644 -1.10223 
-1.92038 0.906493 -0.0116517 -1.50118 -0.0640976 2.41644 -1.10132 
-1.92042 0.906503 -0.0116618 -1.50078 -0.0640887 2.41645 -1.09968 
-1.92044 0.906503 -0.0116645 -1.50067 -0.0640894 2.41645 -1.09904 
-1.92051 0.906515 -0.0116692 -1.50065 -0.0640807 2.41644 -1.09869 
-1.92054 0.906529 -0.0116709 -1.50062 -0.0640742 2.41645 -1.09757 
-1.92055 0.906562 -0.0116709 -1.5006 -0.0640731 2.41644 -1.09624 
-1.92056 0.906704 -0.0116745 -1.50059 -0.0640711 2.41645 -1.09564 
-1.92062 0.906918 -0.0116705 -1.50053 -0.0640683 2.41645 -1.09497 
-1.92061 0.907236 -0.0116724 -1.50043 -0.0640713 2.41647 -1.09475 
-1.9206 0.907597 -0.0116704 -1.50013 -0.06408 2.41649 -1.09475 
-1.9206 0.90796 -0.0116717 -1.49978 -0.0640926 2.4165 -1.09475 
-1.92056 0.90816 -0.0116672 -1.49967 -0.0641086 2.4165 -1.09478 
-1.92056 0.908175 -0.0116709 -1.49966 -0.0641213 2.41651 -1.09485 
-1.92053 0.908172 -0.0116651 -1.49959 -0.0641402 2.41652 -1.09529 
-1.92049 0.90817 -0.0116624 -1.49938 -0.0641475 2.41652 -1.09624 
-1.92037 0.908173 -0.0116524 -1.49932 -0.0641645 2.41652 -1.09707 
-1.92028 0.908173 -0.0116556 -1.49928 -0.064171 2.41652 -1.09844 
-1.92023 0.908269 -0.0116524 -1.49927 -0.064176 2.41652 -1.09939 
-1.92025 0.908284 -0.0116727 -1.49928 -0.0641715 2.41652 -1.09972 
-1.9203 0.908393 -0.0116857 -1.49928 -0.0641803 2.41652 -1.09994 
-1.92032 0.908482 -0.0116941 -1.49928 -0.064181 2.41652 -1.10019 
-1.92033 0.908662 -0.0116975 -1.49928 -0.0641875 2.41652 -1.1006 
-1.92034 0.908811 -0.011699 -1.49927 -0.0641896 2.41652 -1.10106 
-1.92033 0.908991 -0.0116931 -1.49923 -0.0641836 2.41658 -1.10112 
-1.92033 0.909179 -0.0116884 -1.49915 -0.0641811 2.41678 -1.10112 
-1.92032 0.909462 -0.0116735 -1.49887 -0.0641629 2.4168 -1.1011 
-1.92029 0.909778 -0.0116603 -1.49835 -0.0641521 2.4168 -1.10107 
-1.92032 0.910036 -0.0116773 -1.49786 -0.0641354 2.4168 -1.10093 
-1.92031 0.910315 -0.0116567 -1.49729 -0.0641242 2.4168 -1.09999 
-1.92024 0.910579 -0.0116458 -1.49692 -0.0641127 2.4168 -1.09985 
-1.9202 0.910917 -0.0116269 -1.4966 -0.0641038 2.4168 -1.09937 
-1.92016 0.911367 -0.0116415 -1.49652 -0.0641028 2.4168 -1.09901 
-1.92019 0.912011 -0.0116589 -1.49648 -0.0641094 2.4168 -1.09902 
-1.92019 0.912958 -0.0116511 -1.49622 -0.064104 2.41683 -1.09902 
-1.92019 0.914075 -0.0116634 -1.49571 -0.0641078 2.41709 -1.09902 
-1.92025 0.915077 -0.011745 -1.49485 -0.0641152 2.41724 -1.09902 
-1.92045 0.915703 -0.0117561 -1.49384 -0.0641133 2.41724 -1.09902 
-1.9205 0.916407 -0.0117463 -1.49263 -0.0641159 2.41724 -1.09903 
-1.92049 0.917296 -0.0117434 -1.49119 -0.0641094 2.41724 -1.09902 
-1.92051 0.918073 -0.0117587 -1.48973 -0.0641127 2.41724 -1.09903 
-1.92065 0.918374 -0.0117832 -1.489 -0.0641159 2.41718 -1.09903 
-1.92103 0.918451 -0.0117991 -1.48901 -0.0641229 2.41719 -1.09905 
-1.9215 0.9185 -0.0118055 -1.48898 -0.0641264 2.41719 -1.09908 
-1.9219 0.918536 -0.0117983 -1.48896 -0.0641332 2.4172 -1.09919 
-1.92202 0.918564 -0.0118038 -1.48897 -0.0641429 2.41719 -1.09952 
-1.92195 0.918565 -0.0117866 -1.48897 -0.0641498 2.4172 -1.09976 
-1.92183 0.918576 -0.0117821 -1.48899 -0.0641652 2.4172 -1.10005 
-1.92167 0.918577 -0.0117714 -1.489 -0.0641779 2.41719 -1.10079 
-1.92149 0.918577 -0.0117774 -1.48905 -0.0641942 2.41719 -1.10146 
-1.9215 0.918532 -0.0117991 -1.48909 -0.0642241 2.41719 -1.10296 
-1.92157 0.918514 -0.0118419 -1.48914 -0.0642918 2.41717 -1.10615 
-1.92174 0.918496 -0.0118454 -1.48915 -0.0643336 2.41717 -1.11096 
-1.92185 0.918453 -0.0118566 -1.48919 -0.0643403 2.41712 -1.11512 
-1.92193 0.918471 -0.011873 -1.48971 -0.064339 2.41674 -1.11702 
-1.92197 0.918578 -0.0118557 -1.49129 -0.064319 2.41673 -1.11704 
-1.92192 0.918654 -0.0118125 -1.49364 -0.0643185 2.41679 -1.11705 
-1.92167 0.91884 -0.0117401 -1.49539 -0.0643051 2.41856 -1.11701 
-1.92153 0.918927 -0.0118742 -1.49534 -0.0643064 2.41892 -1.117 
-1.92173 0.918887 -0.0118638 -1.4951 -0.0643051 2.41891 -1.11701 
-1.92184 0.918996 -0.0118558 -1.49509 -0.064292 2.41892 -1.117 
-1.92184 0.919213 -0.0118512 -1.49504 -0.0642824 2.41908 -1.11698 
-1.92187 0.919566 -0.0118594 -1.49493 -0.0642692 2.41931 -1.11694 
-1.92196 0.920508 -0.0118589 -1.49447 -0.0642647 2.42008 -1.11683 
-1.92221 0.922323 -0.0118641 -1.49378 -0.0642507 2.42162 -1.1168 
-1.92238 0.924691 -0.0118606 -1.49315 -0.0642424 2.42414 -1.11674 
-1.92239 0.927415 -0.0118573 -1.49238 -0.064237 2.42653 -1.11672 
-1.92237 0.929875 -0.0118418 -1.49191 -0.0642357 2.42899 -1.11669 
-1.92235 0.93199 -0.0118279 -1.49159 -0.0642203 2.43117 -1.11664 
-1.92232 0.933517 -0.011796 -1.49096 -0.0641874 2.43277 -1.11605 
-1.92236 0.934646 -0.0118121 -1.4903 -0.0641808 2.43307 -1.11586 
-1.92239 0.935685 -0.0118334 -1.48951 -0.0641839 2.43331 -1.11585 
-1.92237 0.936538 -0.0118211 -1.4889 -0.0641833 2.43342 -1.11586 
-1.92239 0.937938 -0.0118116 -1.4887 -0.0641651 2.43419 -1.11585 
-1.92236 0.940391 -0.0117887 -1.48791 -0.0641507 2.43614 -1.11585 
-1.92238 0.944246 -0.0117635 -1.48641 -0.0640738 2.43853 -1.11577 
-1.92229 0.948539 -0.0117389 -1.48455 -0.0639933 2.44211 -1.11562 
-1.92229 0.953072 -0.0117878 -1.4829 -0.0639767 2.44598 -1.11558 
-1.92239 0.957172 -0.0118116 -1.48174 -0.0639561 2.44984 -1.11538 
-1.92243 0.960188 -0.0118243 -1.48094 -0.0639366 2.45253 -1.11512 
-1.92252 0.962754 -0.0118164 -1.4797 -0.0639085 2.45397 -1.11464 
-1.92253 0.965006 -0.0118117 -1.47815 -0.0638901 2.45421 -1.11451 
-1.92248 0.967648 -0.0117714 -1.47666 -0.0638551 2.45418 -1.11451 
-1.9228 0.968469 -0.0117195 -1.47632 -0.0637144 2.45596 -1.1145 
-1.92303 0.968657 -0.0118206 -1.47621 -0.0637007 2.45596 -1.11451 
-1.92338 0.968754 -0.0117732 -1.47622 -0.0635715 2.45597 -1.11451 
-1.92352 0.968823 -0.011729 -1.47622 -0.0632626 2.45596 -1.11451 
-1.92355 0.968916 -0.0117196 -1.47623 -0.0627871 2.45596 -1.1145 
-1.92369 0.968987 -0.0116946 -1.47623 -0.0616515 2.45594 -1.11434 
-1.92382 0.969019 -0.0116946 -1.47632 -0.0600489 2.45582 -1.11325 
-1.92401 0.968992 -0.0116986 -1.47638 -0.0579528 2.45513 -1.10962 
-1.92432 0.968941 -0.0116875 -1.47642 -0.0563431 2.45441 -1.09989 
-1.92444 0.968875 -0.0116559 -1.47645 -0.0547064 2.45371 -1.08531 
-1.92435 0.968793 -0.0115956 -1.47655 -0.0534901 2.45333 -1.06662 
-1.92421 0.96875 -0.0115978 -1.47661 -0.0530792 2.45332 -1.04301 
-1.92426 0.968756 -0.0116191 -1.47661 -0.0530373 2.45334 -1.01854 
-1.92448 0.968756 -0.0116393 -1.47661 -0.0529938 2.45335 -0.993963 
-1.92482 0.968753 -0.011648 -1.4766 -0.0529489 2.45334 -0.968624 
-1.92544 0.968757 -0.0116448 -1.47662 -0.0528934 2.45329 -0.942115 
-1.926 0.968723 -0.0116391 -1.47663 -0.0526577 2.45299 -0.91687 
-1.92657 0.968698 -0.0116399 -1.47665 -0.0525173 2.45265 -0.889895 
-1.92683 0.968673 -0.0116459 -1.47664 -0.0525118 2.4524 -0.864568 
-1.92695 0.968675 -0.0116351 -1.47664 -0.0523466 2.45239 -0.836351 
-1.92695 0.968675 -0.0116476 -1.47662 -0.0522689 2.4524 -0.803429 
-1.9269 0.968676 -0.0116179 -1.47663 -0.0522159 2.45237 -0.768233 
-1.92696 0.96864 -0.0116998 -1.47664 -0.0522138 2.45208 -0.730233 
-1.92733 0.968547 -0.0117398 -1.47665 -0.0522079 2.45134 -0.693776 
-1.92763 0.968531 -0.0117288 -1.47664 -0.0522179 2.4512 -0.657951 
-1.92756 0.968535 -0.0117073 -1.47664 -0.052214 2.45122 -0.623244 
-1.92753 0.968537 -0.0116787 -1.47662 -0.0522219 2.45122 -0.58611 
-1.92745 0.968533 -0.0117034 -1.47663 -0.052223 2.45121 -0.548298 
-1.92768 0.968522 -0.0117846 -1.47664 -0.0522153 2.45118 -0.51422 
-1.92823 0.968505 -0.011791 -1.47664 -0.052216 2.45102 -0.481786 
-1.92896 0.968495 -0.0117789 -1.47661 -0.0522031 2.45095 -0.453564 
-1.92965 0.968551 -0.0118015 -1.47649 -0.0522013 2.45097 -0.427302 
-1.93052 0.96856 -0.0117957 -1.47651 -0.0522054 2.45095 -0.399527 
-1.93123 0.96855 -0.0117836 -1.47652 -0.0522103 2.45094 -0.371289 
-1.93153 0.968545 -0.0117969 -1.47652 -0.0522147 2.45094 -0.343614 
-1.93166 0.968544 -0.0118224 -1.47652 -0.0522199 2.45092 -0.31934 
-1.93174 0.968538 -0.0118277 -1.47651 -0.0522102 2.45089 -0.295784 
-1.932 0.968516 -0.0118157 -1.4765 -0.0522082 2.4508 -0.270506 
-1.93211 0.968513 -0.0117714 -1.4765 -0.0522041 2.45072 -0.24309 
-1.93199 0.968494 -0.011723 -1.4765 -0.0522046 2.4506 -0.216055 
-1.93198 0.968493 -0.0117232 -1.47649 -0.0522019 2.45058 -0.188533 
-1.93221 0.968477 -0.0117693 -1.47649 -0.0521987 2.45054 -0.160205 
-1.93244 0.968449 -0.01177 -1.47649 -0.0521987 2.4504 -0.133674 
-1.9327 0.968422 -0.0117591 -1.47645 -0.0521949 2.45036 -0.106592 
-1.93275 0.968413 -0.0117521 -1.47646 -0.0521978 2.45035 -0.0836393 
-1.93281 0.968398 -0.0117682 -1.47646 -0.0522009 2.45036 -0.0624979 
-1.93281 0.968392 -0.0117207 -1.47646 -0.0521977 2.45035 -0.0452986 
-1.9327 0.968382 -0.0116579 -1.47646 -0.05219 2.45035 -0.0306567 
-1.93244 0.968375 -0.0115892 -1.4765 -0.052185 2.45032 -0.0142979 
-1.93196 0.968336 -0.0115024 -1.47651 -0.0521791 2.45028 0.00330852 
-1.93104 0.968306 -0.0113884 -1.47651 -0.0521625 2.45026 0.0195037 
-1.92998 0.968276 -0.0113555 -1.47651 -0.0521491 2.45026 0.0361306 
-1.92901 0.968263 -0.0113587 -1.47651 -0.0521287 2.45025 0.0493752 
-1.92809 0.968258 -0.011375 -1.47651 -0.0519969 2.45026 0.0620648 
-1.92751 0.968242 -0.0113527 -1.47648 -0.0518587 2.45027 0.0742471 
-1.92747 0.96824 -0.0113953 -1.47649 -0.051784 2.45026 0.0867173 
-1.92783 0.968243 -0.0114065 -1.4765 -0.0515646 2.45025 0.0992095 
-1.92835 0.968236 -0.0114169 -1.4765 -0.0512767 2.45026 0.113703 
-1.92892 0.968243 -0.0113929 -1.4765 -0.0511326 2.45026 0.126903 
-1.92913 0.968239 -0.0114178 -1.4765 -0.0509816 2.45026 0.137898 
-1.92939 0.968241 -0.011431 -1.47649 -0.050973 2.45026 0.14728 
-1.92954 0.968241 -0.01144 -1.4765 -0.0509715 2.45027 0.157305 
-1.92957 0.968236 -0.0114609 -1.47649 -0.0509659 2.45026 0.164736 
-1.92965 0.968227 -0.0114826 -1.47649 -0.0509465 2.45027 0.171374 
-1.92978 0.968222 -0.011479 -1.47649 -0.0509251 2.45026 0.180448 
-1.92987 0.96821 -0.0114826 -1.47649 -0.0509228 2.45027 0.191562 
-1.92983 0.968202 -0.0114811 -1.4765 -0.0509292 2.45026 0.200785 
-1.92995 0.968202 -0.0115125 -1.4765 -0.0509164 2.45026 0.204984 
-1.92998 0.968211 -0.0113905 -1.47646 -0.0509059 2.4503 0.21016 
-1.92971 0.968208 -0.011373 -1.47647 -0.0509033 2.45029 0.216004 
-1.92943 0.968207 -0.0113683 -1.47649 -0.0509066 2.45027 0.222347 
-1.9293 0.968197 -0.0113257 -1.47649 -0.0508871 2.45027 0.229182 
-1.92905 0.968181 -0.0113332 -1.47654 -0.05088 2.45026 0.237951 
-1.92897 0.968168 -0.0113198 -1.47655 -0.0508318 2.45026 0.245849 
-1.929 0.96814 -0.0113125 -1.4766 -0.0506816 2.45026 0.255737 
-1.92879 0.96813 -0.0112254 -1.4766 -0.0501592 2.45027 0.269473 
-1.92856 0.968123 -0.0112181 -1.47659 -0.0499219 2.45029 0.2852 
-1.92834 0.968122 -0.0112033 -1.4766 -0.0495484 2.45029 0.301301 
-1.92812 0.968117 -0.0111947 -1.4766 -0.0491747 2.45031 0.319089 
-1.92784 0.968119 -0.011213 -1.47659 -0.0488003 2.45032 0.336793 
-1.92772 0.968126 -0.0112015 -1.4766 -0.0486722 2.4503 0.356062 
-1.92753 0.968121 -0.0111919 -1.47659 -0.0483557 2.45032 0.374935 
-1.92746 0.968128 -0.0111814 -1.4766 -0.0479458 2.45032 0.393959 
-1.9273 0.968252 -0.0111084 -1.47631 -0.0474512 2.45101 0.412681 
-1.92688 0.969387 -0.0111013 -1.47458 -0.0473814 2.45251 0.430161 
-1.9266 0.970725 -0.0110664 -1.47202 -0.046907 2.45252 0.446663 
-1.92628 0.971861 -0.0111204 -1.46995 -0.0467544 2.45218 0.460231 
-1.92628 0.971827 -0.0112054 -1.46985 -0.0467517 2.45181 0.4617 
-1.92633 0.971822 -0.0112018 -1.46984 -0.046743 2.45182 0.461718 
-1.92634 0.971822 -0.0112064 -1.46984 -0.0467251 2.45182 0.461841 
-1.92636 0.97182 -0.0112071 -1.46984 -0.0467256 2.45182 0.462536 
-1.92639 0.971822 -0.0112001 -1.46984 -0.0467216 2.45183 0.462602 
-1.92641 0.971816 -0.0112018 -1.46983 -0.0467146 2.45184 0.462643 
-1.92644 0.971822 -0.0111969 -1.46984 -0.046704 2.45185 0.462748 
-1.92646 0.971817 -0.0112049 -1.46984 -0.046704 2.45185 0.46277 
-1.92647 0.971813 -0.0112036 -1.46983 -0.046711 2.45186 0.462769 
-1.92647 0.971807 -0.0112054 -1.46984 -0.0467305 2.45185 0.462767 
-1.92644 0.971792 -0.0112135 -1.46984 -0.0467894 2.45184 0.462745 
-1.92637 0.971765 -0.0112292 -1.46984 -0.0471806 2.45183 0.462693 
-1.92636 0.971733 -0.0112165 -1.46984 -0.0472159 2.45182 0.462651 
-1.92629 0.971567 -0.0112058 -1.46986 -0.0472746 2.45176 0.462603 
-1.92626 0.971548 -0.0111939 -1.46986 -0.0473029 2.45177 0.462576 
-1.92621 0.971533 -0.0111899 -1.46986 -0.0473094 2.45177 0.462573 
-1.92613 0.971484 -0.0112045 -1.46988 -0.0473209 2.45174 0.462511 
-1.92614 0.971459 -0.0112005 -1.46989 -0.0473267 2.45171 0.462497 
-1.92613 0.971456 -0.0112005 -1.46989 -0.0473279 2.45171 0.462492 
-1.92611 0.97146 -0.0111971 -1.46989 -0.0473296 2.45172 0.462492 
-1.92612 0.971455 -0.0111988 -1.46989 -0.0473278 2.45171 0.462494 
-1.92612 0.971458 -0.0111971 -1.46989 -0.0473323 2.45172 0.462491 
-1.92613 0.971452 -0.0111949 -1.46989 -0.0473321 2.45172 0.462496 
-1.92612 0.971455 -0.0111964 -1.46989 -0.0473327 2.45172 0.462486 
-1.92612 0.971459 -0.0111939 -1.46989 -0.0473321 2.45172 0.462494 
-1.92612 0.971452 -0.0111939 -1.46989 -0.0473315 2.45172 0.462492 
-1.92612 0.971454 -0.0111973 -1.46989 -0.0473327 2.45172 0.462494 
-1.92612 0.971454 -0.011192 -1.46989 -0.0473321 2.45172 0.462489 
-1.92612 0.971452 -0.0111913 -1.46989 -0.0473321 2.45172 0.462491 
-1.92612 0.971452 -0.0111917 -1.46989 -0.0473321 2.45172 0.462494 
-1.92612 0.971456 -0.0111925 -1.46989 -0.0473327 2.45172 0.462493 
-1.92612 0.97145 -0.011191 -1.46989 -0.0473315 2.45172 0.46249 
-1.92612 0.971448 -0.0111907 -1.46989 -0.0473321 2.45172 0.462492 
-1.92612 0.971451 -0.0111907 -1.46989 -0.0473308 2.45173 0.462492 
-1.92612 0.971451 -0.0111907 -1.46989 -0.0473308 2.45172 0.46249 
-1.92612 0.971449 -0.0111887 -1.46989 -0.0473321 2.45172 0.462496 
-1.92612 0.971449 -0.01119 -1.46989 -0.0473315 2.45172 0.462488 
-1.92612 0.971451 -0.0111876 -1.46989 -0.0473315 2.45173 0.462491 
-1.92612 0.971451 -0.0111875 -1.46989 -0.0473302 2.45173 0.462491 
-1.92612 0.971447 -0.0111875 -1.46989 -0.0473308 2.45173 0.462492 
-1.92612 0.971447 -0.0111875 -1.46989 -0.0473302 2.45173 0.462491 
-1.92612 0.971451 -0.0111854 -1.46989 -0.0473315 2.45173 0.462496 
-1.92612 0.971445 -0.0111892 -1.46989 -0.0473302 2.45173 0.462494 
-1.92612 0.971447 -0.0111827 -1.46989 -0.0473308 2.45173 0.46249 
