-2.02258 -0.202907 -0.0124351 -1.74458 -0.0554592 1.55734 -1.28389 
-2.02258 -0.202907 -0.0124407 -1.74458 -0.0554609 1.55734 -1.28388 
-2.02258 -0.202909 -0.0124351 -1.74458 -0.0554634 1.55734 -1.28388 
-2.02258 -0.202905 -0.0124404 -1.74458 -0.055463 1.55734 -1.28389 
-2.02258 -0.202911 -0.0124371 -1.74459 -0.0554592 1.55734 -1.28389 
-2.02258 -0.202908 -0.0124388 -1.74458 -0.0554592 1.55734 -1.28389 
-2.02257 -0.202911 -0.0124371 -1.74458 -0.0554592 1.55734 -1.28389 
-2.02258 -0.202911 -0.0124371 -1.74458 -0.0554598 1.55734 -1.28388 
-2.02258 -0.202907 -0.0124371 -1.74459 -0.0554598 1.55734 -1.28388 
-2.02257 -0.202909 -0.0124424 -1.74458 -0.0554605 1.55734 -1.28388 
-2.02257 -0.202907 -0.0124351 -1.74458 -0.0554586 1.55734 -1.28389 
-2.02257 -0.202905 -0.0124388 -1.74458 -0.0554605 1.55734 -1.28388 
-2.02257 -0.202905 -0.0124371 -1.74458 -0.0554592 1.55734 -1.28389 
-2.02257 -0.202909 -0.0124404 -1.74458 -0.0554611 1.55734 -1.28389 
-2.02257 -0.202909 -0.0124404 -1.74458 -0.0554598 1.55734 -1.28389 
-2.02258 -0.202905 -0.0124424 -1.74458 -0.0554598 1.55734 -1.28389 
-2.02258 -0.202909 -0.0124371 -1.74458 -0.0554605 1.55734 -1.28388 
-2.02258 -0.202907 -0.0124424 -1.74458 -0.0554592 1.55734 -1.28389 
-2.02258 -0.202905 -0.0124388 -1.74458 -0.0554605 1.55734 -1.28389 
-2.02258 -0.20292 -0.0124424 -1.74457 -0.0554598 1.55735 -1.28388 
-2.02258 -0.202911 -0.0124477 -1.74458 -0.0554617 1.55734 -1.28388 
-2.02258 -0.202911 -0.0124424 -1.74458 -0.0554595 1.55734 -1.28388 
-2.02257 -0.202912 -0.012437 -1.74458 -0.0554617 1.55734 -1.28388 
-2.0226 -0.202913 -0.0124685 -1.74459 -0.0554617 1.55734 -1.28388 
-2.02258 -0.202913 -0.0124415 -1.74458 -0.0554611 1.55734 -1.28389 
-2.02261 -0.202909 -0.0124729 -1.74459 -0.055463 1.55734 -1.28389 
-2.02259 -0.2029 -0.0124504 -1.7446 -0.0554631 1.55734 -1.28388 
-2.02258 -0.202898 -0.012453 -1.74462 -0.0554624 1.55734 -1.28388 
-2.02263 -0.2029 -0.0124999 -1.7446 -0.0554654 1.55734 -1.28388 
-2.02261 -0.202905 -0.0124735 -1.74458 -0.0554624 1.55734 -1.28389 
-2.0226 -0.202905 -0.012464 -1.74458 -0.0554592 1.55735 -1.28389 
-2.02255 -0.202895 -0.012422 -1.7446 -0.0554541 1.55734 -1.28389 
-2.02257 -0.202907 -0.0124253 -1.74455 -0.055456 1.55735 -1.28388 
-2.0226 -0.202881 -0.0124626 -1.74457 -0.0554598 1.55735 -1.28388 
-2.02256 -0.202875 -0.0124185 -1.74457 -0.0554573 1.55736 -1.28389 
-2.02256 -0.202705 -0.0121353 -1.7433 -0.0554627 1.56039 -1.28389 
-2.02261 -0.20271 -0.0121458 -1.73961 -0.0554608 1.56331 -1.28387 
-2.02274 -0.202705 -0.0121682 -1.73458 -0.0554659 1.56347 -1.28384 
-2.02278 -0.202602 -0.0121632 -1.72998 -0.0554691 1.56348 -1.28352 
-2.02313 -0.201929 -0.0122262 -1.72637 -0.0554877 1.56358 -1.28259 
-2.02439 -0.200296 -0.0122942 -1.7246 -0.0555268 1.56415 -1.28133 
-2.02735 -0.197294 -0.012298 -1.72435 -0.0555308 1.56546 -1.27861 
-2.03161 -0.191648 -0.0122822 -1.72438 -0.0555283 1.56668 -1.27531 
-2.03568 -0.184469 -0.0122906 -1.72434 -0.0555283 1.56726 -1.27397 
-2.03977 -0.175726 -0.0122496 -1.72432 -0.0555244 1.56896 -1.27376 
-2.04374 -0.164242 -0.0122561 -1.72431 -0.0555262 1.57475 -1.27376 
-2.04727 -0.152508 -0.0122678 -1.7243 -0.0555308 1.58784 -1.27376 
-2.05068 -0.138488 -0.0122763 -1.72427 -0.0555476 1.6093 -1.27376 
-2.05411 -0.124346 -0.0122701 -1.72394 -0.055588 1.63749 -1.27376 
-2.05742 -0.108808 -0.012253 -1.72376 -0.0556372 1.66955 -1.27376 
-2.06065 -0.0932883 -0.0122805 -1.72336 -0.0557142 1.70364 -1.27376 
-2.06441 -0.075748 -0.0122926 -1.72287 -0.0557462 1.73851 -1.27375 
-2.06815 -0.0578257 -0.0122945 -1.72231 -0.0557482 1.76804 -1.27368 
-2.0719 -0.0397301 -0.0122856 -1.72121 -0.0557264 1.79276 -1.27261 
-2.07569 -0.0203268 -0.0122803 -1.71929 -0.0557239 1.81026 -1.26906 
-2.07938 0.00030692 -0.0122726 -1.71614 -0.0557168 1.81957 -1.26186 
-2.08273 0.0211084 -0.0122809 -1.71171 -0.0557073 1.82239 -1.25373 
-2.08583 0.0432875 -0.0123063 -1.70577 -0.0557004 1.82241 -1.24818 
-2.08839 0.0646348 -0.0122965 -1.69898 -0.0556874 1.82241 -1.24518 
-2.09039 0.0868824 -0.0122883 -1.69034 -0.0556919 1.82243 -1.24153 
-2.09229 0.110907 -0.0122574 -1.67946 -0.0556964 1.82244 -1.23759 
-2.09388 0.134395 -0.0122721 -1.66789 -0.055705 1.82248 -1.23648 
-2.09556 0.15866 -0.0122651 -1.6549 -0.0557043 1.82254 -1.23642 
-2.09675 0.182994 -0.0122691 -1.64169 -0.0557128 1.82319 -1.23643 
-2.09726 0.20679 -0.0122634 -1.62834 -0.0557124 1.82522 -1.23643 
-2.09713 0.230438 -0.0121257 -1.61529 -0.0557216 1.83086 -1.23643 
-2.09636 0.254325 -0.0120211 -1.60234 -0.0557391 1.84253 -1.23644 
-2.09527 0.276981 -0.0120132 -1.59076 -0.0557758 1.85916 -1.23644 
-2.09434 0.298958 -0.0120045 -1.58053 -0.0559048 1.8797 -1.23644 
-2.09378 0.321014 -0.0120006 -1.57136 -0.0560475 1.90151 -1.23644 
-2.09344 0.342215 -0.0119933 -1.56398 -0.0560809 1.92214 -1.23643 
-2.09319 0.362849 -0.0119885 -1.55761 -0.0560957 1.94015 -1.23641 
-2.09289 0.383644 -0.0119896 -1.55203 -0.0560999 1.95591 -1.23586 
-2.09243 0.403428 -0.0119512 -1.54713 -0.0561035 1.96764 -1.23465 
-2.0916 0.422785 -0.011877 -1.54292 -0.0561016 1.97703 -1.23093 
-2.08993 0.442683 -0.0118248 -1.53851 -0.0561029 1.98565 -1.22451 
-2.08719 0.4613 -0.0118144 -1.53373 -0.0561212 1.99235 -1.21803 
-2.08361 0.479338 -0.0118257 -1.52887 -0.0561342 1.99964 -1.21369 
-2.07935 0.498356 -0.0118213 -1.52354 -0.0561478 2.00522 -1.21004 
-2.07455 0.516726 -0.0118169 -1.5183 -0.056148 2.01174 -1.20559 
-2.06941 0.533629 -0.0118117 -1.5137 -0.0562084 2.02315 -1.19971 
-2.06359 0.551361 -0.011809 -1.50959 -0.0564034 2.03796 -1.1968 
-2.05752 0.568037 -0.0118484 -1.50592 -0.0565361 2.05551 -1.19513 
-2.05167 0.583741 -0.011855 -1.50287 -0.0566789 2.07586 -1.19092 
-2.0459 0.600962 -0.0118848 -1.49989 -0.0569811 2.09712 -1.18264 
-2.04068 0.616304 -0.0118942 -1.4978 -0.0573786 2.11511 -1.17355 
-2.03565 0.631106 -0.0118954 -1.49658 -0.057782 2.12826 -1.16396 
-2.03071 0.646113 -0.0119138 -1.49616 -0.0582023 2.1382 -1.15381 
-2.02617 0.660054 -0.0119269 -1.4958 -0.0585789 2.1429 -1.1438 
-2.02191 0.674526 -0.0119134 -1.49529 -0.0587336 2.14358 -1.13484 
-2.01736 0.688657 -0.01188 -1.4941 -0.0587365 2.14362 -1.12797 
-2.01276 0.70263 -0.0118477 -1.49197 -0.0587349 2.14366 -1.12177 
-2.00755 0.715554 -0.0118216 -1.48784 -0.058733 2.14369 -1.11654 
-2.00164 0.729861 -0.0118435 -1.48259 -0.0587353 2.14372 -1.11206 
-1.9959 0.742113 -0.0118655 -1.47684 -0.0587439 2.14373 -1.10993 
-1.99023 0.755072 -0.0118498 -1.4712 -0.0587573 2.14388 -1.10889 
-1.9843 0.766593 -0.0118402 -1.46568 -0.0587643 2.14563 -1.10881 
-1.97837 0.777984 -0.0118519 -1.4612 -0.0587747 2.15095 -1.10881 
-1.97257 0.787532 -0.0118493 -1.45813 -0.0587787 2.15988 -1.10882 
-1.96631 0.797563 -0.0118836 -1.4565 -0.0587723 2.17321 -1.10881 
-1.96174 0.805818 -0.011887 -1.45681 -0.058773 2.18757 -1.10882 
-1.95788 0.813396 -0.0118715 -1.45683 -0.0587742 2.1981 -1.10882 
-1.95449 0.821173 -0.0118647 -1.45686 -0.0587717 2.20407 -1.10882 
-1.95152 0.829076 -0.011811 -1.45686 -0.0587723 2.20511 -1.10882 
-1.94841 0.836088 -0.011812 -1.45683 -0.0587854 2.20725 -1.10884 
-1.94475 0.842481 -0.0117857 -1.45682 -0.0588218 2.21258 -1.10888 
-1.94069 0.848551 -0.0118014 -1.45689 -0.058885 2.22261 -1.10889 
-1.93632 0.854371 -0.011803 -1.45714 -0.0593142 2.23439 -1.10916 
-1.93167 0.859487 -0.0117995 -1.45773 -0.0596455 2.24802 -1.10917 
-1.92719 0.863745 -0.0118344 -1.45903 -0.0600314 2.2623 -1.10916 
-1.92306 0.867776 -0.0118454 -1.46011 -0.0604359 2.27507 -1.10916 
-1.91917 0.872092 -0.0118708 -1.46066 -0.0605825 2.28513 -1.10916 
-1.91586 0.875772 -0.0118595 -1.46133 -0.0606336 2.29238 -1.10915 
-1.91264 0.878866 -0.0118489 -1.46203 -0.0606394 2.29897 -1.10911 
-1.90934 0.88069 -0.011877 -1.46286 -0.0606443 2.30133 -1.10909 
-1.90625 0.881485 -0.0118769 -1.4634 -0.0606571 2.30137 -1.10906 
-1.90337 0.881539 -0.011943 -1.46392 -0.0606843 2.30138 -1.10863 
-1.90087 0.881433 -0.0119995 -1.46386 -0.060711 2.30146 -1.10861 
-1.89896 0.881292 -0.0119957 -1.46388 -0.0607045 2.30195 -1.10797 
-1.8975 0.881331 -0.0119994 -1.46392 -0.0607029 2.30238 -1.10513 
-1.89643 0.881322 -0.0120191 -1.46418 -0.0607021 2.30401 -1.10149 
-1.89608 0.8813 -0.0120397 -1.46487 -0.0607017 2.30678 -1.09921 
-1.89636 0.881352 -0.0122397 -1.46599 -0.0606929 2.31099 -1.09796 
-1.89769 0.881292 -0.0123251 -1.4675 -0.0606863 2.31833 -1.09584 
-1.89982 0.881292 -0.0123609 -1.46908 -0.0606894 2.32744 -1.09369 
-1.90268 0.881251 -0.0124446 -1.47131 -0.0606882 2.33916 -1.09366 
-1.9066 0.881199 -0.012458 -1.47362 -0.0606873 2.34739 -1.09366 
-1.91082 0.881198 -0.0124315 -1.47571 -0.0606795 2.349 -1.09366 
-1.91488 0.881214 -0.0123341 -1.47768 -0.0606593 2.349 -1.09366 
-1.91831 0.8812 -0.0123024 -1.47962 -0.060648 2.349 -1.09366 
-1.92101 0.881218 -0.0122588 -1.48083 -0.0606457 2.34901 -1.09366 
-1.92229 0.881217 -0.0122235 -1.48161 -0.0606524 2.34901 -1.09366 
-1.92253 0.881244 -0.0122322 -1.48226 -0.0606674 2.34902 -1.09366 
-1.92216 0.881288 -0.0122046 -1.48308 -0.0606827 2.34902 -1.09368 
-1.9216 0.881324 -0.0122036 -1.4843 -0.0606941 2.34904 -1.09367 
-1.92101 0.881617 -0.0122035 -1.48552 -0.0606977 2.34917 -1.09368 
-1.92052 0.882027 -0.0121786 -1.48694 -0.0606952 2.34969 -1.09369 
-1.9199 0.882857 -0.0121426 -1.48801 -0.0606952 2.35174 -1.09368 
-1.9192 0.884164 -0.0121262 -1.48842 -0.0606895 2.35452 -1.09369 
-1.91845 0.885664 -0.0121052 -1.4884 -0.0606814 2.3584 -1.09368 
-1.91768 0.887341 -0.0119925 -1.4884 -0.0606587 2.36438 -1.09368 
-1.91685 0.889475 -0.0119874 -1.48842 -0.0606632 2.37433 -1.09369 
-1.91631 0.891299 -0.0119892 -1.48841 -0.0606587 2.38015 -1.09368 
-1.91598 0.892804 -0.011944 -1.48841 -0.0606398 2.38088 -1.09368 
-1.91563 0.894181 -0.0119318 -1.48841 -0.0606282 2.38089 -1.09369 
-1.91522 0.895436 -0.0119114 -1.48841 -0.0606185 2.38089 -1.09367 
-1.91484 0.896485 -0.0119093 -1.48841 -0.0606194 2.3809 -1.09368 
-1.91459 0.897199 -0.0119178 -1.48841 -0.0606194 2.3809 -1.09368 
-1.91461 0.897775 -0.0119443 -1.48842 -0.0606284 2.3809 -1.09368 
-1.9147 0.898338 -0.0119678 -1.48849 -0.0606332 2.3809 -1.09368 
-1.9148 0.899188 -0.0119727 -1.48852 -0.0606338 2.3809 -1.09368 
-1.91483 0.900337 -0.0119944 -1.48863 -0.0606437 2.3809 -1.0937 
-1.91492 0.901586 -0.0120015 -1.48887 -0.0606468 2.3809 -1.0937 
-1.91507 0.902724 -0.0120525 -1.4891 -0.0606479 2.38091 -1.0937 
-1.91534 0.903675 -0.0120841 -1.4891 -0.0606576 2.38092 -1.09373 
-1.91571 0.904246 -0.0121077 -1.4891 -0.060663 2.38096 -1.09375 
-1.91616 0.90453 -0.0121225 -1.4891 -0.060662 2.38131 -1.09377 
-1.91663 0.904707 -0.0121325 -1.4891 -0.0606636 2.38249 -1.09378 
-1.91707 0.904942 -0.012142 -1.4891 -0.0606633 2.38435 -1.09377 
-1.91741 0.905362 -0.0121403 -1.4891 -0.0606588 2.38668 -1.09378 
-1.91753 0.906003 -0.0121377 -1.48917 -0.0606577 2.39083 -1.09377 
-1.91754 0.906856 -0.0121352 -1.48918 -0.0606532 2.39516 -1.09377 
-1.91762 0.907887 -0.0121404 -1.48918 -0.0606415 2.39828 -1.09377 
-1.91781 0.908915 -0.0121384 -1.48925 -0.0606434 2.39879 -1.09377 
-1.91787 0.909504 -0.0121384 -1.48961 -0.0606382 2.39881 -1.09377 
-1.91788 0.90989 -0.0121336 -1.48972 -0.0606394 2.3989 -1.09377 
-1.91795 0.910038 -0.0121453 -1.48973 -0.0606395 2.399 -1.09377 
-1.91818 0.910216 -0.0121609 -1.48974 -0.0606378 2.39912 -1.09378 
-1.91843 0.910511 -0.0121612 -1.48974 -0.0606421 2.39951 -1.09377 
-1.91866 0.911126 -0.0121757 -1.48975 -0.0606389 2.40098 -1.09377 
-1.91896 0.912336 -0.0121826 -1.48976 -0.0606409 2.40464 -1.09377 
-1.91929 0.914369 -0.0121768 -1.48984 -0.0606316 2.41155 -1.09377 
-1.91956 0.916913 -0.0121687 -1.48986 -0.0606229 2.41921 -1.09377 
-1.91972 0.919302 -0.0121475 -1.48982 -0.0605913 2.42619 -1.09377 
-1.91969 0.919282 -0.0121005 -1.48974 -0.0605942 2.4315 -1.09377 
-1.91977 0.919291 -0.0121289 -1.48986 -0.0605916 2.43153 -1.09377 
-1.91985 0.919275 -0.0121176 -1.4905 -0.060594 2.43152 -1.09377 
-1.91974 0.918931 -0.0120595 -1.49084 -0.0605997 2.43146 -1.09378 
-1.91949 0.918297 -0.0120314 -1.4919 -0.060599 2.4312 -1.09379 
-1.91914 0.917303 -0.0120243 -1.49348 -0.060599 2.43107 -1.09378 
-1.91907 0.915972 -0.0120621 -1.49513 -0.0606127 2.43107 -1.0938 
-1.91945 0.914112 -0.0121808 -1.49714 -0.0606271 2.43092 -1.09451 
-1.92037 0.911671 -0.0121683 -1.49921 -0.0606305 2.43092 -1.09535 
-1.9214 0.908892 -0.0121975 -1.50146 -0.0606432 2.4309 -1.09584 
-1.92251 0.906017 -0.0121879 -1.50407 -0.0606434 2.43089 -1.09676 
-1.92321 0.903057 -0.0121699 -1.50777 -0.0606422 2.43089 -1.09817 
-1.92336 0.900056 -0.012163 -1.51261 -0.0606407 2.43089 -1.09875 
-1.92324 0.898154 -0.012041 -1.51663 -0.0606296 2.43091 -1.09875 
-1.92293 0.897473 -0.0120223 -1.519 -0.060629 2.43092 -1.09874 
-1.92257 0.89767 -0.0120026 -1.5198 -0.0606218 2.43096 -1.09874 
-1.92239 0.897729 -0.0120039 -1.52001 -0.0606217 2.43099 -1.09874 
-1.92248 0.897773 -0.0120397 -1.52001 -0.0606204 2.43101 -1.09874 
-1.9228 0.897897 -0.0120579 -1.52001 -0.0606105 2.43104 -1.09874 
-1.92326 0.898207 -0.0120622 -1.52 -0.060583 2.43137 -1.09871 
-1.92359 0.898733 -0.0120505 -1.51993 -0.0605271 2.43157 -1.09856 
-1.9236 0.899231 -0.0120209 -1.51987 -0.0603314 2.43176 -1.09725 
-1.9234 0.899674 -0.0118945 -1.51971 -0.060133 2.43185 -1.09584 
-1.9229 0.899986 -0.0118702 -1.51938 -0.0595305 2.43192 -1.09374 
-1.92254 0.900004 -0.0118598 -1.51898 -0.0583305 2.43196 -1.09164 
-1.92244 0.899975 -0.0118896 -1.51824 -0.0577899 2.43198 -1.08876 
-1.9227 0.899963 -0.0119275 -1.5177 -0.0577809 2.43199 -1.08757 
-1.92296 0.899965 -0.0119205 -1.51729 -0.0577611 2.43199 -1.08641 
-1.9229 0.899994 -0.0118721 -1.51729 -0.0577488 2.432 -1.08625 
-1.9226 0.900011 -0.011807 -1.51719 -0.057465 2.43239 -1.08507 
-1.92204 0.900023 -0.0117655 -1.51701 -0.0574103 2.43323 -1.08242 
-1.92165 0.900059 -0.0117687 -1.51667 -0.0573987 2.4351 -1.07933 
-1.92146 0.900145 -0.0117682 -1.51642 -0.0574092 2.43792 -1.07915 
-1.92149 0.900256 -0.0118131 -1.51635 -0.0576569 2.44067 -1.07928 
-1.92162 0.900531 -0.0118911 -1.5164 -0.0587113 2.44129 -1.08124 
-1.9217 0.901061 -0.0118872 -1.51668 -0.0597957 2.44129 -1.08622 
-1.92159 0.901845 -0.0118256 -1.51685 -0.0602365 2.44129 -1.0915 
-1.92135 0.90271 -0.0117911 -1.51706 -0.0602529 2.44129 -1.09674 
-1.92107 0.90358 -0.0117805 -1.51705 -0.060251 2.44129 -1.099 
-1.92099 0.904081 -0.0117877 -1.51703 -0.0602617 2.4413 -1.09919 
-1.92098 0.904153 -0.0117885 -1.517 -0.0602626 2.44131 -1.09957 
-1.92101 0.904124 -0.0117996 -1.51693 -0.0602871 2.44131 -1.10021 
-1.92101 0.904145 -0.0117997 -1.51681 -0.0602878 2.44133 -1.10105 
-1.92097 0.904153 -0.0117878 -1.51662 -0.0602839 2.44134 -1.1011 
-1.92102 0.904155 -0.0118086 -1.51645 -0.0602707 2.44135 -1.1011 
-1.92123 0.90416 -0.011815 -1.51637 -0.0602009 2.44135 -1.10103 
-1.92167 0.904218 -0.0118182 -1.51635 -0.0599423 2.44136 -1.10031 
-1.92208 0.90423 -0.011808 -1.5162 -0.059497 2.44136 -1.09815 
-1.92232 0.904259 -0.0118091 -1.51604 -0.0588345 2.44136 -1.09531 
-1.92226 0.904367 -0.011775 -1.51583 -0.0582378 2.44136 -1.0927 
-1.922 0.904533 -0.0117539 -1.51549 -0.0578 2.44136 -1.09131 
-1.92166 0.904979 -0.0116809 -1.51458 -0.0575022 2.44136 -1.08722 
-1.92141 0.905582 -0.0116837 -1.51343 -0.0575005 2.44135 -1.08377 
-1.92135 0.906227 -0.0116941 -1.5125 -0.057509 2.44136 -1.08238 
-1.92148 0.906891 -0.0117362 -1.51227 -0.0575404 2.44135 -1.08239 
-1.92169 0.907854 -0.0117614 -1.51228 -0.0576021 2.44135 -1.08246 
-1.92193 0.908816 -0.0119591 -1.51209 -0.0580526 2.44137 -1.08266 
-1.92232 0.909236 -0.0118965 -1.51207 -0.0580813 2.44137 -1.08352 
-1.92227 0.90956 -0.0118613 -1.5118 -0.0580889 2.44141 -1.08413 
-1.92216 0.909605 -0.0118681 -1.51173 -0.0581512 2.44141 -1.08423 
-1.92216 0.909767 -0.0118582 -1.51159 -0.0581977 2.44142 -1.08456 
-1.92218 0.9099 -0.0118731 -1.51142 -0.0582173 2.44142 -1.08461 
-1.92226 0.910106 -0.0118892 -1.51112 -0.0583064 2.44143 -1.08528 
-1.9223 0.910353 -0.0119152 -1.51075 -0.0585331 2.44143 -1.08715 
-1.92244 0.910628 -0.0119535 -1.51018 -0.0588123 2.44143 -1.08954 
-1.92257 0.910895 -0.011955 -1.50958 -0.0588439 2.44144 -1.09209 
-1.92268 0.911185 -0.0119533 -1.5089 -0.0588414 2.44143 -1.09486 
-1.92269 0.911592 -0.011955 -1.50801 -0.05884 2.44144 -1.09552 
-1.92271 0.912152 -0.0119534 -1.50716 -0.0588365 2.44144 -1.09553 
-1.92274 0.913226 -0.011955 -1.50598 -0.05882 2.44144 -1.09553 
-1.92284 0.914853 -0.0119429 -1.50446 -0.0587621 2.44144 -1.09549 
-1.92295 0.917064 -0.0119467 -1.50247 -0.0584221 2.44144 -1.09514 
-1.92322 0.919624 -0.0119404 -1.5005 -0.0581959 2.44144 -1.09406 
-1.92345 0.922012 -0.0119348 -1.49908 -0.0580751 2.44144 -1.09371 
-1.92356 0.923572 -0.0119238 -1.49869 -0.0580256 2.44144 -1.09369 
-1.92355 0.924375 -0.0118914 -1.4987 -0.057943 2.44144 -1.09352 
-1.92351 0.924577 -0.0118465 -1.4987 -0.0579183 2.44144 -1.09316 
-1.92349 0.924641 -0.0118187 -1.4987 -0.057883 2.44144 -1.09303 
-1.92357 0.924897 -0.01184 -1.4987 -0.057865 2.44144 -1.09292 
-1.92363 0.925575 -0.0118399 -1.4987 -0.057833 2.44145 -1.09286 
-1.92362 0.926794 -0.0118281 -1.49871 -0.0577831 2.44151 -1.09276 
-1.92353 0.928506 -0.0117832 -1.49875 -0.0574959 2.44451 -1.0925 
-1.92359 0.930501 -0.0117986 -1.49875 -0.0574682 2.44765 -1.09245 
-1.92362 0.932581 -0.0117848 -1.49877 -0.0573631 2.45203 -1.09242 
-1.92363 0.934662 -0.011795 -1.49878 -0.0572797 2.45524 -1.09236 
-1.92363 0.936512 -0.01177 -1.49873 -0.0570011 2.45603 -1.0921 
-1.92347 0.937977 -0.0117134 -1.49865 -0.0568836 2.4576 -1.09206 
-1.92339 0.939456 -0.0116606 -1.49831 -0.0567832 2.45874 -1.09206 
-1.92324 0.940798 -0.01165 -1.49799 -0.0567365 2.45989 -1.09206 
-1.92313 0.94222 -0.0116506 -1.49771 -0.0566558 2.46162 -1.09205 
-1.92313 0.943969 -0.0116376 -1.49732 -0.0564217 2.46355 -1.09205 
-1.92313 0.945899 -0.0116222 -1.49677 -0.0560912 2.46587 -1.09205 
-1.92313 0.948016 -0.0116118 -1.49622 -0.0556647 2.46845 -1.09205 
-1.92314 0.950113 -0.0116113 -1.49576 -0.0555324 2.47116 -1.09205 
-1.92321 0.951861 -0.011623 -1.49513 -0.0554654 2.47285 -1.09205 
-1.9232 0.953213 -0.0116353 -1.49427 -0.055369 2.47322 -1.09205 
-1.92324 0.95404 -0.0116271 -1.49377 -0.055317 2.47324 -1.09205 
-1.92321 0.954604 -0.0116026 -1.49335 -0.0552848 2.47323 -1.09206 
-1.92329 0.955162 -0.0116076 -1.49318 -0.0552726 2.47326 -1.09205 
-1.92328 0.956116 -0.0116024 -1.49241 -0.055268 2.47331 -1.09206 
-1.92329 0.957431 -0.0115815 -1.49166 -0.0552706 2.47336 -1.09207 
-1.92335 0.958944 -0.0115758 -1.49064 -0.0552586 2.47334 -1.09208 
-1.92323 0.96145 -0.0114583 -1.48899 -0.0551586 2.47336 -1.09207 
-1.92285 0.964559 -0.0113818 -1.48772 -0.0549726 2.47329 -1.09208 
-1.92261 0.964859 -0.0112785 -1.48682 -0.0547908 2.47324 -1.09208 
-1.92245 0.96521 -0.0113239 -1.4869 -0.0547056 2.47323 -1.09208 
-1.92247 0.965201 -0.0113261 -1.48692 -0.0544134 2.47318 -1.09208 
-1.92257 0.965248 -0.0113172 -1.48695 -0.053302 2.47317 -1.09207 
-1.92273 0.9653 -0.0113336 -1.48698 -0.0504429 2.47296 -1.09207 
-1.923 0.965303 -0.0113435 -1.48697 -0.0466132 2.47168 -1.09205 
-1.92327 0.965296 -0.0113695 -1.48695 -0.0422123 2.47077 -1.09184 
-1.92353 0.965292 -0.0114144 -1.48695 -0.0378725 2.47001 -1.08831 
-1.92368 0.965193 -0.0115319 -1.48693 -0.0357506 2.46872 -1.08088 
-1.92391 0.965121 -0.0115277 -1.48693 -0.0353105 2.46806 -1.07287 
-1.92399 0.964989 -0.0115661 -1.48693 -0.035304 2.46702 -1.06264 
-1.92421 0.964932 -0.0115785 -1.48694 -0.0352786 2.4665 -1.05261 
-1.92448 0.96487 -0.0115694 -1.48694 -0.0352022 2.466 -1.04058 
-1.92459 0.964806 -0.0115646 -1.48693 -0.0351079 2.46543 -1.02633 
-1.92457 0.964779 -0.0115535 -1.48693 -0.0350766 2.46528 -1.00913 
-1.92463 0.964774 -0.0115685 -1.48693 -0.0350567 2.46516 -0.992226 
-1.92467 0.964755 -0.0115831 -1.48692 -0.035032 2.46497 -0.970797 
-1.92491 0.964699 -0.0116041 -1.48692 -0.0350335 2.46455 -0.947018 
-1.92527 0.964579 -0.0116418 -1.48692 -0.0350256 2.46355 -0.924117 
-1.92565 0.96451 -0.0116271 -1.48692 -0.0350281 2.46307 -0.900739 
-1.92575 0.964436 -0.0116259 -1.48692 -0.0350209 2.46239 -0.878918 
-1.9258 0.964301 -0.0116272 -1.48692 -0.0350226 2.46138 -0.856339 
-1.9258 0.964169 -0.0116191 -1.48692 -0.0350021 2.46021 -0.831086 
-1.92588 0.963982 -0.0116206 -1.48685 -0.0349777 2.45851 -0.804574 
-1.92591 0.963761 -0.0116489 -1.48684 -0.0349766 2.45684 -0.776624 
-1.92611 0.963621 -0.0116272 -1.48686 -0.0349766 2.45592 -0.748241 
-1.92628 0.963558 -0.0116355 -1.48686 -0.0349746 2.45551 -0.720993 
-1.92635 0.963548 -0.0116176 -1.48685 -0.0349699 2.45547 -0.694604 
-1.92644 0.963545 -0.0116353 -1.48685 -0.0349699 2.45545 -0.667364 
-1.92646 0.963537 -0.0116207 -1.48685 -0.0349614 2.4552 -0.638801 
-1.9265 0.963451 -0.0116482 -1.48686 -0.0349622 2.45458 -0.607813 
-1.92676 0.963225 -0.0116559 -1.48686 -0.0349678 2.45284 -0.578988 
-1.92713 0.963046 -0.0116647 -1.48689 -0.0349467 2.45149 -0.554486 
-1.92747 0.962955 -0.011646 -1.4869 -0.0349436 2.45097 -0.529711 
-1.92771 0.96295 -0.0116514 -1.4869 -0.0349418 2.45094 -0.504964 
-1.92796 0.962944 -0.0116665 -1.4869 -0.0349287 2.4509 -0.482448 
-1.92837 0.962926 -0.011656 -1.4869 -0.0349183 2.4509 -0.45966 
-1.92873 0.962915 -0.0116478 -1.4869 -0.034873 2.45089 -0.436914 
-1.92909 0.962912 -0.0116512 -1.4869 -0.0348408 2.45089 -0.415182 
-1.92951 0.9629 -0.0116202 -1.48691 -0.0344844 2.45081 -0.395025 
-1.92993 0.962821 -0.0116222 -1.48691 -0.0337595 2.45023 -0.374643 
-1.93043 0.96277 -0.0116132 -1.48691 -0.0321569 2.4499 -0.354026 
-1.93088 0.962755 -0.0116271 -1.48691 -0.0301094 2.44989 -0.333683 
-1.93141 0.962758 -0.0116262 -1.48688 -0.0276132 2.4499 -0.31064 
-1.93182 0.962753 -0.0116265 -1.48683 -0.0254786 2.44991 -0.286365 
-1.93197 0.962765 -0.0116439 -1.48684 -0.0247009 2.4499 -0.257766 
-1.93204 0.96277 -0.0116175 -1.48683 -0.0246975 2.4499 -0.226153 
-1.93196 0.962772 -0.0116042 -1.48686 -0.0247075 2.44988 -0.197754 
-1.93197 0.962759 -0.0116003 -1.48685 -0.0246964 2.44988 -0.172163 
-1.93195 0.962766 -0.0115137 -1.48686 -0.0246808 2.44987 -0.146083 
-1.93213 0.962795 -0.0115569 -1.48674 -0.0246758 2.4499 -0.122485 
-1.93242 0.962796 -0.0115512 -1.48674 -0.0245339 2.44989 -0.101096 
-1.93277 0.962816 -0.0114753 -1.48662 -0.0243882 2.44992 -0.0798174 
-1.93269 0.962865 -0.0113805 -1.48655 -0.0241736 2.44992 -0.0647727 
-1.93246 0.962872 -0.0113606 -1.48656 -0.0241321 2.44991 -0.0519833 
-1.93245 0.962867 -0.0113587 -1.48653 -0.0241308 2.44993 -0.0416371 
-1.93235 0.96287 -0.0113248 -1.48653 -0.0240262 2.44992 -0.0353212 
-1.93217 0.962862 -0.0113074 -1.48657 -0.0235967 2.44989 -0.0269518 
-1.93199 0.962832 -0.0112917 -1.4866 -0.0232346 2.44988 -0.0138646 
-1.93173 0.96278 -0.011285 -1.48668 -0.0229692 2.44987 0.00197768 
-1.93155 0.962757 -0.0112485 -1.48668 -0.0228083 2.44987 0.0187019 
-1.93118 0.962764 -0.0112678 -1.4867 -0.0228055 2.44987 0.0362266 
-1.93116 0.962757 -0.0112318 -1.4867 -0.0227489 2.44989 0.0503833 
-1.93101 0.962751 -0.0111839 -1.48669 -0.0226285 2.44988 0.0640373 
-1.93083 0.962747 -0.0111855 -1.48673 -0.0225857 2.44986 0.0780084 
-1.93084 0.962731 -0.0111723 -1.48672 -0.0222287 2.44987 0.0883349 
-1.93085 0.962728 -0.0111647 -1.48667 -0.0209612 2.44989 0.0976416 
-1.93086 0.962753 -0.0111796 -1.48657 -0.0176671 2.44991 0.108863 
-1.93086 0.962755 -0.0111796 -1.48655 -0.0131273 2.4499 0.122519 
-1.9308 0.962756 -0.0112036 -1.48655 -0.00836202 2.44992 0.135074 
-1.93086 0.962758 -0.0112125 -1.48651 -0.00626194 2.44993 0.146475 
-1.9309 0.962765 -0.0112334 -1.48646 -0.00607 2.45 0.15817 
-1.93093 0.962791 -0.0112015 -1.48644 -0.00588156 2.45017 0.167912 
-1.93083 0.962803 -0.0111716 -1.48644 -0.00555636 2.45017 0.179732 
-1.93077 0.962831 -0.0111735 -1.48637 -0.00553481 2.45021 0.195593 
-1.93073 0.962845 -0.0111496 -1.48637 -0.00550512 2.4502 0.209356 
-1.93078 0.962859 -0.0111754 -1.48632 -0.0054922 2.45023 0.223154 
-1.93079 0.963012 -0.0111668 -1.48615 -0.00547789 2.4504 0.235851 
-1.93073 0.963089 -0.011122 -1.48599 -0.00545034 2.45042 0.245736 
-1.93062 0.963299 -0.0110428 -1.48565 -0.00523634 2.45042 0.255099 
-1.93044 0.963635 -0.0109906 -1.48503 -0.00477761 2.45042 0.266421 
-1.9301 0.964346 -0.0109612 -1.48381 -0.00437896 2.45045 0.280022 
-1.92978 0.965326 -0.010943 -1.482 -0.00415448 2.45044 0.293511 
-1.92933 0.966324 -0.0109213 -1.48014 -0.00368644 2.45045 0.30751 
-1.92894 0.967633 -0.0108806 -1.47764 -0.003201 2.45045 0.322568 
-1.92844 0.96926 -0.0108815 -1.47453 -0.00246567 2.45044 0.338256 
-1.92787 0.970918 -0.0108846 -1.47139 -0.00198304 2.45045 0.354627 
-1.9275 0.972276 -0.0108819 -1.46878 -0.00156943 2.45044 0.369381 
-1.92722 0.973269 -0.0108787 -1.46688 -0.00104623 2.45045 0.383629 
-1.92699 0.973983 -0.010918 -1.46564 -0.000378064 2.45037 0.397468 
-1.92714 0.973689 -0.0109224 -1.466 -0.00014723 2.44989 0.400941 
-1.92719 0.973601 -0.0109477 -1.46618 0.000641192 2.44979 0.404156 
-1.92731 0.973268 -0.0109539 -1.46676 0.00129187 2.44928 0.409258 
-1.92746 0.97274 -0.0109585 -1.4675 0.00162663 2.44814 0.4173 
-1.92746 0.972464 -0.0109666 -1.46786 0.00160002 2.44767 0.423453 
-1.92749 0.972475 -0.0109727 -1.46785 0.00160719 2.44769 0.423472 
-1.92751 0.972476 -0.010973 -1.46785 0.00161769 2.44769 0.423496 
-1.92751 0.972476 -0.0109664 -1.46785 0.00162695 2.4477 0.423683 
-1.92752 0.972478 -0.0109646 -1.46785 0.00163616 2.4477 0.424053 
-1.92753 0.972478 -0.0109629 -1.46785 0.00164328 2.4477 0.424105 
-1.92755 0.972472 -0.0109645 -1.46786 0.00167695 2.4477 0.424244 
-1.92757 0.972474 -0.0109579 -1.46785 0.00169534 2.4477 0.424272 
-1.92759 0.972474 -0.0109613 -1.46786 0.0017143 2.4477 0.424289 
-1.9276 0.972473 -0.0109547 -1.46786 0.00172878 2.44771 0.424294 
-1.92761 0.972472 -0.0109547 -1.46785 0.00173827 2.44771 0.424297 
-1.92761 0.972476 -0.0109521 -1.46786 0.00174752 2.44771 0.424298 
-1.92761 0.972476 -0.0109564 -1.46786 0.00174498 2.44771 0.424303 
-1.92762 0.972472 -0.0109526 -1.46787 0.00174557 2.44771 0.424303 
-1.92762 0.972472 -0.0109564 -1.46786 0.00174414 2.44771 0.424299 
-1.92761 0.97247 -0.0109546 -1.46787 0.0017383 2.4477 0.424293 
-1.92761 0.97247 -0.0109581 -1.46787 0.00172633 2.4477 0.424288 
-1.92759 0.972452 -0.0109564 -1.46788 0.00171228 2.4477 0.424277 
-1.92759 0.97244 -0.0109564 -1.4679 0.00169419 2.4477 0.424254 
-1.92758 0.972419 -0.010961 -1.46791 0.00165633 2.4477 0.424176 
-1.92755 0.972372 -0.0109732 -1.46794 0.00150092 2.4477 0.423579 
-1.92753 0.972353 -0.0109835 -1.46795 0.00141724 2.44769 0.423414 
-1.92752 0.972325 -0.0109904 -1.46794 0.00133903 2.44768 0.423384 
-1.92751 0.972292 -0.0109997 -1.46794 0.0012524 2.44767 0.423372 
-1.92753 0.97223 -0.0110088 -1.46792 0.00114857 2.44766 0.423355 
-1.9275 0.972211 -0.0110002 -1.46796 0.000968182 2.44765 0.423344 
-1.92741 0.972191 -0.0110304 -1.46797 0.000872348 2.44765 0.423315 
-1.92741 0.972192 -0.0110408 -1.46798 0.000866718 2.44765 0.423303 
-1.9274 0.972193 -0.0110456 -1.46798 0.000870612 2.44765 0.423294 
-1.9274 0.972188 -0.011044 -1.46798 0.00086743 2.44765 0.423298 
-1.9274 0.972187 -0.0110454 -1.46798 0.000868065 2.44765 0.423295 
-1.92741 0.972185 -0.0110488 -1.46798 0.00086451 2.44765 0.423299 
-1.9274 0.972192 -0.0110488 -1.46798 0.00086512 2.44765 0.423301 
-1.9274 0.97219 -0.0110471 -1.46798 0.000865832 2.44765 0.423298 
-1.9274 0.972191 -0.0110454 -1.46799 0.00086451 2.44765 0.423299 
-1.9274 0.972187 -0.0110454 -1.46798 0.00086512 2.44765 0.423292 
-1.9274 0.972187 -0.0110474 -1.46798 0.00086512 2.44765 0.423296 
-1.9274 0.972184 -0.0110479 -1.46798 0.00086512 2.44765 0.423296 
-1.9274 0.972187 -0.0110517 -1.46798 0.000864055 2.44765 0.423291 
-1.9274 0.972187 -0.0110474 -1.46798 0.000864767 2.44765 0.423291 
-1.9274 0.972183 -0.0110484 -1.46798 0.000864765 2.44766 0.423293 
-1.9274 0.972178 -0.0110466 -1.46798 0.000863543 2.44765 0.423293 
-1.9274 0.972182 -0.0110503 -1.46798 0.000863899 2.44765 0.423292 
-1.9274 0.97218 -0.0110503 -1.46798 0.000860664 2.44765 0.423293 
-1.92741 0.972179 -0.0110503 -1.46798 0.000864097 2.44765 0.423293 
-1.92741 0.97218 -0.0110486 -1.46799 0.000863543 2.44765 0.423294 
-1.9274 0.972182 -0.0110467 -1.46799 0.000865338 2.44765 0.423294 
-1.9274 0.972186 -0.0110503 -1.46798 0.000863883 2.44765 0.423296 
-1.9274 0.972182 -0.0110486 -1.46798 0.000859892 2.44766 0.423296 
-1.9274 0.97218 -0.0110486 -1.46798 0.000865063 2.44765 0.423297 
-1.9274 0.97218 -0.011052 -1.46798 0.000863685 2.44766 0.423295 
-1.9274 0.972183 -0.0110486 -1.46798 0.000861449 2.44765 0.423291 
-1.9274 0.972179 -0.0110457 -1.46798 0.000862917 2.44765 0.423293 
-1.9274 0.972177 -0.0110433 -1.46798 0.000861393 2.44765 0.423296 
-1.9274 0.972185 -0.0110486 -1.46798 0.000861393 2.44766 0.423293 
-1.9274 0.972181 -0.0110486 -1.46798 0.000860327 2.44766 0.423289 
-1.9274 0.972177 -0.0110503 -1.46798 0.000863367 2.44765 0.423291 
-1.9274 0.972181 -0.0110486 -1.46798 0.000860345 2.44765 0.423291 
-1.9274 0.972181 -0.0110495 -1.46798 0.000859146 2.44765 0.423298 
-1.9274 0.972183 -0.0110517 -1.46798 0.000860331 2.44765 0.423294 
-1.9274 0.972183 -0.0110467 -1.46798 0.000859875 2.44766 0.423296 
-1.9274 0.972184 -0.011045 -1.46798 0.000861394 2.44766 0.423296 
-1.9274 0.972181 -0.0110467 -1.46798 0.000859756 2.44765 0.423296 
-1.9274 0.972181 -0.0110486 -1.46798 0.000861039 2.44765 0.423296 
-1.9274 0.972177 -0.0110486 -1.46798 0.000861039 2.44766 0.423291 
-1.9274 0.972183 -0.0110486 -1.46798 0.000859716 2.44766 0.423297 
-1.9274 0.972181 -0.0110486 -1.46798 0.000861078 2.44765 0.423295 
-1.9274 0.972181 -0.0110487 -1.46798 0.000859716 2.44766 0.423295 
-1.9274 0.972179 -0.0110503 -1.46798 0.000860327 2.44766 0.423292 
-1.9274 0.972181 -0.0110486 -1.46798 0.000861394 2.44766 0.423296 
-1.9274 0.972181 -0.0110486 -1.46798 0.000861039 2.44765 0.423297 
