-2.02285 -0.205913 -0.0125708 -1.74412 -0.0558012 1.55718 -1.28448 
-2.02285 -0.205914 -0.0125676 -1.74412 -0.0557999 1.55718 -1.28448 
-2.02285 -0.205916 -0.0125672 -1.74412 -0.0558006 1.55719 -1.28449 
-2.02286 -0.205913 -0.012572 -1.74412 -0.0557999 1.55718 -1.28448 
-2.02285 -0.205914 -0.0125639 -1.74412 -0.0557993 1.55718 -1.28448 
-2.02286 -0.205909 -0.0125691 -1.74412 -0.0557999 1.55718 -1.28448 
-2.02285 -0.205918 -0.0125638 -1.74411 -0.0558012 1.55718 -1.28449 
-2.02285 -0.205916 -0.0125655 -1.74411 -0.0558012 1.55719 -1.28448 
-2.02285 -0.205913 -0.0125638 -1.74411 -0.0558007 1.55718 -1.28448 
-2.02285 -0.205916 -0.0125691 -1.74412 -0.055801 1.55718 -1.28448 
-2.02285 -0.205916 -0.0125655 -1.74411 -0.0558039 1.55719 -1.28449 
-2.02285 -0.205913 -0.0125655 -1.74411 -0.0558012 1.55718 -1.28448 
-2.02285 -0.205911 -0.0125691 -1.74411 -0.0558006 1.55718 -1.28449 
-2.02285 -0.205916 -0.0125655 -1.74411 -0.0558003 1.55718 -1.28448 
-2.02286 -0.205914 -0.0125655 -1.74411 -0.0558044 1.55719 -1.28448 
-2.02285 -0.205918 -0.0125691 -1.74412 -0.0558012 1.55719 -1.28449 
-2.02285 -0.205913 -0.0125672 -1.74411 -0.0558023 1.55718 -1.28449 
-2.02285 -0.205916 -0.0125655 -1.74411 -0.0557999 1.55719 -1.28448 
-2.02285 -0.205916 -0.0125691 -1.74412 -0.0558012 1.55718 -1.28448 
-2.02285 -0.205913 -0.0125638 -1.74412 -0.0557999 1.55719 -1.28449 
-2.02284 -0.205907 -0.0125655 -1.74412 -0.0558006 1.55718 -1.28449 
-2.02285 -0.205925 -0.0125691 -1.74411 -0.0558012 1.55719 -1.28449 
-2.02285 -0.205904 -0.0125665 -1.74412 -0.0557999 1.55719 -1.28449 
-2.02285 -0.205919 -0.0125658 -1.74411 -0.0558006 1.55719 -1.28449 
-2.02285 -0.205913 -0.0125655 -1.74412 -0.0558011 1.55718 -1.28449 
-2.02285 -0.20592 -0.0125725 -1.74412 -0.0558012 1.55719 -1.28448 
-2.02285 -0.205911 -0.0125672 -1.74411 -0.0558006 1.55719 -1.28449 
-2.02285 -0.205916 -0.0125645 -1.74412 -0.0558007 1.55719 -1.28448 
-2.02285 -0.205914 -0.0125679 -1.74411 -0.0557999 1.55719 -1.28448 
-2.02285 -0.205914 -0.0125691 -1.74412 -0.0558055 1.55718 -1.28448 
-2.02285 -0.205914 -0.0125672 -1.74412 -0.0558012 1.55718 -1.28448 
-2.02285 -0.205916 -0.0125708 -1.74411 -0.0558012 1.55719 -1.28449 
-2.02286 -0.205913 -0.012573 -1.74412 -0.0557999 1.55719 -1.28448 
-2.02285 -0.205918 -0.0125672 -1.74412 -0.0558006 1.55719 -1.28449 
-2.02285 -0.205911 -0.0125655 -1.74411 -0.0558003 1.55718 -1.28448 
-2.02285 -0.205913 -0.0125708 -1.74411 -0.0558012 1.55718 -1.28448 
-2.02285 -0.205913 -0.0125655 -1.74412 -0.0558006 1.55719 -1.28448 
-2.02285 -0.205914 -0.0125694 -1.74411 -0.0558006 1.55718 -1.28448 
-2.02285 -0.205914 -0.0125672 -1.74412 -0.0558019 1.55719 -1.28448 
-2.02285 -0.205918 -0.0125691 -1.74411 -0.0558006 1.55719 -1.28448 
-2.02285 -0.205918 -0.0125715 -1.74411 -0.0558006 1.55718 -1.28448 
-2.02285 -0.205916 -0.0125658 -1.74411 -0.0558006 1.55718 -1.28449 
-2.02285 -0.205916 -0.0125679 -1.74411 -0.0557999 1.55719 -1.28449 
-2.02285 -0.205914 -0.0125657 -1.74412 -0.0558006 1.55719 -1.28448 
-2.02285 -0.205918 -0.0125709 -1.74411 -0.0558006 1.55719 -1.28448 
-2.02285 -0.205916 -0.0125692 -1.74411 -0.0557994 1.55718 -1.28448 
-2.02285 -0.205914 -0.0125641 -1.74411 -0.0558012 1.55719 -1.28449 
-2.02285 -0.205916 -0.0125715 -1.74411 -0.0558006 1.55719 -1.28448 
-2.02285 -0.205913 -0.0125674 -1.74411 -0.0558017 1.55718 -1.28449 
-2.02285 -0.20592 -0.0125709 -1.74411 -0.0558012 1.55718 -1.28449 
-2.02285 -0.205913 -0.012566 -1.74411 -0.0558006 1.55719 -1.28449 
-2.02285 -0.205914 -0.0125708 -1.74411 -0.0558031 1.55719 -1.28449 
-2.02285 -0.205914 -0.0125672 -1.74411 -0.0558006 1.55718 -1.28449 
-2.02285 -0.205913 -0.0125692 -1.74412 -0.0557999 1.55719 -1.28449 
-2.02285 -0.205918 -0.0125701 -1.74411 -0.0557999 1.55718 -1.28448 
-2.02285 -0.205913 -0.0125691 -1.74412 -0.0558016 1.55718 -1.28448 
-2.02285 -0.205916 -0.0125712 -1.74412 -0.0558006 1.55719 -1.28449 
-2.02285 -0.205916 -0.0125709 -1.74412 -0.0558018 1.55718 -1.28448 
-2.02285 -0.205921 -0.0125709 -1.74411 -0.0558025 1.55718 -1.28449 
-2.02285 -0.205923 -0.0125656 -1.74411 -0.0558006 1.55719 -1.28449 
-2.02285 -0.20592 -0.0125672 -1.74411 -0.0557993 1.55719 -1.28449 
-2.02285 -0.205916 -0.0125679 -1.74412 -0.0558016 1.55719 -1.28448 
-2.02286 -0.205906 -0.0125744 -1.74413 -0.0558029 1.55718 -1.28449 
-2.02285 -0.205906 -0.01257 -1.74413 -0.0558006 1.55719 -1.28448 
-2.02282 -0.205908 -0.0125424 -1.74411 -0.0557979 1.55719 -1.28449 
-2.02286 -0.205907 -0.0125786 -1.74411 -0.0558018 1.55719 -1.28448 
-2.02289 -0.205921 -0.0126024 -1.7441 -0.0558051 1.55719 -1.28449 
-2.02287 -0.205932 -0.0125786 -1.74409 -0.0558012 1.5572 -1.28449 
-2.02288 -0.205927 -0.012593 -1.74409 -0.0558048 1.5572 -1.28448 
-2.02291 -0.205926 -0.0126141 -1.74408 -0.0558054 1.5572 -1.28449 
-2.02286 -0.205874 -0.012567 -1.74412 -0.0558019 1.55719 -1.28449 
-2.02291 -0.205875 -0.0126195 -1.74411 -0.0558048 1.5572 -1.28449 
-2.02285 -0.205858 -0.0125575 -1.74412 -0.0557994 1.55719 -1.28448 
-2.02288 -0.205879 -0.0125907 -1.74408 -0.0558022 1.55721 -1.28448 
-2.023 -0.205811 -0.0126503 -1.74411 -0.0558045 1.55722 -1.28448 
-2.02323 -0.205313 -0.0123381 -1.74277 -0.0558175 1.55943 -1.28448 
-2.02314 -0.20447 -0.0122497 -1.73996 -0.0558028 1.55941 -1.28448 
-2.02291 -0.203543 -0.0121893 -1.73767 -0.0558011 1.55942 -1.28448 
-2.02285 -0.202013 -0.0121702 -1.73645 -0.0557887 1.55941 -1.28448 
-2.02293 -0.199307 -0.0121833 -1.73645 -0.055801 1.56016 -1.28446 
-2.02382 -0.194133 -0.0123152 -1.73653 -0.0558107 1.56341 -1.28436 
-2.02564 -0.186335 -0.0123187 -1.73652 -0.0557993 1.57073 -1.28324 
-2.02779 -0.176408 -0.0123831 -1.73653 -0.0558089 1.58172 -1.27986 
-2.03056 -0.162963 -0.0124131 -1.73662 -0.0558144 1.5963 -1.27423 
-2.0339 -0.147252 -0.0124536 -1.73654 -0.0558175 1.61335 -1.26939 
-2.03759 -0.12936 -0.0124429 -1.73671 -0.0558207 1.6323 -1.26779 
-2.0418 -0.10946 -0.0124375 -1.73669 -0.0558268 1.65263 -1.26773 
-2.04655 -0.0874772 -0.0124524 -1.73669 -0.0558297 1.67487 -1.26772 
-2.0518 -0.0636794 -0.0124456 -1.73649 -0.0558295 1.69875 -1.26773 
-2.05742 -0.0389568 -0.0124451 -1.73634 -0.0558313 1.72359 -1.26773 
-2.06332 -0.0116454 -0.012465 -1.73603 -0.0558275 1.75029 -1.26773 
-2.0688 0.0164229 -0.0124364 -1.73553 -0.0558203 1.77728 -1.26773 
-2.07342 0.0450117 -0.0124567 -1.73499 -0.0558184 1.80533 -1.26774 
-2.07741 0.0730894 -0.0124671 -1.73382 -0.0558094 1.83257 -1.26774 
-2.08072 0.101385 -0.0124932 -1.73185 -0.0558111 1.85981 -1.26773 
-2.08366 0.129208 -0.0124614 -1.72893 -0.0558175 1.88546 -1.26774 
-2.08638 0.156802 -0.0124811 -1.72416 -0.055822 1.90895 -1.26774 
-2.08921 0.188749 -0.0124758 -1.71568 -0.0558242 1.93314 -1.26774 
-2.0916 0.218145 -0.0124233 -1.70549 -0.055819 1.95322 -1.26774 
-2.09374 0.24997 -0.0124066 -1.69181 -0.0558156 1.97113 -1.26773 
-2.09532 0.281053 -0.0123851 -1.67589 -0.0558099 1.98659 -1.26774 
-2.09624 0.313359 -0.0123337 -1.6568 -0.0558092 2.00048 -1.26774 
-2.09642 0.34653 -0.0122343 -1.63487 -0.0558038 2.01169 -1.26774 
-2.09571 0.379565 -0.0121165 -1.61221 -0.055791 2.02204 -1.26775 
-2.0941 0.412314 -0.0120335 -1.58905 -0.055716 2.03043 -1.26775 
-2.09166 0.445204 -0.0118736 -1.56455 -0.0556053 2.03843 -1.26775 
-2.08831 0.477052 -0.0118579 -1.53969 -0.0554245 2.04419 -1.26774 
-2.08395 0.508108 -0.0118453 -1.51543 -0.0552622 2.04963 -1.26774 
-2.0789 0.538107 -0.0118077 -1.49264 -0.0550445 2.05601 -1.26775 
-2.07354 0.566034 -0.0117713 -1.47208 -0.0548782 2.06193 -1.26774 
-2.06762 0.593653 -0.0117606 -1.45253 -0.0547455 2.06823 -1.26774 
-2.06085 0.620344 -0.0117547 -1.43502 -0.0544957 2.07665 -1.26774 
-2.05407 0.644328 -0.0117558 -1.41928 -0.0541743 2.08443 -1.26773 
-2.04764 0.666058 -0.0117529 -1.40529 -0.0538247 2.09347 -1.2677 
-2.04055 0.688932 -0.0117395 -1.39058 -0.053316 2.10201 -1.267 
-2.03339 0.709938 -0.0117101 -1.37702 -0.0525959 2.10843 -1.26294 
-2.02591 0.729388 -0.011691 -1.36428 -0.052078 2.11358 -1.25605 
-2.01802 0.747365 -0.0116988 -1.35204 -0.0518602 2.11839 -1.24891 
-2.00915 0.764961 -0.0116751 -1.34062 -0.0518215 2.12294 -1.24158 
-1.99986 0.781634 -0.0116722 -1.33142 -0.0518111 2.1285 -1.23361 
-1.99102 0.795715 -0.0116836 -1.32437 -0.0518116 2.13535 -1.22509 
-1.98249 0.808705 -0.0116822 -1.32082 -0.0518125 2.14218 -1.21565 
-1.97423 0.81954 -0.0117133 -1.31966 -0.0518179 2.14959 -1.20875 
-1.96629 0.831891 -0.0117416 -1.32016 -0.0518288 2.15923 -1.20134 
-1.95962 0.842365 -0.0117358 -1.3204 -0.051836 2.1688 -1.19566 
-1.95355 0.853474 -0.0117706 -1.32116 -0.0518531 2.17936 -1.19276 
-1.94823 0.86447 -0.0118065 -1.32254 -0.0518521 2.19027 -1.19209 
-1.94401 0.874906 -0.0118428 -1.32337 -0.0518639 2.20038 -1.19177 
-1.94055 0.885534 -0.0118426 -1.32537 -0.0518786 2.21211 -1.19175 
-1.93743 0.895191 -0.0118265 -1.32793 -0.0518824 2.22405 -1.19168 
-1.93486 0.904555 -0.0118184 -1.33036 -0.0518926 2.23488 -1.19153 
-1.93245 0.913223 -0.0118225 -1.333 -0.0518894 2.24559 -1.19124 
-1.93013 0.920745 -0.0118148 -1.33596 -0.051892 2.25718 -1.18947 
-1.92803 0.926948 -0.0118184 -1.33957 -0.051898 2.2658 -1.18441 
-1.92584 0.931376 -0.0118179 -1.34532 -0.0519124 2.27501 -1.17688 
-1.92359 0.933254 -0.0118364 -1.35404 -0.0520791 2.28407 -1.16995 
-1.92179 0.932895 -0.0118791 -1.3641 -0.052099 2.29429 -1.16324 
-1.9205 0.932106 -0.011903 -1.37357 -0.0521609 2.30257 -1.15509 
-1.91971 0.931133 -0.0119182 -1.38271 -0.0523148 2.31034 -1.14654 
-1.91932 0.930024 -0.0119428 -1.39088 -0.0524965 2.31716 -1.13946 
-1.91932 0.928758 -0.0120557 -1.39861 -0.0527063 2.32349 -1.13733 
-1.9196 0.927531 -0.0121531 -1.40602 -0.052735 2.33082 -1.1372 
-1.92007 0.926445 -0.0122041 -1.41223 -0.0527697 2.33605 -1.13716 
-1.92064 0.925733 -0.0122073 -1.41702 -0.0527651 2.33994 -1.13694 
-1.92106 0.925477 -0.0121991 -1.42078 -0.0527643 2.3437 -1.13521 
-1.92116 0.92554 -0.0122118 -1.42337 -0.052767 2.34639 -1.13285 
-1.92115 0.925502 -0.0122033 -1.42539 -0.0527643 2.34789 -1.13147 
-1.92111 0.925497 -0.0121969 -1.42721 -0.0527651 2.34953 -1.13027 
-1.92109 0.925481 -0.0122007 -1.42881 -0.0527689 2.35097 -1.12727 
-1.92108 0.925463 -0.0122 -1.43037 -0.0527815 2.35223 -1.12401 
-1.92108 0.925465 -0.0122083 -1.43187 -0.0528175 2.35297 -1.12208 
-1.9211 0.925459 -0.0122278 -1.43333 -0.0528485 2.35368 -1.12115 
-1.92113 0.925458 -0.0122645 -1.4348 -0.0528564 2.35469 -1.12035 
-1.92116 0.92546 -0.012307 -1.43633 -0.052903 2.35565 -1.11993 
-1.9213 0.925416 -0.0123431 -1.43796 -0.0530765 2.35681 -1.11986 
-1.92161 0.925174 -0.0123656 -1.4401 -0.0533435 2.35832 -1.11985 
-1.92203 0.924613 -0.012382 -1.44306 -0.0536602 2.36017 -1.11985 
-1.92246 0.923427 -0.0123967 -1.44708 -0.0540688 2.36352 -1.11986 
-1.92281 0.921861 -0.0124054 -1.45161 -0.0543164 2.36768 -1.11985 
-1.92292 0.920419 -0.0124055 -1.45578 -0.0544136 2.37153 -1.11985 
-1.92279 0.919143 -0.0123726 -1.45895 -0.0545603 2.37389 -1.11986 
-1.92244 0.917761 -0.0123478 -1.46147 -0.0546814 2.37497 -1.11986 
-1.92196 0.916537 -0.0123286 -1.46293 -0.0548356 2.37501 -1.11986 
-1.92152 0.915314 -0.0123222 -1.46405 -0.0549871 2.37501 -1.11987 
-1.92119 0.913653 -0.0123209 -1.46587 -0.0551101 2.37501 -1.11986 
-1.92106 0.911374 -0.0123226 -1.46874 -0.0552129 2.37502 -1.11986 
-1.92109 0.908185 -0.0123417 -1.47308 -0.0553599 2.37505 -1.11986 
-1.92121 0.904288 -0.0123579 -1.47837 -0.0555484 2.37581 -1.11986 
-1.92132 0.900035 -0.0123571 -1.48433 -0.0555837 2.37746 -1.11986 
-1.92139 0.896799 -0.0123586 -1.48891 -0.0555843 2.37965 -1.11987 
-1.92141 0.895236 -0.0123586 -1.49086 -0.0555846 2.38178 -1.11985 
-1.92138 0.895317 -0.0123511 -1.49072 -0.0555816 2.38382 -1.11986 
-1.92137 0.89553 -0.0123426 -1.49072 -0.0555742 2.38495 -1.11984 
-1.92136 0.895931 -0.0123361 -1.49073 -0.0555754 2.38561 -1.11983 
-1.92131 0.896491 -0.0123354 -1.49079 -0.055578 2.38575 -1.11983 
-1.9213 0.896981 -0.0123296 -1.49088 -0.0555767 2.38579 -1.11982 
-1.92113 0.89726 -0.0123241 -1.49089 -0.0555797 2.38588 -1.11982 
-1.92089 0.897282 -0.0123081 -1.49088 -0.0555761 2.38593 -1.11982 
-1.92063 0.897244 -0.0122903 -1.49084 -0.0555702 2.3865 -1.11976 
-1.92041 0.897294 -0.0122694 -1.49084 -0.0555669 2.38698 -1.11951 
-1.92024 0.897388 -0.0122395 -1.49085 -0.0555616 2.38701 -1.11922 
-1.92015 0.897544 -0.0122416 -1.49087 -0.0555635 2.38702 -1.11823 
-1.92019 0.897918 -0.0122618 -1.49089 -0.0555657 2.38702 -1.11654 
-1.92029 0.898455 -0.0122949 -1.49089 -0.0555661 2.38706 -1.11512 
-1.9205 0.899086 -0.0123396 -1.49089 -0.0555661 2.38744 -1.11382 
-1.92077 0.899718 -0.0123491 -1.49089 -0.0555623 2.38844 -1.11298 
-1.92098 0.900301 -0.0123587 -1.49089 -0.0555649 2.38953 -1.11179 
-1.92108 0.9008 -0.0123655 -1.49089 -0.0555674 2.39007 -1.11032 
-1.92108 0.901174 -0.012362 -1.49091 -0.0555694 2.39024 -1.10826 
-1.92102 0.901474 -0.0123522 -1.49105 -0.0555703 2.39033 -1.10594 
-1.92107 0.901637 -0.0123703 -1.49123 -0.0555713 2.39062 -1.10344 
-1.92113 0.901816 -0.0123815 -1.49126 -0.0555713 2.39079 -1.10113 
-1.92126 0.901964 -0.0124007 -1.49126 -0.0555684 2.3909 -1.09987 
-1.9215 0.902183 -0.0124187 -1.49126 -0.0555704 2.39116 -1.09914 
-1.9218 0.902563 -0.0124269 -1.49126 -0.0555691 2.39136 -1.09896 
-1.92209 0.903182 -0.0124482 -1.49126 -0.0555701 2.39172 -1.09893 
-1.92219 0.903964 -0.0124504 -1.49126 -0.0555786 2.39231 -1.09893 
-1.92218 0.90472 -0.0124429 -1.49126 -0.0555898 2.39287 -1.09893 
-1.92212 0.905286 -0.0124373 -1.49127 -0.055646 2.39343 -1.09893 
-1.92216 0.905452 -0.0124526 -1.49127 -0.0558396 2.39375 -1.09894 
-1.92217 0.905429 -0.0124582 -1.49125 -0.0562911 2.3938 -1.09895 
-1.92218 0.90547 -0.0124558 -1.49126 -0.0569535 2.39384 -1.09897 
-1.92214 0.905561 -0.0124357 -1.49126 -0.0573309 2.39386 -1.09897 
-1.92209 0.905821 -0.0124082 -1.49126 -0.0574475 2.39391 -1.09897 
-1.92204 0.906316 -0.0124003 -1.49126 -0.0574428 2.3941 -1.09897 
-1.9221 0.907087 -0.0124118 -1.49126 -0.0574292 2.39478 -1.09896 
-1.92216 0.908213 -0.0124428 -1.49125 -0.0574251 2.39644 -1.09895 
-1.92239 0.909486 -0.0124568 -1.49124 -0.0574146 2.39832 -1.09894 
-1.92267 0.910717 -0.0124619 -1.49124 -0.0574085 2.40013 -1.0989 
-1.92293 0.911936 -0.0124819 -1.49121 -0.0574021 2.40246 -1.09887 
-1.92317 0.913176 -0.0124962 -1.4912 -0.0574012 2.40513 -1.09861 
-1.92337 0.914162 -0.0125012 -1.49116 -0.0573999 2.4069 -1.09847 
-1.92347 0.914966 -0.0125013 -1.49114 -0.0573938 2.40857 -1.09802 
-1.92351 0.915665 -0.0124984 -1.49106 -0.0573957 2.4094 -1.09652 
-1.92351 0.916351 -0.0124962 -1.49092 -0.0573989 2.40987 -1.09479 
-1.92348 0.917017 -0.0124832 -1.49065 -0.0573976 2.41027 -1.09412 
-1.92345 0.917474 -0.0124552 -1.4903 -0.0573964 2.41045 -1.09378 
-1.92338 0.917505 -0.0124647 -1.49001 -0.0573964 2.41048 -1.09368 
-1.92343 0.917546 -0.0124837 -1.4897 -0.0573982 2.41049 -1.09365 
-1.92351 0.917581 -0.0125015 -1.48948 -0.0573982 2.41049 -1.09364 
-1.92355 0.917717 -0.0124962 -1.48941 -0.0573964 2.4105 -1.0936 
-1.92347 0.917831 -0.0124652 -1.48928 -0.0573951 2.41052 -1.09356 
-1.9234 0.918035 -0.0124569 -1.48907 -0.0573903 2.41053 -1.09303 
-1.92337 0.918219 -0.012434 -1.48877 -0.0573809 2.41053 -1.09221 
-1.92326 0.918355 -0.0124264 -1.48851 -0.0573816 2.41053 -1.09051 
-1.92308 0.918435 -0.0124172 -1.48841 -0.0573886 2.41054 -1.08682 
-1.92289 0.918483 -0.0124226 -1.4884 -0.0573987 2.41054 -1.0844 
-1.92288 0.918494 -0.0124328 -1.4884 -0.0574012 2.41054 -1.08411 
-1.9229 0.918501 -0.0124469 -1.4884 -0.0574142 2.41054 -1.08411 
-1.9229 0.918508 -0.0124466 -1.48841 -0.0574258 2.41054 -1.08412 
-1.9229 0.918514 -0.0124487 -1.48841 -0.057444 2.41054 -1.08413 
-1.92291 0.918519 -0.0124578 -1.48842 -0.0575025 2.41054 -1.08416 
-1.9229 0.918525 -0.0124533 -1.48843 -0.0577371 2.41054 -1.0842 
-1.92287 0.918537 -0.012441 -1.48844 -0.0581252 2.41054 -1.08438 
-1.92285 0.918549 -0.0124365 -1.48845 -0.0587479 2.41054 -1.08502 
-1.92275 0.918763 -0.0123729 -1.48867 -0.0593217 2.41053 -1.08595 
-1.9228 0.919798 -0.0124278 -1.48894 -0.0598674 2.41053 -1.086 
-1.92304 0.921797 -0.0124242 -1.48883 -0.0602326 2.41178 -1.08608 
-1.92297 0.924012 -0.0123944 -1.48875 -0.0602599 2.41495 -1.08608 
-1.92294 0.925752 -0.0123949 -1.48868 -0.0602565 2.41748 -1.08606 
-1.92307 0.926695 -0.0124463 -1.48854 -0.060249 2.41877 -1.08605 
-1.9231 0.926664 -0.0124348 -1.48848 -0.0602461 2.41884 -1.08605 
-1.92309 0.926674 -0.0124343 -1.48843 -0.0602417 2.41884 -1.08604 
-1.92308 0.926758 -0.0124342 -1.48847 -0.0602397 2.41885 -1.08602 
-1.92307 0.926927 -0.0124236 -1.48847 -0.0602391 2.41885 -1.08602 
-1.92309 0.927224 -0.0124395 -1.48845 -0.0602397 2.41901 -1.086 
-1.92311 0.92765 -0.012441 -1.48846 -0.0602384 2.41958 -1.086 
-1.92311 0.928219 -0.0124374 -1.48846 -0.0602342 2.42035 -1.08599 
-1.92312 0.928934 -0.0124407 -1.48845 -0.0602291 2.42139 -1.08598 
-1.92312 0.929907 -0.0124453 -1.48844 -0.0602236 2.42277 -1.08595 
-1.92313 0.93105 -0.0124386 -1.48843 -0.060217 2.42423 -1.08548 
-1.92311 0.932172 -0.0124374 -1.48842 -0.060215 2.42576 -1.08538 
-1.92315 0.933456 -0.0124446 -1.4884 -0.0602104 2.42778 -1.08536 
-1.92319 0.93478 -0.0124471 -1.48828 -0.0601937 2.42959 -1.08528 
-1.92316 0.936062 -0.0123793 -1.48796 -0.0601847 2.4308 -1.08519 
-1.92308 0.937142 -0.0123486 -1.48713 -0.0601804 2.43155 -1.08512 
-1.92305 0.937982 -0.0123354 -1.48641 -0.0601665 2.43155 -1.085 
-1.92316 0.939057 -0.0123745 -1.48589 -0.0601756 2.4316 -1.08493 
-1.92326 0.940809 -0.0123634 -1.48474 -0.0601658 2.43183 -1.08493 
-1.92319 0.942759 -0.0123149 -1.48339 -0.0601627 2.43209 -1.08493 
-1.92297 0.944554 -0.0123563 -1.4825 -0.0601728 2.4321 -1.08492 
-1.92303 0.946381 -0.0123403 -1.48183 -0.0601707 2.43345 -1.08492 
-1.92302 0.94826 -0.0123485 -1.48072 -0.0601703 2.43431 -1.08492 
-1.92306 0.949815 -0.01235 -1.47982 -0.0601722 2.43493 -1.08492 
-1.92303 0.951095 -0.0123408 -1.47908 -0.0601755 2.43542 -1.08492 
-1.92303 0.952269 -0.01234 -1.47853 -0.0601716 2.43603 -1.08492 
-1.92304 0.953401 -0.0123362 -1.47814 -0.0601732 2.43689 -1.08492 
-1.92298 0.954409 -0.012315 -1.47806 -0.0601761 2.43791 -1.08492 
-1.92287 0.955394 -0.0123035 -1.47805 -0.0601766 2.43912 -1.08492 
-1.92273 0.9563 -0.0122934 -1.47806 -0.0601713 2.44039 -1.08491 
-1.92261 0.957288 -0.0122762 -1.47806 -0.0601739 2.44175 -1.08492 
-1.92257 0.958426 -0.0122837 -1.47806 -0.0601764 2.44329 -1.08492 
-1.92259 0.959835 -0.0122815 -1.47801 -0.0601704 2.44532 -1.08492 
-1.92256 0.961706 -0.0122478 -1.47792 -0.0601657 2.44801 -1.08492 
-1.9225 0.963921 -0.012194 -1.47765 -0.0601651 2.45074 -1.08492 
-1.92229 0.966608 -0.0121771 -1.4764 -0.0601741 2.45224 -1.08492 
-1.9222 0.969287 -0.012232 -1.47505 -0.0601545 2.45309 -1.08493 
-1.92235 0.968963 -0.0122509 -1.47483 -0.0601605 2.45344 -1.08491 
-1.92252 0.969072 -0.0122305 -1.47489 -0.0601518 2.45345 -1.08492 
-1.92255 0.969115 -0.0122324 -1.47492 -0.0601184 2.45345 -1.08491 
-1.92259 0.969208 -0.0122255 -1.47494 -0.0598133 2.45345 -1.08486 
-1.92268 0.969244 -0.0122126 -1.47508 -0.0589984 2.45344 -1.08356 
-1.9228 0.96922 -0.0122155 -1.4753 -0.0574424 2.45343 -1.0786 
-1.92311 0.969105 -0.0122019 -1.47567 -0.0561201 2.45338 -1.06632 
-1.92328 0.968869 -0.0122084 -1.47613 -0.0548995 2.45323 -1.0471 
-1.92369 0.96868 -0.0122143 -1.47652 -0.0537798 2.45298 -1.01877 
-1.92409 0.968492 -0.0121881 -1.47681 -0.0537515 2.45256 -0.988745 
-1.92419 0.968319 -0.0121924 -1.47705 -0.0537137 2.45228 -0.957295 
-1.92421 0.968328 -0.0121841 -1.47708 -0.053661 2.45224 -0.921895 
-1.92426 0.968325 -0.0121739 -1.47707 -0.0536426 2.45217 -0.887567 
-1.92422 0.968322 -0.0121312 -1.47709 -0.0536113 2.45208 -0.854299 
-1.92433 0.968306 -0.0121337 -1.47707 -0.0535069 2.4519 -0.818763 
-1.9243 0.968305 -0.0121042 -1.47707 -0.0533391 2.45183 -0.783171 
-1.92427 0.968295 -0.0120744 -1.47706 -0.0531931 2.45162 -0.746465 
-1.92403 0.968256 -0.0120227 -1.47705 -0.0531805 2.45136 -0.709354 
-1.92357 0.968282 -0.0119995 -1.477 -0.053045 2.4513 -0.672629 
-1.92328 0.968238 -0.0119769 -1.47702 -0.0530287 2.45066 -0.634775 
-1.92292 0.968159 -0.0119784 -1.47706 -0.0530272 2.45027 -0.600271 
-1.9229 0.968162 -0.0120382 -1.47706 -0.0530251 2.45023 -0.570949 
-1.92336 0.968172 -0.01216 -1.47706 -0.0529782 2.45023 -0.542122 
-1.9244 0.968178 -0.0121399 -1.47708 -0.0529905 2.45023 -0.514278 
-1.92507 0.968174 -0.0121451 -1.47711 -0.0529724 2.45023 -0.491081 
-1.92574 0.968159 -0.0121547 -1.47714 -0.0529706 2.45022 -0.466376 
-1.92642 0.96815 -0.0121637 -1.47718 -0.0529759 2.45021 -0.439439 
-1.92705 0.967949 -0.0121784 -1.47754 -0.0529679 2.45017 -0.409314 
-1.92766 0.967495 -0.0121898 -1.47839 -0.0529657 2.45016 -0.376983 
-1.92832 0.966827 -0.0121862 -1.47962 -0.0529794 2.45017 -0.343707 
-1.92884 0.966214 -0.012185 -1.48078 -0.0529847 2.45018 -0.316529 
-1.92923 0.965644 -0.0121778 -1.4818 -0.0529791 2.45019 -0.296026 
-1.92939 0.96543 -0.0121755 -1.48217 -0.0529746 2.4502 -0.277268 
-1.9294 0.965434 -0.0121608 -1.48216 -0.052964 2.4502 -0.257955 
-1.92939 0.965426 -0.0121426 -1.48215 -0.0529561 2.4502 -0.237447 
-1.92945 0.965424 -0.0121649 -1.48209 -0.0529385 2.45022 -0.213306 
-1.92965 0.965432 -0.0121511 -1.4821 -0.0529061 2.45021 -0.188713 
-1.92987 0.965419 -0.0121596 -1.48211 -0.0527428 2.45019 -0.163386 
-1.93015 0.965408 -0.0121389 -1.48213 -0.0524814 2.45019 -0.136515 
-1.93017 0.965412 -0.0121124 -1.48214 -0.0521028 2.45019 -0.108223 
-1.93017 0.965396 -0.0120954 -1.48213 -0.0520462 2.45018 -0.0797388 
-1.93012 0.965393 -0.0120379 -1.48214 -0.0520386 2.45018 -0.0542291 
-1.93009 0.965381 -0.012018 -1.48214 -0.0520436 2.45017 -0.0328678 
-1.93008 0.965359 -0.0120197 -1.4822 -0.0520299 2.45016 -0.0146459 
-1.92997 0.965328 -0.0119908 -1.48222 -0.0520324 2.45016 0.0035087 
-1.92993 0.965326 -0.0119542 -1.48222 -0.0520088 2.45016 0.0195234 
-1.92973 0.965306 -0.0119603 -1.48223 -0.0520046 2.45016 0.0361997 
-1.9297 0.965283 -0.0119462 -1.48226 -0.0519871 2.45016 0.0532384 
-1.92964 0.965257 -0.0119073 -1.48228 -0.0519606 2.45017 0.0694853 
-1.92956 0.965232 -0.0119029 -1.4823 -0.051942 2.45017 0.0841476 
-1.92944 0.965222 -0.0118865 -1.48229 -0.0518171 2.45017 0.0975669 
-1.92928 0.96522 -0.0118556 -1.48229 -0.0517757 2.4502 0.11138 
-1.92884 0.965222 -0.0117779 -1.48225 -0.0517582 2.45022 0.125549 
-1.92815 0.96521 -0.0117498 -1.48223 -0.0517186 2.45023 0.139978 
-1.92748 0.965199 -0.0117928 -1.48224 -0.0517173 2.45023 0.153061 
-1.92723 0.965184 -0.0117966 -1.48224 -0.0517031 2.45024 0.166373 
-1.92725 0.965178 -0.011789 -1.48222 -0.0517004 2.45025 0.179954 
-1.92734 0.965175 -0.0118322 -1.48221 -0.0517043 2.45025 0.193652 
-1.92751 0.965174 -0.0118587 -1.48221 -0.0516933 2.45025 0.204419 
-1.92774 0.965182 -0.0118663 -1.48219 -0.051685 2.45026 0.214487 
-1.92794 0.965238 -0.0118646 -1.48204 -0.0514558 2.45029 0.225702 
-1.92818 0.965246 -0.011871 -1.48204 -0.0513921 2.4503 0.239468 
-1.92842 0.965253 -0.0118842 -1.48201 -0.0511112 2.45034 0.254547 
-1.92857 0.965286 -0.0118958 -1.48199 -0.0509526 2.45062 0.271181 
-1.92858 0.965339 -0.0117674 -1.4819 -0.050541 2.45066 0.287374 
-1.92827 0.965377 -0.0117725 -1.48181 -0.050113 2.4507 0.305144 
-1.92805 0.96545 -0.0117507 -1.48169 -0.0497171 2.45072 0.324132 
-1.92787 0.965485 -0.0117299 -1.48159 -0.049356 2.45078 0.34213 
-1.92763 0.965576 -0.0117035 -1.48146 -0.0489251 2.45096 0.362149 
-1.92751 0.965693 -0.0116561 -1.48121 -0.0483606 2.45125 0.382826 
-1.927 0.967356 -0.0115952 -1.47835 -0.0478174 2.45233 0.402607 
-1.92659 0.969367 -0.0115404 -1.47451 -0.0462072 2.45227 0.427274 
-1.92598 0.971365 -0.0115455 -1.47071 -0.0449556 2.45224 0.452644 
-1.92575 0.972012 -0.0117511 -1.46933 -0.0455486 2.45099 0.464845 
-1.92584 0.972001 -0.0117398 -1.46932 -0.0455491 2.45104 0.464857 
-1.92589 0.972013 -0.0117307 -1.4693 -0.0455302 2.45106 0.464861 
-1.9259 0.972011 -0.0117245 -1.4693 -0.0454935 2.45106 0.464872 
-1.92595 0.972009 -0.0117248 -1.4693 -0.0454794 2.45106 0.464871 
-1.926 0.972009 -0.0117164 -1.4693 -0.045422 2.45107 0.46487 
-1.92601 0.972011 -0.0117123 -1.4693 -0.0453564 2.45107 0.464873 
-1.92602 0.972011 -0.0117169 -1.4693 -0.0453545 2.45108 0.464876 
-1.92602 0.972009 -0.0117217 -1.4693 -0.0453653 2.45108 0.464869 
-1.926 0.972006 -0.0117278 -1.4693 -0.0454189 2.45108 0.464845 
-1.92592 0.971987 -0.0117394 -1.4693 -0.0459783 2.45107 0.464364 
-1.92582 0.971966 -0.0117584 -1.4693 -0.0468911 2.45106 0.463242 
-1.92583 0.97195 -0.0117634 -1.4693 -0.0469209 2.45105 0.463218 
-1.92582 0.971908 -0.0117618 -1.46931 -0.0469357 2.45103 0.463198 
-1.92575 0.971805 -0.0117458 -1.46933 -0.0469725 2.45101 0.463177 
-1.92573 0.971761 -0.0117274 -1.46934 -0.0469885 2.45099 0.463165 
-1.92566 0.971703 -0.0117112 -1.46935 -0.0469981 2.45097 0.463152 
-1.92567 0.971658 -0.0117044 -1.46939 -0.0469976 2.45096 0.463138 
-1.92566 0.971647 -0.0116999 -1.4694 -0.0469975 2.45095 0.463138 
-1.92565 0.971647 -0.0117031 -1.4694 -0.0469992 2.45095 0.463133 
-1.92564 0.971645 -0.0116974 -1.4694 -0.0469988 2.45096 0.463134 
-1.92565 0.971648 -0.0117007 -1.4694 -0.0469981 2.45096 0.463129 
-1.92566 0.971646 -0.0116947 -1.4694 -0.0469969 2.45095 0.463131 
-1.92566 0.971643 -0.0116971 -1.4694 -0.0470007 2.45096 0.463134 
-1.92565 0.971646 -0.0116973 -1.4694 -0.0469999 2.45096 0.463133 
-1.92565 0.971648 -0.0116932 -1.4694 -0.0470011 2.45096 0.463127 
-1.92566 0.971648 -0.0116915 -1.4694 -0.046998 2.45096 0.463128 
-1.92566 0.971643 -0.0116915 -1.4694 -0.047001 2.45096 0.463129 
-1.92566 0.97164 -0.0116894 -1.4694 -0.0470005 2.45096 0.463131 
-1.92565 0.971643 -0.0116931 -1.4694 -0.0469973 2.45096 0.463131 
-1.92564 0.971647 -0.0116899 -1.4694 -0.046998 2.45096 0.463131 
-1.92565 0.971639 -0.011689 -1.4694 -0.0470021 2.45096 0.463131 
-1.92566 0.971641 -0.0116899 -1.4694 -0.0469989 2.45096 0.463127 
-1.92565 0.971643 -0.01169 -1.4694 -0.0470004 2.45096 0.463134 
-1.92565 0.971643 -0.0116899 -1.4694 -0.0470016 2.45096 0.46313 
-1.92565 0.971643 -0.0116883 -1.4694 -0.0470004 2.45096 0.463135 
-1.92566 0.971643 -0.0116916 -1.4694 -0.0469981 2.45096 0.463132 
-1.92565 0.971646 -0.0116876 -1.4694 -0.0469983 2.45096 0.463127 
-1.92566 0.971645 -0.0116863 -1.4694 -0.046995 2.45096 0.463131 
-1.92565 0.971643 -0.0116883 -1.4694 -0.0469991 2.45096 0.463136 
-1.92565 0.971643 -0.0116862 -1.4694 -0.0469951 2.45096 0.463134 
-1.92565 0.971643 -0.0116867 -1.4694 -0.0470017 2.45096 0.463128 
-1.92566 0.971644 -0.0116877 -1.4694 -0.0470013 2.45096 0.463133 
-1.92565 0.971641 -0.0116838 -1.4694 -0.0469973 2.45096 0.463126 
-1.92566 0.97164 -0.0116851 -1.4694 -0.046997 2.45097 0.463131 
-1.92566 0.971647 -0.0116867 -1.4694 -0.0469963 2.45097 0.46313 
-1.92566 0.971646 -0.0116884 -1.4694 -0.0469963 2.45097 0.463131 
-1.92565 0.971642 -0.0116851 -1.4694 -0.0469977 2.45097 0.463135 
-1.92565 0.97164 -0.0116831 -1.4694 -0.0469985 2.45096 0.463136 
-1.92566 0.971642 -0.0116851 -1.4694 -0.0469966 2.45097 0.463132 
-1.92566 0.971638 -0.0116851 -1.4694 -0.0469983 2.45097 0.463131 
-1.92565 0.97164 -0.0116812 -1.4694 -0.0469973 2.45097 0.463123 
-1.92566 0.97164 -0.011683 -1.4694 -0.0470004 2.45097 0.463129 
-1.92566 0.971638 -0.0116848 -1.4694 -0.0470006 2.45097 0.46313 
-1.92566 0.971642 -0.0116807 -1.46939 -0.0469977 2.45097 0.463129 
-1.92566 0.971645 -0.0116841 -1.4694 -0.0469974 2.45097 0.463131 
-1.92565 0.971642 -0.0116867 -1.4694 -0.0470002 2.45097 0.463126 
-1.92565 0.971636 -0.0116842 -1.4694 -0.046996 2.45097 0.463136 
-1.92566 0.97164 -0.0116831 -1.4694 -0.0469989 2.45097 0.463125 
-1.92565 0.971643 -0.0116843 -1.4694 -0.0469998 2.45097 0.46313 
-1.92566 0.971645 -0.01168 -1.4694 -0.0469976 2.45097 0.463129 
-1.92565 0.971642 -0.0116783 -1.4694 -0.0470004 2.45097 0.463133 
-1.92566 0.971638 -0.0116802 -1.4694 -0.0470015 2.45097 0.463129 
-1.92566 0.971642 -0.0116799 -1.4694 -0.0469955 2.45097 0.463125 
-1.92565 0.971642 -0.0116821 -1.4694 -0.0469981 2.45097 0.463133 
-1.92566 0.971642 -0.0116836 -1.4694 -0.0469995 2.45097 0.463133 
-1.92565 0.97164 -0.0116819 -1.46939 -0.0469995 2.45097 0.463123 
-1.92565 0.971645 -0.0116852 -1.4694 -0.0470003 2.45097 0.463131 
-1.92566 0.971643 -0.0116799 -1.4694 -0.0469991 2.45097 0.463132 
-1.92566 0.971642 -0.0116819 -1.4694 -0.0469976 2.45097 0.463128 
-1.92565 0.971642 -0.0116819 -1.4694 -0.0469963 2.45097 0.46313 
-1.92565 0.971642 -0.0116746 -1.4694 -0.0470003 2.45097 0.463129 
-1.92565 0.971636 -0.0116852 -1.46939 -0.046998 2.45097 0.46313 
-1.92565 0.97164 -0.0116799 -1.4694 -0.046997 2.45097 0.463128 
-1.92566 0.971641 -0.0116694 -1.46939 -0.0469987 2.45097 0.463126 
-1.92566 0.971639 -0.0116819 -1.46939 -0.0470005 2.45097 0.46313 
-1.92565 0.971635 -0.0116819 -1.46939 -0.0469989 2.45097 0.463131 
-1.92566 0.971641 -0.0116778 -1.4694 -0.0469985 2.45097 0.46313 
-1.92565 0.971639 -0.0116799 -1.46939 -0.0470005 2.45097 0.463129 
-1.92565 0.971637 -0.0116836 -1.46939 -0.0469965 2.45097 0.463127 
-1.92566 0.971637 -0.0116819 -1.46939 -0.0470012 2.45097 0.46313 
-1.92566 0.971641 -0.0116799 -1.46939 -0.0470004 2.45097 0.463132 
-1.92566 0.971641 -0.0116797 -1.46939 -0.0469989 2.45097 0.463132 
-1.92565 0.971633 -0.0116799 -1.46939 -0.0469957 2.45097 0.463125 
-1.92565 0.971641 -0.0116819 -1.46939 -0.0469977 2.45097 0.463127 
-1.92565 0.971639 -0.0116783 -1.46939 -0.0470009 2.45097 0.463129 
-1.92566 0.971637 -0.0116799 -1.46939 -0.0470005 2.45097 0.463122 
-1.92565 0.971638 -0.0116799 -1.46939 -0.0470023 2.45097 0.463128 
-1.92565 0.971637 -0.0116819 -1.46939 -0.0469976 2.45097 0.463134 
-1.92565 0.971638 -0.0116799 -1.46939 -0.0469971 2.45097 0.463128 
-1.92566 0.971637 -0.0116771 -1.46939 -0.0469994 2.45097 0.46313 
-1.92566 0.971637 -0.0116797 -1.46939 -0.0470016 2.45097 0.463127 
-1.92566 0.971637 -0.011678 -1.46939 -0.0470008 2.45097 0.463125 
-1.92565 0.971637 -0.0116811 -1.46939 -0.046998 2.45097 0.463132 
