0.99793 0.0332164 -0.0548931 0 0.0327329 -0.999408 -0.00968415 0 -0.0551833 0.00786744 -0.998445 0 -0.229865 -0.431802 0.545113 1 
0.99793 0.033218 -0.0548934 0 0.0327346 -0.999408 -0.00968241 0 -0.0551835 0.00786561 -0.998445 0 -0.229865 -0.431802 0.545113 1 
0.99793 0.0332227 -0.0548915 0 0.0327392 -0.999407 -0.00968578 0 -0.0551818 0.00786878 -0.998445 0 -0.229862 -0.431804 0.545112 1 
0.99793 0.0332146 -0.0548886 0 0.032731 -0.999408 -0.00968651 0 -0.0551789 0.00787005 -0.998445 0 -0.229866 -0.431803 0.54511 1 
0.99793 0.033219 -0.0548916 0 0.0327357 -0.999408 -0.00968023 0 -0.0551817 0.00786343 -0.998445 0 -0.229865 -0.431803 0.545113 1 
0.99793 0.0332121 -0.0548885 0 0.0327286 -0.999408 -0.00968451 0 -0.0551787 0.0078682 -0.998445 0 -0.229867 -0.431802 0.545111 1 
0.99793 0.0332154 -0.0548957 0 0.0327321 -0.999408 -0.00967997 0 -0.0551858 0.00786323 -0.998445 0 -0.229867 -0.431801 0.545115 1 
0.99793 0.0332146 -0.0548913 0 0.0327314 -0.999408 -0.00967916 0 -0.0551813 0.00786261 -0.998445 0 -0.229866 -0.431803 0.545113 1 
0.99793 0.0332161 -0.0548928 0 0.0327331 -0.999408 -0.00967583 0 -0.0551827 0.00785914 -0.998445 0 -0.229865 -0.431803 0.545114 1 
0.997931 0.0332125 -0.0548852 0 0.0327288 -0.999408 -0.00968965 0 -0.0551755 0.00787342 -0.998446 0 -0.229868 -0.431801 0.545109 1 
0.99793 0.033214 -0.0548934 0 0.0327306 -0.999408 -0.00968179 0 -0.0551835 0.00786521 -0.998445 0 -0.229867 -0.431801 0.545114 1 
0.99793 0.0332173 -0.0548899 0 0.0327339 -0.999408 -0.0096812 0 -0.05518 0.00786455 -0.998445 0 -0.229867 -0.431802 0.545113 1 
0.99793 0.0332182 -0.0548896 0 0.0327348 -0.999408 -0.00968253 0 -0.0551797 0.00786584 -0.998445 0 -0.229866 -0.431802 0.545113 1 
0.99793 0.0332096 -0.0548919 0 0.0327262 -0.999408 -0.00968309 0 -0.055182 0.0078668 -0.998445 0 -0.229869 -0.431802 0.545112 1 
0.99793 0.0332254 -0.0548908 0 0.0327417 -0.999407 -0.0096882 0 -0.0551812 0.00787107 -0.998445 0 -0.229865 -0.431803 0.545111 1 
0.99793 0.033217 -0.0548905 0 0.0327335 -0.999408 -0.00968346 0 -0.0551807 0.00786681 -0.998445 0 -0.229867 -0.431801 0.545112 1 
0.99793 0.0332211 -0.0548903 0 0.0327376 -0.999407 -0.00968497 0 -0.0551806 0.0078681 -0.998445 0 -0.229866 -0.431802 0.545112 1 
0.99793 0.0332053 -0.0548898 0 0.0327219 -0.999408 -0.00968169 0 -0.0551799 0.0078657 -0.998445 0 -0.229869 -0.431801 0.545112 1 
0.99793 0.0332123 -0.054887 0 0.0327285 -0.999408 -0.00968888 0 -0.0551774 0.0078726 -0.998446 0 -0.229867 -0.431802 0.54511 1 
0.99793 0.0332139 -0.0548922 0 0.0327304 -0.999408 -0.00968265 0 -0.0551824 0.00786611 -0.998445 0 -0.229867 -0.431802 0.545113 1 
0.99793 0.0332188 -0.0548915 0 0.0327355 -0.999408 -0.00968074 0 -0.0551816 0.00786396 -0.998445 0 -0.229863 -0.431804 0.545113 1 
0.997931 0.0332098 -0.0548866 0 0.0327262 -0.999408 -0.0096863 0 -0.0551768 0.00787018 -0.998446 0 -0.229867 -0.431802 0.54511 1 
0.99793 0.0332124 -0.0548912 0 0.0327292 -0.999408 -0.00967956 0 -0.0551813 0.00786313 -0.998445 0 -0.229865 -0.431801 0.545114 1 
0.99793 0.0332192 -0.0548907 0 0.0327357 -0.999407 -0.00968563 0 -0.055181 0.00786884 -0.998445 0 -0.229866 -0.431803 0.545111 1 
0.99793 0.0332191 -0.0548906 0 0.0327357 -0.999408 -0.0096819 0 -0.0551808 0.00786513 -0.998445 0 -0.229864 -0.431802 0.545113 1 
0.99793 0.0332127 -0.0548896 0 0.0327293 -0.999408 -0.00968296 0 -0.0551798 0.00786658 -0.998445 0 -0.229867 -0.431801 0.545112 1 
0.997931 0.0332065 -0.0548883 0 0.0327232 -0.999408 -0.00968185 0 -0.0551783 0.00786585 -0.998446 0 -0.229868 -0.4318 0.545113 1 
0.99793 0.0332173 -0.0548892 0 0.0327336 -0.999408 -0.00968652 0 -0.0551795 0.0078699 -0.998445 0 -0.229866 -0.431803 0.54511 1 
0.99793 0.0332112 -0.05489 0 0.0327279 -0.999408 -0.0096803 0 -0.0551801 0.00786398 -0.998445 0 -0.229865 -0.431803 0.545113 1 
0.99793 0.0332179 -0.0548913 0 0.0327346 -0.999408 -0.00968161 0 -0.0551814 0.00786488 -0.998445 0 -0.229866 -0.431802 0.545113 1 
0.99793 0.0332177 -0.0548932 0 0.0327341 -0.999408 -0.0096865 0 -0.0551835 0.00786973 -0.998445 0 -0.229865 -0.431803 0.545112 1 
0.99793 0.0332121 -0.054895 0 0.0327288 -0.999408 -0.0096801 0 -0.0551851 0.00786357 -0.998445 0 -0.229867 -0.4318 0.545115 1 
0.99793 0.0332126 -0.0548868 0 0.0327289 -0.999408 -0.00968737 0 -0.0551771 0.00787108 -0.998446 0 -0.229864 -0.431803 0.545111 1 
0.99793 0.0332199 -0.0548948 0 0.0327366 -0.999407 -0.00968061 0 -0.055185 0.00786365 -0.998445 0 -0.229864 -0.431802 0.545115 1 
0.99793 0.0332126 -0.0548927 0 0.0327291 -0.999408 -0.0096845 0 -0.0551829 0.00786801 -0.998445 0 -0.229865 -0.431802 0.545112 1 
0.997931 0.0331943 -0.0548892 0 0.0327108 -0.999408 -0.00968476 0 -0.0551793 0.00786941 -0.998445 0 -0.229874 -0.431797 0.545112 1 
0.997931 0.0331894 -0.0548817 0 0.0327055 -0.999408 -0.00969213 0 -0.055172 0.0078773 -0.998446 0 -0.229877 -0.431796 0.545107 1 
0.99793 0.0332268 -0.0548867 0 0.0327425 -0.999407 -0.00969961 0 -0.0551775 0.00788256 -0.998445 0 -0.229861 -0.431806 0.545105 1 
0.997929 0.0332441 -0.0548994 0 0.0327613 -0.999407 -0.00967133 0 -0.0551895 0.00785287 -0.998445 0 -0.229855 -0.431808 0.545118 1 
0.997929 0.0332359 -0.0549036 0 0.0327537 -0.999407 -0.00966061 0 -0.0551932 0.00784246 -0.998445 0 -0.229855 -0.431806 0.545124 1 
0.99793 0.0331873 -0.0549023 0 0.0327051 -0.999409 -0.00965749 0 -0.0551914 0.00784206 -0.998445 0 -0.229878 -0.431795 0.545124 1 
0.99793 0.0332 -0.0548993 0 0.0327175 -0.999408 -0.00966506 0 -0.0551888 0.00784904 -0.998445 0 -0.229871 -0.431797 0.545122 1 
0.997933 0.0331034 -0.0548972 0 0.0326214 -0.999412 -0.00965282 0 -0.0551855 0.0078422 -0.998445 0 -0.229913 -0.431774 0.545126 1 
0.997931 0.0331466 -0.0549171 0 0.0326662 -0.99941 -0.00962251 0 -0.0552048 0.00780882 -0.998445 0 -0.229895 -0.431786 0.54514 1 
0.997931 0.033164 -0.0549013 0 0.0326818 -0.99941 -0.00965848 0 -0.0551902 0.00784438 -0.998445 0 -0.229895 -0.431799 0.545117 1 
0.997932 0.0330591 -0.0549435 0 0.0325813 -0.999414 -0.00956885 0 -0.0552287 0.00775909 -0.998444 0 -0.229938 -0.431769 0.545163 1 
0.997928 0.0330847 -0.0550009 0 0.0326126 -0.999414 -0.00945913 0 -0.0552827 0.00764596 -0.998441 0 -0.229932 -0.431793 0.545214 1 
0.997929 0.0331013 -0.0549765 0 0.0326271 -0.999413 -0.00950241 0 -0.0552599 0.00768916 -0.998442 0 -0.229924 -0.4318 0.545191 1 
0.997934 0.0330286 -0.0549416 0 0.0325513 -0.999415 -0.00955893 0 -0.0552262 0.00775091 -0.998444 0 -0.22996 -0.431795 0.545157 1 
0.99788 0.0327728 -0.0560598 0 0.0323988 -0.999437 -0.00756777 0 -0.0562773 0.00573557 -0.998399 0 -0.230292 -0.432221 0.545444 1 
0.997838 0.032022 -0.0572201 0 0.0317615 -0.999471 -0.00545645 0 -0.0573657 0.00362733 -0.998347 0 -0.230807 -0.432561 0.546261 1 
0.997857 0.0300882 -0.0579431 0 0.0299 -0.999535 -0.0041122 0 -0.058041 0.00237094 -0.998311 0 -0.231602 -0.432665 0.546957 1 
0.997999 0.0250813 -0.0578766 0 0.0248863 -0.999672 -0.00408734 0 -0.0579613 0.00263888 -0.998315 0 -0.232565 -0.432632 0.546844 1 
0.998244 0.0143085 -0.057317 0 0.0140568 -0.99988 -0.00479156 0 -0.0573798 0.00397753 -0.998344 0 -0.233885 -0.432781 0.545784 1 
0.998367 -0.00152304 -0.0569409 0 -0.00181193 -0.999976 -0.00502214 0 -0.056933 0.0051172 -0.998365 0 -0.235908 -0.433601 0.543848 1 
0.998238 -0.017407 -0.0565592 0 -0.0177407 -0.999818 -0.00540364 0 -0.056456 0.00639765 -0.998385 0 -0.238414 -0.435076 0.541088 1 
0.997793 -0.0334706 -0.0571748 0 -0.0337426 -0.999414 -0.00379776 0 -0.0570153 0.00571872 -0.998357 0 -0.241534 -0.437425 0.537909 1 
0.997049 -0.0500314 -0.058064 0 -0.0502052 -0.998728 -0.00153763 0 -0.0579143 0.00444829 -0.998312 0 -0.245456 -0.440866 0.533525 1 
0.996333 -0.0619765 -0.0588188 0 -0.0620688 -0.998062 0.00025955 0 -0.0587221 0.00339228 -0.998269 0 -0.249503 -0.444897 0.528392 1 
0.995899 -0.0682335 -0.0592413 0 -0.0682934 -0.997655 0.00101553 0 -0.0591729 0.00303448 -0.998243 0 -0.253798 -0.449473 0.52221 1 
0.99564 -0.0713161 -0.0599693 0 -0.0713064 -0.997442 0.00230411 0 -0.0599814 0.00198217 -0.998198 0 -0.258085 -0.454558 0.515616 1 
0.995503 -0.0729549 -0.0602646 0 -0.072936 -0.997324 0.00251755 0 -0.0602882 0.00188926 -0.998179 0 -0.26288 -0.46077 0.507005 1 
0.995408 -0.0741148 -0.060422 0 -0.074099 -0.997238 0.00250609 0 -0.060442 0.00198266 -0.99817 0 -0.267362 -0.46688 0.498233 1 
0.9953 -0.0753432 -0.0606777 0 -0.0753155 -0.997146 0.00274705 0 -0.0607127 0.00183588 -0.998154 0 -0.271901 -0.473452 0.488686 1 
0.995164 -0.0769091 -0.0609442 0 -0.0768606 -0.997027 0.00314353 0 -0.061006 0.00155591 -0.998136 0 -0.276311 -0.480114 0.478734 1 
0.994968 -0.0793758 -0.0609884 0 -0.07933 -0.996834 0.00317632 0 -0.0610486 0.00167791 -0.998133 0 -0.280524 -0.486913 0.468055 1 
0.994761 -0.0822251 -0.0605874 0 -0.0822332 -0.996601 0.00236509 0 -0.0605771 0.00262965 -0.99816 0 -0.284401 -0.493906 0.45647 1 
0.994544 -0.0849796 -0.0603443 0 -0.0850093 -0.996368 0.00207916 0 -0.060303 0.00306206 -0.998175 0 -0.287833 -0.500769 0.445001 1 
0.994337 -0.0874778 -0.0601874 0 -0.0875164 -0.996151 0.00199962 0 -0.0601319 0.00327915 -0.998185 0 -0.290935 -0.507465 0.433715 1 
0.993763 -0.0937587 -0.060214 0 -0.0937649 -0.995581 0.0027285 0 -0.0602049 0.00293453 -0.998182 0 -0.293909 -0.514129 0.422569 1 
0.993136 -0.100279 -0.0600433 0 -0.100281 -0.994945 0.00298376 0 -0.0600402 0.00305799 -0.998191 0 -0.296547 -0.520011 0.412481 1 
0.992641 -0.10514 -0.0599251 0 -0.10513 -0.994443 0.00332859 0 -0.0599432 0.00299588 -0.998197 0 -0.298907 -0.525415 0.403021 1 
0.992369 -0.10778 -0.0597261 0 -0.107772 -0.99416 0.00336528 0 -0.0597412 0.00309724 -0.998209 0 -0.300917 -0.530626 0.394009 1 
0.992267 -0.108851 -0.0594869 0 -0.108833 -0.994044 0.00356119 0 -0.0595214 0.00294053 -0.998223 0 -0.302415 -0.535718 0.385693 1 
0.992125 -0.110208 -0.0593537 0 -0.110176 -0.993895 0.0038326 0 -0.0594149 0.00273695 -0.99823 0 -0.303481 -0.540687 0.378529 1 
0.991367 -0.116763 -0.0594888 0 -0.116679 -0.993148 0.00489688 0 -0.0596541 0.00208654 -0.998217 0 -0.304506 -0.54558 0.372697 1 
0.990202 -0.126249 -0.0595142 0 -0.126134 -0.991987 0.0057056 0 -0.0597588 0.0018571 -0.998211 0 -0.305669 -0.550312 0.367323 1 
0.989216 -0.133709 -0.0596114 0 -0.133568 -0.99101 0.00636254 0 -0.0599274 0.00166827 -0.998201 0 -0.306987 -0.554479 0.363498 1 
0.988763 -0.13709 -0.0594534 0 -0.136986 -0.990546 0.00584651 0 -0.059694 0.00236349 -0.998214 0 -0.308325 -0.558224 0.36051 1 
0.988817 -0.136653 -0.059568 0 -0.136556 -0.990606 0.00570835 0 -0.0597896 0.00248992 -0.998208 0 -0.309842 -0.561868 0.358301 1 
0.988825 -0.136313 -0.0601974 0 -0.136138 -0.990655 0.00702878 0 -0.0605941 0.00124491 -0.998162 0 -0.311371 -0.565295 0.357109 1 
0.988806 -0.136146 -0.0608941 0 -0.135879 -0.990679 0.00853657 0 -0.06149 -0.000166807 -0.998108 0 -0.312996 -0.568693 0.356001 1 
0.988783 -0.136075 -0.0614199 0 -0.13574 -0.990688 0.00961464 0 -0.0621575 -0.0011697 -0.998066 0 -0.31448 -0.571653 0.354804 1 
0.988762 -0.13605 -0.0618196 0 -0.135667 -0.990691 0.0103588 0 -0.0626546 -0.00185552 -0.998034 0 -0.315765 -0.574188 0.35393 1 
0.988794 -0.135821 -0.0618088 0 -0.13546 -0.990722 0.0100245 0 -0.0625981 -0.00153963 -0.998038 0 -0.316866 -0.576532 0.352149 1 
0.988854 -0.135487 -0.0615706 0 -0.135181 -0.990769 0.00911813 0 -0.0622389 -0.000693322 -0.998061 0 -0.317646 -0.578358 0.350293 1 
0.988912 -0.135218 -0.0612287 0 -0.134985 -0.990806 0.00795413 0 -0.0617425 0.000399003 -0.998092 0 -0.31829 -0.579799 0.348494 1 
0.989011 -0.13488 -0.0603789 0 -0.134799 -0.990848 0.00542978 0 -0.0605599 0.00276897 -0.998161 0 -0.318773 -0.580865 0.345976 1 
0.989194 -0.133954 -0.0594382 0 -0.134034 -0.990964 0.00265875 0 -0.0592584 0.0053368 -0.998228 0 -0.319042 -0.581509 0.34342 1 
0.989518 -0.132003 -0.0583879 0 -0.13225 -0.991207 -0.000371486 0 -0.0578265 0.00808954 -0.998294 0 -0.319041 -0.581829 0.341025 1 
0.989871 -0.129733 -0.057493 0 -0.130114 -0.991485 -0.00291725 0 -0.0566261 0.0103686 -0.998342 0 -0.318763 -0.582109 0.339043 1 
0.990341 -0.12638 -0.0568611 0 -0.126853 -0.9919 -0.00475982 0 -0.0558001 0.0119271 -0.998371 0 -0.318268 -0.582526 0.337514 1 
0.990826 -0.122688 -0.0564982 0 -0.123211 -0.992354 -0.00585511 0 -0.0553489 0.0127628 -0.998386 0 -0.31764 -0.583101 0.336296 1 
0.991374 -0.118323 -0.0561968 0 -0.118882 -0.992876 -0.00668788 0 -0.0550062 0.0133112 -0.998397 0 -0.316813 -0.583787 0.335234 1 
0.992236 -0.111036 -0.0558498 0 -0.111638 -0.993709 -0.00777271 0 -0.0546365 0.0139476 -0.998409 0 -0.315871 -0.584432 0.334349 1 
0.993079 -0.103374 -0.0555774 0 -0.104009 -0.994529 -0.00866282 0 -0.0543789 0.0143837 -0.998417 0 -0.314839 -0.585149 0.333551 1 
0.993749 -0.0969112 -0.0552448 0 -0.0975823 -0.995172 -0.00957703 0 -0.054051 0.0149084 -0.998427 0 -0.313584 -0.58596 0.332692 1 
0.994216 -0.0921084 -0.055061 0 -0.0927968 -0.995624 -0.0100741 0 -0.0538932 0.0151256 -0.998432 0 -0.312039 -0.58696 0.331856 1 
0.994541 -0.0886815 -0.054808 0 -0.089396 -0.995929 -0.0107203 0 -0.0536352 0.0155617 -0.998439 0 -0.310318 -0.587904 0.331081 1 
0.994826 -0.0855748 -0.0545804 0 -0.0863107 -0.996195 -0.0112673 0 -0.0534096 0.0159202 -0.998446 0 -0.308518 -0.588842 0.330309 1 
0.995112 -0.0822189 -0.0545187 0 -0.0829538 -0.996479 -0.0113529 0 -0.0533943 0.0158203 -0.998448 0 -0.306575 -0.589866 0.329534 1 
0.995373 -0.0790235 -0.0544838 0 -0.0797547 -0.99674 -0.0113765 0 -0.0534082 0.0156695 -0.99845 0 -0.304706 -0.590808 0.328883 1 
0.995631 -0.0758182 -0.0543226 0 -0.076561 -0.996986 -0.0117219 0 -0.0532712 0.01583 -0.998455 0 -0.302779 -0.591658 0.328334 1 
0.995858 -0.0729185 -0.0541418 0 -0.0736766 -0.997199 -0.0121383 0 -0.053106 0.0160773 -0.998459 0 -0.301011 -0.592401 0.327989 1 
0.996068 -0.0701174 -0.0539692 0 -0.0708922 -0.997395 -0.0125749 0 -0.0529479 0.0163518 -0.998463 0 -0.299303 -0.593122 0.327748 1 
0.996258 -0.0675057 -0.0537906 0 -0.0682971 -0.997571 -0.0130121 0 -0.0527825 0.0166375 -0.998467 0 -0.297704 -0.593787 0.327518 1 
0.996425 -0.0652255 -0.0535148 0 -0.0660456 -0.997713 -0.0136986 0 -0.0524999 0.0171843 -0.998473 0 -0.296283 -0.5943 0.327143 1 
0.996563 -0.0634565 -0.0530719 0 -0.064324 -0.99781 -0.0147982 0 -0.0520176 0.0181615 -0.998481 0 -0.295164 -0.594591 0.32648 1 
0.996692 -0.0616575 -0.0527707 0 -0.0625529 -0.997912 -0.0154856 0 -0.0517067 0.0187357 -0.998487 0 -0.294122 -0.595033 0.325297 1 
0.996816 -0.0596025 -0.052781 0 -0.0604828 -0.998043 -0.0152397 0 -0.0517704 0.0183838 -0.99849 0 -0.293096 -0.595807 0.323334 1 
0.996975 -0.0568996 -0.0527679 0 -0.0577631 -0.998208 -0.0149855 0 -0.0518217 0.0179885 -0.998494 0 -0.291833 -0.596942 0.320048 1 
0.997112 -0.0541084 -0.0531134 0 -0.0549069 -0.998388 -0.0136909 0 -0.052288 0.0165679 -0.998495 0 -0.290676 -0.598464 0.315913 1 
0.997174 -0.0527462 -0.0533179 0 -0.0534971 -0.998477 -0.012754 0 -0.052565 0.0155706 -0.998496 0 -0.289833 -0.599989 0.311386 1 
0.997154 -0.0530024 -0.0534322 0 -0.0537103 -0.998476 -0.0118989 0 -0.0527211 0.0147352 -0.998501 0 -0.289219 -0.602041 0.304961 1 
0.997095 -0.0540117 -0.0535285 0 -0.0546798 -0.998433 -0.0110958 0 -0.0528463 0.0139908 -0.998505 0 -0.289045 -0.604122 0.298294 1 
0.997038 -0.0547641 -0.0538192 0 -0.0553703 -0.998408 -0.00983553 0 -0.0531959 0.0127866 -0.998502 0 -0.289238 -0.606256 0.291988 1 
0.997063 -0.0544398 -0.0536844 0 -0.055037 -0.998427 -0.00970897 0 -0.0530725 0.0126353 -0.998511 0 -0.289716 -0.608308 0.284748 1 
0.997095 -0.0538856 -0.0536469 0 -0.0544623 -0.998462 -0.00934541 0 -0.0530618 0.0122402 -0.998516 0 -0.290386 -0.610221 0.277783 1 
0.997123 -0.0535031 -0.0535183 0 -0.0540762 -0.998484 -0.00931618 0 -0.0529397 0.0121837 -0.998523 0 -0.291231 -0.611986 0.270053 1 
0.9971 -0.0539033 -0.0535402 0 -0.0544426 -0.99847 -0.00866565 0 -0.0529922 0.0115556 -0.998528 0 -0.292016 -0.613853 0.262439 1 
0.99698 -0.0564027 -0.0532009 0 -0.0569531 -0.998328 -0.00888507 0 -0.0526118 0.0118884 -0.998544 0 -0.292735 -0.615458 0.254225 1 
0.996745 -0.0602149 -0.0534238 0 -0.0607006 -0.998118 -0.00751474 0 -0.0528718 0.0107333 -0.998544 0 -0.293427 -0.617206 0.246759 1 
0.996322 -0.0671454 -0.0530571 0 -0.067641 -0.997671 -0.00760062 0 -0.0524242 0.0111617 -0.998563 0 -0.293983 -0.618589 0.238605 1 
0.995655 -0.0764568 -0.0529813 0 -0.0769167 -0.997005 -0.00669187 0 -0.052312 0.0107381 -0.998573 0 -0.294574 -0.620179 0.229978 1 
0.99479 -0.0872005 -0.0526325 0 -0.0876602 -0.99612 -0.00648612 0 -0.0518636 0.0110663 -0.998593 0 -0.294961 -0.621444 0.221592 1 
0.993776 -0.0981203 -0.0525664 0 -0.098541 -0.995108 -0.00546585 0 -0.0517739 0.010612 -0.998602 0 -0.295265 -0.622705 0.214083 1 
0.992506 -0.110381 -0.0522288 0 -0.110797 -0.99382 -0.00512953 0 -0.0513408 0.0108781 -0.998622 0 -0.295527 -0.623771 0.205862 1 
0.990848 -0.124413 -0.0521845 0 -0.124777 -0.992168 -0.00377531 0 -0.0513071 0.0102524 -0.99863 0 -0.295752 -0.624873 0.198466 1 
0.989152 -0.137372 -0.051853 0 -0.137728 -0.990455 -0.00334968 0 -0.0508989 0.0104552 -0.998649 0 -0.295785 -0.625773 0.190702 1 
0.987456 -0.149125 -0.0517083 0 -0.149441 -0.988758 -0.00228817 0 -0.0507867 0.00998701 -0.99866 0 -0.295692 -0.626745 0.183708 1 
0.985914 -0.159114 -0.0513443 0 -0.159423 -0.987199 -0.00194188 0 -0.050379 0.0101002 -0.998679 0 -0.29528 -0.627654 0.175905 1 
0.985354 -0.162628 -0.0510914 0 -0.162917 -0.986629 -0.00150852 0 -0.0501639 0.00981028 -0.998693 0 -0.294471 -0.62867 0.169264 1 
0.985731 -0.160508 -0.0505102 0 -0.16085 -0.986965 -0.00274582 0 -0.049412 0.0108314 -0.99872 0 -0.293205 -0.629476 0.162153 1 
0.986255 -0.157255 -0.0505335 0 -0.157538 -0.987502 -0.00165092 0 -0.0496433 0.00958937 -0.998721 0 -0.291669 -0.630901 0.155303 1 
0.986843 -0.153621 -0.0502131 0 -0.15394 -0.988067 -0.00252766 0 -0.0492265 0.0102244 -0.998735 0 -0.289793 -0.631909 0.148503 1 
0.987497 -0.149455 -0.0499446 0 -0.149787 -0.988704 -0.00294297 0 -0.0489415 0.0103874 -0.998748 0 -0.287688 -0.633062 0.14149 1 
0.988249 -0.144455 -0.0497682 0 -0.144801 -0.989445 -0.00341049 0 -0.0487512 0.0105771 -0.998755 0 -0.285499 -0.63414 0.13505 1 
0.989073 -0.13874 -0.0496623 0 -0.139093 -0.990263 -0.0036996 0 -0.0486664 0.010567 -0.998759 0 -0.2833 -0.635177 0.128333 1 
0.990094 -0.131181 -0.049855 0 -0.131541 -0.991293 -0.00401065 0 -0.0488958 0.0105291 -0.998748 0 -0.281028 -0.636217 0.122333 1 
0.991157 -0.122803 -0.0500827 0 -0.123229 -0.992353 -0.0055016 0 -0.049025 0.0116248 -0.99873 0 -0.278911 -0.63684 0.116344 1 
0.99223 -0.113704 -0.050309 0 -0.114188 -0.993426 -0.00683733 0 -0.0492018 0.0125291 -0.99871 0 -0.276767 -0.637463 0.110659 1 
0.993497 -0.101726 -0.0509585 0 -0.102184 -0.994735 -0.0064614 0 -0.0500338 0.0116267 -0.99868 0 -0.274727 -0.63843 0.105658 1 
0.994873 -0.0870652 -0.0512613 0 -0.0876005 -0.996112 -0.00828532 0 -0.0503416 0.0127336 -0.998651 0 -0.272799 -0.638832 0.100852 1 
0.996209 -0.0700266 -0.051427 0 -0.0706032 -0.99745 -0.00947958 0 -0.050633 0.0130748 -0.998632 0 -0.270984 -0.639339 0.0966151 1 
0.997278 -0.0525388 -0.0515465 0 -0.0531088 -0.998532 -0.00974904 0 -0.0509596 0.0124603 -0.998623 0 -0.269279 -0.640028 0.0932937 1 
0.997979 -0.0374658 -0.051129 0 -0.0380752 -0.999205 -0.0109972 0 -0.0506773 0.0129219 -0.998631 0 -0.267661 -0.64043 0.0905389 1 
0.998332 -0.0272047 -0.0507285 0 -0.0278447 -0.999531 -0.0119537 0 -0.0503805 0.0133465 -0.998641 0 -0.266233 -0.64075 0.0881751 1 
0.998446 -0.0230776 -0.0505434 0 -0.0237198 -0.999635 -0.0121418 0 -0.0502457 0.013322 -0.998648 0 -0.264838 -0.641161 0.0860939 1 
0.998487 -0.0210001 -0.0506343 0 -0.021607 -0.999691 -0.0114679 0 -0.0503788 0.0125448 -0.998651 0 -0.26354 -0.641726 0.0843462 1 
0.998502 -0.0198651 -0.0507864 0 -0.0204293 -0.999725 -0.010614 0 -0.0505626 0.0116358 -0.998653 0 -0.262444 -0.642263 0.0829919 1 
0.998444 -0.0226133 -0.0507778 0 -0.0231547 -0.999671 -0.0100991 0 -0.0505337 0.0112593 -0.998659 0 -0.261406 -0.642662 0.0817161 1 
0.998265 -0.0297792 -0.0506067 0 -0.0303076 -0.999484 -0.00970615 0 -0.0502925 0.0112233 -0.998671 0 -0.260485 -0.642994 0.0805359 1 
0.997777 -0.0430589 -0.0506661 0 -0.0435653 -0.999001 -0.00893354 0 -0.0502318 0.0111212 -0.998676 0 -0.259741 -0.643502 0.079379 1 
0.996871 -0.0603655 -0.0508454 0 -0.0608403 -0.998107 -0.00784167 0 -0.0502768 0.0109108 -0.998676 0 -0.259153 -0.644315 0.0780787 1 
0.99595 -0.0739334 -0.0509669 0 -0.0743917 -0.997194 -0.00715256 0 -0.050296 0.0109153 -0.998675 0 -0.258766 -0.645231 0.0764721 1 
0.995363 -0.08146 -0.0509643 0 -0.0819207 -0.996605 -0.0070134 0 -0.0502209 0.0111561 -0.998676 0 -0.258647 -0.645965 0.0743141 1 
0.99522 -0.0832456 -0.050872 0 -0.0837281 -0.996451 -0.00742472 0 -0.0500744 0.0116489 -0.998678 0 -0.258794 -0.64649 0.0716197 1 
0.995217 -0.083146 -0.0510903 0 -0.0836344 -0.996459 -0.00749406 0 -0.0502872 0.0117313 -0.998666 0 -0.259328 -0.647113 0.0690184 1 
0.99542 -0.0804754 -0.0514105 0 -0.0809562 -0.996681 -0.00733547 0 -0.0506505 0.0114641 -0.998651 0 -0.26013 -0.647846 0.0662422 1 
0.995923 -0.0738787 -0.0515758 0 -0.0744023 -0.997184 -0.00830253 0 -0.0508182 0.0121063 -0.998635 0 -0.260966 -0.648241 0.0625554 1 
0.996592 -0.0636609 -0.0522813 0 -0.0641651 -0.997897 -0.00801989 0 -0.0516619 0.0113474 -0.9986 0 -0.261955 -0.648776 0.0590458 1 
0.99727 -0.0516603 -0.0525757 0 -0.0521806 -0.998591 -0.00857196 0 -0.0520598 0.0112922 -0.99858 0 -0.263202 -0.64915 0.0557934 1 
0.99778 -0.0404606 -0.0527057 0 -0.0409998 -0.999107 -0.00919043 0 -0.0522878 0.0113312 -0.998568 0 -0.265137 -0.649328 0.0522821 1 
0.998037 -0.0328137 -0.0531528 0 -0.0333226 -0.999397 -0.00871461 0 -0.0528358 0.0104689 -0.998548 0 -0.268124 -0.649607 0.0497991 1 
0.998076 -0.030589 -0.053745 0 -0.0310362 -0.99948 -0.00750605 0 -0.0534885 0.00915983 -0.998526 0 -0.272428 -0.649882 0.0482596 1 
0.998084 -0.0288473 -0.054557 0 -0.0292104 -0.999546 -0.00586965 0 -0.054364 0.00745218 -0.998493 0 -0.277473 -0.649974 0.0470605 1 
0.998034 -0.0288646 -0.0554609 0 -0.0291178 -0.999559 -0.00376237 0 -0.0553289 0.00536997 -0.998454 0 -0.282185 -0.649999 0.0466331 1 
0.997951 -0.0299945 -0.056353 0 -0.0301353 -0.999535 -0.00165073 0 -0.0562784 0.00334562 -0.99841 0 -0.286355 -0.649917 0.0467164 1 
0.997913 -0.0299249 -0.0570524 0 -0.0299866 -0.999541 -0.0002262 0 -0.0570205 0.00193657 -0.998371 0 -0.290134 -0.649571 0.0468268 1 
0.997953 -0.027751 -0.057448 0 -0.0277818 -0.999604 0.000261673 0 -0.0574336 0.0013349 -0.998348 0 -0.293444 -0.648942 0.0465355 1 
0.998044 -0.0239457 -0.0575741 0 -0.0239825 -0.999703 5.14274e-05 0 -0.0575593 0.00132947 -0.998341 0 -0.296351 -0.648154 0.0458864 1 
0.998193 -0.0166299 -0.0575728 0 -0.016694 -0.999851 -0.000631606 0 -0.0575548 0.00159161 -0.998341 0 -0.299078 -0.647339 0.0450111 1 
0.998265 -0.0112317 -0.0576316 0 -0.0113033 -0.999926 -0.000916994 0 -0.0576182 0.00156686 -0.998337 0 -0.30146 -0.646795 0.044236 1 
0.998293 -0.00724161 -0.0577838 0 -0.00729529 -0.999964 -0.000717986 0 -0.0577777 0.00113833 -0.998329 0 -0.303207 -0.646617 0.0437757 1 
0.998293 -0.00632591 -0.057888 0 -0.00634747 -0.99997 -0.000188542 0 -0.0578862 0.000555673 -0.998323 0 -0.30381 -0.646812 0.0437018 1 
0.998299 -0.00521103 -0.0579012 0 -0.00520683 -0.999977 0.00022349 0 -0.0579021 7.8373e-05 -0.998322 0 -0.303082 -0.647332 0.0439222 1 
0.998313 -0.00273299 -0.0578323 0 -0.00272133 -0.999987 0.000280325 0 -0.0578334 -0.000122473 -0.998326 0 -0.301416 -0.648165 0.0440149 1 
0.998327 0.000794066 -0.0576507 0 0.000806414 -0.99999 0.000190927 0 -0.0576511 -0.000237103 -0.998337 0 -0.298999 -0.649243 0.0439757 1 
0.998335 0.00407286 -0.0573643 0 0.004082 -0.999982 4.21651e-05 0 -0.0573642 -0.000276261 -0.998353 0 -0.296398 -0.650363 0.0439339 1 
0.998339 0.00689381 -0.0570232 0 0.00689454 -0.999967 -0.000184042 0 -0.0570237 -0.000209416 -0.998373 0 -0.293536 -0.651539 0.0438135 1 
0.99835 0.00866886 -0.0565894 0 0.00866772 -0.999953 -0.000265585 0 -0.0565902 -0.000225359 -0.998397 0 -0.290393 -0.652815 0.0436615 1 
0.998362 0.00952772 -0.0562396 0 0.00952139 -0.999945 -0.000380538 0 -0.0562412 -0.000155567 -0.998417 0 -0.287241 -0.65406 0.0434038 1 
0.99838 0.0102221 -0.0557924 0 0.0101941 -0.999938 -0.000785543 0 -0.0557981 0.000215521 -0.998442 0 -0.283936 -0.65522 0.0429575 1 
0.998417 0.00900421 -0.0553402 0 0.00894334 -0.999949 -0.00134745 0 -0.0553506 0.00085041 -0.998467 0 -0.280308 -0.656429 0.042269 1 
0.998457 0.00752605 -0.0548454 0 0.0074198 -0.999961 -0.00214067 0 -0.0548604 0.00173045 -0.998493 0 -0.27693 -0.657464 0.0413691 1 
0.99849 0.00743072 -0.0542547 0 0.00725784 -0.999958 -0.00338275 0 -0.0542786 0.00298393 -0.998521 0 -0.273799 -0.65826 0.0402094 1 
0.998528 0.00739746 -0.0535602 0 0.00714191 -0.999953 -0.00496115 0 -0.0535954 0.00457142 -0.998552 0 -0.271032 -0.658789 0.038817 1 
0.998547 0.00910169 -0.0529329 0 0.00877243 -0.999931 -0.00644921 0 -0.0529889 0.00597561 -0.998577 0 -0.268676 -0.659165 0.0372576 1 
0.998558 0.0114636 -0.0522557 0 0.0110563 -0.999897 -0.00807702 0 -0.0523439 0.00748776 -0.998601 0 -0.266795 -0.65933 0.0356566 1 
0.998559 0.013675 -0.0517046 0 0.0132058 -0.999859 -0.00940521 0 -0.0518269 0.00870903 -0.998618 0 -0.26524 -0.659518 0.0340443 1 
0.998564 0.0151559 -0.0511921 0 0.0146298 -0.999827 -0.0106371 0 -0.0513455 0.00987312 -0.998632 0 -0.264178 -0.659547 0.032605 1 
0.998566 0.0161581 -0.0508546 0 0.0155959 -0.999803 -0.0114322 0 -0.0510303 0.0106229 -0.998641 0 -0.263466 -0.659541 0.0313047 1 
0.998568 0.0167079 -0.0506225 0 0.0161255 -0.99979 -0.0118932 0 -0.0508115 0.0110601 -0.998647 0 -0.263051 -0.659435 0.0302569 1 
0.998553 0.0171114 -0.0507916 0 0.0165602 -0.99979 -0.0112539 0 -0.0509745 0.0103967 -0.998646 0 -0.262807 -0.659573 0.0296354 1 
0.998535 0.0174513 -0.0510293 0 0.0169362 -0.999792 -0.0105081 0 -0.051203 0.00962866 -0.998642 0 -0.262567 -0.659783 0.0293294 1 
0.998533 0.0171361 -0.0511695 0 0.0166435 -0.999801 -0.0100375 0 -0.0513323 0.00917133 -0.99864 0 -0.262248 -0.659991 0.0292449 1 
0.998557 0.015523 -0.0512259 0 0.0150395 -0.999829 -0.00981089 0 -0.0513704 0.00902649 -0.998639 0 -0.261834 -0.660183 0.0292561 1 
0.998595 0.012735 -0.051246 0 0.0122565 -0.999869 -0.00964095 0 -0.0513631 0.00899948 -0.998639 0 -0.261335 -0.660373 0.0292332 1 
0.998639 0.00838059 -0.051285 0 0.00790674 -0.999915 -0.00943536 0 -0.0513607 0.0090172 -0.998639 0 -0.260791 -0.660568 0.0291916 1 
0.99867 0.00282023 -0.0512893 0 0.00234713 -0.999945 -0.0092819 0 -0.0513137 0.00914935 -0.998641 0 -0.260336 -0.66069 0.0290689 1 
0.998671 -0.00326354 -0.0512564 0 -0.00374191 -0.999941 -0.00923966 0 -0.0512242 0.00941935 -0.998643 0 -0.259961 -0.660735 0.028852 1 
0.998657 -0.00699668 -0.0511409 0 -0.00748917 -0.999918 -0.0094446 0 -0.0510716 0.00981511 -0.998647 0 -0.259747 -0.660675 0.0285384 1 
0.998645 -0.00932416 -0.0510166 0 -0.00983219 -0.999895 -0.00971619 0 -0.0509217 0.0102048 -0.998651 0 -0.259609 -0.660582 0.0281823 1 
0.998642 -0.00969931 -0.0509904 0 -0.0102068 -0.999891 -0.00970159 0 -0.0508918 0.0102091 -0.998652 0 -0.259526 -0.660552 0.02783 1 
0.998651 -0.00943125 -0.0508797 0 -0.00995326 -0.999891 -0.010016 0 -0.0507806 0.0105091 -0.998655 0 -0.259338 -0.660468 0.0273008 1 
0.99866 -0.00899853 -0.0507671 0 -0.00953836 -0.999891 -0.0104012 0 -0.0506689 0.0108717 -0.998656 0 -0.259086 -0.660384 0.0267018 1 
0.998666 -0.00808749 -0.0508106 0 -0.00864555 -0.999895 -0.010773 0 -0.0507191 0.0111981 -0.99865 0 -0.25884 -0.660307 0.0260506 1 
0.998678 -0.00607788 -0.050853 0 -0.00663981 -0.999909 -0.0108882 0 -0.0507832 0.0112117 -0.998647 0 -0.258623 -0.660277 0.0253888 1 
0.998679 -0.0049417 -0.0509556 0 -0.00549077 -0.999919 -0.010641 0 -0.0508998 0.010907 -0.998644 0 -0.258548 -0.660265 0.0247389 1 
0.998679 -0.00453156 -0.0509891 0 -0.00507619 -0.999922 -0.0105569 0 -0.0509382 0.010802 -0.998643 0 -0.258493 -0.660184 0.0240193 1 
0.998684 -0.00432246 -0.0509202 0 -0.00486986 -0.999922 -0.0106309 0 -0.0508713 0.0108651 -0.998646 0 -0.258415 -0.660076 0.0233139 1 
0.998693 -0.00413014 -0.0507523 0 -0.00469682 -0.999918 -0.0110513 0 -0.0507035 0.0112754 -0.99865 0 -0.258266 -0.659926 0.0226636 1 
0.998699 -0.00393637 -0.0506448 0 -0.00451086 -0.999917 -0.0112342 0 -0.0505973 0.0114482 -0.998654 0 -0.258107 -0.659844 0.0220776 1 
0.998705 -0.00376342 -0.0505383 0 -0.00434516 -0.999916 -0.0114057 0 -0.0504921 0.0116108 -0.998657 0 -0.257949 -0.659748 0.0214146 1 
0.998707 -0.00377397 -0.0505071 0 -0.00435076 -0.999917 -0.0113149 0 -0.0504612 0.0115202 -0.99866 0 -0.257882 -0.659688 0.0207877 1 
0.998702 -0.00403268 -0.0505872 0 -0.00459131 -0.99992 -0.0109314 0 -0.0505401 0.0111497 -0.99866 0 -0.257856 -0.659689 0.0202219 1 
0.998692 -0.00459067 -0.0507307 0 -0.00512408 -0.999923 -0.0103894 0 -0.0506801 0.0106359 -0.998658 0 -0.257893 -0.65981 0.0197793 1 
0.998676 -0.00509492 -0.0510055 0 -0.0055901 -0.999929 -0.00957031 0 -0.0509541 0.00984295 -0.998652 0 -0.257997 -0.660208 0.0196653 1 
0.998653 -0.0051731 -0.051444 0 -0.00561396 -0.999939 -0.00842882 0 -0.0513982 0.00870644 -0.99864 0 -0.258223 -0.660841 0.0198402 1 
0.998629 -0.00533311 -0.0518808 0 -0.00571721 -0.999948 -0.00725792 0 -0.0518404 0.00754473 -0.998627 0 -0.258489 -0.661515 0.0199238 1 
0.998614 -0.00546425 -0.0521547 0 -0.00582311 -0.999951 -0.00673129 0 -0.0521164 0.0070258 -0.998616 0 -0.258694 -0.661866 0.0199015 1 
0.998614 -0.00550832 -0.0521677 0 -0.0058695 -0.99995 -0.00677263 0 -0.0521288 0.00706957 -0.998615 0 -0.25873 -0.661846 0.0199184 1 
0.998614 -0.00546835 -0.0521606 0 -0.00582935 -0.99995 -0.0067713 0 -0.052122 0.00706612 -0.998616 0 -0.258704 -0.661855 0.0199224 1 
0.998614 -0.00542308 -0.0521661 0 -0.00578481 -0.999951 -0.00678561 0 -0.0521277 0.00707811 -0.998615 0 -0.25869 -0.661856 0.0199228 1 
0.998614 -0.00532511 -0.0521739 0 -0.00568642 -0.999951 -0.00677916 0 -0.0521362 0.00706658 -0.998615 0 -0.258651 -0.661875 0.0199394 1 
0.998616 -0.00506266 -0.0521707 0 -0.00542797 -0.999952 -0.00686287 0 -0.0521344 0.00713669 -0.998615 0 -0.258576 -0.661873 0.0199306 1 
0.998621 -0.00425884 -0.0521424 0 -0.00463161 -0.999955 -0.00703032 0 -0.0521111 0.00726226 -0.998615 0 -0.258494 -0.661858 0.0199305 1 
0.998625 -0.00296436 -0.0521581 0 -0.00334352 -0.999959 -0.00718366 0 -0.0521357 0.00734831 -0.998613 0 -0.258391 -0.661853 0.0199352 1 
0.998625 -0.00189049 -0.052208 0 -0.00227556 -0.999961 -0.00731707 0 -0.0521931 0.00742596 -0.998609 0 -0.258299 -0.661857 0.0199392 1 
0.998624 6.96874e-05 -0.052251 0 -0.000322788 -0.999962 -0.00750281 0 -0.0522505 0.0075095 -0.998606 0 -0.258281 -0.661829 0.0199252 1 
0.998621 0.00258718 -0.0522578 0 0.00219154 -0.999959 -0.00762668 0 -0.0522764 0.00750178 -0.998604 0 -0.258237 -0.661845 0.0199451 1 
0.998614 0.004729 -0.0522321 0 0.00432674 -0.999951 -0.00781174 0 -0.0522674 0.00757506 -0.998604 0 -0.258091 -0.661856 0.0199326 1 
0.998605 0.00675247 -0.0521881 0 0.00634105 -0.999938 -0.0080449 0 -0.0522401 0.0077029 -0.998605 0 -0.25783 -0.661861 0.0199382 1 
0.998587 0.0092223 -0.0521557 0 0.00879709 -0.999917 -0.00837643 0 -0.0522296 0.00790593 -0.998604 0 -0.257451 -0.661868 0.0199512 1 
0.998566 0.0112438 -0.052158 0 0.0108176 -0.999896 -0.00844469 0 -0.0522486 0.0078685 -0.998603 0 -0.256974 -0.662004 0.0200838 1 
0.998551 0.0121225 -0.0522427 0 0.0117101 -0.999888 -0.00819184 0 -0.0523372 0.00756835 -0.998601 0 -0.25644 -0.662301 0.0202991 1 
0.998537 0.0129499 -0.0523077 0 0.0125446 -0.999879 -0.00806904 0 -0.0524068 0.00740121 -0.998598 0 -0.255905 -0.662564 0.0204455 1 
0.998534 0.013427 -0.0522568 0 0.0130126 -0.999872 -0.00826242 0 -0.0523621 0.00757045 -0.998599 0 -0.255581 -0.662641 0.0204476 1 
0.99854 0.0135068 -0.0521218 0 0.0130691 -0.999867 -0.00873018 0 -0.0522338 0.0080364 -0.998603 0 -0.255489 -0.662513 0.0203428 1 
0.998547 0.0132595 -0.0520454 0 0.0127958 -0.999866 -0.00923341 0 -0.0521618 0.0085542 -0.998602 0 -0.255625 -0.66223 0.0201704 1 
0.998559 0.012671 -0.0519577 0 0.01219 -0.99987 -0.00956448 0 -0.0520731 0.00891751 -0.998603 0 -0.255972 -0.661904 0.0201121 1 
0.998573 0.0120811 -0.0518335 0 0.0115816 -0.999874 -0.00992708 0 -0.0519479 0.00931278 -0.998606 0 -0.256292 -0.661527 0.0201215 1 
0.998588 0.0117077 -0.0516334 0 0.0111859 -0.999874 -0.0103845 0 -0.0517494 0.0097925 -0.998612 0 -0.256431 -0.661127 0.0201614 1 
0.99859 0.0119211 -0.051533 0 0.0113941 -0.99987 -0.010509 0 -0.0516526 0.00990724 -0.998616 0 -0.256204 -0.661033 0.0203407 1 
0.998583 0.0125459 -0.0515354 0 0.0120293 -0.999865 -0.0103217 0 -0.051659 0.00968732 -0.998618 0 -0.25576 -0.661183 0.0206425 1 
0.998567 0.0132563 -0.0516565 0 0.0127562 -0.999859 -0.00999959 0 -0.0517828 0.0093265 -0.998615 0 -0.255282 -0.661408 0.0210477 1 
0.998559 0.013751 -0.0516792 0 0.0132552 -0.999853 -0.00992485 0 -0.0518091 0.00922571 -0.998614 0 -0.254903 -0.661424 0.0214514 1 
0.998563 0.0138587 -0.0515755 0 0.0133521 -0.99985 -0.010153 0 -0.0517095 0.00945 -0.998617 0 -0.254723 -0.661171 0.0217982 1 
0.998571 0.0137819 -0.0514398 0 0.0132584 -0.999847 -0.0105031 0 -0.0515777 0.00980632 -0.998621 0 -0.254633 -0.66079 0.0221619 1 
0.998579 0.013693 -0.0513229 0 0.0131566 -0.999846 -0.010774 0 -0.0514635 0.0100836 -0.998624 0 -0.254542 -0.660417 0.0226193 1 
0.998578 0.0136282 -0.0513432 0 0.0130966 -0.999848 -0.0106758 0 -0.0514819 0.00998841 -0.998624 0 -0.254506 -0.660316 0.023003 1 
0.998579 0.0132827 -0.0514269 0 0.012766 -0.999855 -0.0103628 0 -0.051558 0.00969171 -0.998623 0 -0.254493 -0.660414 0.0232115 1 
0.998584 0.0127329 -0.051456 0 0.0122224 -0.999863 -0.0102241 0 -0.0515802 0.00958088 -0.998623 0 -0.254455 -0.660472 0.0232629 1 
0.998593 0.0121373 -0.0514349 0 0.011627 -0.999871 -0.010208 0 -0.0515531 0.00959577 -0.998624 0 -0.254389 -0.660486 0.0232256 1 
0.99861 0.0104489 -0.0514741 0 0.00994634 -0.999891 -0.0100095 0 -0.0515741 0.00948379 -0.998624 0 -0.254326 -0.660557 0.0232715 1 
0.99862 0.00905614 -0.0515462 0 0.00856298 -0.999906 -0.00978018 0 -0.0516309 0.00932547 -0.998623 0 -0.254262 -0.660657 0.0233334 1 
0.998622 0.00818715 -0.0516498 0 0.00770445 -0.999915 -0.00953776 0 -0.0517245 0.00912686 -0.99862 0 -0.254313 -0.66074 0.0234201 1 
0.998624 0.00722137 -0.05176 0 0.00675397 -0.999925 -0.00919935 0 -0.0518235 0.00883727 -0.998617 0 -0.254378 -0.660861 0.0235397 1 
0.998627 0.00550405 -0.0519153 0 0.00505645 -0.999939 -0.00874917 0 -0.0519613 0.00847481 -0.998613 0 -0.254474 -0.661009 0.023696 1 
0.998628 0.00484434 -0.0519596 0 0.00440217 -0.999944 -0.00862072 0 -0.0519995 0.00838032 -0.998612 0 -0.254504 -0.661046 0.0237383 1 
0.998629 0.00441048 -0.0519663 0 0.00396943 -0.999946 -0.00858742 0 -0.0520023 0.00836953 -0.998612 0 -0.254555 -0.661036 0.0237415 1 
0.998633 0.00325553 -0.0519766 0 0.00281646 -0.99995 -0.00851839 0 -0.0520028 0.00836051 -0.998612 0 -0.254577 -0.661034 0.0237408 1 
0.998636 0.00192213 -0.0519831 0 0.00148422 -0.999953 -0.00846133 0 -0.051998 0.0083728 -0.998612 0 -0.254585 -0.66103 0.023727 1 
0.998639 0.00131294 -0.0519455 0 0.000869902 -0.999953 -0.00855061 0 -0.0519553 0.00849395 -0.998613 0 -0.254578 -0.66099 0.0236295 1 
0.998643 0.00059456 -0.0518948 0 0.000145506 -0.999953 -0.00865642 0 -0.0518985 0.00863729 -0.998615 0 -0.254601 -0.660939 0.0235024 1 
0.998646 0.000391614 -0.0518295 0 -6.66639e-05 -0.999951 -0.00883992 0 -0.0518315 0.00883157 -0.998617 0 -0.254578 -0.660892 0.0233189 1 
0.998646 0.000413116 -0.0518251 0 -4.65705e-05 -0.999951 -0.00886836 0 -0.0518272 0.00885894 -0.998617 0 -0.254582 -0.660922 0.0231918 1 
0.998646 0.000436419 -0.051831 0 -2.42136e-05 -0.999951 -0.00888615 0 -0.0518334 0.00887555 -0.998616 0 -0.254594 -0.660959 0.0230752 1 
0.998647 0.000520914 -0.0518105 0 5.64564e-05 -0.99995 -0.00896552 0 -0.0518135 0.00895064 -0.998617 0 -0.254564 -0.660959 0.0229798 1 
0.998647 0.000595731 -0.0518205 0 0.000130919 -0.99995 -0.0089725 0 -0.0518242 0.00895374 -0.998616 0 -0.254565 -0.660959 0.0229738 1 
0.998644 0.00108695 -0.0518545 0 0.000625437 -0.99995 -0.00891545 0 -0.0518626 0.0088711 -0.998615 0 -0.254554 -0.661002 0.0230072 1 
0.998639 0.00207071 -0.0519219 0 0.00161743 -0.999951 -0.00877046 0 -0.0519385 0.00867471 -0.998613 0 -0.254561 -0.661098 0.0230945 1 
0.998636 0.00303581 -0.0519387 0 0.00258426 -0.999949 -0.00875889 0 -0.0519636 0.00861288 -0.998612 0 -0.254486 -0.661155 0.0231166 1 
0.99863 0.00449934 -0.0519458 0 0.00404757 -0.999943 -0.00879878 0 -0.0519835 0.00857664 -0.998611 0 -0.254432 -0.661193 0.0231325 1 
0.998627 0.00551191 -0.0519065 0 0.00505476 -0.999938 -0.00893423 0 -0.0519535 0.00865975 -0.998612 0 -0.25439 -0.66118 0.0230658 1 
0.998625 0.00580111 -0.0519095 0 0.00534232 -0.999936 -0.00897253 0 -0.0519593 0.00868304 -0.998611 0 -0.254414 -0.661164 0.0230543 1 
0.998626 0.00598158 -0.0518845 0 0.00551698 -0.999934 -0.00909297 0 -0.0519365 0.0087944 -0.998612 0 -0.254443 -0.661117 0.0229776 1 
0.998626 0.00620345 -0.0518579 0 0.00573427 -0.999932 -0.0091911 0 -0.0519124 0.00888127 -0.998612 0 -0.254454 -0.661082 0.0229135 1 
0.998626 0.00661672 -0.051799 0 0.00613875 -0.999928 -0.00938098 0 -0.0518583 0.00905028 -0.998613 0 -0.254443 -0.661029 0.0227872 1 
0.998626 0.00707976 -0.0517458 0 0.00659443 -0.999923 -0.00954377 0 -0.0518104 0.0091896 -0.998615 0 -0.254433 -0.660984 0.0226827 1 
0.998627 0.00715199 -0.0517086 0 0.00666342 -0.999922 -0.00961475 0 -0.0517743 0.00925717 -0.998616 0 -0.254417 -0.660964 0.0225791 1 
0.998626 0.00716333 -0.0517306 0 0.00667958 -0.999923 -0.0095182 0 -0.0517958 0.00915976 -0.998616 0 -0.254418 -0.660986 0.0224978 1 
0.998627 0.00715441 -0.0517127 0 0.00667168 -0.999923 -0.00950139 0 -0.0517776 0.00914351 -0.998617 0 -0.254409 -0.661029 0.0224114 1 
0.998624 0.00713766 -0.051771 0 0.00666464 -0.999925 -0.00930348 0 -0.0518346 0.00894581 -0.998616 0 -0.254428 -0.661161 0.0223994 1 
0.998621 0.00694303 -0.0518596 0 0.00648072 -0.999928 -0.00907754 0 -0.0519199 0.0087291 -0.998613 0 -0.254505 -0.661277 0.0224164 1 
0.998622 0.00601649 -0.0519507 0 0.00556924 -0.999937 -0.00874959 0 -0.0520011 0.00844836 -0.998611 0 -0.254535 -0.66144 0.0224514 1 
0.998621 0.00593464 -0.051979 0 0.00549327 -0.999938 -0.00863007 0 -0.052028 0.0083328 -0.998611 0 -0.254511 -0.661539 0.0224184 1 
0.998624 0.00550259 -0.051959 0 0.00506149 -0.99994 -0.00861706 0 -0.0520043 0.00834238 -0.998612 0 -0.254483 -0.661588 0.0223092 1 
0.998632 0.00519756 -0.0518426 0 0.00473945 -0.999939 -0.00895533 0 -0.051887 0.00869755 -0.998615 0 -0.254431 -0.661494 0.0220225 1 
0.998642 0.00519906 -0.0516503 0 0.00471296 -0.999934 -0.00952857 0 -0.0516974 0.00927238 -0.99862 0 -0.2544 -0.66131 0.0215823 1 
0.998654 0.0052376 -0.0514146 0 0.00472225 -0.999928 -0.0101397 0 -0.051465 0.00988346 -0.998626 0 -0.254332 -0.66115 0.0210208 1 
0.99866 0.0052559 -0.0512971 0 0.0047246 -0.999924 -0.0104728 0 -0.0513492 0.0102166 -0.998628 0 -0.254317 -0.661078 0.0204587 1 
0.998657 0.00517457 -0.0513635 0 0.00464139 -0.999925 -0.0104942 0 -0.0514149 0.0102419 -0.998625 0 -0.254439 -0.661134 0.0201129 1 
0.99865 0.00496429 -0.0515138 0 0.00444809 -0.999929 -0.0101303 0 -0.0515614 0.00988768 -0.998621 0 -0.254661 -0.661319 0.0200845 1 
0.998641 0.00491161 -0.0516904 0 0.00441794 -0.999934 -0.00966034 0 -0.0517354 0.00941903 -0.998616 0 -0.254796 -0.6616 0.0200779 1 
0.998631 0.00490156 -0.0518848 0 0.00443287 -0.999939 -0.00914441 0 -0.0519274 0.00890207 -0.998611 0 -0.254905 -0.661938 0.0200341 1 
0.998618 0.00485935 -0.0521448 0 0.00442131 -0.999944 -0.00851257 0 -0.0521842 0.00827041 -0.998603 0 -0.255066 -0.662303 0.0200795 1 
0.998611 0.00469991 -0.0523002 0 0.00427801 -0.999948 -0.00817574 0 -0.0523369 0.00794079 -0.998598 0 -0.255244 -0.662463 0.020158 1 
0.998613 0.00433421 -0.0522888 0 0.00390765 -0.999949 -0.00825704 0 -0.0523229 0.00804141 -0.998598 0 -0.255501 -0.662336 0.0201022 1 
0.998615 0.00390021 -0.0522913 0 0.00347225 -0.99995 -0.00827236 0 -0.052322 0.00807949 -0.998598 0 -0.255815 -0.662215 0.0200803 1 
0.998616 0.0036207 -0.0522829 0 0.00319127 -0.999951 -0.00829468 0 -0.0523113 0.00811651 -0.998598 0 -0.256076 -0.662109 0.0200602 1 
0.998616 0.00383778 -0.0522767 0 0.00340564 -0.99995 -0.00835288 0 -0.0523071 0.00816344 -0.998598 0 -0.256151 -0.662066 0.0200372 1 
0.998615 0.00416167 -0.0522684 0 0.00372987 -0.999949 -0.00835592 0 -0.0523015 0.00814955 -0.998598 0 -0.256098 -0.662089 0.0200383 1 
0.998613 0.00458517 -0.0522625 0 0.0041517 -0.999946 -0.00839963 0 -0.0522992 0.00817116 -0.998598 0 -0.256012 -0.662111 0.0200239 1 
0.998609 0.00550134 -0.05225 0 0.00506628 -0.999942 -0.00845519 0 -0.0522945 0.00817888 -0.998598 0 -0.255897 -0.662148 0.0200174 1 
0.998605 0.0063589 -0.0522393 0 0.00592019 -0.999936 -0.00854835 0 -0.0522914 0.00822731 -0.998598 0 -0.255778 -0.662169 0.0199969 1 
0.998593 0.00786117 -0.052262 0 0.00741965 -0.999926 -0.00863672 0 -0.052327 0.00823696 -0.998596 0 -0.255797 -0.662157 0.0200115 1 
0.998561 0.0110092 -0.0522938 0 0.0105593 -0.999895 -0.00887069 0 -0.0523869 0.00830591 -0.998592 0 -0.255868 -0.662112 0.020005 1 
0.9985 0.0156813 -0.0522782 0 0.015224 -0.999833 -0.00913559 0 -0.0524138 0.00832616 -0.998591 0 -0.255985 -0.662064 0.0200109 1 
0.99843 0.0197177 -0.0522364 0 0.0192519 -0.999761 -0.00940388 0 -0.0524104 0.00838363 -0.99859 0 -0.256064 -0.662019 0.0200219 1 
0.99841 0.0215496 -0.0519053 0 0.0210386 -0.999715 -0.0103708 0 -0.052115 0.00926244 -0.998598 0 -0.256026 -0.661695 0.0197609 1 
0.998443 0.0215866 -0.0512573 0 0.0210016 -0.999699 -0.0119253 0 -0.0515002 0.0108304 -0.998614 0 -0.255791 -0.661007 0.0190423 1 
0.998485 0.0217677 -0.0503451 0 0.021082 -0.999669 -0.0141129 0 -0.0506365 0.0130304 -0.998632 0 -0.255368 -0.660046 0.0180356 1 
0.998488 0.0221001 -0.0501436 0 0.0214123 -0.99966 -0.0142133 0 -0.0504416 0.0131183 -0.998641 0 -0.254975 -0.659705 0.0173496 1 
0.998477 0.0221531 -0.0503449 0 0.0214758 -0.999662 -0.0139542 0 -0.050638 0.012852 -0.998634 0 -0.254991 -0.659772 0.017341 1 
0.998476 0.0219572 -0.0504387 0 0.0212916 -0.99967 -0.0136942 0 -0.0507237 0.0125996 -0.998633 0 -0.255152 -0.659836 0.0174657 1 
0.998481 0.0218298 -0.050393 0 0.0211609 -0.999672 -0.0137686 0 -0.050678 0.0126816 -0.998635 0 -0.255214 -0.659783 0.0173942 1 
0.998483 0.0218125 -0.0503748 0 0.0211437 -0.999672 -0.0137714 0 -0.0506596 0.0126856 -0.998635 0 -0.255205 -0.659773 0.0172765 1 
0.998485 0.0217451 -0.0503615 0 0.0210763 -0.999673 -0.0137747 0 -0.0506455 0.0126926 -0.998636 0 -0.255219 -0.659753 0.0170923 1 
0.998485 0.0215741 -0.0504357 0 0.0209182 -0.99968 -0.0134968 0 -0.0507118 0.0124216 -0.998636 0 -0.255292 -0.659794 0.0166798 1 
0.998485 0.0213484 -0.0505259 0 0.0207117 -0.99969 -0.0130916 0 -0.0507907 0.0120255 -0.998637 0 -0.255453 -0.659786 0.0158097 1 
0.998478 0.0212179 -0.0507099 0 0.0206179 -0.999702 -0.0123252 0 -0.0509573 0.0112611 -0.998637 0 -0.25555 -0.659807 0.0146141 1 
0.998473 0.0212942 -0.0507767 0 0.0207161 -0.999705 -0.011883 0 -0.0510157 0.0108132 -0.998639 0 -0.255513 -0.659793 0.0132135 1 
0.998468 0.0214028 -0.0508409 0 0.0208482 -0.999708 -0.0114137 0 -0.0510714 0.0103364 -0.998642 0 -0.25544 -0.659751 0.0118816 1 
0.998465 0.0214563 -0.0508817 0 0.0209221 -0.999711 -0.0110084 0 -0.0511041 0.00992713 -0.998644 0 -0.255364 -0.659695 0.0107108 1 
0.998467 0.0209476 -0.0510393 0 0.0204479 -0.999728 -0.0102923 0 -0.051242 0.00923301 -0.998644 0 -0.255339 -0.659833 0.0100269 1 
0.998475 0.0207307 -0.0509815 0 0.0202238 -0.999731 -0.0104373 0 -0.0511851 0.00939051 -0.998645 0 -0.255369 -0.659813 0.00952166 1 
0.998475 0.0207072 -0.0509931 0 0.0201997 -0.999732 -0.0104487 0 -0.0511967 0.00940286 -0.998644 0 -0.255422 -0.659865 0.00912995 1 
0.998477 0.0207559 -0.0509305 0 0.0202422 -0.999729 -0.0105807 0 -0.0511373 0.00953387 -0.998646 0 -0.255404 -0.659887 0.0087794 1 
0.998486 0.0207846 -0.0507303 0 0.0202537 -0.999725 -0.0109561 0 -0.0509451 0.00991225 -0.998652 0 -0.255332 -0.659699 0.00794156 1 
0.998484 0.0209022 -0.0507371 0 0.0203868 -0.999726 -0.0106537 0 -0.0509468 0.00960332 -0.998655 0 -0.25526 -0.659684 0.00669716 1 
0.998491 0.0209022 -0.0505982 0 0.0203925 -0.999727 -0.01057 0 -0.0508063 0.00952244 -0.998663 0 -0.255185 -0.659613 0.00478811 1 
0.998479 0.0209323 -0.0508206 0 0.0204791 -0.999736 -0.00942191 0 -0.0510054 0.00836698 -0.998663 0 -0.255117 -0.659818 0.00282057 1 
0.998465 0.0210133 -0.0510633 0 0.0206072 -0.999742 -0.00846565 0 -0.051229 0.00740053 -0.99866 0 -0.255116 -0.659869 0.000625256 1 
0.998458 0.0208516 -0.0512574 0 0.0204907 -0.999752 -0.00755604 0 -0.0514032 0.00649422 -0.998657 0 -0.255132 -0.659818 -0.00146377 1 
0.998459 0.020646 -0.0513303 0 0.0203101 -0.999759 -0.00705792 0 -0.0514646 0.00600464 -0.998657 0 -0.255104 -0.659735 -0.0030325 1 
0.99847 0.0201393 -0.0513027 0 0.0198109 -0.99977 -0.00690127 0 -0.0514309 0.00587448 -0.998659 0 -0.255132 -0.659719 -0.00422048 1 
0.998482 0.0200309 -0.0511208 0 0.0196819 -0.99977 -0.00732177 0 -0.0512567 0.00630462 -0.998666 0 -0.25513 -0.659705 -0.00517163 1 
0.998504 0.0201441 -0.0506518 0 0.0197431 -0.99976 -0.00840431 0 -0.0508099 0.00739185 -0.998681 0 -0.254988 -0.659515 -0.00644509 1 
0.998497 0.0197737 -0.0509305 0 0.0194358 -0.999776 -0.00712128 0 -0.0510609 0.00612082 -0.998677 0 -0.255217 -0.659689 -0.006731 1 
0.9985 0.0194829 -0.0509738 0 0.0191394 -0.999781 -0.00721748 0 -0.0511043 0.00623117 -0.998674 0 -0.25543 -0.659594 -0.00681712 1 
0.998516 0.0190701 -0.0508209 0 0.0187242 -0.999789 -0.00727409 0 -0.0509498 0.00631183 -0.998681 0 -0.255607 -0.659482 -0.00689262 1 
0.998535 0.0187113 -0.0505768 0 0.0183674 -0.999795 -0.00725518 0 -0.0507032 0.00631571 -0.998694 0 -0.255645 -0.659439 -0.0069445 1 
0.998559 0.0183181 -0.0502507 0 0.017977 -0.999803 -0.00723195 0 -0.0503742 0.00631829 -0.99871 0 -0.255615 -0.65941 -0.00701451 1 
0.998616 0.0171545 -0.0495286 0 0.016827 -0.999824 -0.0070217 0 -0.0496413 0.00617868 -0.998748 0 -0.255612 -0.659377 -0.0070705 1 
0.998706 0.0146858 -0.0485008 0 0.014372 -0.999864 -0.00681117 0 -0.0485952 0.00610541 -0.9988 0 -0.255577 -0.659301 -0.00714571 1 
0.99884 0.00923715 -0.0470507 0 0.00892598 -0.999927 -0.00681926 0 -0.0471112 0.0063915 -0.998869 0 -0.255526 -0.659139 -0.00721874 1 
0.998933 -0.00204951 -0.045926 0 -0.00235774 -0.999965 -0.00665823 0 -0.0459116 0.00675954 -0.998923 0 -0.255577 -0.658952 -0.00726692 1 
0.998823 -0.0180006 -0.0448149 0 -0.0182987 -0.999803 -0.00624992 0 -0.0446944 0.00706276 -0.998976 0 -0.255495 -0.658829 -0.00730115 1 
0.998316 -0.0375032 -0.0440292 0 -0.0377822 -0.999261 -0.00552089 0 -0.0437905 0.00717526 -0.999015 0 -0.255291 -0.6588 -0.00732067 1 
0.997146 -0.06127 -0.0438913 0 -0.0615224 -0.998086 -0.00442272 0 -0.0435372 0.00711053 -0.999027 0 -0.255174 -0.65883 -0.00731585 1 
0.995334 -0.0857676 -0.0439788 0 -0.0859965 -0.99628 -0.00333736 0 -0.0435299 0.00710396 -0.999027 0 -0.255216 -0.658814 -0.00731989 1 
0.992892 -0.110481 -0.0440398 0 -0.110686 -0.993843 -0.00224 0 -0.043522 0.0070988 -0.999027 0 -0.255369 -0.658759 -0.00731639 1 
0.989718 -0.136007 -0.0440626 0 -0.136187 -0.990673 -0.00111365 0 -0.0435009 0.0071031 -0.999028 0 -0.2556 -0.658672 -0.00731278 1 
0.985655 -0.162867 -0.0440278 0 -0.163026 -0.986612 -4.9712e-06 0 -0.0434384 0.00718269 -0.99903 0 -0.255996 -0.658498 -0.00732604 1 
0.981096 -0.188444 -0.0438238 0 -0.188588 -0.982046 0.000852308 0 -0.0431985 0.0074286 -0.999039 0 -0.256326 -0.658305 -0.00733675 1 
0.975511 -0.215531 -0.0436633 0 -0.215662 -0.976457 0.00172657 0 -0.0430083 0.0077324 -0.999045 0 -0.256676 -0.658096 -0.00735397 1 
0.969671 -0.240454 -0.0435898 0 -0.240572 -0.970618 0.00260201 0 -0.0429356 0.00796355 -0.999046 0 -0.25684 -0.657984 -0.00735819 1 
0.962439 -0.267972 -0.0433847 0 -0.268062 -0.963384 0.0038387 0 -0.0428256 0.00793544 -0.999051 0 -0.256899 -0.65796 -0.00735911 1 
0.953075 -0.299603 -0.0431969 0 -0.299661 -0.954021 0.00530078 0 -0.0427997 0.00789251 -0.999052 0 -0.256907 -0.65797 -0.00735033 1 
0.941952 -0.332962 -0.0429254 0 -0.332988 -0.942897 0.00677428 0 -0.0427306 0.00791272 -0.999055 0 -0.256846 -0.657979 -0.00735972 1 
0.928579 -0.368642 -0.0427188 0 -0.368643 -0.929525 0.00813066 0 -0.0427063 0.0081982 -0.999054 0 -0.25692 -0.657892 -0.00736428 1 
0.914359 -0.402645 -0.0424851 0 -0.40264 -0.915303 0.00904338 0 -0.0425288 0.00883747 -0.999056 0 -0.257154 -0.657668 -0.00736521 1 
0.899226 -0.435428 -0.0421472 0 -0.435395 -0.900168 0.0104411 0 -0.0424867 0.0089619 -0.999057 0 -0.257339 -0.657573 -0.00736404 1 
0.883611 -0.466337 -0.0417372 0 -0.46627 -0.884551 0.0119087 0 -0.042473 0.00893836 -0.999058 0 -0.257284 -0.657598 -0.00736399 1 
0.865722 -0.498804 -0.0412439 0 -0.498702 -0.866658 0.0134709 0 -0.0424645 0.00890655 -0.999058 0 -0.257245 -0.657623 -0.00735718 1 
0.846285 -0.531153 -0.0407311 0 -0.531016 -0.847218 0.0150006 0 -0.0424766 0.00893425 -0.999058 0 -0.257205 -0.65763 -0.00736158 1 
0.827538 -0.559947 -0.0402615 0 -0.55978 -0.828468 0.0163775 0 -0.0425267 0.00898472 -0.999055 0 -0.25741 -0.657547 -0.00735632 1 
0.808623 -0.586966 -0.0397628 0 -0.586776 -0.809548 0.0175232 0 -0.0424762 0.00916238 -0.999055 0 -0.257766 -0.657372 -0.00736333 1 
0.791298 -0.610154 -0.0392438 0 -0.60994 -0.792217 0.0186126 0 -0.0424469 0.00920844 -0.999056 0 -0.258237 -0.657191 -0.00734977 1 
0.774564 -0.631293 -0.0387292 0 -0.631052 -0.775478 0.0197285 0 -0.0424889 0.0091593 -0.999055 0 -0.258719 -0.657047 -0.00733575 1 
0.756175 -0.65324 -0.0381816 0 -0.652975 -0.757082 0.0207502 0 -0.0424623 0.00924107 -0.999055 0 -0.259282 -0.656807 -0.00735267 1 
0.736964 -0.674872 -0.0375809 0 -0.674584 -0.737863 0.0218022 0 -0.042444 0.00928421 -0.999056 0 -0.259742 -0.656621 -0.00735067 1 
0.717807 -0.695246 -0.0369734 0 -0.694932 -0.718699 0.0228447 0 -0.0424562 0.00929614 -0.999055 0 -0.259944 -0.656543 -0.00734671 1 
0.700627 -0.712583 -0.0364372 0 -0.712249 -0.701512 0.0237314 0 -0.0424726 0.0093257 -0.999054 0 -0.260045 -0.656499 -0.00734774 1 
0.683587 -0.728973 -0.0358777 0 -0.728619 -0.684464 0.0245618 0 -0.0424627 0.00935126 -0.999054 0 -0.260102 -0.656474 -0.00734507 1 
0.664759 -0.746212 -0.035266 0 -0.745839 -0.665627 0.0254042 0 -0.0424317 0.00941531 -0.999055 0 -0.260265 -0.656401 -0.00733414 1 
0.643998 -0.764234 -0.0345562 0 -0.76384 -0.644855 0.0262864 0 -0.0423735 0.00946728 -0.999057 0 -0.260303 -0.656373 -0.00733703 1 
0.623227 -0.781295 -0.0338566 0 -0.780883 -0.624073 0.027102 0 -0.0423045 0.00954752 -0.999059 0 -0.260189 -0.656397 -0.00733441 1 
0.601507 -0.798169 -0.0331017 0 -0.797735 -0.602342 0.0280158 0 -0.0423007 0.00955481 -0.999059 0 -0.260184 -0.656399 -0.00733276 1 
0.578461 -0.815057 -0.0323381 0 -0.8146 -0.579284 0.0289444 0 -0.0423251 0.00959962 -0.999058 0 -0.260361 -0.656326 -0.00732462 1 
0.55645 -0.830267 -0.0316336 0 -0.829793 -0.557264 0.0296964 0 -0.042285 0.009725 -0.999058 0 -0.260507 -0.656243 -0.0073193 1 
0.533557 -0.845192 -0.0307933 0 -0.844695 -0.534357 0.0305586 0 -0.0422833 0.00970637 -0.999059 0 -0.260679 -0.656196 -0.00728753 1 
0.513991 -0.857257 -0.0300793 0 -0.856742 -0.514779 0.0312567 0 -0.0422801 0.0097047 -0.999059 0 -0.260709 -0.656185 -0.00728265 1 
0.495707 -0.86798 -0.0294099 0 -0.867448 -0.496484 0.0319117 0 -0.0423011 0.00969291 -0.999058 0 -0.26076 -0.656172 -0.00727108 1 
0.48074 -0.876378 -0.0288272 0 -0.875833 -0.481506 0.0323843 0 -0.0422622 0.00967959 -0.99906 0 -0.260728 -0.656184 -0.0072683 1 
0.467991 -0.883269 -0.0283029 0 -0.882713 -0.468747 0.0327707 0 -0.042213 0.00964714 -0.999062 0 -0.260615 -0.656231 -0.00726361 1 
0.453752 -0.890685 -0.0277566 0 -0.89012 -0.454497 0.0331485 0 -0.042141 0.00966575 -0.999065 0 -0.260395 -0.656297 -0.00727523 1 
0.438486 -0.898318 -0.0271275 0 -0.897742 -0.439219 0.0335683 0 -0.0420707 0.00963445 -0.999068 0 -0.260021 -0.656443 -0.00725717 1 
0.42477 -0.904903 -0.0264972 0 -0.904317 -0.425488 0.0339393 0 -0.0419869 0.00954567 -0.999073 0 -0.259348 -0.656715 -0.00723989 1 
0.410652 -0.911414 -0.0258802 0 -0.910815 -0.411358 0.0343737 0 -0.0419755 0.00945666 -0.999074 0 -0.258633 -0.65701 -0.0072177 1 
0.399423 -0.916404 -0.0254201 0 -0.915795 -0.400121 0.0347021 0 -0.041973 0.009419 -0.999074 0 -0.257998 -0.657259 -0.0072113 1 
0.388513 -0.921096 -0.0249135 0 -0.920479 -0.389199 0.0349841 0 -0.0419208 0.00934075 -0.999077 0 -0.2574 -0.657498 -0.00720681 1 
0.377725 -0.925586 -0.0243744 0 -0.924961 -0.378398 0.035242 0 -0.0418435 0.00923381 -0.999082 0 -0.257002 -0.657674 -0.00718337 1 
0.366127 -0.930247 -0.0239357 0 -0.929614 -0.366792 0.035524 0 -0.0418263 0.00924489 -0.999082 0 -0.256994 -0.657672 -0.00718552 1 
0.353985 -0.934947 -0.0234197 0 -0.934311 -0.354639 0.0357072 0 -0.0416907 0.00924164 -0.999088 0 -0.257223 -0.657572 -0.0071944 1 
0.33971 -0.940244 -0.0227636 0 -0.939603 -0.340348 0.0359271 0 -0.0415286 0.00918415 -0.999095 0 -0.257556 -0.657449 -0.00718706 1 
0.326649 -0.944874 -0.0222272 0 -0.944228 -0.327276 0.0361289 0 -0.0414125 0.00918627 -0.9991 0 -0.257905 -0.657307 -0.00719396 1 
0.315929 -0.948523 -0.0217734 0 -0.947872 -0.316546 0.0363177 0 -0.0413412 0.00916479 -0.999103 0 -0.258049 -0.657253 -0.00719016 1 
0.306758 -0.951536 -0.0214275 0 -0.950879 -0.307369 0.0365303 0 -0.0413469 0.00916919 -0.999103 0 -0.258231 -0.657184 -0.00718871 1 
0.297062 -0.954616 -0.0210631 0 -0.953952 -0.297666 0.0367489 0 -0.0413516 0.0091767 -0.999103 0 -0.258335 -0.657143 -0.00719038 1 
0.289924 -0.956814 -0.0207933 0 -0.956145 -0.290524 0.036919 0 -0.0413663 0.00917793 -0.999102 0 -0.258366 -0.657135 -0.00718378 1 
0.283471 -0.958751 -0.0205368 0 -0.958078 -0.284066 0.0370709 0 -0.0413764 0.00916744 -0.999102 0 -0.258431 -0.657115 -0.0071768 1 
0.274621 -0.96133 -0.0201909 0 -0.960653 -0.27521 0.0372415 0 -0.041359 0.00916932 -0.999102 0 -0.258517 -0.657081 -0.0071743 1 
0.263841 -0.964354 -0.0197663 0 -0.963669 -0.264422 0.0374722 0 -0.0413639 0.00916166 -0.999102 0 -0.258576 -0.657061 -0.00716716 1 
0.25498 -0.966741 -0.0194296 0 -0.966051 -0.255555 0.03765 0 -0.0413639 0.00917017 -0.999102 0 -0.258553 -0.657068 -0.00716436 1 
0.250783 -0.967841 -0.0192801 0 -0.967149 -0.251356 0.0377464 0 -0.0413795 0.00918071 -0.999101 0 -0.258647 -0.65703 -0.00716462 1 
0.24581 -0.969123 -0.0189605 0 -0.968428 -0.246374 0.0377999 0 -0.0413049 0.00907039 -0.999105 0 -0.258596 -0.657076 -0.00715235 1 
0.240414 -0.970479 -0.0187475 0 -0.969782 -0.240973 0.0378853 0 -0.0412853 0.00907307 -0.999106 0 -0.258406 -0.657143 -0.00715651 1 
0.234532 -0.971922 -0.0185384 0 -0.971222 -0.235088 0.0379804 0 -0.041273 0.00909743 -0.999106 0 -0.258216 -0.657204 -0.00716602 1 
0.228023 -0.973475 -0.0182434 0 -0.972772 -0.228572 0.0380724 0 -0.0412333 0.0090655 -0.999108 0 -0.258105 -0.657251 -0.00715935 1 
0.219722 -0.975388 -0.0179445 0 -0.974681 -0.220265 0.0382096 0 -0.0412225 0.00909489 -0.999109 0 -0.257936 -0.657298 -0.0071672 1 
0.212062 -0.977087 -0.0176197 0 -0.976378 -0.212599 0.0383147 0 -0.0411835 0.00907853 -0.99911 0 -0.257875 -0.65732 -0.00716386 1 
0.202267 -0.97917 -0.0171975 0 -0.978459 -0.202795 0.0383925 0 -0.0410811 0.00906163 -0.999115 0 -0.257872 -0.657308 -0.00716279 1 
0.188675 -0.981892 -0.0164441 0 -0.981186 -0.189181 0.0382854 0 -0.0407038 0.00891135 -0.999132 0 -0.257647 -0.657396 -0.0071601 1 
0.173278 -0.984738 -0.0157276 0 -0.984027 -0.173767 0.0384214 0 -0.0405687 0.00881894 -0.999138 0 -0.257478 -0.657473 -0.00714996 1 
0.157353 -0.987419 -0.0149777 0 -0.986709 -0.157823 0.0384532 0 -0.0403341 0.00872804 -0.999148 0 -0.257304 -0.657539 -0.00715217 1 
0.139721 -0.99008 -0.0141438 0 -0.989368 -0.140171 0.0385122 0 -0.0401135 0.00861256 -0.999158 0 -0.257132 -0.657613 -0.00714696 1 
0.122171 -0.99241 -0.0133426 0 -0.991697 -0.122602 0.0385637 0 -0.0399076 0.00852056 -0.999167 0 -0.256937 -0.657692 -0.00714594 1 
0.10307 -0.994585 -0.0125826 0 -0.993867 -0.103486 0.038719 0 -0.0398122 0.00851481 -0.999171 0 -0.256839 -0.65772 -0.00715616 1 
0.0842465 -0.996366 -0.0117307 0 -0.995647 -0.0846421 0.0387721 0 -0.0396249 0.00841335 -0.999179 0 -0.256695 -0.657784 -0.00714922 1 
0.0650574 -0.997812 -0.0108868 0 -0.997095 -0.0654333 0.0387374 0 -0.0393658 0.0083352 -0.99919 0 -0.256614 -0.65781 -0.00715647 1 
0.0462346 -0.998878 -0.00921253 0 -0.998148 -0.0465597 0.0389073 0 -0.0392933 0.00739674 -0.9992 0 -0.256504 -0.658099 -0.00707039 1 
0.0292253 -0.999542 -0.00656036 0 -0.998765 -0.0294636 0.03977 0 -0.0399458 0.00539007 -0.999187 0 -0.256448 -0.65888 -0.00704876 1 
0.0126942 -0.999899 -0.00464066 0 -0.999106 -0.0128699 0.04002 0 -0.0400765 0.00412857 -0.999188 0 -0.256457 -0.659625 -0.00697238 1 
-0.000679857 -0.999984 -0.0035235 0 -0.999179 0.000537455 0.0402592 0 -0.0402574 0.00354805 -0.999183 0 -0.256435 -0.660145 -0.00697656 1 
-0.00221726 -0.999981 -0.00370672 0 -0.999177 0.00206624 0.0402601 0 -0.0402525 0.00379302 -0.999182 0 -0.256489 -0.660104 -0.00694264 1 
-0.00228225 -0.999981 -0.00368712 0 -0.999177 0.00213197 0.0402578 0 -0.04025 0.00377603 -0.999183 0 -0.256516 -0.6601 -0.00693667 1 
-0.00243023 -0.999981 -0.00367296 0 -0.999177 0.00228042 0.0402534 0 -0.040245 0.00376784 -0.999183 0 -0.256525 -0.660099 -0.00693491 1 
-0.0031463 -0.999979 -0.0036458 0 -0.999175 0.002997 0.0402565 0 -0.0402455 0.00376952 -0.999183 0 -0.256539 -0.660093 -0.00693438 1 
-0.00324164 -0.999979 -0.00363681 0 -0.999175 0.00309265 0.0402501 0 -0.0402388 0.00376436 -0.999183 0 -0.256555 -0.660087 -0.00693534 1 
-0.00331564 -0.999978 -0.00361561 0 -0.999175 0.00316743 0.0402538 0 -0.0402423 0.00374616 -0.999183 0 -0.256576 -0.660085 -0.0069286 1 
-0.00344982 -0.999978 -0.00360566 0 -0.999175 0.00330193 0.0402445 0 -0.0402324 0.0037416 -0.999183 0 -0.256587 -0.66008 -0.00693265 1 
-0.00349831 -0.999978 -0.00359644 0 -0.999174 0.00335073 0.0402545 0 -0.0402423 0.00373436 -0.999183 0 -0.256609 -0.660075 -0.00692826 1 
-0.00350196 -0.999978 -0.00358816 0 -0.999174 0.00335468 0.0402611 0 -0.0402489 0.00372626 -0.999183 0 -0.256616 -0.660075 -0.00692475 1 
-0.00348275 -0.999978 -0.00359022 0 -0.999173 0.00333535 0.0402752 0 -0.0402631 0.00372759 -0.999182 0 -0.256617 -0.660076 -0.0069209 1 
-0.00339349 -0.999978 -0.00360238 0 -0.999172 0.00324551 0.0403188 0 -0.040307 0.0037363 -0.99918 0 -0.256608 -0.660083 -0.00691079 1 
-0.00297884 -0.999979 -0.00369083 0 -0.999163 0.00282667 0.0405693 0 -0.0405588 0.00380866 -0.99917 0 -0.256596 -0.660094 -0.00689371 1 
-0.00289172 -0.999979 -0.00368036 0 -0.999163 0.00273998 0.0405872 0 -0.0405771 0.00379471 -0.999169 0 -0.256585 -0.660106 -0.00687265 1 
-0.00272878 -0.99998 -0.0036091 0 -0.999161 0.00257984 0.0406465 0 -0.0406371 0.00371706 -0.999167 0 -0.256551 -0.660159 -0.00676744 1 
-0.00264412 -0.99998 -0.00359216 0 -0.99916 0.00249589 0.0406618 0 -0.0406528 0.00369673 -0.999166 0 -0.256528 -0.660175 -0.00675478 1 
-0.00258539 -0.999981 -0.00357887 0 -0.99916 0.00243772 0.0406677 0 -0.040659 0.00368108 -0.999166 0 -0.256496 -0.660193 -0.00674329 1 
-0.00243906 -0.999981 -0.00358569 0 -0.99916 0.00229116 0.0406875 0 -0.0406793 0.00368199 -0.999165 0 -0.256451 -0.660214 -0.00671798 1 
-0.00243119 -0.999981 -0.00359764 0 -0.99916 0.00228282 0.0406844 0 -0.0406762 0.0036936 -0.999166 0 -0.256456 -0.66021 -0.00670716 1 
-0.00241306 -0.999981 -0.00359335 0 -0.99916 0.00226487 0.0406867 0 -0.0406786 0.00368858 -0.999165 0 -0.256448 -0.660214 -0.00670537 1 
-0.00239562 -0.999981 -0.00359709 0 -0.99916 0.00224731 0.0406835 0 -0.0406754 0.0036916 -0.999166 0 -0.256436 -0.660216 -0.00670916 1 
-0.00240633 -0.999981 -0.00359454 0 -0.99916 0.00225811 0.0406847 0 -0.0406766 0.0036895 -0.999166 0 -0.256442 -0.660215 -0.00670566 1 
-0.00240307 -0.999981 -0.0035939 0 -0.99916 0.00225487 0.0406864 0 -0.0406783 0.00368872 -0.999165 0 -0.256444 -0.660215 -0.00670709 1 
-0.00240998 -0.999981 -0.0035869 0 -0.99916 0.00226206 0.0406869 0 -0.0406788 0.00368201 -0.999165 0 -0.256445 -0.660216 -0.00670298 1 
-0.00239356 -0.999981 -0.00359032 0 -0.99916 0.00224551 0.0406874 0 -0.0406794 0.00368476 -0.999165 0 -0.256441 -0.660217 -0.00670526 1 
-0.00239733 -0.999981 -0.00358847 0 -0.99916 0.00224936 0.0406854 0 -0.0406774 0.00368306 -0.999166 0 -0.256438 -0.660219 -0.00670633 1 
-0.00239663 -0.999981 -0.0035825 0 -0.99916 0.00224889 0.0406872 0 -0.0406792 0.00367708 -0.999165 0 -0.256439 -0.66022 -0.00670185 1 
-0.00240013 -0.999981 -0.00358851 0 -0.99916 0.00225215 0.0406887 0 -0.0406807 0.00368322 -0.999165 0 -0.256441 -0.660218 -0.00670439 1 
-0.0023965 -0.999981 -0.00358067 0 -0.99916 0.00224884 0.0406866 0 -0.0406786 0.00367524 -0.999166 0 -0.256441 -0.66022 -0.00670214 1 
-0.00239625 -0.999981 -0.00358081 0 -0.99916 0.00224859 0.0406859 0 -0.0406779 0.00367536 -0.999166 0 -0.256439 -0.660221 -0.00670149 1 
-0.00239922 -0.999981 -0.00357891 0 -0.99916 0.00225163 0.0406868 0 -0.0406788 0.00367359 -0.999166 0 -0.256439 -0.660221 -0.00670183 1 
-0.00239651 -0.999981 -0.00358113 0 -0.99916 0.00224883 0.0406871 0 -0.0406791 0.0036757 -0.999166 0 -0.256438 -0.660221 -0.00670372 1 
-0.00239309 -0.999981 -0.00357695 0 -0.99916 0.00224558 0.0406866 0 -0.0406786 0.00367138 -0.999166 0 -0.256438 -0.660222 -0.00670011 1 
-0.00239463 -0.999981 -0.00357465 0 -0.99916 0.00224721 0.0406876 0 -0.0406796 0.00366915 -0.999166 0 -0.256438 -0.660223 -0.00669837 1 
-0.00239745 -0.999981 -0.00357282 0 -0.99916 0.00225011 0.0406873 0 -0.0406793 0.00366743 -0.999166 0 -0.256439 -0.660223 -0.00669954 1 
-0.00239874 -0.999981 -0.00357625 0 -0.99916 0.00225126 0.0406861 0 -0.0406781 0.00367092 -0.999166 0 -0.256441 -0.660221 -0.00670045 1 
-0.00239701 -0.999981 -0.00357345 0 -0.99916 0.00224964 0.0406862 0 -0.0406782 0.00366804 -0.999166 0 -0.256437 -0.660224 -0.00669893 1 
-0.00239104 -0.999981 -0.0035708 0 -0.99916 0.00224378 0.040688 0 -0.04068 0.00366516 -0.999166 0 -0.256438 -0.660225 -0.00669756 1 
-0.00239432 -0.999981 -0.00356991 0 -0.99916 0.0022471 0.040686 0 -0.040678 0.0036644 -0.999166 0 -0.256438 -0.660224 -0.0066993 1 
-0.0023954 -0.999981 -0.00357417 0 -0.99916 0.00224802 0.0406836 0 -0.0406755 0.00366869 -0.999166 0 -0.256437 -0.660223 -0.00670078 1 
-0.00240098 -0.999981 -0.00357067 0 -0.99916 0.00225373 0.0406853 0 -0.0406773 0.00366543 -0.999166 0 -0.256441 -0.660223 -0.00669768 1 
-0.0023954 -0.999981 -0.00357055 0 -0.99916 0.00224816 0.0406849 0 -0.0406769 0.00366508 -0.999166 0 -0.256437 -0.660224 -0.00669805 1 
-0.00239544 -0.999981 -0.00357225 0 -0.99916 0.00224814 0.0406832 0 -0.0406752 0.00366677 -0.999166 0 -0.256434 -0.660224 -0.00670066 1 
-0.00239911 -0.999981 -0.00356666 0 -0.99916 0.00225201 0.0406877 0 -0.0406797 0.00366135 -0.999166 0 -0.256439 -0.660225 -0.0066963 1 
-0.00239241 -0.999981 -0.00356539 0 -0.99916 0.00224539 0.040683 0 -0.040675 0.0036598 -0.999166 0 -0.256436 -0.660226 -0.00669655 1 
