2019-09-26 15:37:31 0.998141 0.0323959 -0.0514333 0 0.0316077 -0.999362 -0.0160657 0 -0.0519219 0.0144104 -0.998547 0 -0.230844 -0.431878 0.541987 1 
2019-09-26 15:37:31 0.998141 0.0324068 -0.0514334 0 0.0316185 -0.999361 -0.0160671 0 -0.0519222 0.0144112 -0.998547 0 -0.230837 -0.431882 0.541985 1 
2019-09-26 15:37:31 0.998141 0.0323902 -0.0514332 0 0.031602 -0.999362 -0.016065 0 -0.0519217 0.01441 -0.998547 0 -0.230842 -0.431879 0.541986 1 
2019-09-26 15:37:31 0.998141 0.0323962 -0.051434 0 0.0316081 -0.999362 -0.0160636 0 -0.0519225 0.0144083 -0.998547 0 -0.230841 -0.431879 0.541987 1 
2019-09-26 15:37:31 0.998141 0.0323982 -0.0514352 0 0.0316098 -0.999362 -0.016067 0 -0.0519239 0.0144115 -0.998547 0 -0.230841 -0.43188 0.541986 1 
2019-09-26 15:37:31 0.998141 0.0324007 -0.0514361 0 0.0316127 -0.999362 -0.0160606 0 -0.0519246 0.0144049 -0.998547 0 -0.23084 -0.43188 0.541989 1 
2019-09-26 15:37:31 0.998141 0.0323979 -0.0514316 0 0.0316095 -0.999361 -0.0160681 0 -0.0519203 0.0144128 -0.998547 0 -0.230841 -0.431879 0.541985 1 
2019-09-26 15:37:31 0.998141 0.0324039 -0.0514347 0 0.0316159 -0.999361 -0.016062 0 -0.0519233 0.0144062 -0.998547 0 -0.230839 -0.43188 0.541988 1 
2019-09-26 15:37:31 0.998141 0.0323954 -0.0514345 0 0.0316072 -0.999362 -0.016064 0 -0.0519231 0.0144087 -0.998547 0 -0.230843 -0.431878 0.541987 1 
2019-09-26 15:37:31 0.998141 0.0324 -0.0514333 0 0.0316117 -0.999361 -0.0160678 0 -0.051922 0.0144123 -0.998547 0 -0.230839 -0.431881 0.541985 1 
2019-09-26 15:37:31 0.998141 0.032397 -0.051434 0 0.0316087 -0.999362 -0.0160664 0 -0.0519227 0.0144111 -0.998547 0 -0.230841 -0.431879 0.541986 1 
2019-09-26 15:37:31 0.998141 0.0323946 -0.0514337 0 0.0316062 -0.999362 -0.0160678 0 -0.0519223 0.0144126 -0.998547 0 -0.230841 -0.43188 0.541985 1 
2019-09-26 15:37:31 0.998141 0.0323921 -0.0514332 0 0.031604 -0.999362 -0.0160632 0 -0.0519217 0.0144081 -0.998547 0 -0.230842 -0.431878 0.541987 1 
2019-09-26 15:37:31 0.998141 0.032395 -0.0514329 0 0.0316068 -0.999362 -0.0160656 0 -0.0519215 0.0144104 -0.998547 0 -0.23084 -0.43188 0.541986 1 
2019-09-26 15:37:32 0.998141 0.0323983 -0.0514333 0 0.0316099 -0.999361 -0.0160693 0 -0.0519221 0.0144139 -0.998547 0 -0.230841 -0.431881 0.541984 1 
2019-09-26 15:37:32 0.998141 0.0323999 -0.0514326 0 0.0316116 -0.999361 -0.0160677 0 -0.0519213 0.0144122 -0.998547 0 -0.230841 -0.43188 0.541985 1 
2019-09-26 15:37:32 0.998141 0.0323938 -0.0514321 0 0.0316055 -0.999362 -0.0160665 0 -0.0519207 0.0144114 -0.998547 0 -0.230843 -0.431879 0.541985 1 
2019-09-26 15:37:32 0.998141 0.0323981 -0.0514364 0 0.0316099 -0.999362 -0.0160641 0 -0.051925 0.0144086 -0.998547 0 -0.230841 -0.43188 0.541987 1 
2019-09-26 15:37:32 0.998141 0.0323981 -0.0514361 0 0.0316099 -0.999362 -0.0160641 0 -0.0519247 0.0144086 -0.998547 0 -0.23084 -0.43188 0.541988 1 
2019-09-26 15:37:32 0.998141 0.0324042 -0.0514356 0 0.031616 -0.999361 -0.0160636 0 -0.0519242 0.0144078 -0.998547 0 -0.230839 -0.43188 0.541988 1 
2019-09-26 15:37:32 0.998141 0.0323994 -0.0514332 0 0.0316112 -0.999361 -0.0160652 0 -0.0519218 0.0144097 -0.998547 0 -0.23084 -0.43188 0.541986 1 
2019-09-26 15:37:32 0.998141 0.0323941 -0.0514347 0 0.031606 -0.999362 -0.016063 0 -0.0519232 0.0144078 -0.998547 0 -0.230841 -0.431879 0.541988 1 
2019-09-26 15:37:32 0.998141 0.0323912 -0.0514349 0 0.031603 -0.999362 -0.016064 0 -0.0519234 0.0144089 -0.998547 0 -0.230842 -0.431879 0.541987 1 
2019-09-26 15:37:32 0.998141 0.032399 -0.0514327 0 0.0316108 -0.999361 -0.0160656 0 -0.0519214 0.0144102 -0.998547 0 -0.230839 -0.43188 0.541986 1 
2019-09-26 15:37:32 0.998141 0.0323959 -0.0514349 0 0.0316077 -0.999362 -0.0160641 0 -0.0519235 0.0144088 -0.998547 0 -0.230842 -0.431879 0.541988 1 
2019-09-26 15:37:32 0.998141 0.0323966 -0.051434 0 0.0316083 -0.999362 -0.0160657 0 -0.0519227 0.0144103 -0.998547 0 -0.230842 -0.431878 0.541988 1 
2019-09-26 15:37:32 0.998141 0.0323939 -0.0514339 0 0.0316055 -0.999362 -0.0160671 0 -0.0519226 0.0144119 -0.998547 0 -0.230842 -0.431878 0.541986 1 
2019-09-26 15:37:32 0.998141 0.0323949 -0.0514321 0 0.0316066 -0.999362 -0.016068 0 -0.0519208 0.0144128 -0.998547 0 -0.230841 -0.43188 0.541986 1 
2019-09-26 15:37:32 0.998141 0.0323969 -0.0514341 0 0.0316088 -0.999362 -0.0160635 0 -0.0519227 0.0144082 -0.998547 0 -0.230842 -0.43188 0.541987 1 
2019-09-26 15:37:32 0.998141 0.0324025 -0.0514322 0 0.031614 -0.999361 -0.016072 0 -0.0519211 0.0144164 -0.998547 0 -0.23084 -0.431879 0.541985 1 
2019-09-26 15:37:32 0.998141 0.0323976 -0.0514373 0 0.0316096 -0.999362 -0.0160602 0 -0.0519258 0.0144047 -0.998547 0 -0.230841 -0.431879 0.54199 1 
2019-09-26 15:37:32 0.998141 0.0323986 -0.0514338 0 0.0316104 -0.999362 -0.0160639 0 -0.0519225 0.0144085 -0.998547 0 -0.23084 -0.43188 0.541987 1 
2019-09-26 15:37:32 0.998141 0.0323986 -0.0514341 0 0.0316104 -0.999362 -0.0160635 0 -0.0519227 0.014408 -0.998547 0 -0.230841 -0.431881 0.541987 1 
2019-09-26 15:37:32 0.998141 0.0323999 -0.0514361 0 0.0316117 -0.999361 -0.016064 0 -0.0519248 0.0144084 -0.998547 0 -0.230839 -0.431881 0.541987 1 
2019-09-26 15:37:32 0.998141 0.0323932 -0.0514321 0 0.0316048 -0.999362 -0.0160693 0 -0.0519208 0.0144142 -0.998547 0 -0.230842 -0.431879 0.541984 1 
2019-09-26 15:37:32 0.998141 0.0324004 -0.0514354 0 0.0316123 -0.999362 -0.0160624 0 -0.051924 0.0144069 -0.998547 0 -0.230841 -0.43188 0.541988 1 
2019-09-26 15:37:33 0.998141 0.0324105 -0.0514326 0 0.0316222 -0.999361 -0.016068 0 -0.0519215 0.014412 -0.998547 0 -0.230834 -0.431883 0.541986 1 
2019-09-26 15:37:33 0.998141 0.0324142 -0.0514309 0 0.0316259 -0.999361 -0.016069 0 -0.0519199 0.0144129 -0.998547 0 -0.230832 -0.431883 0.541986 1 
2019-09-26 15:37:33 0.998143 0.0323604 -0.0514291 0 0.031572 -0.999363 -0.0160697 0 -0.0519174 0.0144164 -0.998547 0 -0.230857 -0.431871 0.541984 1 
2019-09-26 15:37:33 0.998141 0.0324147 -0.0514312 0 0.0316261 -0.999361 -0.0160741 0 -0.0519204 0.0144179 -0.998547 0 -0.230832 -0.431885 0.541982 1 
2019-09-26 15:37:33 0.99814 0.0324409 -0.0514341 0 0.0316525 -0.99936 -0.0160697 0 -0.0519235 0.014412 -0.998547 0 -0.230823 -0.431889 0.541985 1 
2019-09-26 15:37:33 0.99814 0.0324312 -0.0514335 0 0.0316426 -0.99936 -0.0160733 0 -0.0519229 0.0144162 -0.998547 0 -0.230827 -0.431888 0.541983 1 
2019-09-26 15:37:33 0.998141 0.0324176 -0.0514299 0 0.031629 -0.999361 -0.0160737 0 -0.0519191 0.0144174 -0.998547 0 -0.230833 -0.431883 0.541983 1 
2019-09-26 15:37:33 0.998142 0.0323797 -0.051432 0 0.0315913 -0.999362 -0.0160684 0 -0.0519205 0.014414 -0.998547 0 -0.230848 -0.431876 0.541984 1 
2019-09-26 15:37:33 0.998143 0.0323435 -0.0514285 0 0.0315551 -0.999363 -0.0160702 0 -0.0519165 0.0144178 -0.998547 0 -0.230866 -0.431867 0.541983 1 
2019-09-26 15:37:33 0.998144 0.0323266 -0.0514227 0 0.0315379 -0.999364 -0.0160758 0 -0.0519106 0.0144245 -0.998548 0 -0.230876 -0.431862 0.541979 1 
2019-09-26 15:37:33 0.998143 0.0323742 -0.0514214 0 0.031585 -0.999362 -0.0160865 0 -0.0519104 0.0144327 -0.998547 0 -0.230856 -0.43188 0.541972 1 
2019-09-26 15:37:33 0.998142 0.0323827 -0.05142 0 0.0315936 -0.999362 -0.0160849 0 -0.051909 0.0144307 -0.998548 0 -0.230853 -0.431884 0.541971 1 
2019-09-26 15:37:33 0.998142 0.0324069 -0.0514042 0 0.0316162 -0.99936 -0.0161222 0 -0.0518948 0.0144673 -0.998548 0 -0.230846 -0.431896 0.541952 1 
2019-09-26 15:37:33 0.998143 0.0323946 -0.0513982 0 0.0316035 -0.999361 -0.0161304 0 -0.0518889 0.0144763 -0.998548 0 -0.230851 -0.431891 0.541947 1 
2019-09-26 15:37:33 0.998142 0.032508 -0.05134 0 0.0317114 -0.999355 -0.0162549 0 -0.0518363 0.0145969 -0.998549 0 -0.230806 -0.431924 0.541881 1 
2019-09-26 15:37:33 0.998145 0.0324886 -0.0513064 0 0.0316903 -0.999355 -0.0162978 0 -0.0518038 0.0146419 -0.99855 0 -0.230814 -0.431922 0.541857 1 
2019-09-26 15:37:33 0.998062 0.033745 -0.052092 0 0.0330081 -0.999334 -0.0149418 0 -0.0525625 0.0131937 -0.99853 0 -0.230437 -0.432564 0.541962 1 
2019-09-26 15:37:33 0.997954 0.0356209 -0.0529109 0 0.0349557 -0.999289 -0.0134444 0 -0.0533532 0.0115676 -0.998509 0 -0.229758 -0.433322 0.542425 1 
2019-09-26 15:37:33 0.997836 0.0380101 -0.0534695 0 0.0373948 -0.999213 -0.0124606 0 -0.0539021 0.0104343 -0.998492 0 -0.228833 -0.434195 0.542944 1 
2019-09-26 15:37:33 0.997722 0.0407556 -0.0535721 0 0.0401506 -0.999108 -0.0123217 0 -0.0540276 0.0101429 -0.998488 0 -0.227593 -0.435331 0.542988 1 
2019-09-26 15:37:33 0.997706 0.0418771 -0.0530124 0 0.0412245 -0.999051 -0.0133445 0 -0.053522 0.0111287 -0.998505 0 -0.226125 -0.436636 0.542275 1 
2019-09-26 15:37:33 0.997637 0.0443266 -0.0523083 0 0.0436151 -0.998931 -0.0146667 0 -0.0529035 0.0123508 -0.998523 0 -0.224209 -0.438651 0.540902 1 
2019-09-26 15:37:33 0.997548 0.0469569 -0.0517081 0 0.0461969 -0.998798 -0.0157962 0 -0.0523887 0.013369 -0.998537 0 -0.221851 -0.441484 0.539044 1 
2019-09-26 15:37:34 0.997611 0.0457302 -0.0515843 0 0.0449598 -0.998851 -0.0159971 0 -0.0522576 0.01364 -0.99854 0 -0.219364 -0.445088 0.536767 1 
2019-09-26 15:37:34 0.997867 0.0397949 -0.0515592 0 0.0390187 -0.999101 -0.0159748 0 -0.0521495 0.0139292 -0.998542 0 -0.216685 -0.449219 0.534037 1 
2019-09-26 15:37:34 0.998083 0.0330818 -0.0521202 0 0.0323543 -0.999358 -0.0147399 0 -0.0525754 0.0130256 -0.998532 0 -0.214111 -0.454348 0.530641 1 
2019-09-26 15:37:34 0.998264 0.0255981 -0.0528549 0 0.024939 -0.999594 -0.0130925 0 -0.0531696 0.0117518 -0.998516 0 -0.211359 -0.460216 0.526667 1 
2019-09-26 15:37:34 0.998281 0.0242781 -0.0531667 0 0.0236505 -0.999634 -0.012401 0 -0.0534493 0.0111225 -0.998509 0 -0.208037 -0.466295 0.522389 1 
2019-09-26 15:37:34 0.998216 0.0263026 -0.0534127 0 0.0256998 -0.999589 -0.0119421 0 -0.0537059 0.0105483 -0.998501 0 -0.204671 -0.473158 0.517139 1 
2019-09-26 15:37:34 0.998158 0.0265836 -0.0543564 0 0.0260892 -0.999602 -0.00978613 0 -0.0545959 0.00835015 -0.998474 0 -0.201426 -0.480246 0.512038 1 
2019-09-26 15:37:34 0.998267 0.0220478 -0.0543774 0 0.0215568 -0.999712 -0.00959798 0 -0.0545744 0.0084093 -0.998474 0 -0.198287 -0.487153 0.506191 1 
2019-09-26 15:37:34 0.998444 0.0102844 -0.0546255 0 0.00982436 -0.999904 -0.0086841 0 -0.0547106 0.00813408 -0.998469 0 -0.195273 -0.494289 0.500278 1 
2019-09-26 15:37:34 0.998451 -0.00716619 -0.0549941 0 -0.00757322 -0.999936 -0.00719647 0 -0.05494 0.00760196 -0.998461 0 -0.192493 -0.501908 0.493724 1 
2019-09-26 15:37:34 0.998174 -0.0248522 -0.0548713 0 -0.025281 -0.999645 -0.00713424 0 -0.0546755 0.00850858 -0.998468 0 -0.1896 -0.509342 0.486952 1 
2019-09-26 15:37:34 0.997732 -0.0385906 -0.0549671 0 -0.0390111 -0.999207 -0.00659841 0 -0.0546699 0.00872794 -0.998466 0 -0.186836 -0.516731 0.480179 1 
2019-09-26 15:37:34 0.997293 -0.0484423 -0.0551437 0 -0.048837 -0.99878 -0.00583293 0 -0.0547949 0.00851036 -0.998461 0 -0.183974 -0.524514 0.472657 1 
2019-09-26 15:37:34 0.996947 -0.0551865 -0.0550636 0 -0.055606 -0.998424 -0.00611378 0 -0.0546405 0.00915716 -0.998464 0 -0.180655 -0.532968 0.463994 1 
2019-09-26 15:37:34 0.996529 -0.0622013 -0.0551441 0 -0.0626139 -0.998011 -0.00578411 0 -0.0546758 0.009217 -0.998462 0 -0.177774 -0.540324 0.456507 1 
2019-09-26 15:37:34 0.996024 -0.0697834 -0.0551978 0 -0.0701908 -0.997509 -0.00547515 0 -0.0546793 0.00932794 -0.99846 0 -0.174735 -0.547773 0.44849 1 
2019-09-26 15:37:34 0.995256 -0.0799934 -0.0552099 0 -0.0804103 -0.996738 -0.00536785 0 -0.0546015 0.00978202 -0.99846 0 -0.172005 -0.55516 0.4399 1 
2019-09-26 15:37:34 0.994438 -0.0895571 -0.055255 0 -0.089971 -0.995922 -0.00504451 0 -0.0545789 0.00998798 -0.99846 0 -0.16967 -0.562347 0.431058 1 
2019-09-26 15:37:34 0.993588 -0.0985594 -0.0552298 0 -0.0989943 -0.995065 -0.00518682 0 -0.0544471 0.0106212 -0.99846 0 -0.167596 -0.569149 0.422112 1 
2019-09-26 15:37:34 0.99268 -0.107269 -0.0553128 0 -0.107684 -0.994165 -0.00456938 0 -0.0545009 0.0104924 -0.998459 0 -0.166045 -0.575765 0.412889 1 
2019-09-26 15:37:34 0.991866 -0.1146 -0.0552248 0 -0.115047 -0.993338 -0.00495719 0 -0.0542898 0.0112705 -0.998462 0 -0.165244 -0.581942 0.402732 1 
2019-09-26 15:37:34 0.990596 -0.125112 -0.0551983 0 -0.125564 -0.992064 -0.00478068 0 -0.0541632 0.0116669 -0.998464 0 -0.165281 -0.587864 0.391967 1 
2019-09-26 15:37:35 0.989459 -0.133852 -0.0550895 0 -0.134338 -0.990912 -0.00520439 0 -0.0538933 0.0125504 -0.998468 0 -0.166162 -0.593253 0.380655 1 
2019-09-26 15:37:35 0.988622 -0.139923 -0.0550267 0 -0.140411 -0.990071 -0.00508285 0 -0.0537702 0.0127516 -0.998472 0 -0.167881 -0.598613 0.368688 1 
2019-09-26 15:37:35 0.988447 -0.141202 -0.0549083 0 -0.1417 -0.989886 -0.00525956 0 -0.0536114 0.0129796 -0.998478 0 -0.170026 -0.603428 0.356984 1 
2019-09-26 15:37:35 0.988321 -0.14213 -0.054788 0 -0.142618 -0.989755 -0.00506517 0 -0.0535078 0.01282 -0.998485 0 -0.172509 -0.608192 0.344628 1 
2019-09-26 15:37:35 0.988169 -0.14327 -0.0545497 0 -0.143787 -0.989583 -0.00565402 0 -0.0531724 0.013431 -0.998495 0 -0.175027 -0.612423 0.332302 1 
2019-09-26 15:37:35 0.987995 -0.144567 -0.0542775 0 -0.145119 -0.989384 -0.0063542 0 -0.0527837 0.0141549 -0.998506 0 -0.177686 -0.6164 0.319528 1 
2019-09-26 15:37:35 0.987926 -0.145178 -0.0539127 0 -0.145797 -0.989275 -0.00769607 0 -0.0522182 0.0154637 -0.998516 0 -0.180394 -0.619814 0.306878 1 
2019-09-26 15:37:35 0.987767 -0.146391 -0.0535443 0 -0.147064 -0.989078 -0.00883595 0 -0.051667 0.0166026 -0.998526 0 -0.183259 -0.622835 0.294398 1 
2019-09-26 15:37:35 0.987498 -0.14831 -0.0532251 0 -0.14901 -0.988781 -0.00940838 0 -0.0512336 0.0172222 -0.998538 0 -0.186293 -0.625453 0.282543 1 
2019-09-26 15:37:35 0.987271 -0.149892 -0.0530068 0 -0.150581 -0.988545 -0.00922734 0 -0.0510174 0.017092 -0.998551 0 -0.189594 -0.627946 0.270598 1 
2019-09-26 15:37:35 0.987471 -0.148658 -0.0527549 0 -0.14934 -0.988733 -0.00921815 0 -0.0507911 0.0169814 -0.998565 0 -0.193052 -0.630114 0.258473 1 
2019-09-26 15:37:35 0.988508 -0.141749 -0.0523362 0 -0.14249 -0.989729 -0.0106986 0 -0.0502831 0.0180334 -0.998572 0 -0.19652 -0.631705 0.246354 1 
2019-09-26 15:37:35 0.990259 -0.129081 -0.052016 0 -0.129864 -0.99145 -0.0119464 0 -0.0500302 0.0185854 -0.998575 0 -0.200248 -0.633093 0.234167 1 
2019-09-26 15:37:35 0.992216 -0.113135 -0.0518604 0 -0.11395 -0.993391 -0.0130242 0 -0.0500451 0.0188327 -0.998569 0 -0.203965 -0.634279 0.222585 1 
2019-09-26 15:37:35 0.993887 -0.0974942 -0.0516145 0 -0.098278 -0.995066 -0.0128661 0 -0.0501065 0.0178604 -0.998584 0 -0.207713 -0.635475 0.211281 1 
2019-09-26 15:37:35 0.994783 -0.0881465 -0.0511668 0 -0.0889267 -0.995941 -0.0131722 0 -0.049799 0.017654 -0.998603 0 -0.2114 -0.636511 0.199521 1 
2019-09-26 15:37:35 0.995491 -0.0800343 -0.0507292 0 -0.0808482 -0.996616 -0.0141967 0 -0.0494222 0.0182344 -0.998612 0 -0.214907 -0.637346 0.187923 1 
2019-09-26 15:37:35 0.996072 -0.0727331 -0.0503154 0 -0.0736096 -0.997152 -0.0157895 0 -0.0490247 0.0194315 -0.998609 0 -0.218201 -0.637972 0.17675 1 
2019-09-26 15:37:35 0.996549 -0.0661188 -0.0499903 0 -0.0670166 -0.997606 -0.0165005 0 -0.0487806 0.0197941 -0.998613 0 -0.221287 -0.638697 0.165968 1 
2019-09-26 15:37:35 0.996754 -0.0630834 -0.0498225 0 -0.0639745 -0.997806 -0.016496 0 -0.0486735 0.0196302 -0.998622 0 -0.223979 -0.639454 0.155733 1 
2019-09-26 15:37:35 0.996688 -0.064408 -0.0494584 0 -0.0653014 -0.997717 -0.0166637 0 -0.0482731 0.0198386 -0.998637 0 -0.226499 -0.640226 0.145158 1 
2019-09-26 15:37:35 0.996557 -0.0665191 -0.0493061 0 -0.0673672 -0.997594 -0.0157395 0 -0.0481414 0.0190073 -0.99866 0 -0.228718 -0.641175 0.135039 1 
2019-09-26 15:37:36 0.99639 -0.0691166 -0.049096 0 -0.0699377 -0.997426 -0.0152052 0 -0.0479196 0.0185844 -0.998678 0 -0.230924 -0.642273 0.125108 1 
2019-09-26 15:37:36 0.995756 -0.0777054 -0.0491097 0 -0.0784651 -0.996813 -0.0137328 0 -0.047887 0.0175282 -0.998699 0 -0.233337 -0.64377 0.11576 1 
2019-09-26 15:37:36 0.994661 -0.0904797 -0.049431 0 -0.0911459 -0.995763 -0.0113889 0 -0.048192 0.0158339 -0.998713 0 -0.235842 -0.645558 0.10697 1 
2019-09-26 15:37:36 0.993399 -0.103368 -0.0495403 0 -0.10401 -0.994511 -0.0105507 0 -0.0481787 0.015634 -0.998716 0 -0.238334 -0.647444 0.0983427 1 
2019-09-26 15:37:36 0.992424 -0.112311 -0.0496198 0 -0.112938 -0.993542 -0.0100096 0 -0.0481761 0.015538 -0.998718 0 -0.240674 -0.649479 0.0903859 1 
2019-09-26 15:37:36 0.992161 -0.114625 -0.0495875 0 -0.115283 -0.993266 -0.0106057 0 -0.0480388 0.0162395 -0.998713 0 -0.242849 -0.65166 0.0830995 1 
2019-09-26 15:37:36 0.992045 -0.115594 -0.0496585 0 -0.116287 -0.993142 -0.0112965 0 -0.0480131 0.0169816 -0.998702 0 -0.244864 -0.654134 0.0768272 1 
2019-09-26 15:37:36 0.992457 -0.111816 -0.0500781 0 -0.112514 -0.993576 -0.0113378 0 -0.0484895 0.016887 -0.998681 0 -0.246656 -0.657039 0.0713154 1 
2019-09-26 15:37:36 0.993776 -0.0991566 -0.0505859 0 -0.0999088 -0.994908 -0.0125598 0 -0.0490839 0.0175359 -0.998641 0 -0.247923 -0.659382 0.0661086 1 
2019-09-26 15:37:36 0.995526 -0.0793299 -0.0511388 0 -0.0801567 -0.99667 -0.0143214 0 -0.0498333 0.0183568 -0.998589 0 -0.249036 -0.661493 0.0610547 1 
2019-09-26 15:37:36 0.997 -0.0577528 -0.0513449 0 -0.0586051 -0.998155 -0.0152503 0 -0.0503704 0.018214 -0.998565 0 -0.250063 -0.663435 0.0572344 1 
2019-09-26 15:37:36 0.997791 -0.0424307 -0.0509179 0 -0.0433475 -0.998905 -0.0170367 0 -0.0501403 0.0192066 -0.998557 0 -0.251101 -0.664606 0.0530793 1 
2019-09-26 15:37:36 0.998227 -0.0312298 -0.0504718 0 -0.0322047 -0.999298 -0.0186177 0 -0.0498559 0.0202105 -0.998552 0 -0.252343 -0.665274 0.049628 1 
2019-09-26 15:37:36 0.998358 -0.0281415 -0.0496968 0 -0.0292218 -0.99934 -0.0211467 0 -0.0490698 0.0225647 -0.99854 0 -0.253472 -0.665006 0.0461426 1 
2019-09-26 15:37:36 0.998369 -0.0293971 -0.0487385 0 -0.0305922 -0.999235 -0.0239576 0 -0.0479979 0.0254101 -0.998524 0 -0.254343 -0.66394 0.0426973 1 
2019-09-26 15:37:36 0.998348 -0.0307917 -0.0483149 0 -0.0320212 -0.999168 -0.0248842 0 -0.0475093 0.0263907 -0.998522 0 -0.255186 -0.663029 0.0400514 1 
2019-09-26 15:37:36 0.998306 -0.0319091 -0.0484506 0 -0.0330991 -0.999155 -0.0239607 0 -0.0476461 0.0255242 -0.998538 0 -0.255971 -0.662639 0.0380557 1 
2019-09-26 15:37:36 0.998269 -0.0325588 -0.0487867 0 -0.0336856 -0.999171 -0.0224529 0 -0.0480161 0.0240579 -0.998557 0 -0.256486 -0.662554 0.0365758 1 
2019-09-26 15:37:36 0.998264 -0.0326826 -0.0488019 0 -0.033791 -0.999176 -0.0220625 0 -0.0480415 0.0236737 -0.998565 0 -0.256574 -0.66242 0.0353568 1 
2019-09-26 15:37:36 0.998286 -0.032493 -0.0484786 0 -0.0336273 -0.999165 -0.0227676 0 -0.0476992 0.0243593 -0.998565 0 -0.256368 -0.66215 0.0341938 1 
2019-09-26 15:37:36 0.998304 -0.0324113 -0.0481549 0 -0.0335818 -0.999145 -0.0237003 0 -0.0473465 0.0252777 -0.998559 0 -0.256234 -0.661829 0.0332213 1 
2019-09-26 15:37:36 0.998305 -0.0325379 -0.0480482 0 -0.0337256 -0.99913 -0.0241184 0 -0.0472226 0.0256985 -0.998554 0 -0.256302 -0.661594 0.0324418 1 
2019-09-26 15:37:37 0.998286 -0.0329894 -0.0481313 0 -0.034167 -0.999122 -0.0238512 0 -0.0473032 0.0254553 -0.998556 0 -0.256625 -0.661452 0.0319488 1 
2019-09-26 15:37:37 0.998261 -0.0337825 -0.0481153 0 -0.0349581 -0.999096 -0.0238042 0 -0.0472685 0.0254453 -0.998558 0 -0.257143 -0.661214 0.0316587 1 
2019-09-26 15:37:37 0.998242 -0.034468 -0.0480205 0 -0.0356547 -0.999064 -0.0240776 0 -0.0471465 0.0257479 -0.998556 0 -0.257573 -0.660941 0.0313819 1 
2019-09-26 15:37:37 0.998236 -0.0348584 -0.0478523 0 -0.0360629 -0.999038 -0.0245433 0 -0.0469516 0.0262262 -0.998553 0 -0.257787 -0.660685 0.031025 1 
2019-09-26 15:37:37 0.998242 -0.0348664 -0.047722 0 -0.0360837 -0.999029 -0.0248896 0 -0.0468087 0.0265684 -0.99855 0 -0.257757 -0.660527 0.0305211 1 
2019-09-26 15:37:37 0.998244 -0.0347587 -0.04776 0 -0.0359616 -0.999042 -0.024561 0 -0.0468614 0.0262359 -0.998557 0 -0.25769 -0.660542 0.0300135 1 
2019-09-26 15:37:37 0.998246 -0.0347005 -0.047756 0 -0.0358969 -0.999047 -0.0244272 0 -0.0468637 0.0260991 -0.99856 0 -0.257647 -0.660496 0.0294527 1 
2019-09-26 15:37:37 0.998249 -0.0346478 -0.0477488 0 -0.0358379 -0.999053 -0.0242972 0 -0.0468627 0.0259664 -0.998564 0 -0.257601 -0.660469 0.0290056 1 
2019-09-26 15:37:37 0.998255 -0.0346012 -0.0476462 0 -0.0357943 -0.999051 -0.0244205 0 -0.0467569 0.0260839 -0.998566 0 -0.257542 -0.660408 0.0286732 1 
2019-09-26 15:37:37 0.99826 -0.0345906 -0.0475537 0 -0.0357936 -0.999045 -0.0246833 0 -0.0466554 0.026343 -0.998564 0 -0.257513 -0.660314 0.0283855 1 
2019-09-26 15:37:37 0.998259 -0.0346275 -0.0475564 0 -0.0358289 -0.999044 -0.0246461 0 -0.0466584 0.0263076 -0.998564 0 -0.257532 -0.660289 0.0282311 1 
2019-09-26 15:37:37 0.998261 -0.0345913 -0.0475368 0 -0.0357938 -0.999045 -0.0246811 0 -0.0466385 0.0263402 -0.998564 0 -0.257507 -0.660276 0.0281456 1 
2019-09-26 15:37:37 0.998265 -0.0345535 -0.047481 0 -0.0357603 -0.999043 -0.0248055 0 -0.0465794 0.0264609 -0.998564 0 -0.257467 -0.660245 0.0280386 1 
2019-09-26 15:37:37 0.998268 -0.0345412 -0.0474185 0 -0.0357546 -0.999039 -0.0249844 0 -0.0465108 0.0266371 -0.998563 0 -0.257441 -0.660192 0.0279057 1 
2019-09-26 15:37:37 0.998281 -0.0343909 -0.0472597 0 -0.0356198 -0.999033 -0.0254108 0 -0.046341 0.0270511 -0.998559 0 -0.2573 -0.660097 0.0275732 1 
2019-09-26 15:37:37 0.9983 -0.0341138 -0.0470478 0 -0.0353621 -0.999028 -0.0259592 0 -0.0461174 0.0275793 -0.998555 0 -0.257067 -0.65998 0.0270664 1 
2019-09-26 15:37:37 0.998322 -0.0335462 -0.0469856 0 -0.0347869 -0.999051 -0.0258419 0 -0.046075 0.0274335 -0.998561 0 -0.256669 -0.660037 0.0263566 1 
2019-09-26 15:37:37 0.998331 -0.0329945 -0.0471852 0 -0.0342001 -0.999093 -0.0249762 0 -0.0463192 0.0265487 -0.998574 0 -0.256348 -0.66023 0.0256256 1 
2019-09-26 15:37:37 0.99833 -0.0327211 -0.0473978 0 -0.0338891 -0.999127 -0.0240513 0 -0.0465704 0.0256179 -0.998586 0 -0.256212 -0.660359 0.0248764 1 
2019-09-26 15:37:37 0.998328 -0.0326192 -0.0475187 0 -0.0337604 -0.999146 -0.023414 0 -0.0467153 0.0249795 -0.998596 0 -0.256165 -0.660367 0.0239962 1 
2019-09-26 15:37:37 0.998327 -0.0325757 -0.0475772 0 -0.0336985 -0.999158 -0.0229914 0 -0.0467891 0.0245567 -0.998603 0 -0.256136 -0.660305 0.0230434 1 
2019-09-26 15:37:37 0.998341 -0.0323004 -0.0474696 0 -0.0334249 -0.999165 -0.0230898 0 -0.046685 0.0246386 -0.998606 0 -0.255926 -0.660192 0.0220614 1 
2019-09-26 15:37:38 0.998363 -0.0318395 -0.047315 0 -0.0329756 -0.999172 -0.0234266 0 -0.0465308 0.024949 -0.998605 0 -0.255573 -0.660128 0.0213473 1 
2019-09-26 15:37:38 0.998376 -0.0313773 -0.0473372 0 -0.03251 -0.999189 -0.0233513 0 -0.046567 0.0248528 -0.998606 0 -0.255271 -0.660241 0.0211963 1 
2019-09-26 15:37:38 0.998377 -0.0309919 -0.0475824 0 -0.0320955 -0.999219 -0.0226085 0 -0.0468455 0.0240994 -0.998611 0 -0.255098 -0.660611 0.0216205 1 
2019-09-26 15:37:38 0.998356 -0.0308165 -0.0481367 0 -0.031855 -0.999263 -0.0209563 0 -0.0474563 0.0224556 -0.998621 0 -0.255174 -0.661326 0.0224891 1 
2019-09-26 15:37:38 0.998321 -0.0307018 -0.0489153 0 -0.0316467 -0.999315 -0.0186598 0 -0.0483098 0.0201769 -0.998629 0 -0.255391 -0.662342 0.023554 1 
2019-09-26 15:37:38 0.998287 -0.0307342 -0.0496006 0 -0.0315931 -0.999353 -0.0166243 0 -0.0490585 0.0181632 -0.998631 0 -0.255685 -0.663241 0.0244401 1 
2019-09-26 15:37:38 0.998274 -0.0306391 -0.0499153 0 -0.0314593 -0.999372 -0.0157303 0 -0.0494029 0.0172738 -0.99863 0 -0.255745 -0.663664 0.0248524 1 
2019-09-26 15:37:38 0.998275 -0.0307478 -0.0498309 0 -0.0315824 -0.999363 -0.0160491 0 -0.0493066 0.0175955 -0.998629 0 -0.255796 -0.663529 0.0246942 1 
2019-09-26 15:37:38 0.998275 -0.0307265 -0.0498447 0 -0.0315564 -0.999365 -0.0159488 0 -0.049324 0.0174946 -0.99863 0 -0.255777 -0.663563 0.024775 1 
2019-09-26 15:37:38 0.998279 -0.0305465 -0.0498631 0 -0.0313742 -0.999372 -0.0159008 0 -0.049347 0.0174381 -0.998629 0 -0.255662 -0.663625 0.0248112 1 
2019-09-26 15:37:38 0.99828 -0.0304721 -0.0498988 0 -0.0312927 -0.999377 -0.0157467 0 -0.0493888 0.0172814 -0.99863 0 -0.255616 -0.663695 0.024926 1 
2019-09-26 15:37:38 0.998285 -0.0302245 -0.0499431 0 -0.0310385 -0.999387 -0.0156022 0 -0.0494418 0.0171259 -0.99863 0 -0.255468 -0.663804 0.0250567 1 
2019-09-26 15:37:38 0.998297 -0.0298209 -0.0499435 0 -0.0306353 -0.999399 -0.0156207 0 -0.0494487 0.0171245 -0.99863 0 -0.255203 -0.663901 0.0250946 1 
2019-09-26 15:37:38 0.998312 -0.0294792 -0.0498403 0 -0.0303038 -0.999405 -0.0158717 0 -0.0493437 0.0173556 -0.998631 0 -0.254931 -0.663893 0.0251 1 
2019-09-26 15:37:38 0.99833 -0.0290452 -0.0497397 0 -0.0298825 -0.999413 -0.0161732 0 -0.0492417 0.0176329 -0.998631 0 -0.254592 -0.663848 0.0250771 1 
2019-09-26 15:37:38 0.99835 -0.0285796 -0.0496064 0 -0.0294314 -0.999421 -0.0165259 0 -0.0491063 0.017959 -0.998632 0 -0.254202 -0.663737 0.0251276 1 
2019-09-26 15:37:38 0.998361 -0.0283434 -0.0495315 0 -0.0292021 -0.999424 -0.0166998 0 -0.0490306 0.0181192 -0.998633 0 -0.25395 -0.663551 0.025553 1 
2019-09-26 15:37:38 0.998372 -0.0281598 -0.0494073 0 -0.0290342 -0.999423 -0.0170703 0 -0.048899 0.0184773 -0.998633 0 -0.253651 -0.663129 0.0262551 1 
2019-09-26 15:37:38 0.998368 -0.0281965 -0.0494623 0 -0.029058 -0.999427 -0.0167851 0 -0.0489616 0.0181954 -0.998635 0 -0.2535 -0.662751 0.0276463 1 
2019-09-26 15:37:38 0.998362 -0.0283649 -0.0494845 0 -0.0292259 -0.999423 -0.0167629 0 -0.0489814 0.018182 -0.998634 0 -0.253383 -0.662178 0.0294338 1 
2019-09-26 15:37:38 0.998364 -0.0285168 -0.0493675 0 -0.0293869 -0.999414 -0.0169884 0 -0.048855 0.0184117 -0.998636 0 -0.25319 -0.661411 0.0309273 1 
2019-09-26 15:37:38 0.998378 -0.0287104 -0.0489644 0 -0.0296266 -0.999388 -0.0180881 0 -0.048416 0.0195098 -0.998637 0 -0.252976 -0.660393 0.0316002 1 
2019-09-26 15:37:38 0.998392 -0.0288495 -0.0486065 0 -0.0298115 -0.999362 -0.0191838 0 -0.048023 0.0206024 -0.998634 0 -0.252842 -0.659656 0.0316252 1 
2019-09-26 15:37:39 0.998404 -0.0291343 -0.0481836 0 -0.0301494 -0.999326 -0.0204771 0 -0.0475554 0.0218975 -0.998629 0 -0.252883 -0.659049 0.0309434 1 
2019-09-26 15:37:39 0.9984 -0.0295641 -0.0480058 0 -0.0306113 -0.999296 -0.021228 0 -0.0473454 0.022664 -0.998621 0 -0.253129 -0.658628 0.0301492 1 
2019-09-26 15:37:39 0.998397 -0.0300805 -0.0477448 0 -0.0311593 -0.999262 -0.0220138 0 -0.0470483 0.0234666 -0.998617 0 -0.253418 -0.658217 0.029319 1 
2019-09-26 15:37:39 0.99839 -0.030452 -0.0476547 0 -0.0315406 -0.999245 -0.0222608 0 -0.0469418 0.0237284 -0.998616 0 -0.25366 -0.658045 0.0287882 1 
2019-09-26 15:37:39 0.998384 -0.030538 -0.0477273 0 -0.0316186 -0.999247 -0.0220522 0 -0.0470188 0.0235261 -0.998617 0 -0.253772 -0.658168 0.0286961 1 
2019-09-26 15:37:39 0.998378 -0.0303585 -0.0479698 0 -0.03141 -0.99927 -0.0213203 0 -0.0472884 0.0227929 -0.998621 0 -0.253755 -0.658544 0.0289859 1 
2019-09-26 15:37:39 0.998372 -0.0301761 -0.0482093 0 -0.031199 -0.999291 -0.0206092 0 -0.0475541 0.0220802 -0.998625 0 -0.253753 -0.658901 0.0292834 1 
2019-09-26 15:37:39 0.998398 -0.0292628 -0.0482365 0 -0.0302867 -0.999319 -0.0206334 0 -0.0476008 0.0220617 -0.998623 0 -0.253697 -0.658952 0.0292719 1 
2019-09-26 15:37:39 0.998571 -0.0230168 -0.0480333 0 -0.0240659 -0.999472 -0.021377 0 -0.0475168 0.0225028 -0.998617 0 -0.253629 -0.658832 0.0289536 1 
2019-09-26 15:37:39 0.998742 -0.0150096 -0.0476478 0 -0.0160906 -0.99961 -0.0223856 0 -0.0472941 0.0231245 -0.998613 0 -0.253689 -0.658597 0.0284936 1 
2019-09-26 15:37:39 0.998806 -0.0110475 -0.0473916 0 -0.0121501 -0.999651 -0.0230399 0 -0.0471214 0.0235887 -0.998611 0 -0.253801 -0.658396 0.0281533 1 
2019-09-26 15:37:39 0.998807 -0.0109731 -0.0473766 0 -0.0120774 -0.999651 -0.023086 0 -0.0471076 0.0236311 -0.99861 0 -0.253835 -0.658373 0.0281065 1 
2019-09-26 15:37:39 0.998797 -0.0110297 -0.0475788 0 -0.0121097 -0.999665 -0.0224709 0 -0.0473159 0.0230205 -0.998615 0 -0.25393 -0.658634 0.0283792 1 
2019-09-26 15:37:39 0.998779 -0.0113755 -0.0478683 0 -0.0124124 -0.999684 -0.0214219 0 -0.0476104 0.0219904 -0.998624 0 -0.254185 -0.659036 0.0288223 1 
2019-09-26 15:37:39 0.998743 -0.0134673 -0.048074 0 -0.0144534 -0.999681 -0.0202235 0 -0.0477872 0.0208934 -0.998639 0 -0.254536 -0.659426 0.0292734 1 
2019-09-26 15:37:39 0.998647 -0.0193298 -0.0480843 0 -0.0203035 -0.999587 -0.019843 0 -0.0476818 0.0207928 -0.998646 0 -0.254754 -0.659385 0.0292902 1 
2019-09-26 15:37:39 0.998526 -0.0249676 -0.0479826 0 -0.025957 -0.999451 -0.0201073 0 -0.0474552 0.0213236 -0.998646 0 -0.254874 -0.659139 0.0289432 1 
2019-09-26 15:37:39 0.998466 -0.02762 -0.0477799 0 -0.0286362 -0.999366 -0.0207153 0 -0.0471783 0.0220522 -0.998643 0 -0.254874 -0.658884 0.0284026 1 
2019-09-26 15:37:39 0.998367 -0.0314579 -0.0474857 0 -0.0325071 -0.999231 -0.0214854 0 -0.0467742 0.0229943 -0.998641 0 -0.254738 -0.6586 0.0276779 1 
2019-09-26 15:37:39 0.998295 -0.0340399 -0.0472047 0 -0.0351256 -0.999123 -0.0223623 0 -0.0464029 0.0239828 -0.998635 0 -0.254457 -0.658356 0.0268937 1 
2019-09-26 15:37:39 0.998251 -0.0355615 -0.0470179 0 -0.0366698 -0.999055 -0.0229211 0 -0.0461592 0.0246056 -0.998631 0 -0.254279 -0.658172 0.0262212 1 
2019-09-26 15:37:39 0.99822 -0.0364608 -0.0469898 0 -0.0375706 -0.999021 -0.0229549 0 -0.0461077 0.02468 -0.998632 0 -0.254244 -0.658115 0.0259066 1 
2019-09-26 15:37:40 0.998173 -0.0376539 -0.0470437 0 -0.0387597 -0.998978 -0.0228195 0 -0.0461373 0.0246017 -0.998632 0 -0.254324 -0.658103 0.0258883 1 
2019-09-26 15:37:40 0.998158 -0.0379526 -0.0471242 0 -0.0390506 -0.998972 -0.0226004 0 -0.0462189 0.0243994 -0.998633 0 -0.254414 -0.65816 0.0259603 1 
2019-09-26 15:37:40 0.998155 -0.0380299 -0.0471301 0 -0.0391281 -0.998969 -0.0226026 0 -0.0462228 0.0244055 -0.998633 0 -0.254476 -0.658135 0.0259538 1 
2019-09-26 15:37:40 0.998161 -0.0378764 -0.0471147 0 -0.0389783 -0.998973 -0.0226919 0 -0.0462077 0.0244871 -0.998632 0 -0.254414 -0.658129 0.025888 1 
2019-09-26 15:37:40 0.998195 -0.0370795 -0.0470393 0 -0.0381949 -0.998995 -0.0230386 0 -0.0461387 0.0247942 -0.998627 0 -0.2542 -0.658102 0.025646 1 
2019-09-26 15:37:40 0.998284 -0.034632 -0.0470257 0 -0.0357643 -0.999075 -0.0234549 0 -0.0461708 0.0250969 -0.998618 0 -0.253968 -0.658086 0.0253853 1 
2019-09-26 15:37:40 0.998368 -0.0322118 -0.0469561 0 -0.0333592 -0.999149 -0.0238613 0 -0.0461484 0.0253892 -0.998612 0 -0.253752 -0.658045 0.0250226 1 
2019-09-26 15:37:40 0.998459 -0.0291203 -0.0470357 0 -0.0302778 -0.999242 -0.0240861 0 -0.0462996 0.0254736 -0.998603 0 -0.253794 -0.657974 0.0247184 1 
2019-09-26 15:37:40 0.998523 -0.0268807 -0.0470074 0 -0.0280389 -0.999305 -0.0241542 0 -0.0463263 0.0254371 -0.998602 0 -0.254014 -0.65786 0.0244628 1 
2019-09-26 15:37:40 0.998579 -0.0246808 -0.0470331 0 -0.0258347 -0.999366 -0.0240852 0 -0.0464098 0.0252666 -0.998603 0 -0.254425 -0.657724 0.0242917 1 
2019-09-26 15:37:40 0.998631 -0.0225864 -0.0469663 0 -0.0237419 -0.999416 -0.024193 0 -0.0463933 0.0252755 -0.998603 0 -0.254794 -0.657556 0.0241185 1 
2019-09-26 15:37:40 0.998622 -0.022857 -0.0470392 0 -0.0239968 -0.999419 -0.0238116 0 -0.0464685 0.0249081 -0.998609 0 -0.255098 -0.657525 0.0239842 1 
2019-09-26 15:37:40 0.998607 -0.0234271 -0.0470651 0 -0.0245543 -0.999412 -0.0235148 0 -0.0464875 0.0246382 -0.998615 0 -0.255337 -0.657468 0.023808 1 
2019-09-26 15:37:40 0.998516 -0.026998 -0.0470956 0 -0.0280912 -0.999338 -0.0227068 0 -0.0464523 0.0239965 -0.998632 0 -0.255607 -0.657536 0.0236835 1 
2019-09-26 15:37:40 0.998221 -0.0363535 -0.047063 0 -0.0374295 -0.999043 -0.0221872 0 -0.0462123 0.0239097 -0.998645 0 -0.255728 -0.657533 0.0234819 1 
2019-09-26 15:37:40 0.99794 -0.0433437 -0.0470986 0 -0.0444235 -0.998758 -0.0221257 0 -0.046082 0.0241729 -0.998645 0 -0.255671 -0.657478 0.0231288 1 
2019-09-26 15:37:40 0.997896 -0.0445397 -0.0469029 0 -0.0456449 -0.998689 -0.0227615 0 -0.0458285 0.0248549 -0.99864 0 -0.25562 -0.657243 0.0225297 1 
2019-09-26 15:37:40 0.997913 -0.0444115 -0.0466675 0 -0.0455413 -0.998678 -0.0234312 0 -0.0455661 0.0255081 -0.998636 0 -0.255472 -0.657006 0.021685 1 
2019-09-26 15:37:40 0.997912 -0.0444085 -0.0466974 0 -0.0455264 -0.998685 -0.023154 0 -0.0456086 0.0252321 -0.998641 0 -0.255473 -0.656931 0.0208306 1 
2019-09-26 15:37:40 0.997889 -0.0444866 -0.0471029 0 -0.0455411 -0.99872 -0.0215553 0 -0.0460846 0.0236553 -0.998657 0 -0.25564 -0.657179 0.0201601 1 
2019-09-26 15:37:40 0.997849 -0.0446082 -0.04783 0 -0.0455541 -0.998774 -0.0188727 0 -0.0469304 0.0210114 -0.998677 0 -0.255967 -0.657865 0.019754 1 
2019-09-26 15:37:40 0.997819 -0.0446875 -0.0483904 0 -0.0455636 -0.998804 -0.0171552 0 -0.0475669 0.019323 -0.998681 0 -0.256279 -0.658586 0.0198685 1 
2019-09-26 15:37:41 0.997788 -0.0449817 -0.0487415 0 -0.0458143 -0.998811 -0.0161018 0 -0.0479602 0.0182996 -0.998682 0 -0.25669 -0.659166 0.0198418 1 
2019-09-26 15:37:41 0.997767 -0.045128 -0.0490401 0 -0.0459256 -0.998819 -0.0152611 0 -0.0482944 0.0174796 -0.99868 0 -0.256995 -0.659661 0.0197727 1 
2019-09-26 15:37:41 0.997766 -0.0450002 -0.049177 0 -0.0457822 -0.998831 -0.0148922 0 -0.0484503 0.0171107 -0.998679 0 -0.257053 -0.659907 0.0197594 1 
2019-09-26 15:37:41 0.997785 -0.0445675 -0.0491874 0 -0.0453477 -0.998851 -0.0148596 0 -0.0484696 0.0170576 -0.998679 0 -0.256876 -0.659991 0.0197876 1 
2019-09-26 15:37:41 0.997815 -0.0439016 -0.0491891 0 -0.0446829 -0.99888 -0.0148978 0 -0.0484809 0.0170635 -0.998678 0 -0.256651 -0.660072 0.0197777 1 
2019-09-26 15:37:41 0.997872 -0.0426187 -0.0491571 0 -0.0433989 -0.998937 -0.0149135 0 -0.0484702 0.0170155 -0.99868 0 -0.256185 -0.660254 0.0197817 1 
2019-09-26 15:37:41 0.997935 -0.0410876 -0.0491825 0 -0.0418751 -0.998999 -0.0150883 0 -0.0485143 0.017117 -0.998676 0 -0.255593 -0.66044 0.019767 1 
2019-09-26 15:37:41 0.998027 -0.0391308 -0.0489059 0 -0.0399564 -0.999063 -0.0160191 0 -0.0482341 0.017942 -0.998675 0 -0.25501 -0.660288 0.0193631 1 
2019-09-26 15:37:41 0.998099 -0.0367352 -0.0492877 0 -0.0375913 -0.999146 -0.0165563 0 -0.0486384 0.018378 -0.998647 0 -0.254953 -0.660191 0.0191965 1 
2019-09-26 15:37:41 0.998192 -0.0343365 -0.0491401 0 -0.0352023 -0.999228 -0.0168621 0 -0.0485241 0.0185618 -0.99865 0 -0.255107 -0.66006 0.0190675 1 
2019-09-26 15:37:41 0.998327 -0.0303736 -0.0490051 0 -0.0312506 -0.999353 -0.0172289 0 -0.048451 0.0187319 -0.99865 0 -0.2552 -0.659961 0.0189488 1 
2019-09-26 15:37:41 0.998506 -0.0239874 -0.0489076 0 -0.0248671 -0.999529 -0.0174582 0 -0.0484667 0.0186487 -0.998651 0 -0.255089 -0.660035 0.0189832 1 
2019-09-26 15:37:41 0.998634 -0.0180552 -0.0488435 0 -0.0189327 -0.999657 -0.0175632 0 -0.0485105 0.0184643 -0.998652 0 -0.254956 -0.660169 0.0190447 1 
2019-09-26 15:37:41 0.998677 -0.0153847 -0.0488723 0 -0.0162559 -0.999705 -0.017477 0 -0.0485899 0.0182487 -0.998652 0 -0.2548 -0.660331 0.0191346 1 
2019-09-26 15:37:41 0.998702 -0.0135132 -0.0489075 0 -0.0143784 -0.999736 -0.0173804 0 -0.0486606 0.0180614 -0.998652 0 -0.25476 -0.660436 0.0192175 1 
2019-09-26 15:37:41 0.998718 -0.0119192 -0.0489914 0 -0.0127731 -0.999762 -0.0171523 0 -0.0487762 0.0177565 -0.998652 0 -0.25476 -0.660587 0.0193455 1 
2019-09-26 15:37:41 0.998739 -0.00976416 -0.0490433 0 -0.0106031 -0.999792 -0.0168755 0 -0.0488693 0.0173746 -0.998654 0 -0.254715 -0.660783 0.0195026 1 
2019-09-26 15:37:41 0.99875 -0.00564379 -0.0494698 0 -0.00647073 -0.999832 -0.0165719 0 -0.0493689 0.0168716 -0.998638 0 -0.254576 -0.661123 0.0197692 1 
2019-09-26 15:37:41 0.998757 0.00286507 -0.0495661 0 0.00202053 -0.999842 -0.0170801 0 -0.0496082 0.016959 -0.998625 0 -0.254582 -0.661119 0.0197595 1 
2019-09-26 15:37:41 0.998729 0.00878279 -0.0494416 0 0.00792976 -0.999807 -0.0174228 0 -0.0495861 0.0170089 -0.998625 0 -0.254584 -0.661099 0.0197231 1 
2019-09-26 15:37:41 0.998719 0.00991322 -0.0494173 0 0.00906055 -0.999797 -0.0174486 0 -0.0495812 0.0169788 -0.998626 0 -0.254574 -0.661112 0.0197393 1 
2019-09-26 15:37:41 0.998722 0.00982296 -0.0493889 0 0.00896953 -0.999797 -0.0174716 0 -0.0495515 0.0170066 -0.998627 0 -0.254612 -0.661086 0.0197185 1 
2019-09-26 15:37:41 0.998723 0.00982909 -0.049363 0 0.00897638 -0.999798 -0.0174663 0 -0.0495256 0.0170012 -0.998628 0 -0.254592 -0.661092 0.0197142 1 
2019-09-26 15:37:42 0.998728 0.00966379 -0.0492965 0 0.00880535 -0.999797 -0.0176011 0 -0.0494575 0.017145 -0.998629 0 -0.254674 -0.661009 0.0196099 1 
2019-09-26 15:37:42 0.998737 0.00955979 -0.0491253 0 0.0086809 -0.999789 -0.0180729 0 -0.0492886 0.017624 -0.998629 0 -0.254703 -0.660824 0.019264 1 
2019-09-26 15:37:42 0.998754 0.00923782 -0.0488371 0 0.00832421 -0.999778 -0.0188775 0 -0.0490016 0.0184478 -0.998628 0 -0.25486 -0.660477 0.0186474 1 
2019-09-26 15:37:42 0.998776 0.00877936 -0.0484841 0 0.00782559 -0.999763 -0.0198265 0 -0.0486476 0.0194232 -0.998627 0 -0.25509 -0.660046 0.0179242 1 
2019-09-26 15:37:42 0.998794 0.00843499 -0.0481717 0 0.00744668 -0.999749 -0.0206589 0 -0.0483348 0.0202757 -0.998625 0 -0.255242 -0.659678 0.0172499 1 
2019-09-26 15:37:42 0.998803 0.0081002 -0.0480393 0 0.0070971 -0.999744 -0.0210147 0 -0.0481982 0.020649 -0.998624 0 -0.255436 -0.659462 0.0169181 1 
2019-09-26 15:37:42 0.998804 0.00777057 -0.0480663 0 0.00677009 -0.999748 -0.0209423 0 -0.0482178 0.0205923 -0.998625 0 -0.25566 -0.659403 0.0169558 1 
2019-09-26 15:37:42 0.998806 0.00755708 -0.0480732 0 0.00655784 -0.99975 -0.0209096 0 -0.0482202 0.0205698 -0.998625 0 -0.255795 -0.659368 0.0169631 1 
2019-09-26 15:37:42 0.998808 0.00750943 -0.0480208 0 0.00650773 -0.999749 -0.0209818 0 -0.0481672 0.0206447 -0.998626 0 -0.255805 -0.659331 0.0168838 1 
2019-09-26 15:37:42 0.998812 0.00750998 -0.0479468 0 0.00650637 -0.999748 -0.0210533 0 -0.0480938 0.0207167 -0.998628 0 -0.255765 -0.659304 0.0167601 1 
2019-09-26 15:37:42 0.998818 0.00743088 -0.0478448 0 0.00643558 -0.999751 -0.020923 0 -0.0479892 0.0205907 -0.998636 0 -0.255719 -0.659269 0.0163831 1 
2019-09-26 15:37:42 0.99881 0.00747237 -0.0479958 0 0.00650762 -0.999765 -0.0202255 0 -0.0481365 0.0198895 -0.998643 0 -0.255692 -0.659299 0.0156655 1 
2019-09-26 15:37:42 0.998806 0.00753366 -0.0480617 0 0.00660214 -0.999778 -0.0195108 0 -0.048199 0.0191705 -0.998654 0 -0.255598 -0.659261 0.0144708 1 
2019-09-26 15:37:42 0.998802 0.00770526 -0.0481257 0 0.00680895 -0.999791 -0.0187605 0 -0.0482612 0.0184107 -0.998665 0 -0.255428 -0.65922 0.0130647 1 
2019-09-26 15:37:42 0.998801 0.00778885 -0.0481379 0 0.00691964 -0.999801 -0.0181967 0 -0.048271 0.0178422 -0.998675 0 -0.255271 -0.659147 0.0117502 1 
2019-09-26 15:37:42 0.998802 0.00786177 -0.0481018 0 0.0070138 -0.999808 -0.0177719 0 -0.0482332 0.0174136 -0.998684 0 -0.255134 -0.659111 0.0107896 1 
2019-09-26 15:37:42 0.998802 0.007996 -0.0480833 0 0.00715673 -0.99981 -0.0176012 0 -0.0482158 0.0172363 -0.998688 0 -0.254973 -0.659104 0.0100763 1 
2019-09-26 15:37:42 0.998798 0.00809977 -0.048137 0 0.0072726 -0.999814 -0.0173339 0 -0.0482693 0.0169633 -0.99869 0 -0.254885 -0.659174 0.00980564 1 
2019-09-26 15:37:42 0.998798 0.00813833 -0.0481445 0 0.00731135 -0.999813 -0.017328 0 -0.0482774 0.0169555 -0.99869 0 -0.254855 -0.659187 0.00980011 1 
2019-09-26 15:37:42 0.998801 0.00816438 -0.0480789 0 0.00733208 -0.999811 -0.017462 0 -0.0482133 0.0170889 -0.998691 0 -0.25482 -0.659148 0.00970101 1 
2019-09-26 15:37:42 0.998797 0.00822017 -0.048138 0 0.00739988 -0.999815 -0.0171937 0 -0.0482714 0.0168171 -0.998693 0 -0.254796 -0.659173 0.00938253 1 
2019-09-26 15:37:42 0.998795 0.00832193 -0.0481764 0 0.00750556 -0.999816 -0.0171013 0 -0.0483108 0.0167194 -0.998692 0 -0.254736 -0.659214 0.00931361 1 
2019-09-26 15:37:43 0.998794 0.00832045 -0.0481789 0 0.00750353 -0.999816 -0.0171117 0 -0.0483134 0.0167299 -0.998692 0 -0.25474 -0.65921 0.00930666 1 
2019-09-26 15:37:43 0.998795 0.00835766 -0.0481699 0 0.0075404 -0.999815 -0.0171229 0 -0.048305 0.0167394 -0.998692 0 -0.254716 -0.659214 0.00929762 1 
2019-09-26 15:37:43 0.998794 0.00842178 -0.0481676 0 0.00760352 -0.999814 -0.0171456 0 -0.048304 0.016759 -0.998692 0 -0.254674 -0.659224 0.00927998 1 
2019-09-26 15:37:43 0.998794 0.00844633 -0.0481736 0 0.00762743 -0.999814 -0.0171574 0 -0.0483105 0.0167696 -0.998692 0 -0.254659 -0.659226 0.00927168 1 
2019-09-26 15:37:43 0.998792 0.0084857 -0.0482092 0 0.00766543 -0.999814 -0.017174 0 -0.0483469 0.0167841 -0.99869 0 -0.254668 -0.659223 0.00926993 1 
2019-09-26 15:37:43 0.998784 0.00869303 -0.0483208 0 0.00786931 -0.999811 -0.017211 0 -0.0484622 0.0168101 -0.998684 0 -0.254633 -0.65924 0.00927499 1 
2019-09-26 15:37:43 0.998766 0.00926975 -0.0485858 0 0.00843642 -0.999805 -0.0173286 0 -0.0487379 0.0168977 -0.998669 0 -0.254674 -0.659227 0.0092806 1 
2019-09-26 15:37:43 0.998718 0.0124805 -0.0488674 0 0.0116331 -0.999768 -0.0175871 0 -0.0490766 0.0169964 -0.99865 0 -0.254707 -0.659221 0.00928841 1 
2019-09-26 15:37:43 0.998628 0.0182916 -0.0488699 0 0.0174418 -0.999681 -0.0177575 0 -0.04918 0.0168811 -0.998647 0 -0.254784 -0.659262 0.00934107 1 
2019-09-26 15:37:43 0.998632 0.0184979 -0.0487152 0 0.0176572 -0.999679 -0.0176329 0 -0.0490267 0.016749 -0.998657 0 -0.254777 -0.659313 0.00934131 1 
2019-09-26 15:37:43 0.998728 0.0149598 -0.0479498 0 0.0141476 -0.999742 -0.0172328 0 -0.0481961 0.0165328 -0.998701 0 -0.254724 -0.659316 0.00930177 1 
2019-09-26 15:37:43 0.998851 0.00376802 -0.0475716 0 0.00298321 -0.999849 -0.0165575 0 -0.0476277 0.0163968 -0.998731 0 -0.254744 -0.659291 0.00928787 1 
2019-09-26 15:37:43 0.998821 -0.00792899 -0.0476955 0 -0.00870096 -0.999825 -0.0159995 0 -0.0475612 0.0163959 -0.998734 0 -0.254714 -0.659294 0.00927673 1 
2019-09-26 15:37:43 0.998716 -0.0161544 -0.047815 0 -0.0169208 -0.999724 -0.0156671 0 -0.0475497 0.0164564 -0.998733 0 -0.254685 -0.659285 0.00921164 1 
2019-09-26 15:37:43 0.998701 -0.0167777 -0.0479085 0 -0.0175406 -0.999716 -0.0155487 0 -0.047635 0.0163691 -0.998731 0 -0.254658 -0.659372 0.0091834 1 
2019-09-26 15:37:43 0.998701 -0.0167487 -0.0479226 0 -0.0175132 -0.999716 -0.0155785 0 -0.047649 0.0163979 -0.99873 0 -0.254678 -0.659392 0.00908592 1 
2019-09-26 15:37:43 0.998696 -0.0157199 -0.048365 0 -0.0165032 -0.999729 -0.0158402 0 -0.0481038 0.0166181 -0.998704 0 -0.254681 -0.659373 0.00902705 1 
2019-09-26 15:37:43 0.998741 -0.0110072 -0.0487385 0 -0.0118237 -0.999784 -0.0164975 0 -0.0485473 0.0170533 -0.998675 0 -0.254692 -0.659278 0.00882351 1 
2019-09-26 15:37:43 0.99879 -0.00508767 -0.048718 0 -0.00591722 -0.99983 -0.0168983 0 -0.0486247 0.0171665 -0.99867 0 -0.254667 -0.659355 0.00853208 1 
2019-09-26 15:37:43 0.998818 -0.00174644 -0.0483669 0 -0.00261219 -0.999828 -0.0178422 0 -0.0483283 0.0179478 -0.99867 0 -0.254824 -0.659115 0.0076606 1 
2019-09-26 15:37:43 0.998827 -0.00195769 -0.0481923 0 -0.00283181 -0.999823 -0.0180765 0 -0.0481493 0.0181921 -0.998674 0 -0.254987 -0.659153 0.00615039 1 
2019-09-26 15:37:43 0.99885 -0.00222104 -0.0476961 0 -0.00314124 -0.999801 -0.0192264 0 -0.0476448 0.0193545 -0.998677 0 -0.255092 -0.659069 0.00421071 1 
2019-09-26 15:37:44 0.99887 -0.00214384 -0.0472702 0 -0.00310523 -0.99978 -0.020274 0 -0.0472172 0.0203982 -0.998676 0 -0.255009 -0.659154 0.00216785 1 
2019-09-26 15:37:44 0.998895 -0.00155726 -0.0467725 0 -0.00257463 -0.999752 -0.0216988 0 -0.046728 0.0217957 -0.99867 0 -0.254589 -0.659019 0.000168303 1 
2019-09-26 15:37:44 0.998894 -0.0015141 -0.046799 0 -0.00253474 -0.99975 -0.0217571 0 -0.0467553 0.0218521 -0.998667 0 -0.25461 -0.658957 -0.000867062 1 
2019-09-26 15:37:44 0.998898 -0.00163907 -0.0466907 0 -0.00266226 -0.999748 -0.0218603 0 -0.046644 0.0219609 -0.99867 0 -0.254655 -0.658838 -0.00137791 1 
2019-09-26 15:37:44 0.998893 -0.00155693 -0.0468157 0 -0.00256166 -0.999758 -0.0214091 0 -0.0467719 0.0215057 -0.998674 0 -0.254625 -0.658873 -0.00172324 1 
2019-09-26 15:37:44 0.998891 -0.00159615 -0.0468413 0 -0.00259286 -0.999762 -0.0212252 0 -0.0467972 0.0213236 -0.998677 0 -0.254641 -0.658801 -0.00220879 1 
2019-09-26 15:37:44 0.998882 -0.00158833 -0.0470378 0 -0.00254902 -0.99978 -0.0203707 0 -0.046996 0.0204682 -0.998685 0 -0.254654 -0.65881 -0.00298136 1 
2019-09-26 15:37:44 0.99887 -0.00162605 -0.0472881 0 -0.00254461 -0.999799 -0.019371 0 -0.047248 0.0194698 -0.998693 0 -0.254714 -0.658818 -0.00415684 1 
2019-09-26 15:37:44 0.998869 -0.00164436 -0.0473192 0 -0.00251525 -0.999819 -0.0183507 0 -0.0472814 0.0184493 -0.998711 0 -0.254637 -0.658901 -0.00582338 1 
2019-09-26 15:37:44 0.998836 -0.00168181 -0.0480159 0 -0.00241749 -0.999871 -0.0152675 0 -0.0479849 0.0153661 -0.99873 0 -0.254688 -0.659579 -0.0067144 1 
2019-09-26 15:37:44 0.998823 -0.00164654 -0.0482734 0 -0.00235545 -0.999881 -0.0146321 0 -0.0482445 0.0147289 -0.998727 0 -0.254744 -0.65981 -0.00653123 1 
2019-09-26 15:37:44 0.998828 -0.00174735 -0.0481733 0 -0.00246123 -0.999878 -0.0147635 0 -0.0481426 0.014865 -0.99873 0 -0.254765 -0.65974 -0.0066349 1 
2019-09-26 15:37:44 0.998831 -0.00183758 -0.0481049 0 -0.00255438 -0.999877 -0.0148433 0 -0.0480727 0.0149491 -0.998732 0 -0.25478 -0.659695 -0.00669989 1 
2019-09-26 15:37:44 0.998848 -0.00239791 -0.0477303 0 -0.00311117 -0.999875 -0.0148746 0 -0.0476895 0.0150063 -0.998749 0 -0.254756 -0.659636 -0.00680737 1 
2019-09-26 15:37:44 0.998875 -0.00492893 -0.0469673 0 -0.00562243 -0.999867 -0.0146449 0 -0.0468898 0.0148928 -0.998789 0 -0.254678 -0.659595 -0.00686961 1 
2019-09-26 15:37:44 0.998886 -0.00907283 -0.0460939 0 -0.00974371 -0.99984 -0.0143505 0 -0.0459572 0.014784 -0.998834 0 -0.254547 -0.659546 -0.00693187 1 
2019-09-26 15:37:44 0.998785 -0.0188991 -0.0453072 0 -0.019539 -0.999705 -0.0137242 0 -0.0450353 0.0145931 -0.998879 0 -0.254415 -0.659533 -0.00695837 1 
2019-09-26 15:37:44 0.998424 -0.033695 -0.044671 0 -0.0343074 -0.999317 -0.0130128 0 -0.0442029 0.0145251 -0.998917 0 -0.254365 -0.659452 -0.00702038 1 
2019-09-26 15:37:44 0.997672 -0.0513307 -0.0446798 0 -0.0519246 -0.998566 -0.0122346 0 -0.0439886 0.0145264 -0.998926 0 -0.254528 -0.659353 -0.00701708 1 
2019-09-26 15:37:44 0.996792 -0.0661939 -0.0447671 0 -0.0667765 -0.99769 -0.0116458 0 -0.0438937 0.0145981 -0.99893 0 -0.254744 -0.659227 -0.0070279 1 
2019-09-26 15:37:44 0.995684 -0.081141 -0.0448467 0 -0.0817123 -0.996585 -0.0110514 0 -0.0437977 0.0146685 -0.998933 0 -0.254855 -0.659129 -0.00702396 1 
2019-09-26 15:37:44 0.994232 -0.0973073 -0.0448851 0 -0.0978664 -0.995135 -0.0104269 0 -0.043653 0.0147598 -0.998938 0 -0.254967 -0.659015 -0.00703756 1 
2019-09-26 15:37:44 0.992367 -0.114721 -0.0450257 0 -0.115267 -0.993277 -0.00973167 0 -0.0436074 0.0148477 -0.998938 0 -0.255099 -0.658914 -0.00703674 1 
2019-09-26 15:37:45 0.990018 -0.133455 -0.0451115 0 -0.133992 -0.990931 -0.00908922 0 -0.0434902 0.0150434 -0.998941 0 -0.255052 -0.658806 -0.00705955 1 
2019-09-26 15:37:45 0.987441 -0.151313 -0.0452198 0 -0.151836 -0.988361 -0.00835965 0 -0.0434294 0.015121 -0.998942 0 -0.2549 -0.658801 -0.00706137 1 
2019-09-26 15:37:45 0.983799 -0.173388 -0.0453552 0 -0.173889 -0.984728 -0.00731826 0 -0.0433945 0.0150868 -0.998944 0 -0.2548 -0.658845 -0.00705606 1 
2019-09-26 15:37:45 0.979274 -0.197318 -0.045473 0 -0.197797 -0.980213 -0.00624654 0 -0.0433415 0.0151118 -0.998946 0 -0.254695 -0.658871 -0.00706563 1 
2019-09-26 15:37:45 0.973987 -0.221923 -0.0456048 0 -0.22238 -0.974937 -0.00514435 0 -0.043321 0.0151524 -0.998946 0 -0.254452 -0.658941 -0.00705913 1 
2019-09-26 15:37:45 0.967981 -0.246793 -0.045683 0 -0.247227 -0.968939 -0.00401821 0 -0.0432732 0.0151839 -0.998948 0 -0.254347 -0.65896 -0.00707615 1 
2019-09-26 15:37:45 0.960818 -0.27334 -0.0457595 0 -0.273747 -0.961788 -0.00276763 0 -0.0432552 0.015186 -0.998949 0 -0.254303 -0.658973 -0.00707865 1 
2019-09-26 15:37:45 0.952233 -0.301883 -0.0458323 0 -0.302263 -0.953213 -0.00143419 0 -0.0432558 0.0152194 -0.998948 0 -0.25431 -0.658958 -0.00708604 1 
2019-09-26 15:37:45 0.942442 -0.331185 -0.0458363 0 -0.331537 -0.943432 -9.34316e-05 0 -0.0432133 0.0152848 -0.998949 0 -0.254411 -0.658898 -0.00709115 1 
2019-09-26 15:37:45 0.930792 -0.362657 -0.0456766 0 -0.362975 -0.931787 0.00140677 0 -0.0430719 0.0152704 -0.998955 0 -0.254581 -0.658829 -0.00709673 1 
2019-09-26 15:37:45 0.916914 -0.396451 -0.0455598 0 -0.39674 -0.917916 0.00289556 0 -0.0429689 0.0154207 -0.998957 0 -0.254849 -0.658683 -0.00711763 1 
2019-09-26 15:37:45 0.90193 -0.429475 -0.0453288 0 -0.429737 -0.902933 0.00430035 0 -0.0427766 0.0156012 -0.998963 0 -0.254974 -0.658589 -0.00711773 1 
2019-09-26 15:37:45 0.885404 -0.462604 -0.0451518 0 -0.462837 -0.886414 0.0057671 0 -0.0426919 0.015792 -0.998963 0 -0.254921 -0.658572 -0.00709596 1 
2019-09-26 15:37:45 0.867166 -0.495971 -0.0449146 0 -0.496177 -0.86818 0.0072253 0 -0.0425783 0.0160204 -0.998965 0 -0.254861 -0.658536 -0.0071158 1 
2019-09-26 15:37:45 0.848206 -0.527766 -0.0446106 0 -0.527942 -0.849225 0.00870473 0 -0.0424793 0.0161687 -0.998967 0 -0.254925 -0.658471 -0.00713959 1 
2019-09-26 15:37:45 0.828748 -0.557848 -0.044304 0 -0.558002 -0.829768 0.00995622 0 -0.0423169 0.0164709 -0.998968 0 -0.254832 -0.658434 -0.00715343 1 
2019-09-26 15:37:45 0.808523 -0.5868 -0.0440169 0 -0.586934 -0.809546 0.0111895 0 -0.0422005 0.0167884 -0.998968 0 -0.254827 -0.658367 -0.00715112 1 
2019-09-26 15:37:45 0.78899 -0.612836 -0.0436878 0 -0.612941 -0.790018 0.0125243 0 -0.0421903 0.0168968 -0.998967 0 -0.255044 -0.658263 -0.00715856 1 
2019-09-26 15:37:45 0.767874 -0.639118 -0.0433375 0 -0.639204 -0.768903 0.0136521 0 -0.0420484 0.0172187 -0.998967 0 -0.255305 -0.658091 -0.007174 1 
2019-09-26 15:37:45 0.745592 -0.664996 -0.0430587 0 -0.665068 -0.746625 0.0147221 0 -0.0419396 0.0176606 -0.998964 0 -0.2557 -0.657852 -0.00716239 1 
2019-09-26 15:37:45 0.723612 -0.68888 -0.0425513 0 -0.688918 -0.724647 0.0160954 0 -0.0419233 0.0176679 -0.998965 0 -0.256038 -0.657728 -0.00714504 1 
2019-09-26 15:37:45 0.7038 -0.709136 -0.0421011 0 -0.709146 -0.704836 0.0172894 0 -0.0419357 0.0176879 -0.998964 0 -0.256261 -0.657642 -0.00714343 1 
2019-09-26 15:37:46 0.685973 -0.726421 -0.0416594 0 -0.726405 -0.687009 0.0183195 0 -0.0419288 0.0176952 -0.998964 0 -0.256558 -0.657532 -0.00713591 1 
2019-09-26 15:37:46 0.667362 -0.743581 -0.0411793 0 -0.743542 -0.668396 0.0193224 0 -0.0418927 0.0177239 -0.998965 0 -0.256831 -0.657418 -0.00713622 1 
2019-09-26 15:37:46 0.646889 -0.761487 -0.0406641 0 -0.761425 -0.64792 0.0203025 0 -0.041808 0.0178296 -0.998967 0 -0.257179 -0.65726 -0.00713372 1 
2019-09-26 15:37:46 0.626595 -0.778295 -0.0402153 0 -0.778214 -0.627626 0.0212101 0 -0.0417486 0.0180063 -0.998966 0 -0.257613 -0.657057 -0.00712059 1 
2019-09-26 15:37:46 0.607206 -0.793537 -0.0397665 0 -0.79344 -0.608235 0.0220157 0 -0.0416585 0.0181846 -0.998966 0 -0.258112 -0.656827 -0.00712163 1 
2019-09-26 15:37:46 0.589381 -0.806884 -0.0393502 0 -0.806777 -0.590406 0.0226121 0 -0.0414788 0.0184201 -0.99897 0 -0.258623 -0.656569 -0.00713952 1 
2019-09-26 15:37:46 0.571108 -0.819944 -0.038831 0 -0.819822 -0.572127 0.0233171 0 -0.0413358 0.0185182 -0.998974 0 -0.259144 -0.656342 -0.00714371 1 
2019-09-26 15:37:46 0.550942 -0.833653 -0.0382902 0 -0.833518 -0.551954 0.0239782 0 -0.0411248 0.0187053 -0.998979 0 -0.259649 -0.656093 -0.00714771 1 
2019-09-26 15:37:46 0.52629 -0.849465 -0.037526 0 -0.849311 -0.527291 0.0248264 0 -0.0408771 0.0188057 -0.998987 0 -0.26015 -0.655846 -0.00713587 1 
2019-09-26 15:37:46 0.502685 -0.863664 -0.0370682 0 -0.863499 -0.503685 0.0255287 0 -0.0407197 0.0191759 -0.998987 0 -0.260587 -0.655464 -0.00713057 1 
2019-09-26 15:37:46 0.481487 -0.875679 -0.0365773 0 -0.875501 -0.482485 0.0262129 0 -0.0406028 0.0194027 -0.998987 0 -0.260882 -0.655183 -0.00711571 1 
2019-09-26 15:37:46 0.46174 -0.886281 -0.0358234 0 -0.88608 -0.462726 0.02698 0 -0.040489 0.019285 -0.998994 0 -0.260789 -0.655248 -0.00708585 1 
2019-09-26 15:37:46 0.44262 -0.896004 -0.0352765 0 -0.895787 -0.443601 0.0276383 0 -0.0404136 0.0193674 -0.998995 0 -0.260532 -0.655292 -0.00710397 1 
2019-09-26 15:37:46 0.427073 -0.903539 -0.0347452 0 -0.903304 -0.428048 0.0282311 0 -0.0403813 0.0193291 -0.998997 0 -0.2601 -0.655447 -0.00707825 1 
2019-09-26 15:37:46 0.414016 -0.909612 -0.0343146 0 -0.909365 -0.414986 0.0286754 0 -0.0403243 0.0193328 -0.999 0 -0.25948 -0.655645 -0.00706982 1 
2019-09-26 15:37:46 0.399901 -0.915925 -0.0337756 0 -0.915661 -0.400864 0.029233 0 -0.0403154 0.019237 -0.999002 0 -0.258577 -0.656007 -0.00703474 1 
2019-09-26 15:37:46 0.386486 -0.921681 -0.0333569 0 -0.921404 -0.387445 0.0296855 0 -0.0402853 0.0192625 -0.999003 0 -0.257598 -0.656328 -0.00702985 1 
2019-09-26 15:37:46 0.3715 -0.92784 -0.0328683 0 -0.927548 -0.372454 0.0302176 0 -0.0402798 0.0192614 -0.999003 0 -0.256894 -0.656554 -0.00699254 1 
2019-09-26 15:37:46 0.35882 -0.93283 -0.0324949 0 -0.932528 -0.359771 0.030626 0 -0.0402603 0.0193136 -0.999003 0 -0.256637 -0.656615 -0.00699772 1 
2019-09-26 15:37:46 0.345297 -0.937931 -0.032189 0 -0.937619 -0.346248 0.0310494 0 -0.0402683 0.0194602 -0.998999 0 -0.256774 -0.656491 -0.00701885 1 
2019-09-26 15:37:46 0.330218 -0.943363 -0.0316539 0 -0.943038 -0.331161 0.0314884 0 -0.0401883 0.0194531 -0.999003 0 -0.257048 -0.656375 -0.00700855 1 
2019-09-26 15:37:46 0.31487 -0.948614 -0.0311129 0 -0.948275 -0.315806 0.0319728 0 -0.0401563 0.0194367 -0.999004 0 -0.257196 -0.656321 -0.00699836 1 
2019-09-26 15:37:47 0.30005 -0.953422 -0.0306078 0 -0.95307 -0.30098 0.0324025 0 -0.0401064 0.0194494 -0.999006 0 -0.257209 -0.656303 -0.00700204 1 
2019-09-26 15:37:47 0.28722 -0.957382 -0.0300895 0 -0.957021 -0.288139 0.0326838 0 -0.0399616 0.0194092 -0.999013 0 -0.257103 -0.656334 -0.0070033 1 
2019-09-26 15:37:47 0.27316 -0.961504 -0.0295745 0 -0.961132 -0.27407 0.0330289 0 -0.0398637 0.0194032 -0.999017 0 -0.257019 -0.656338 -0.00699403 1 
2019-09-26 15:37:47 0.256249 -0.966169 -0.0288846 0 -0.965784 -0.257146 0.033423 0 -0.0397206 0.0193321 -0.999024 0 -0.256853 -0.656406 -0.00698923 1 
2019-09-26 15:37:47 0.240886 -0.970132 -0.0282631 0 -0.969735 -0.241772 0.0337873 0 -0.0396121 0.0192691 -0.999029 0 -0.256688 -0.656474 -0.00698539 1 
2019-09-26 15:37:47 0.225132 -0.973926 -0.0276676 0 -0.973515 -0.226008 0.0341952 0 -0.0395575 0.0192367 -0.999032 0 -0.256555 -0.656525 -0.00699005 1 
2019-09-26 15:37:47 0.212044 -0.976875 -0.0270706 0 -0.976454 -0.212908 0.034466 0 -0.0394333 0.0191253 -0.999039 0 -0.256524 -0.656558 -0.00697314 1 
2019-09-26 15:37:47 0.195974 -0.980245 -0.0263424 0 -0.979817 -0.19682 0.0346683 0 -0.0391689 0.019017 -0.999052 0 -0.256464 -0.656585 -0.00697572 1 
2019-09-26 15:37:47 0.177569 -0.983766 -0.0255895 0 -0.983325 -0.1784 0.0350197 0 -0.0390171 0.0189448 -0.999059 0 -0.256417 -0.656606 -0.00697845 1 
2019-09-26 15:37:47 0.160144 -0.986769 -0.0249409 0 -0.986316 -0.160965 0.0353928 0 -0.0389399 0.018932 -0.999062 0 -0.256447 -0.656587 -0.00698414 1 
2019-09-26 15:37:47 0.146156 -0.988952 -0.0243397 0 -0.988485 -0.146967 0.0357538 0 -0.0389367 0.0188342 -0.999064 0 -0.256427 -0.656623 -0.00696733 1 
2019-09-26 15:37:47 0.135556 -0.990476 -0.0237385 0 -0.989996 -0.136353 0.0360037 0 -0.0388984 0.0186209 -0.99907 0 -0.256303 -0.65671 -0.00696519 1 
2019-09-26 15:37:47 0.122977 -0.992128 -0.0232359 0 -0.991643 -0.123764 0.0361587 0 -0.0387506 0.0185954 -0.999076 0 -0.256285 -0.656705 -0.00698168 1 
2019-09-26 15:37:47 0.104725 -0.994238 -0.0224657 0 -0.993744 -0.105495 0.0363781 0 -0.0385393 0.0185158 -0.999086 0 -0.256238 -0.656724 -0.00698571 1 
2019-09-26 15:37:47 0.0883518 -0.995841 -0.0218116 0 -0.995337 -0.0891099 0.0366543 0 -0.0384462 0.0184718 -0.99909 0 -0.256224 -0.65673 -0.00698163 1 
2019-09-26 15:37:47 0.0710196 -0.997242 -0.02108 0 -0.99673 -0.0717626 0.0368781 0 -0.0382899 0.0183923 -0.999097 0 -0.25607 -0.656789 -0.00699442 1 
2019-09-26 15:37:47 0.0542163 -0.998325 -0.0196872 0 -0.997788 -0.0549209 0.0372092 0 -0.0382289 0.0176267 -0.999114 0 -0.255975 -0.657034 -0.0069424 1 
2019-09-26 15:37:47 0.0414782 -0.998971 -0.0178217 0 -0.99838 -0.0421314 0.0379891 0 -0.0387016 0.0162174 -0.999119 0 -0.255838 -0.657662 -0.00693607 1 
2019-09-26 15:37:47 0.030771 -0.999377 -0.0167423 0 -0.998759 -0.0313956 0.0384185 0 -0.0389209 0.0155396 -0.999121 0 -0.255807 -0.658108 -0.00691706 1 
2019-09-26 15:37:47 0.0222964 -0.999617 -0.015791 0 -0.998984 -0.0228915 0.0385657 0 -0.0389132 0.0149154 -0.999131 0 -0.255816 -0.658417 -0.00686348 1 
2019-09-26 15:37:47 0.0182818 -0.999708 -0.0151726 0 -0.999068 -0.0188556 0.0385804 0 -0.038856 0.0144534 -0.99914 0 -0.255845 -0.658659 -0.00686377 1 
2019-09-26 15:37:47 0.014057 -0.999783 -0.0147083 0 -0.999139 -0.0146155 0.0385729 0 -0.0387803 0.0141537 -0.999148 0 -0.255847 -0.658802 -0.00684182 1 
2019-09-26 15:37:48 0.00665082 -0.999874 -0.0136948 0 -0.999226 -0.00717293 0.0384351 0 -0.0385292 0.0134288 -0.999167 0 -0.255834 -0.659174 -0.00682012 1 
2019-09-26 15:37:48 -0.00193277 -0.999905 -0.0129213 0 -0.999242 0.00143206 0.0386483 0 -0.0386268 0.0129865 -0.999169 0 -0.25593 -0.659424 -0.00679988 1 
2019-09-26 15:37:48 -0.00283514 -0.999903 -0.0128762 0 -0.999239 0.00233509 0.0386853 0 -0.0386522 0.0129763 -0.999168 0 -0.255929 -0.659431 -0.00678506 1 
2019-09-26 15:37:48 -0.00297233 -0.999903 -0.0128492 0 -0.999239 0.0024732 0.0386874 0 -0.0386526 0.0129546 -0.999169 0 -0.255935 -0.659437 -0.00677577 1 
2019-09-26 15:37:48 -0.0030182 -0.999903 -0.0128503 0 -0.999238 0.00251882 0.0387006 0 -0.0386653 0.0129576 -0.999168 0 -0.255939 -0.659436 -0.00677298 1 
2019-09-26 15:37:48 -0.00300794 -0.999903 -0.0128427 0 -0.999237 0.00250868 0.0387158 0 -0.0386806 0.0129496 -0.999168 0 -0.255937 -0.659441 -0.00676699 1 
2019-09-26 15:37:48 -0.00298703 -0.999903 -0.0128523 0 -0.999237 0.00248713 0.0387368 0 -0.0387018 0.0129585 -0.999167 0 -0.255936 -0.659442 -0.00676614 1 
2019-09-26 15:37:48 -0.00299396 -0.999903 -0.0128546 0 -0.999236 0.00249361 0.0387647 0 -0.0387296 0.0129611 -0.999166 0 -0.255953 -0.659438 -0.00676406 1 
2019-09-26 15:37:48 -0.00299594 -0.999903 -0.0128451 0 -0.999235 0.00249589 0.0387703 0 -0.0387353 0.0129516 -0.999166 0 -0.255958 -0.659441 -0.00675936 1 
2019-09-26 15:37:48 -0.00299874 -0.999903 -0.0128406 0 -0.999235 0.00249872 0.0387805 0 -0.0387455 0.0129473 -0.999165 0 -0.255962 -0.659442 -0.0067577 1 
2019-09-26 15:37:48 -0.00299188 -0.999904 -0.0128348 0 -0.999235 0.00249208 0.0387811 0 -0.0387462 0.0129413 -0.999165 0 -0.255956 -0.659447 -0.00675577 1 
2019-09-26 15:37:48 -0.00299264 -0.999904 -0.0128296 0 -0.999235 0.00249294 0.0387896 0 -0.0387546 0.0129361 -0.999165 0 -0.25596 -0.659449 -0.00675247 1 
2019-09-26 15:37:48 -0.00297997 -0.999904 -0.0128378 0 -0.999234 0.00247978 0.0388027 0 -0.0387678 0.0129439 -0.999164 0 -0.255965 -0.659446 -0.00675469 1 
2019-09-26 15:37:48 -0.00295544 -0.999903 -0.0128523 0 -0.999234 0.00245448 0.0388204 0 -0.0387859 0.0129575 -0.999164 0 -0.255964 -0.659444 -0.00675599 1 
2019-09-26 15:37:48 -0.0029315 -0.999903 -0.0128543 0 -0.999233 0.0024303 0.0388344 0 -0.0388002 0.0129585 -0.999163 0 -0.25596 -0.659447 -0.00675352 1 
2019-09-26 15:37:48 -0.00289961 -0.999903 -0.0128622 0 -0.999232 0.00239776 0.0388626 0 -0.0388287 0.0129652 -0.999162 0 -0.255965 -0.659446 -0.00675194 1 
2019-09-26 15:37:48 -0.00268954 -0.999903 -0.0129052 0 -0.999227 0.00218422 0.0390121 0 -0.0389809 0.0130004 -0.999155 0 -0.255967 -0.659452 -0.00674083 1 
2019-09-26 15:37:48 -0.00229174 -0.999903 -0.0130025 0 -0.999216 0.00177914 0.0392982 0 -0.0392721 0.0130826 -0.999143 0 -0.255986 -0.659453 -0.00672361 1 
2019-09-26 15:37:48 -0.00223267 -0.999903 -0.0130025 0 -0.999216 0.00171998 0.0393081 0 -0.0392827 0.0130803 -0.999143 0 -0.255982 -0.659459 -0.00671249 1 
2019-09-26 15:37:48 -0.00212078 -0.999903 -0.0130171 0 -0.999215 0.00160727 0.0393332 0 -0.0393092 0.0130905 -0.999141 0 -0.255965 -0.659467 -0.00670262 1 
2019-09-26 15:37:48 -0.00206983 -0.999903 -0.0130198 0 -0.999215 0.00155616 0.0393395 0 -0.0393162 0.0130913 -0.999141 0 -0.255952 -0.659473 -0.00669719 1 
2019-09-26 15:37:48 -0.0020936 -0.999904 -0.0130111 0 -0.999215 0.00158017 0.0393463 0 -0.0393227 0.0130835 -0.999141 0 -0.255966 -0.659472 -0.00668691 1 
2019-09-26 15:37:48 -0.00204683 -0.999903 -0.0130237 0 -0.999215 0.0015329 0.0393487 0 -0.0393257 0.0130942 -0.999141 0 -0.255957 -0.659473 -0.00668805 1 
2019-09-26 15:37:49 -0.00201082 -0.999904 -0.0130251 0 -0.999215 0.00149681 0.0393528 0 -0.0393303 0.0130942 -0.99914 0 -0.255952 -0.659477 -0.00668628 1 
2019-09-26 15:37:49 -0.002003 -0.999904 -0.0130212 0 -0.999215 0.00148919 0.03935 0 -0.0393275 0.0130901 -0.999141 0 -0.255946 -0.65948 -0.00668488 1 
2019-09-26 15:37:49 -0.00199608 -0.999904 -0.0130236 0 -0.999215 0.00148216 0.0393513 0 -0.0393289 0.0130922 -0.999141 0 -0.255944 -0.65948 -0.00668554 1 
2019-09-26 15:37:49 -0.00199496 -0.999904 -0.0130212 0 -0.999215 0.00148109 0.0393548 0 -0.0393325 0.0130897 -0.99914 0 -0.255949 -0.659479 -0.00668525 1 
2019-09-26 15:37:49 -0.00199806 -0.999904 -0.0130201 0 -0.999215 0.00148427 0.0393522 0 -0.0393299 0.0130888 -0.999141 0 -0.255949 -0.659479 -0.00668468 1 
2019-09-26 15:37:49 -0.00200593 -0.999904 -0.0130176 0 -0.999215 0.00149222 0.039353 0 -0.0393305 0.0130866 -0.999141 0 -0.25595 -0.659479 -0.00668344 1 
2019-09-26 15:37:49 -0.00199106 -0.999904 -0.0130151 0 -0.999215 0.00147747 0.0393525 0 -0.0393302 0.0130835 -0.999141 0 -0.255948 -0.659482 -0.00668313 1 
2019-09-26 15:37:49 -0.0019967 -0.999904 -0.0130142 0 -0.999215 0.00148311 0.0393539 0 -0.0393316 0.0130828 -0.999141 0 -0.255949 -0.659482 -0.00668094 1 
2019-09-26 15:37:49 -0.00199018 -0.999904 -0.0130155 0 -0.999215 0.00147655 0.0393542 0 -0.0393319 0.0130838 -0.999141 0 -0.255945 -0.659482 -0.00668148 1 
2019-09-26 15:37:49 -0.00198987 -0.999904 -0.0130214 0 -0.999215 0.001476 0.039354 0 -0.0393317 0.0130898 -0.99914 0 -0.255945 -0.65948 -0.00668524 1 
2019-09-26 15:37:49 -0.00199439 -0.999904 -0.0130165 0 -0.999215 0.00148069 0.0393559 0 -0.0393336 0.013085 -0.99914 0 -0.255947 -0.659481 -0.00668322 1 
2019-09-26 15:37:49 -0.00199127 -0.999904 -0.0130158 0 -0.999215 0.00147764 0.0393525 0 -0.0393302 0.0130842 -0.999141 0 -0.255946 -0.659482 -0.00668373 1 
2019-09-26 15:37:49 -0.00199451 -0.999904 -0.0130157 0 -0.999214 0.00148081 0.0393585 0 -0.0393362 0.0130842 -0.99914 0 -0.255948 -0.659481 -0.00668202 1 
2019-09-26 15:37:49 -0.00199836 -0.999904 -0.0130151 0 -0.999215 0.00148472 0.0393555 0 -0.0393332 0.0130837 -0.99914 0 -0.255949 -0.659481 -0.00668208 1 
2019-09-26 15:37:49 -0.00199154 -0.999904 -0.0130108 0 -0.999214 0.00147806 0.0393568 0 -0.0393345 0.0130792 -0.99914 0 -0.255947 -0.659484 -0.00667885 1 
2019-09-26 15:37:49 -0.00198973 -0.999904 -0.0130196 0 -0.999215 0.00147594 0.0393538 0 -0.0393316 0.0130879 -0.99914 0 -0.255946 -0.65948 -0.00668405 1 
2019-09-26 15:37:49 -0.00199469 -0.999904 -0.0130116 0 -0.999214 0.00148115 0.0393579 0 -0.0393356 0.0130801 -0.99914 0 -0.255948 -0.659483 -0.00668059 1 
2019-09-26 15:37:49 -0.00198345 -0.999904 -0.0130096 0 -0.999214 0.00146999 0.0393588 0 -0.0393367 0.0130777 -0.99914 0 -0.255945 -0.659484 -0.0066797 1 
2019-09-26 15:37:49 -0.0019932 -0.999904 -0.0130135 0 -0.999214 0.00147958 0.0393589 0 -0.0393366 0.013082 -0.99914 0 -0.255947 -0.659482 -0.00668183 1 
2019-09-26 15:37:49 -0.00199177 -0.999904 -0.0130131 0 -0.999215 0.0014782 0.0393561 0 -0.0393339 0.0130815 -0.99914 0 -0.255947 -0.659482 -0.00668121 1 
