-7.36780590407563 -88.0206411733148 -468.981040844205 20.6055746316059 -0.412111492632118 -20.6055746316059 1.62693780243022e-06
-7.53192554797408 -73.2683415654544 -461.501541169302 18.7751701252017 -0.375503402504034 -18.7751701252017 4.44766118334363e-06
-12.0066738222525 -38.5598824531187 -443.188738415812 14.0745712172884 -0.281491424345767 -14.0745712172884 8.86028623432147e-06
-11.1531150700714 4.02972727468429 -429.736883172118 7.77995932861795 -0.155599186572359 -7.77995932861795 1.27384069248633e-05
-9.15616655178836 38.8367392012024 -421.976578178133 2.57437444243824 -0.0514874888487648 -2.57437444243824 1.49259754671715e-05
-11.0903076793864 63.9772820138354 -413.98150068495 -1.09241806795136 0.0218483613590273 1.09241806795136 1.60891405774229e-05
-12.3718256261681 73.2937834439191 -403.68582881754 -2.10142620757036 0.0420285241514073 2.10142620757036 1.64733571193197e-05
-13.1377383559113 69.4513900438848 -397.993642400065 -0.69607679029057 0.0139215358058114 0.69607679029057 1.5901140891694e-05
-11.5348950464187 45.6369163561931 -409.412400178555 5.71846324155816 -0.114369264831163 -5.71846324155816 1.32441829665878e-05
-9.65714872338778 24.8433384937486 -427.387551428786 11.0028064468752 -0.220056128937505 -11.0028064468752 1.04886443277509e-05
-5.2374230284407 5.72602222524202 -459.736836909902 16.7244214215493 -0.334488428430986 -16.7244214215493 5.89212611576382e-06
-1.14842310158964 -0.265930838272908 -486.044694271944 18.8582271200662 -0.377164542401323 -18.8582271200662 1.97847340889381e-06
-0.0445699115297664 -0.239091174820004 -493.242438471546 19.0021482649217 -0.380042965298434 -19.0021482649217 8.78043839567185e-07
-0.0418544384236661 -0.0341323599877512 -493.147920214959 18.9906778559435 -0.37981355711887 -18.9906778559435 8.88467117466788e-07
-0.000430798157015744 -0.00943206215345072 -493.286250892601 18.9919491750653 -0.379838983501306 -18.9919491750653 8.59983410612961e-07
