-1.96927 -0.366647 0.0201161 -1.91755 0.00180263 1.51569 -1.12407 
-1.96927 -0.366648 0.0201195 -1.91755 0.0018026 1.51569 -1.12407 
-1.96927 -0.366646 0.0201214 -1.91755 0.00180334 1.51569 -1.12407 
-1.96927 -0.366647 0.0201248 -1.91755 0.00180264 1.51569 -1.12407 
-1.96927 -0.366647 0.0201178 -1.91754 0.00180096 1.51569 -1.12407 
-1.96927 -0.366646 0.0201178 -1.91755 0.00180092 1.5157 -1.12406 
-1.96927 -0.366644 0.0201195 -1.91755 0.00180203 1.51569 -1.12407 
-1.96927 -0.366649 0.0201231 -1.91755 0.00179893 1.5157 -1.12408 
-1.96927 -0.366644 0.0201178 -1.91755 0.00180252 1.51569 -1.12407 
-1.96927 -0.366646 0.0201214 -1.91755 0.00180031 1.5157 -1.12406 
-1.96927 -0.366646 0.0201195 -1.91755 0.00180201 1.51569 -1.12406 
-1.96927 -0.366649 0.0201161 -1.91755 0.00180229 1.5157 -1.12407 
-1.96927 -0.366644 0.0201188 -1.91755 0.00180034 1.5157 -1.12407 
-1.96927 -0.366646 0.020124 -1.91755 0.00180288 1.5157 -1.12407 
-1.96927 -0.366651 0.0201195 -1.91755 0.00179909 1.51569 -1.12406 
-1.96927 -0.366646 0.0201214 -1.91755 0.0018026 1.5157 -1.12407 
-1.96927 -0.366646 0.0201195 -1.91755 0.00180035 1.5157 -1.12406 
-1.96927 -0.366647 0.0201178 -1.91755 0.00180264 1.5157 -1.12406 
-1.96927 -0.366651 0.0201178 -1.91755 0.00180396 1.51569 -1.12407 
-1.96927 -0.366646 0.0201214 -1.91755 0.00180201 1.5157 -1.12407 
-1.96927 -0.366649 0.0201214 -1.91755 0.0018026 1.5157 -1.12407 
-1.96927 -0.366649 0.0201171 -1.91755 0.00180157 1.51569 -1.12407 
-1.96927 -0.366646 0.0201231 -1.91755 0.00180226 1.51569 -1.12406 
-1.96927 -0.366646 0.0201195 -1.91755 0.00180322 1.5157 -1.12407 
-1.96927 -0.366649 0.0201142 -1.91755 0.00180259 1.51569 -1.12407 
-1.96927 -0.366647 0.0201231 -1.91755 0.00180211 1.5157 -1.12407 
-1.96927 -0.366646 0.0201248 -1.91755 0.00180228 1.51569 -1.12407 
-1.96927 -0.366647 0.0201178 -1.91755 0.00179944 1.5157 -1.12407 
-1.96927 -0.366646 0.0201214 -1.91755 0.00180331 1.51569 -1.12407 
-1.96927 -0.366647 0.0201231 -1.91755 0.00180141 1.51569 -1.12407 
-1.96926 -0.366647 0.0201248 -1.91755 0.00180296 1.51569 -1.12407 
-1.96927 -0.366649 0.0201231 -1.91755 0.00180225 1.5157 -1.12407 
-1.96926 -0.366651 0.0201248 -1.91755 0.001803 1.51569 -1.12407 
-1.96926 -0.366646 0.02013 -1.91755 0.0018029 1.51569 -1.12406 
-1.96926 -0.366646 0.0201341 -1.91755 0.00180335 1.5157 -1.12407 
-1.96927 -0.366646 0.0201195 -1.91755 0.0017994 1.51569 -1.12408 
-1.96927 -0.366646 0.0201195 -1.91755 0.00180059 1.51569 -1.12407 
-1.96927 -0.366647 0.0201195 -1.91755 0.00180361 1.51569 -1.12406 
-1.96927 -0.366649 0.0201173 -1.91755 0.0017998 1.51569 -1.12407 
-1.96928 -0.366647 0.0201161 -1.91755 0.00180264 1.51569 -1.12407 
-1.96927 -0.366644 0.0201214 -1.91755 0.00180334 1.51569 -1.12407 
-1.96927 -0.366646 0.020123 -1.91755 0.00180335 1.5157 -1.12407 
-1.96926 -0.366647 0.0201267 -1.91755 0.0017994 1.5157 -1.12407 
-1.96927 -0.366644 0.0201231 -1.91755 0.00180264 1.5157 -1.12407 
-1.96927 -0.366647 0.0201195 -1.91755 0.00179944 1.51569 -1.12407 
-1.96927 -0.366644 0.0201214 -1.91755 0.00180247 1.51569 -1.12407 
-1.96927 -0.366649 0.0201231 -1.91755 0.00180259 1.51569 -1.12408 
-1.96928 -0.366653 0.0201161 -1.91754 0.00179943 1.51569 -1.12407 
-1.96928 -0.366651 0.020107 -1.91754 0.0018008 1.5157 -1.12407 
-1.9693 -0.366649 0.0200987 -1.91753 0.00180142 1.5157 -1.12407 
-1.96931 -0.366648 0.0200919 -1.91753 0.00180102 1.5157 -1.12407 
-1.9693 -0.366653 0.0200972 -1.91753 0.00179644 1.5157 -1.12407 
-1.9693 -0.366651 0.0200991 -1.91753 0.0018014 1.5157 -1.12407 
-1.96931 -0.366642 0.0200936 -1.91753 0.00179998 1.5157 -1.12407 
-1.96931 -0.366633 0.0200919 -1.91753 0.00180031 1.5157 -1.12407 
-1.96932 -0.36664 0.0200813 -1.91752 0.00179703 1.5157 -1.12408 
-1.96934 -0.366646 0.020069 -1.91752 0.00179484 1.51571 -1.12407 
-1.96937 -0.36664 0.0200487 -1.91752 0.00179282 1.51571 -1.12407 
-1.96942 -0.36664 0.0200336 -1.91751 0.0017889 1.51571 -1.12406 
-1.96952 -0.366649 0.0200198 -1.91749 0.00178635 1.51571 -1.12407 
-1.96952 -0.366646 0.0200099 -1.9175 0.00179077 1.51571 -1.12407 
-1.96952 -0.366632 0.0200155 -1.91751 0.00178574 1.51571 -1.12407 
-1.9695 -0.366616 0.0200363 -1.91751 0.00178828 1.51571 -1.12407 
-1.96949 -0.366615 0.0200382 -1.91752 0.00178757 1.51571 -1.12407 
-1.9695 -0.366604 0.0200274 -1.91752 0.00178757 1.51571 -1.12407 
-1.9695 -0.366575 0.0200274 -1.91754 0.00178889 1.5157 -1.12406 
-1.96949 -0.36655 0.0200399 -1.91756 0.00178828 1.5157 -1.12406 
-1.96948 -0.366546 0.0200493 -1.91755 0.00178889 1.5157 -1.12407 
-1.96949 -0.366549 0.0200354 -1.91756 0.00178824 1.5157 -1.12407 
-1.96952 -0.36655 0.0200077 -1.91756 0.00178635 1.5157 -1.12406 
-1.96954 -0.366534 0.0199946 -1.91758 0.00178696 1.51571 -1.12407 
-1.96954 -0.36653 0.0199953 -1.91758 0.00178574 1.5157 -1.12406 
-1.96954 -0.366539 0.0199935 -1.91758 0.00178574 1.51571 -1.12407 
-1.96956 -0.366528 0.019986 -1.91757 0.00178187 1.51571 -1.12406 
-1.96958 -0.366497 0.0199674 -1.91759 0.00177933 1.5157 -1.12406 
-1.9696 -0.36647 0.0199586 -1.91761 0.00177462 1.5157 -1.12406 
-1.96957 -0.3664 0.0199705 -1.91761 0.00178055 1.5157 -1.12407 
-1.96953 -0.366288 0.0200225 -1.91763 0.00178116 1.5157 -1.12407 
-1.96948 -0.366148 0.0200635 -1.91763 0.00178503 1.5157 -1.12407 
-1.96951 -0.366114 0.0200352 -1.91767 0.00178309 1.5157 -1.12407 
-1.96953 -0.366075 0.0200055 -1.91773 0.00178309 1.51569 -1.12407 
-1.96946 -0.365928 0.0200699 -1.91791 0.00179821 1.5157 -1.12408 
-1.96946 -0.365721 0.0201274 -1.91834 0.00179112 1.51643 -1.12409 
-1.96945 -0.365491 0.0200985 -1.91901 0.00179301 1.51747 -1.12408 
-1.96957 -0.365008 0.020081 -1.91997 0.00177264 1.51827 -1.12409 
-1.96978 -0.364203 0.0200706 -1.92115 0.0016317 1.51893 -1.12408 
-1.97006 -0.363031 0.0200661 -1.9224 0.00144735 1.51976 -1.12408 
-1.97028 -0.361378 0.0200741 -1.92373 0.00113604 1.52062 -1.12407 
-1.9705 -0.359172 0.020062 -1.92506 0.000341865 1.52165 -1.12407 
-1.97075 -0.356401 0.0200451 -1.92638 -0.00103612 1.52281 -1.12407 
-1.9708 -0.353102 0.0200609 -1.92768 -0.00302273 1.52416 -1.12407 
-1.97071 -0.34911 0.020111 -1.9289 -0.0059884 1.52659 -1.12406 
-1.97062 -0.344581 0.0201225 -1.93003 -0.00927692 1.53012 -1.12406 
-1.97059 -0.340251 0.0201156 -1.93084 -0.0115573 1.53384 -1.12405 
-1.97065 -0.335241 0.0200841 -1.93143 -0.0132698 1.53865 -1.12405 
-1.97089 -0.329292 0.0200349 -1.93192 -0.0145497 1.54585 -1.12405 
-1.97121 -0.322491 0.0199761 -1.93233 -0.015597 1.55523 -1.12405 
-1.9716 -0.31588 0.0199691 -1.93235 -0.016466 1.56552 -1.12406 
-1.9721 -0.309153 0.0199659 -1.93223 -0.0169978 1.57692 -1.12406 
-1.97257 -0.301858 0.019964 -1.93229 -0.017182 1.58928 -1.12406 
-1.97309 -0.293877 0.0199712 -1.93222 -0.0173072 1.6023 -1.12406 
-1.97345 -0.286116 0.0199637 -1.93209 -0.017354 1.61525 -1.12405 
-1.97376 -0.277762 0.0199538 -1.93202 -0.0174148 1.62873 -1.12406 
-1.97414 -0.26914 0.0199527 -1.93198 -0.0175522 1.64141 -1.12406 
-1.97448 -0.260506 0.0199518 -1.93185 -0.0175833 1.65354 -1.12406 
-1.97469 -0.251294 0.0199458 -1.93165 -0.0176012 1.66487 -1.12405 
-1.97498 -0.241296 0.0199203 -1.9314 -0.0176456 1.67589 -1.12403 
-1.97523 -0.231794 0.0199303 -1.93084 -0.0176616 1.68579 -1.12402 
-1.97537 -0.221228 0.0199193 -1.92994 -0.0176738 1.69436 -1.124 
-1.97554 -0.211181 0.0199138 -1.92887 -0.0176765 1.7026 -1.124 
-1.97556 -0.200946 0.0199409 -1.92751 -0.0176773 1.71103 -1.124 
-1.97545 -0.188083 0.0199633 -1.92562 -0.017682 1.72066 -1.12399 
-1.97525 -0.178066 0.0200229 -1.9235 -0.0176984 1.72865 -1.124 
-1.97498 -0.166394 0.0200749 -1.92088 -0.0177 1.73659 -1.12399 
-1.97471 -0.155323 0.0201014 -1.91806 -0.0177078 1.74537 -1.12398 
-1.97433 -0.143919 0.0200923 -1.91521 -0.017712 1.7542 -1.12396 
-1.97416 -0.132364 0.0201065 -1.91235 -0.0177115 1.76334 -1.12395 
-1.97382 -0.121289 0.0201238 -1.90912 -0.0177121 1.77165 -1.12395 
-1.97349 -0.109796 0.0201019 -1.90585 -0.0177126 1.77941 -1.12395 
-1.97317 -0.0993788 0.0201394 -1.90261 -0.0177107 1.78737 -1.12392 
-1.9727 -0.0874937 0.0201111 -1.89918 -0.0177118 1.7951 -1.12371 
-1.97239 -0.0763124 0.0201455 -1.89552 -0.0177156 1.80252 -1.12306 
-1.97184 -0.0653167 0.0201569 -1.89185 -0.0177118 1.80825 -1.12227 
-1.97142 -0.0536331 0.0201678 -1.88805 -0.017715 1.81357 -1.12135 
-1.97081 -0.0425969 0.0201593 -1.88429 -0.0177144 1.81973 -1.12002 
-1.97047 -0.0305837 0.0201618 -1.88073 -0.0177186 1.82662 -1.11841 
-1.96998 -0.0195208 0.0201963 -1.87698 -0.0177279 1.83305 -1.11704 
-1.96959 -0.00718357 0.0201834 -1.87331 -0.0177556 1.84007 -1.11601 
-1.9693 0.00375461 0.0202054 -1.86967 -0.0179304 1.84648 -1.1158 
-1.96888 0.0161785 0.0201773 -1.86583 -0.0181322 1.85228 -1.11581 
-1.96852 0.0282701 0.0202006 -1.86228 -0.0182081 1.85902 -1.11582 
-1.96793 0.0398476 0.0201862 -1.85931 -0.0182191 1.86652 -1.11581 
-1.96737 0.0520919 0.0201967 -1.85635 -0.0182274 1.87464 -1.11581 
-1.96651 0.0638691 0.0201858 -1.85327 -0.0182266 1.88327 -1.11581 
-1.96577 0.0759044 0.020205 -1.85036 -0.0182243 1.89178 -1.11581 
-1.96468 0.0879483 0.0202174 -1.8474 -0.0182192 1.90279 -1.11581 
-1.96366 0.100455 0.0202182 -1.84478 -0.0182154 1.91412 -1.11582 
-1.96222 0.112867 0.0202097 -1.84171 -0.0182123 1.92659 -1.11582 
-1.96078 0.126411 0.0202321 -1.83876 -0.0181994 1.93942 -1.11583 
-1.95913 0.137438 0.0202363 -1.83643 -0.0181959 1.95198 -1.11583 
-1.95748 0.149302 0.0202168 -1.83412 -0.0181886 1.96456 -1.11582 
-1.95598 0.15962 0.0202253 -1.83176 -0.0181867 1.97626 -1.11582 
-1.95436 0.173172 0.0201983 -1.82907 -0.0181752 1.99124 -1.11582 
-1.9532 0.183894 0.0202018 -1.82674 -0.0181603 2.00246 -1.11582 
-1.95221 0.19364 0.0202036 -1.82425 -0.0181376 2.01204 -1.1158 
-1.95132 0.205343 0.0202084 -1.82179 -0.0181141 2.02344 -1.11579 
-1.95053 0.214984 0.0202084 -1.81932 -0.0180946 2.03266 -1.11577 
-1.94977 0.225286 0.0202051 -1.81667 -0.0180745 2.04075 -1.11576 
-1.94897 0.234804 0.020201 -1.81387 -0.0180662 2.04653 -1.11571 
-1.9481 0.244182 0.0202051 -1.81078 -0.0180302 2.0516 -1.11545 
-1.94728 0.254428 0.0202115 -1.80793 -0.0180226 2.05658 -1.11516 
-1.94641 0.263413 0.0202017 -1.80509 -0.0180249 2.06057 -1.11513 
-1.94542 0.27297 0.0201916 -1.80164 -0.0180252 2.06342 -1.11513 
-1.94445 0.283428 0.0201872 -1.79787 -0.0180226 2.06533 -1.1151 
-1.94348 0.292674 0.0202022 -1.79381 -0.0180196 2.06624 -1.1151 
-1.94244 0.303762 0.0201894 -1.78904 -0.0180252 2.06638 -1.1151 
-1.94153 0.314297 0.0201724 -1.78435 -0.0180201 2.06641 -1.11508 
-1.94082 0.32409 0.0201721 -1.77956 -0.0180182 2.06644 -1.11498 
-1.94015 0.335506 0.0201798 -1.77429 -0.0180232 2.06659 -1.11492 
-1.93944 0.346047 0.0201784 -1.76863 -0.0180227 2.06718 -1.11492 
-1.93893 0.35758 0.0201685 -1.76277 -0.0180231 2.06863 -1.11491 
-1.93858 0.368629 0.0201728 -1.75695 -0.0180223 2.07107 -1.11492 
-1.93829 0.379775 0.0201729 -1.7511 -0.0180255 2.07444 -1.11491 
-1.93801 0.391352 0.0201813 -1.74519 -0.0180275 2.07894 -1.11492 
-1.93773 0.401629 0.0201703 -1.73922 -0.0180243 2.08358 -1.11491 
-1.93756 0.413448 0.0201661 -1.73315 -0.0180269 2.08939 -1.11492 
-1.93742 0.424057 0.0201692 -1.72749 -0.0180275 2.09745 -1.11491 
-1.93737 0.434821 0.0201682 -1.72229 -0.0180263 2.10566 -1.11492 
-1.9373 0.445702 0.0201569 -1.71699 -0.0180286 2.11468 -1.11492 
-1.93731 0.456105 0.0201403 -1.71167 -0.018033 2.12383 -1.11492 
-1.93736 0.468908 0.0200822 -1.70596 -0.0180323 2.13428 -1.11491 
-1.93739 0.478557 0.0200242 -1.70159 -0.0180323 2.14343 -1.11491 
-1.93745 0.489009 0.0200212 -1.69744 -0.0180376 2.15184 -1.11492 
-1.93745 0.498333 0.0200216 -1.69355 -0.018046 2.15941 -1.11492 
-1.93747 0.507751 0.0200014 -1.68935 -0.0180438 2.16629 -1.11492 
-1.93754 0.517881 0.0199854 -1.68558 -0.0180451 2.17362 -1.11492 
-1.93762 0.527052 0.0199803 -1.68199 -0.0180432 2.18084 -1.11491 
-1.93777 0.536916 0.0199787 -1.67847 -0.0180438 2.18748 -1.11491 
-1.93782 0.546539 0.0199803 -1.67548 -0.0180432 2.1935 -1.11491 
-1.93781 0.555302 0.0199893 -1.67224 -0.0180432 2.19933 -1.11491 
-1.93781 0.5647 0.0199871 -1.66886 -0.0180381 2.20453 -1.1149 
-1.93774 0.573872 0.020019 -1.66583 -0.0180425 2.21026 -1.11491 
-1.9375 0.582309 0.0200266 -1.6628 -0.0180432 2.21678 -1.11491 
-1.93722 0.59095 0.020018 -1.65998 -0.0180426 2.22287 -1.11491 
-1.93692 0.599768 0.0200136 -1.65703 -0.0180443 2.22926 -1.11491 
-1.9366 0.607761 0.0200199 -1.654 -0.0180464 2.23594 -1.11491 
-1.9363 0.61578 0.0200199 -1.65116 -0.0180474 2.24167 -1.11491 
-1.93592 0.624036 0.0200224 -1.64836 -0.0180428 2.24764 -1.11491 
-1.93547 0.631465 0.020038 -1.64552 -0.0180417 2.25462 -1.11491 
-1.93497 0.638594 0.0200329 -1.64275 -0.0180416 2.26079 -1.11491 
-1.93444 0.646391 0.0200277 -1.64007 -0.0180427 2.26672 -1.11491 
-1.93384 0.653821 0.0200259 -1.63735 -0.0180474 2.27292 -1.11491 
-1.93324 0.660477 0.0200138 -1.6345 -0.0180494 2.27796 -1.11491 
-1.93273 0.667249 0.0199954 -1.63164 -0.018052 2.28171 -1.1149 
-1.93226 0.674379 0.0199974 -1.62885 -0.0180508 2.28549 -1.1149 
-1.93179 0.68081 0.0200021 -1.62632 -0.0180515 2.29007 -1.11491 
-1.9313 0.687028 0.0199921 -1.62386 -0.0180614 2.29517 -1.11491 
-1.93092 0.69356 0.0199782 -1.62157 -0.0180732 2.30003 -1.11491 
-1.93063 0.700114 0.0199893 -1.61941 -0.0180787 2.30459 -1.11491 
-1.93036 0.705894 0.0199918 -1.61728 -0.018078 2.3089 -1.1149 
-1.93011 0.71166 0.0199739 -1.61495 -0.0180774 2.31362 -1.11491 
-1.93 0.717896 0.0199707 -1.61245 -0.018078 2.31805 -1.11491 
-1.92995 0.723706 0.0199777 -1.61041 -0.0180914 2.32166 -1.11491 
-1.92989 0.729414 0.0199695 -1.60834 -0.0180959 2.32531 -1.11491 
-1.92989 0.734709 0.0199506 -1.60623 -0.0181007 2.32972 -1.11491 
-1.92993 0.739988 0.0199332 -1.6041 -0.0181275 2.33478 -1.11492 
-1.92993 0.745427 0.0198369 -1.60218 -0.0181402 2.33974 -1.11491 
-1.93001 0.75083 0.0197834 -1.60045 -0.0181423 2.3446 -1.11492 
-1.93022 0.755533 0.0197503 -1.59895 -0.0181517 2.34934 -1.11492 
-1.93048 0.759258 0.0197314 -1.59765 -0.0181669 2.3533 -1.11491 
-1.93093 0.764755 0.0196885 -1.59523 -0.0181825 2.35759 -1.11491 
-1.93134 0.769344 0.0196528 -1.59304 -0.0181895 2.36 -1.11492 
-1.93182 0.774262 0.0196128 -1.59073 -0.0181943 2.36118 -1.11492 
-1.93234 0.77872 0.0196113 -1.58854 -0.0181967 2.36164 -1.11491 
-1.93289 0.782828 0.0196032 -1.58621 -0.0181996 2.36183 -1.11492 
-1.93348 0.786723 0.0195968 -1.58367 -0.018218 2.36186 -1.11492 
-1.93413 0.790704 0.0195938 -1.58075 -0.0182849 2.36186 -1.11492 
-1.9348 0.794888 0.01959 -1.5776 -0.0183637 2.36188 -1.11493 
-1.93547 0.799043 0.019559 -1.57468 -0.0184368 2.3619 -1.11493 
-1.93621 0.803221 0.0195237 -1.57168 -0.0185976 2.3619 -1.11494 
-1.93699 0.807145 0.0195171 -1.56862 -0.018824 2.3619 -1.11495 
-1.93763 0.810373 0.019515 -1.56575 -0.0190074 2.3619 -1.11496 
-1.93841 0.814328 0.019512 -1.56197 -0.0192198 2.3619 -1.11496 
-1.93914 0.817955 0.0195026 -1.55851 -0.0195365 2.3619 -1.11498 
-1.93986 0.821491 0.0194888 -1.55538 -0.0200265 2.3619 -1.11498 
-1.94057 0.825209 0.0194478 -1.55246 -0.0206849 2.3619 -1.11498 
-1.94132 0.828699 0.0194397 -1.54996 -0.0216247 2.3619 -1.11499 
-1.94209 0.831752 0.0194345 -1.54789 -0.022999 2.3619 -1.115 
-1.94295 0.834629 0.019433 -1.546 -0.0248132 2.36191 -1.115 
-1.9439 0.8373 0.019437 -1.54415 -0.026616 2.36191 -1.11499 
-1.94488 0.839958 0.0194196 -1.54223 -0.0281722 2.36191 -1.11499 
-1.94594 0.842791 0.0194292 -1.54001 -0.02925 2.36192 -1.11499 
-1.94688 0.845524 0.0194344 -1.53783 -0.0295903 2.36196 -1.11499 
-1.94775 0.848296 0.0194256 -1.53567 -0.0296677 2.36221 -1.11499 
-1.94851 0.850879 0.0194423 -1.53379 -0.0297444 2.36283 -1.11501 
-1.9491 0.853376 0.0194372 -1.53208 -0.0297682 2.36384 -1.115 
-1.94956 0.855708 0.0194391 -1.53051 -0.0297778 2.36541 -1.115 
-1.94985 0.857741 0.0194404 -1.52912 -0.0297996 2.36733 -1.11501 
-1.94999 0.859706 0.019444 -1.52778 -0.0298076 2.36995 -1.115 
-1.95 0.861594 0.0194406 -1.52651 -0.0298159 2.37336 -1.115 
-1.94999 0.863304 0.0194471 -1.52549 -0.0298229 2.37676 -1.11501 
-1.94998 0.8652 0.0194472 -1.52454 -0.0298238 2.38054 -1.115 
-1.94999 0.866882 0.0194455 -1.52389 -0.0298252 2.38428 -1.11501 
-1.95002 0.868426 0.0194305 -1.52346 -0.0298243 2.38794 -1.115 
-1.95009 0.870035 0.0194319 -1.52321 -0.0298242 2.39169 -1.115 
-1.95016 0.871471 0.0194221 -1.52314 -0.0298236 2.39423 -1.115 
-1.9503 0.872699 0.0194221 -1.52314 -0.0298236 2.39541 -1.115 
-1.95048 0.873725 0.0194202 -1.52314 -0.0298226 2.39548 -1.115 
-1.95068 0.874655 0.0194189 -1.52314 -0.0298244 2.39549 -1.115 
-1.95094 0.87538 0.0194141 -1.52314 -0.0298229 2.39548 -1.115 
-1.9512 0.8759 0.0194203 -1.52314 -0.0298278 2.3955 -1.115 
-1.95147 0.876216 0.0194139 -1.52314 -0.0298275 2.3955 -1.11501 
-1.95175 0.876351 0.0194138 -1.52314 -0.0298268 2.3955 -1.115 
-1.95203 0.876382 0.0194188 -1.52314 -0.0298248 2.39551 -1.115 
-1.95228 0.87638 0.0194121 -1.52313 -0.0298286 2.39552 -1.115 
-1.95249 0.876375 0.0194042 -1.52312 -0.029831 2.39554 -1.115 
-1.95275 0.876399 0.0193852 -1.52313 -0.0298353 2.39554 -1.115 
-1.95296 0.876478 0.0193885 -1.52313 -0.0298383 2.39554 -1.115 
-1.95309 0.876662 0.0193832 -1.52313 -0.0298521 2.39554 -1.115 
-1.95316 0.87693 0.0193855 -1.52313 -0.0298628 2.39554 -1.11501 
-1.95319 0.877341 0.0193809 -1.52313 -0.0298616 2.39554 -1.115 
-1.95321 0.877882 0.0193702 -1.52313 -0.0298616 2.39554 -1.115 
-1.95326 0.878487 0.0193657 -1.52313 -0.0298622 2.39555 -1.11499 
-1.95329 0.879008 0.0193625 -1.52313 -0.0298616 2.39557 -1.11499 
-1.95331 0.879604 0.0193655 -1.52313 -0.0298609 2.39557 -1.115 
-1.9533 0.880166 0.0193794 -1.52312 -0.0298616 2.39558 -1.115 
-1.95326 0.88069 0.019388 -1.52311 -0.0298616 2.39564 -1.115 
-1.95325 0.881245 0.0193876 -1.52311 -0.0298609 2.39591 -1.115 
-1.95325 0.881739 0.0193982 -1.5231 -0.0298609 2.39597 -1.115 
-1.95321 0.882199 0.0194073 -1.52308 -0.0298602 2.396 -1.115 
-1.95315 0.882598 0.0194088 -1.52308 -0.0298602 2.39603 -1.115 
-1.95307 0.8829 0.0194185 -1.52308 -0.0298622 2.39604 -1.115 
-1.95299 0.883141 0.019427 -1.52306 -0.0298596 2.3961 -1.115 
-1.95291 0.883313 0.0194325 -1.52304 -0.0298596 2.39636 -1.115 
-1.95281 0.883427 0.0194443 -1.52304 -0.0298602 2.39642 -1.115 
-1.95269 0.88346 0.0194497 -1.52299 -0.0298596 2.39647 -1.115 
-1.95258 0.883453 0.0194514 -1.5228 -0.0298583 2.39659 -1.115 
-1.95256 0.883475 0.0194497 -1.52251 -0.0298583 2.3967 -1.115 
-1.95258 0.883502 0.0194436 -1.5223 -0.029859 2.39671 -1.115 
-1.95259 0.883513 0.0194393 -1.52221 -0.0298602 2.39671 -1.115 
-1.95259 0.883538 0.0194412 -1.5222 -0.0298571 2.39672 -1.115 
-1.95257 0.883657 0.019455 -1.52218 -0.0298525 2.39672 -1.11499 
-1.95257 0.883859 0.0194461 -1.52219 -0.0298547 2.39673 -1.11499 
-1.9526 0.884154 0.0194403 -1.52219 -0.0298561 2.39673 -1.11499 
-1.95261 0.884532 0.0194376 -1.52218 -0.0298551 2.39673 -1.11499 
-1.95258 0.884995 0.0194514 -1.52215 -0.029851 2.39675 -1.11498 
-1.95256 0.885603 0.0194612 -1.52196 -0.0298498 2.39679 -1.11499 
-1.95255 0.886355 0.0194626 -1.52157 -0.0298498 2.39691 -1.11499 
-1.95255 0.887216 0.0194605 -1.52098 -0.0298516 2.39733 -1.11499 
-1.95257 0.888303 0.0194593 -1.52012 -0.0298441 2.39795 -1.11498 
-1.95258 0.889566 0.0194593 -1.51896 -0.0298463 2.39871 -1.11498 
-1.95256 0.891049 0.0194677 -1.51738 -0.0298451 2.39981 -1.11499 
-1.95254 0.892718 0.0194795 -1.51543 -0.0298404 2.40134 -1.11499 
-1.95254 0.894606 0.019536 -1.51321 -0.0298414 2.4037 -1.11499 
-1.95251 0.896513 0.0195795 -1.51113 -0.0298436 2.40653 -1.11499 
-1.95244 0.898351 0.0195746 -1.50936 -0.0298417 2.40954 -1.11498 
-1.95232 0.899981 0.0195863 -1.50797 -0.0298391 2.41205 -1.11499 
-1.95219 0.901255 0.0195942 -1.50695 -0.0298413 2.41345 -1.11499 
-1.95205 0.90228 0.019592 -1.50622 -0.0298412 2.4137 -1.11499 
-1.95194 0.902931 0.0195945 -1.50602 -0.0298404 2.4137 -1.11499 
-1.95184 0.903356 0.019601 -1.50603 -0.0298411 2.4137 -1.11499 
-1.95177 0.903652 0.0196022 -1.50603 -0.0298364 2.41371 -1.11499 
-1.95176 0.903813 0.0195999 -1.50602 -0.0298304 2.41371 -1.11498 
-1.95178 0.903853 0.0195937 -1.50603 -0.0298328 2.41371 -1.11498 
-1.9518 0.903862 0.0195787 -1.50603 -0.0298302 2.41371 -1.11499 
-1.95185 0.903853 0.0195627 -1.50601 -0.0298308 2.41371 -1.11499 
-1.95195 0.903847 0.0195659 -1.50597 -0.0298308 2.41371 -1.11499 
-1.95206 0.903882 0.0195659 -1.50597 -0.0298359 2.41371 -1.11499 
-1.95214 0.903964 0.0195591 -1.50597 -0.0298345 2.41372 -1.11499 
-1.95218 0.904035 0.0195591 -1.50597 -0.029832 2.41372 -1.11499 
-1.95218 0.904164 0.0195543 -1.50597 -0.029833 2.41372 -1.11499 
-1.95222 0.904389 0.019551 -1.50597 -0.0298331 2.41372 -1.11499 
-1.95228 0.904666 0.0195502 -1.50597 -0.0298345 2.41372 -1.11499 
-1.95233 0.904968 0.0195462 -1.50597 -0.0298322 2.41372 -1.11499 
-1.95237 0.905333 0.0195482 -1.50597 -0.0298309 2.41373 -1.11499 
-1.95239 0.905712 0.0195503 -1.50596 -0.029834 2.41374 -1.11498 
-1.9524 0.906108 0.0195479 -1.50594 -0.0298306 2.41375 -1.11499 
-1.95241 0.906484 0.0195556 -1.50588 -0.0298296 2.4138 -1.11499 
-1.9524 0.906891 0.0195592 -1.50568 -0.0298233 2.41405 -1.11498 
-1.9524 0.907317 0.019558 -1.50543 -0.0298281 2.41417 -1.11499 
-1.95241 0.907809 0.0195545 -1.5051 -0.0298248 2.41419 -1.11498 
-1.95241 0.908337 0.0195527 -1.50462 -0.0298235 2.41419 -1.11498 
-1.95246 0.908804 0.0195526 -1.50424 -0.0298215 2.41419 -1.11499 
-1.95249 0.909174 0.0195564 -1.50401 -0.0298155 2.41419 -1.11498 
-1.95251 0.909559 0.0195564 -1.5038 -0.029815 2.4142 -1.11498 
-1.95253 0.909907 0.0195527 -1.5036 -0.0298094 2.4142 -1.11499 
-1.95255 0.910193 0.0195564 -1.50342 -0.0298022 2.4142 -1.11498 
-1.95257 0.910466 0.0195564 -1.50324 -0.0297963 2.4142 -1.11498 
-1.95258 0.91079 0.0195564 -1.50302 -0.0297944 2.41421 -1.11498 
-1.9526 0.911108 0.0195527 -1.50277 -0.0297938 2.41421 -1.11498 
-1.95261 0.91144 0.019547 -1.50244 -0.0297938 2.41421 -1.11498 
-1.95263 0.911841 0.0195541 -1.50203 -0.0297914 2.41421 -1.11498 
-1.95265 0.912332 0.0195499 -1.50147 -0.0297923 2.41421 -1.11498 
-1.95267 0.912955 0.0195537 -1.50077 -0.0297898 2.41421 -1.11498 
-1.9527 0.91365 0.0195506 -1.50001 -0.0297871 2.41421 -1.11498 
-1.95275 0.91435 0.0195442 -1.49933 -0.0297883 2.41421 -1.11498 
-1.95284 0.915102 0.0195412 -1.49868 -0.0297877 2.41421 -1.11497 
-1.95293 0.915876 0.0195532 -1.49814 -0.0297756 2.41421 -1.11497 
-1.95295 0.916653 0.0195479 -1.49773 -0.0297748 2.41421 -1.11498 
-1.95296 0.917429 0.0195479 -1.49739 -0.0297701 2.41421 -1.11498 
-1.95295 0.918149 0.0195519 -1.49717 -0.0297708 2.41421 -1.11497 
-1.95295 0.918807 0.0195573 -1.49699 -0.0297714 2.41423 -1.11497 
-1.95292 0.919424 0.0195721 -1.49664 -0.0297641 2.41431 -1.11498 
-1.95284 0.920018 0.0195829 -1.49616 -0.0297672 2.41467 -1.11497 
-1.95279 0.92051 0.019581 -1.49572 -0.029766 2.41473 -1.11498 
-1.9528 0.920979 0.0195774 -1.4953 -0.029766 2.41473 -1.11498 
-1.95283 0.921383 0.019566 -1.49492 -0.029766 2.41474 -1.11497 
-1.95283 0.921674 0.0195676 -1.49471 -0.0297672 2.41474 -1.11497 
-1.95284 0.921888 0.0195676 -1.49467 -0.029766 2.41474 -1.11497 
-1.95282 0.922073 0.0195729 -1.49467 -0.0297621 2.41475 -1.11497 
-1.95282 0.922257 0.0195676 -1.49467 -0.0297648 2.41475 -1.11497 
-1.95283 0.922437 0.0195721 -1.49465 -0.0297612 2.41481 -1.11497 
-1.95283 0.922633 0.0195729 -1.49465 -0.0297618 2.41515 -1.11497 
-1.9528 0.922852 0.0195797 -1.49465 -0.0297599 2.4156 -1.11497 
-1.95277 0.923079 0.0195858 -1.49464 -0.0297635 2.41584 -1.11497 
-1.95275 0.923348 0.0195895 -1.49464 -0.0297605 2.41607 -1.11497 
-1.95275 0.923592 0.0195883 -1.49461 -0.0297605 2.41633 -1.11496 
-1.95275 0.923841 0.0195895 -1.49456 -0.0297568 2.41659 -1.11497 
-1.95273 0.924129 0.0195926 -1.49444 -0.0297557 2.41672 -1.11496 
-1.95269 0.924476 0.0196035 -1.49425 -0.0297574 2.41675 -1.11496 
-1.95261 0.924858 0.0195982 -1.49399 -0.0297602 2.41675 -1.11497 
-1.95251 0.925323 0.019599 -1.49373 -0.0297584 2.41675 -1.11497 
-1.95245 0.925878 0.0195969 -1.49349 -0.0297629 2.41675 -1.11497 
-1.95239 0.926492 0.0196095 -1.49308 -0.0297614 2.41675 -1.11497 
-1.95232 0.927125 0.0195996 -1.4925 -0.0297582 2.41675 -1.11496 
-1.95235 0.927808 0.0195822 -1.492 -0.0297578 2.41675 -1.11497 
-1.95245 0.928521 0.0195744 -1.49159 -0.0297596 2.41675 -1.11497 
-1.95254 0.929315 0.0195789 -1.4911 -0.029757 2.41675 -1.11497 
-1.95261 0.930254 0.0195704 -1.49048 -0.0297557 2.41675 -1.11497 
-1.95266 0.931252 0.0195776 -1.4898 -0.0297478 2.41675 -1.11496 
-1.95266 0.932322 0.019574 -1.48909 -0.0297466 2.41675 -1.11496 
-1.95267 0.933508 0.0195723 -1.48828 -0.0297455 2.41674 -1.11496 
-1.95268 0.934808 0.0195757 -1.48731 -0.0297455 2.41674 -1.11496 
-1.95268 0.93605 0.0195723 -1.48648 -0.0297459 2.41674 -1.11496 
-1.95268 0.937262 0.0195723 -1.48581 -0.0297433 2.41675 -1.11496 
-1.95266 0.938539 0.0195861 -1.48494 -0.0297452 2.41674 -1.11496 
-1.95261 0.939943 0.0195942 -1.48381 -0.0297427 2.41674 -1.11496 
-1.95256 0.941364 0.0195958 -1.48267 -0.029742 2.41674 -1.11496 
-1.95255 0.94286 0.0195974 -1.48152 -0.0297407 2.41674 -1.11496 
-1.95253 0.944381 0.0195937 -1.48026 -0.0297439 2.41674 -1.11496 
-1.95257 0.946099 0.0195872 -1.47884 -0.0297314 2.41673 -1.11495 
-1.95261 0.948063 0.0195736 -1.47719 -0.0297252 2.41673 -1.11495 
-1.95264 0.950044 0.0195704 -1.47562 -0.0297264 2.41671 -1.11495 
-1.95267 0.952272 0.0195807 -1.47402 -0.0297244 2.41672 -1.11495 
-1.95266 0.954391 0.019589 -1.47265 -0.0297196 2.41672 -1.11494 
-1.95262 0.956343 0.0195942 -1.47153 -0.0297108 2.41672 -1.11495 
-1.95254 0.957943 0.0196189 -1.47061 -0.0297071 2.41672 -1.11495 
-1.95237 0.959392 0.0196299 -1.46974 -0.0297077 2.41672 -1.11495 
-1.95217 0.960651 0.0196434 -1.46894 -0.0297071 2.41672 -1.11495 
-1.95201 0.961633 0.0196404 -1.46841 -0.0297071 2.41672 -1.11495 
-1.95189 0.962449 0.0196566 -1.46804 -0.029706 2.41672 -1.11495 
-1.95177 0.963165 0.0196595 -1.46766 -0.0297011 2.41672 -1.11495 
-1.95173 0.963816 0.0196673 -1.46728 -0.0296969 2.41672 -1.11495 
-1.95171 0.964599 0.0196744 -1.46672 -0.0296925 2.41672 -1.11494 
-1.9517 0.965566 0.0196595 -1.46596 -0.0296941 2.41672 -1.11494 
-1.95175 0.966682 0.0196461 -1.4651 -0.0296921 2.41672 -1.11494 
-1.95181 0.967994 0.0196395 -1.46414 -0.0296867 2.41671 -1.11495 
-1.95184 0.969751 0.0196449 -1.46275 -0.0296696 2.41671 -1.11495 
-1.95183 0.971693 0.0196255 -1.46133 -0.0296707 2.41665 -1.11495 
-1.95197 0.974065 0.0195981 -1.46031 -0.0296688 2.41664 -1.11495 
-1.95226 0.976371 0.0195502 -1.46001 -0.0296694 2.41664 -1.11495 
-1.95251 0.977567 0.0195208 -1.45917 -0.0299171 2.41672 -1.11494 
-1.95257 0.977249 0.0195722 -1.45817 -0.0298342 2.41649 -1.11494 
-1.95263 0.977481 0.0194622 -1.45782 -0.029824 2.41593 -1.11494 
-1.95287 0.977897 0.0194309 -1.45774 -0.029826 2.41587 -1.11495 
-1.95307 0.977906 0.0194551 -1.45763 -0.0298249 2.41583 -1.11494 
-1.95311 0.977955 0.0194407 -1.45762 -0.0298284 2.41583 -1.11494 
-1.95305 0.978006 0.0194455 -1.45763 -0.0298248 2.41583 -1.11493 
-1.95297 0.978078 0.019442 -1.45762 -0.0298288 2.41584 -1.11492 
-1.95292 0.978125 0.0194441 -1.45761 -0.0298269 2.41584 -1.1149 
-1.95289 0.978186 0.0194434 -1.45759 -0.0298233 2.41585 -1.11486 
-1.95282 0.978269 0.0194446 -1.45754 -0.0298273 2.41585 -1.11472 
-1.95273 0.978349 0.01944 -1.45751 -0.0298273 2.41585 -1.11436 
-1.95268 0.978398 0.0194415 -1.45751 -0.029828 2.41586 -1.11384 
-1.95264 0.978432 0.0194382 -1.4575 -0.0298246 2.41586 -1.11299 
-1.95259 0.978459 0.0194345 -1.45748 -0.0298279 2.41586 -1.11165 
-1.9526 0.978501 0.0194245 -1.45743 -0.029824 2.41587 -1.10939 
-1.95261 0.978526 0.0194297 -1.45742 -0.0298231 2.41586 -1.10616 
-1.95257 0.978551 0.0194274 -1.45742 -0.029825 2.41586 -1.10045 
-1.95259 0.978564 0.0194168 -1.45741 -0.0298276 2.41586 -1.09482 
-1.95262 0.97858 0.01942 -1.4574 -0.0298279 2.41586 -1.0895 
-1.95259 0.978604 0.0194302 -1.4574 -0.0298269 2.41586 -1.08264 
-1.95256 0.978625 0.0194435 -1.4574 -0.029826 2.41585 -1.07465 
-1.95251 0.978642 0.0194376 -1.4574 -0.0298305 2.41583 -1.06767 
-1.9525 0.978644 0.019442 -1.4574 -0.0298342 2.41584 -1.05787 
-1.95249 0.978652 0.0194476 -1.4574 -0.0298286 2.41583 -1.05037 
-1.95251 0.978655 0.0194474 -1.45741 -0.0298286 2.41582 -1.04325 
-1.95251 0.97866 0.0194466 -1.45741 -0.0298299 2.41581 -1.03603 
-1.9525 0.97866 0.0194528 -1.45742 -0.0298286 2.4158 -1.02982 
-1.9525 0.978663 0.0194606 -1.45742 -0.029828 2.4158 -1.02212 
-1.95245 0.978671 0.0194845 -1.45741 -0.0298255 2.4158 -1.01354 
-1.95236 0.97867 0.0194844 -1.45742 -0.0298212 2.4158 -1.00344 
-1.95221 0.978677 0.019511 -1.45742 -0.0298212 2.41579 -0.993786 
-1.952 0.978681 0.0195443 -1.45744 -0.0298212 2.41579 -0.983319 
-1.95176 0.978679 0.019589 -1.45744 -0.0298193 2.41579 -0.971491 
-1.95155 0.97868 0.0196198 -1.45744 -0.0298164 2.41579 -0.95934 
-1.95128 0.97868 0.0195991 -1.45744 -0.0298107 2.41578 -0.947323 
-1.95104 0.978682 0.0196261 -1.45744 -0.0298049 2.41578 -0.932814 
-1.95083 0.97868 0.019589 -1.45744 -0.0298062 2.41577 -0.91845 
-1.95074 0.97868 0.0196876 -1.45744 -0.0297966 2.41577 -0.903439 
-1.95047 0.978682 0.0196582 -1.45744 -0.0297534 2.41576 -0.885677 
-1.95033 0.978673 0.0196197 -1.45744 -0.0297544 2.41576 -0.867885 
-1.95034 0.97867 0.0196426 -1.45742 -0.0297226 2.41575 -0.849295 
-1.95037 0.978673 0.0196029 -1.45743 -0.0295334 2.41572 -0.83148 
-1.95059 0.978629 0.0196099 -1.45743 -0.0295278 2.41525 -0.811747 
-1.95071 0.978557 0.0196135 -1.45742 -0.0295282 2.41461 -0.793607 
-1.95076 0.978495 0.0196171 -1.45743 -0.0295191 2.41425 -0.776923 
-1.95078 0.978489 0.0196272 -1.45743 -0.0294973 2.41423 -0.76264 
-1.95077 0.978494 0.0196321 -1.45742 -0.0294855 2.41424 -0.748174 
-1.95076 0.978492 0.0196344 -1.45742 -0.0294412 2.41423 -0.734964 
-1.9508 0.978502 0.0196247 -1.45744 -0.0293258 2.4142 -0.721609 
-1.95092 0.978493 0.0196265 -1.45744 -0.0292245 2.41405 -0.708798 
-1.95109 0.978492 0.0196251 -1.45743 -0.0290325 2.41399 -0.697285 
-1.95132 0.978492 0.0196268 -1.45744 -0.0286598 2.41398 -0.685836 
-1.95159 0.97849 0.0196268 -1.45744 -0.0283485 2.41391 -0.674713 
-1.95188 0.978461 0.0196403 -1.45744 -0.028103 2.41376 -0.663572 
-1.95208 0.97846 0.0196708 -1.45744 -0.0277233 2.41375 -0.65353 
-1.95221 0.978462 0.0196639 -1.45744 -0.0271489 2.41374 -0.639954 
-1.95235 0.978454 0.0196524 -1.45744 -0.0267912 2.41372 -0.627018 
-1.95253 0.978448 0.0196575 -1.45744 -0.0266416 2.41373 -0.614812 
-1.95268 0.978442 0.0196537 -1.45743 -0.0266315 2.41374 -0.602178 
-1.95282 0.978453 0.0196471 -1.45743 -0.0266058 2.41374 -0.590226 
-1.95301 0.978452 0.019639 -1.45743 -0.0265131 2.41375 -0.578233 
-1.95322 0.978448 0.0196394 -1.45743 -0.0264739 2.41375 -0.565001 
-1.95338 0.978447 0.0196426 -1.45744 -0.026472 2.41374 -0.552064 
-1.95349 0.978453 0.019651 -1.45743 -0.0264667 2.41375 -0.538994 
-1.95351 0.978453 0.0196274 -1.45744 -0.026473 2.41374 -0.528413 
-1.95362 0.978449 0.0196327 -1.45744 -0.0264593 2.41374 -0.518812 
-1.95377 0.978451 0.0196347 -1.45744 -0.0264366 2.41374 -0.508803 
-1.9539 0.978449 0.0196423 -1.45745 -0.0263677 2.41373 -0.499647 
-1.95401 0.978451 0.0196576 -1.45745 -0.0260425 2.41373 -0.489091 
-1.95403 0.978448 0.0196471 -1.45745 -0.0254326 2.41374 -0.479043 
-1.95415 0.978454 0.0196278 -1.45745 -0.0249619 2.41373 -0.46811 
-1.95437 0.978451 0.0196416 -1.45745 -0.0247004 2.41374 -0.456873 
-1.95457 0.978451 0.0196528 -1.45744 -0.0242173 2.41376 -0.444692 
-1.95476 0.978451 0.0196479 -1.45744 -0.0235938 2.41376 -0.430751 
-1.95487 0.978449 0.019677 -1.45744 -0.0231488 2.41376 -0.416966 
-1.95496 0.978444 0.0196486 -1.45745 -0.022745 2.41376 -0.40271 
-1.95513 0.978446 0.0196656 -1.45745 -0.0224372 2.41376 -0.388184 
-1.95531 0.978442 0.0196607 -1.45745 -0.0221826 2.41375 -0.372675 
-1.95551 0.978432 0.0196579 -1.45745 -0.0220662 2.41376 -0.357854 
-1.95579 0.978428 0.019664 -1.45746 -0.0220468 2.41375 -0.343328 
-1.95604 0.978435 0.0196774 -1.45748 -0.0219253 2.41374 -0.330207 
-1.95625 0.978433 0.0196897 -1.45749 -0.0216054 2.41373 -0.31629 
-1.95646 0.978412 0.0197048 -1.45753 -0.020882 2.41373 -0.301947 
-1.95666 0.978398 0.0196996 -1.45756 -0.019701 2.41375 -0.286947 
-1.9568 0.97839 0.0197278 -1.45755 -0.0184438 2.41375 -0.271213 
-1.95682 0.978388 0.0197486 -1.45756 -0.017705 2.41375 -0.256204 
-1.95681 0.978389 0.0197736 -1.45758 -0.0172541 2.41374 -0.241664 
-1.9568 0.978385 0.0198215 -1.45758 -0.0168637 2.41376 -0.225729 
-1.95674 0.978381 0.0198388 -1.45758 -0.016433 2.41374 -0.209926 
-1.95675 0.978366 0.019852 -1.45761 -0.0163276 2.41375 -0.194564 
-1.95668 0.978367 0.019909 -1.45761 -0.0161701 2.41376 -0.179782 
-1.95664 0.978361 0.0199037 -1.45762 -0.0159669 2.41375 -0.165344 
-1.95664 0.97836 0.0199068 -1.45762 -0.0157815 2.41376 -0.151623 
-1.95664 0.97836 0.0199232 -1.45762 -0.0154983 2.41376 -0.13802 
-1.95662 0.978359 0.0199373 -1.45761 -0.0151489 2.41376 -0.124062 
-1.9566 0.978359 0.0199885 -1.45761 -0.014989 2.41377 -0.110791 
-1.95651 0.978362 0.019975 -1.45762 -0.0148695 2.41377 -0.0977622 
-1.95644 0.978359 0.0200182 -1.45761 -0.0147734 2.41379 -0.0850216 
-1.95624 0.978364 0.0199917 -1.45763 -0.0147227 2.41378 -0.072401 
-1.95614 0.978361 0.0200056 -1.45762 -0.0146696 2.41379 -0.0602773 
-1.95601 0.978367 0.0200048 -1.45763 -0.014546 2.41378 -0.0479418 
-1.9559 0.978364 0.0200132 -1.45762 -0.0145312 2.41378 -0.0360074 
-1.95573 0.978359 0.0200043 -1.45764 -0.0144944 2.41378 -0.0252496 
-1.95559 0.978357 0.0200054 -1.45766 -0.0144881 2.41377 -0.0144851 
-1.95552 0.978344 0.0200064 -1.45769 -0.0144641 2.41377 -0.00463458 
-1.9555 0.97834 0.0200206 -1.4577 -0.0143612 2.41378 0.0058461 
-1.95545 0.978335 0.0200241 -1.4577 -0.0141934 2.41377 0.0152845 
-1.95537 0.978335 0.020052 -1.45771 -0.0139293 2.41377 0.0250954 
-1.95525 0.978326 0.0200927 -1.45771 -0.01359 2.41378 0.0361288 
-1.95515 0.978319 0.0200946 -1.45772 -0.0133332 2.41378 0.0476178 
-1.95509 0.978311 0.0200998 -1.45774 -0.0131361 2.41378 0.0581306 
-1.95505 0.978309 0.0201041 -1.45775 -0.0129557 2.41377 0.0675867 
-1.95504 0.978288 0.0201069 -1.45777 -0.0128602 2.41377 0.0772808 
-1.95502 0.978283 0.0201077 -1.4578 -0.0128162 2.41377 0.0857104 
-1.95501 0.978193 0.020129 -1.45793 -0.0126072 2.41378 0.0920353 
-1.95494 0.978136 0.0201401 -1.45802 -0.0121461 2.41378 0.0987317 
-1.95485 0.978108 0.0201386 -1.45806 -0.0116498 2.41377 0.105383 
-1.95479 0.978094 0.0201483 -1.45809 -0.0110631 2.41378 0.112936 
-1.95467 0.978084 0.0201465 -1.45812 -0.0105299 2.41378 0.120967 
-1.95452 0.978067 0.0201413 -1.45816 -0.0100637 2.41378 0.1282 
-1.95438 0.978012 0.0201404 -1.45825 -0.00960974 2.41377 0.135905 
-1.95428 0.977919 0.020156 -1.4584 -0.00917445 2.41377 0.143339 
-1.95414 0.977816 0.020155 -1.45861 -0.00876574 2.41378 0.151163 
-1.95398 0.977775 0.0201547 -1.45864 -0.00861193 2.41379 0.158825 
-1.95386 0.977767 0.0201337 -1.45866 -0.00844706 2.41379 0.165698 
-1.95386 0.977765 0.0201446 -1.45867 -0.00821395 2.41379 0.172822 
-1.95384 0.977762 0.0201449 -1.45867 -0.00790884 2.41379 0.181326 
-1.95382 0.977755 0.0201565 -1.45866 -0.00764385 2.4138 0.189492 
-1.95376 0.977762 0.020153 -1.45866 -0.00754498 2.41384 0.198075 
-1.95372 0.977759 0.020156 -1.45867 -0.00749826 2.41385 0.205417 
-1.9537 0.977755 0.0201538 -1.45867 -0.00741795 2.41385 0.212185 
-1.9537 0.977749 0.0201598 -1.45868 -0.00737933 2.41384 0.219215 
-1.95368 0.977741 0.0201646 -1.4587 -0.00728159 2.41384 0.225385 
-1.95368 0.977728 0.0201577 -1.45871 -0.00711075 2.41383 0.231892 
-1.95367 0.977723 0.0201662 -1.45871 -0.00696545 2.41384 0.237815 
-1.95366 0.97772 0.0201662 -1.45871 -0.00672284 2.41385 0.243684 
-1.95365 0.977718 0.0201626 -1.45871 -0.00643792 2.41384 0.249772 
-1.95365 0.977715 0.0201711 -1.45871 -0.00631029 2.41385 0.255788 
-1.9536 0.977719 0.020179 -1.45871 -0.00618967 2.41385 0.261659 
-1.95355 0.97772 0.0201839 -1.45871 -0.00599666 2.41386 0.267913 
-1.95348 0.97772 0.0201918 -1.45871 -0.00590594 2.41388 0.274088 
-1.95337 0.977731 0.0201914 -1.45871 -0.00586984 2.41408 0.279775 
-1.95329 0.977732 0.0201897 -1.45872 -0.00577419 2.41409 0.284856 
-1.95326 0.977732 0.0201986 -1.45873 -0.00570514 2.4141 0.290559 
-1.95318 0.977732 0.020192 -1.45872 -0.00569305 2.4141 0.295883 
-1.95312 0.977734 0.0201968 -1.45873 -0.00566728 2.4141 0.300904 
-1.95308 0.977736 0.0201946 -1.45873 -0.00562709 2.4141 0.305977 
-1.95305 0.977736 0.0202014 -1.45873 -0.00562293 2.4141 0.312051 
-1.95302 0.977736 0.0202014 -1.45873 -0.00561679 2.4141 0.317177 
-1.95298 0.977736 0.0202061 -1.45873 -0.00558673 2.4141 0.321311 
-1.95292 0.977738 0.0202078 -1.45873 -0.00550611 2.41411 0.325495 
-1.95285 0.977738 0.0202189 -1.45873 -0.00550441 2.41411 0.330564 
-1.95273 0.977742 0.0202159 -1.45873 -0.00550141 2.41412 0.335225 
-1.95262 0.977748 0.0202189 -1.45873 -0.00550125 2.41412 0.340017 
-1.95256 0.977748 0.0202182 -1.45873 -0.00549768 2.41411 0.345491 
-1.95252 0.977747 0.0202207 -1.45876 -0.00549781 2.4141 0.351596 
-1.95248 0.977737 0.0202307 -1.45879 -0.00549707 2.41411 0.356123 
-1.95244 0.977741 0.0202248 -1.45879 -0.005496 2.41412 0.360067 
-1.95246 0.977731 0.020214 -1.45879 -0.0054803 2.41412 0.363631 
-1.9525 0.977733 0.0202083 -1.45879 -0.00547851 2.41412 0.367814 
-1.95251 0.977739 0.0202015 -1.45879 -0.00547182 2.41412 0.371865 
-1.95254 0.977737 0.0202012 -1.45879 -0.00544573 2.41411 0.375733 
-1.95257 0.97773 0.0202 -1.45879 -0.00536555 2.41412 0.380127 
-1.95258 0.977732 0.0202052 -1.45878 -0.00528142 2.41414 0.385585 
-1.95252 0.977803 0.0202353 -1.45868 -0.00528139 2.41466 0.391187 
-1.95239 0.977963 0.0202421 -1.45865 -0.00528181 2.41567 0.395185 
-1.95228 0.978086 0.0202444 -1.45859 -0.00527968 2.41629 0.398578 
-1.95219 0.978246 0.020251 -1.45831 -0.00522487 2.41641 0.401376 
-1.9521 0.978454 0.0202705 -1.45796 -0.00503108 2.41644 0.405154 
-1.95199 0.978732 0.0202926 -1.45751 -0.00478684 2.41666 0.410202 
-1.95185 0.97908 0.0203647 -1.45702 -0.00458211 2.41711 0.416011 
-1.95158 0.979476 0.0203793 -1.45642 -0.00442886 2.41765 0.422408 
-1.95119 0.979941 0.020378 -1.45572 -0.00431575 2.41804 0.429413 
-1.9508 0.980487 0.0202793 -1.45485 -0.00431904 2.41835 0.436767 
-1.95075 0.981135 0.0202539 -1.45382 -0.0043065 2.41862 0.443135 
-1.95075 0.981869 0.0203049 -1.45263 -0.0042512 2.41867 0.449416 
-1.95064 0.982688 0.0203418 -1.4513 -0.00413177 2.41863 0.456238 
-1.95061 0.982928 0.0202871 -1.45099 -0.00418134 2.41862 0.461383 
-1.95065 0.982902 0.0202937 -1.45103 -0.0041783 2.41863 0.462971 
-1.95066 0.98289 0.0202901 -1.45103 -0.00415906 2.41863 0.463168 
-1.95071 0.982897 0.0202868 -1.45103 -0.00414199 2.41863 0.463835 
-1.95075 0.982892 0.0202968 -1.45103 -0.0041372 2.41863 0.46477 
-1.95077 0.982886 0.0202966 -1.45102 -0.00413225 2.41864 0.465678 
-1.95078 0.982884 0.0202972 -1.45102 -0.00411493 2.41863 0.466591 
-1.95078 0.982883 0.0203037 -1.45102 -0.0041083 2.41863 0.467896 
-1.95078 0.982886 0.0203001 -1.45103 -0.00410925 2.41864 0.468993 
-1.9508 0.98288 0.0203021 -1.45103 -0.00409812 2.41864 0.469402 
-1.9508 0.982881 0.0203105 -1.45103 -0.00407828 2.41863 0.469759 
-1.95078 0.982885 0.0203111 -1.45102 -0.00407796 2.41863 0.469833 
-1.9508 0.982885 0.0203193 -1.45102 -0.00405132 2.41863 0.469853 
-1.95079 0.982879 0.0203165 -1.45103 -0.00399206 2.41863 0.469925 
-1.9508 0.982884 0.0203158 -1.45102 -0.00398666 2.41864 0.47004 
-1.95081 0.982876 0.0203141 -1.45102 -0.00398065 2.41863 0.470073 
-1.95081 0.982874 0.0203157 -1.45102 -0.00397473 2.41864 0.470076 
-1.95081 0.982869 0.0203097 -1.45102 -0.00398806 2.41864 0.470075 
-1.95081 0.982858 0.0203048 -1.45102 -0.00402971 2.41863 0.47006 
-1.9508 0.982841 0.0202948 -1.45102 -0.00414586 2.41863 0.470032 
-1.9508 0.982815 0.0202821 -1.45102 -0.00448862 2.41863 0.469967 
-1.95076 0.982788 0.020285 -1.45102 -0.00510336 2.41863 0.469695 
-1.95068 0.982766 0.0202736 -1.45102 -0.00570491 2.41862 0.469166 
-1.95065 0.982738 0.0202636 -1.45102 -0.00598081 2.41862 0.468788 
-1.95067 0.982691 0.0202629 -1.45102 -0.00600734 2.41862 0.468764 
-1.95068 0.982628 0.0202623 -1.45101 -0.00602417 2.4186 0.468737 
-1.95064 0.982595 0.0202767 -1.45102 -0.00605845 2.4186 0.468721 
-1.95063 0.982576 0.0202874 -1.45101 -0.00607113 2.41859 0.468724 
-1.9507 0.982526 0.0202679 -1.45102 -0.00606678 2.41858 0.468715 
-1.9507 0.982517 0.020255 -1.45102 -0.00606804 2.41858 0.468706 
-1.95066 0.982503 0.0202716 -1.45103 -0.00608351 2.41857 0.468713 
-1.95069 0.982501 0.020268 -1.45103 -0.00608282 2.41857 0.468709 
-1.95069 0.982499 0.0202668 -1.45103 -0.00609399 2.41857 0.468708 
-1.95066 0.982483 0.0202667 -1.45103 -0.00618563 2.41857 0.468692 
-1.95068 0.982474 0.0202613 -1.45104 -0.00618396 2.41857 0.468683 
-1.95068 0.982464 0.0202635 -1.45105 -0.00619407 2.41857 0.468675 
-1.95067 0.982462 0.0202635 -1.45106 -0.00619011 2.41857 0.468677 
-1.95068 0.982452 0.0202599 -1.45106 -0.00618502 2.41857 0.468677 
-1.95067 0.982451 0.0202616 -1.45105 -0.00618502 2.41856 0.468674 
-1.95067 0.982451 0.0202616 -1.45106 -0.00618563 2.41856 0.468673 
-1.95068 0.982455 0.0202635 -1.45105 -0.00618633 2.41857 0.468675 
-1.95067 0.982452 0.0202635 -1.45106 -0.00618341 2.41856 0.468679 
-1.95068 0.982454 0.0202616 -1.45105 -0.00618563 2.41856 0.468674 
-1.95069 0.982432 0.0202669 -1.45105 -0.00618463 2.41856 0.468677 
-1.95067 0.982415 0.0202773 -1.45106 -0.00618828 2.41855 0.468677 
-1.95068 0.982421 0.0202574 -1.45106 -0.00618696 2.41856 0.468673 
-1.95067 0.982421 0.0202562 -1.45106 -0.00618516 2.41856 0.468672 
-1.95067 0.982418 0.0202582 -1.45106 -0.00618563 2.41856 0.468673 
-1.95068 0.982407 0.0202635 -1.45106 -0.0061866 2.41855 0.468669 
-1.95067 0.982415 0.0202606 -1.45106 -0.00618376 2.41856 0.468669 
-1.95067 0.982411 0.0202635 -1.45105 -0.00618696 2.41856 0.468671 
-1.95067 0.982411 0.0202662 -1.45105 -0.00618757 2.41855 0.468676 
-1.95067 0.98241 0.0202687 -1.45105 -0.00618563 2.41855 0.468669 
-1.95067 0.982413 0.0202628 -1.45105 -0.00618635 2.41855 0.468674 
-1.95067 0.982412 0.0202647 -1.45105 -0.00618721 2.41856 0.468675 
-1.95068 0.98241 0.0202613 -1.45105 -0.00618631 2.41855 0.468672 
-1.95067 0.98241 0.0202627 -1.45105 -0.00618563 2.41855 0.468673 
-1.95067 0.982408 0.0202616 -1.45105 -0.00618559 2.41855 0.468674 
-1.95067 0.982409 0.0202635 -1.45105 -0.00618563 2.41855 0.468671 
-1.95067 0.982412 0.0202633 -1.45106 -0.00618634 2.41855 0.468671 
-1.95068 0.982405 0.0202635 -1.45105 -0.00618502 2.41856 0.468674 
-1.95067 0.982409 0.0202651 -1.45105 -0.00618183 2.41855 0.468669 
-1.95067 0.982407 0.0202607 -1.45105 -0.00618243 2.41855 0.46867 
-1.95067 0.982407 0.0202652 -1.45105 -0.00618502 2.41855 0.468671 
-1.95067 0.982405 0.0202626 -1.45105 -0.00618502 2.41856 0.468669 
-1.95068 0.982407 0.0202652 -1.45105 -0.00618243 2.41856 0.468674 
-1.95067 0.982409 0.0202652 -1.45105 -0.00618635 2.41855 0.468672 
-1.95068 0.982402 0.0202616 -1.45105 -0.00618633 2.41855 0.468671 
-1.95067 0.982403 0.0202635 -1.45105 -0.00618634 2.41856 0.468674 
-1.95067 0.982405 0.0202646 -1.45105 -0.00618635 2.41855 0.468669 
-1.95067 0.982404 0.020263 -1.45106 -0.00618396 2.41855 0.468672 
-1.95067 0.982405 0.0202628 -1.45105 -0.00618502 2.41856 0.468674 
-1.95067 0.982405 0.0202644 -1.45105 -0.00618441 2.41856 0.468674 
-1.95067 0.982407 0.0202633 -1.45105 -0.00618563 2.41855 0.468676 
-1.95067 0.982403 0.0202686 -1.45105 -0.00618466 2.41855 0.468674 
-1.95067 0.982405 0.0202635 -1.45105 -0.00618501 2.41855 0.468675 
-1.95067 0.982402 0.0202669 -1.45105 -0.00618232 2.41855 0.468672 
-1.95067 0.982402 0.0202651 -1.45105 -0.00618441 2.41855 0.468673 
-1.95067 0.982402 0.0202649 -1.45105 -0.00618167 2.41855 0.468674 
-1.95067 0.982402 0.0202645 -1.45105 -0.00618335 2.41855 0.468676 
-1.95067 0.982404 0.0202645 -1.45105 -0.00618563 2.41855 0.468677 
-1.95067 0.982402 0.0202616 -1.45105 -0.00618502 2.41855 0.468675 
-1.95068 0.9824 0.0202652 -1.45105 -0.00618501 2.41855 0.468676 
