0.999121 -0.0411688 0.00659599 0 -0.0409139 -0.99854 -0.0349833 0 0.00802674 0.0346833 -0.999366 0 -0.15639 -0.396876 0.53433 1 
0.999121 -0.0411556 0.00659567 0 -0.0409007 -0.998541 -0.0349857 0 0.00802606 0.0346859 -0.999366 0 -0.156386 -0.396878 0.534328 1 
0.999121 -0.0411579 0.00659324 0 -0.0409031 -0.998541 -0.0349827 0 0.00802358 0.0346829 -0.999366 0 -0.156386 -0.396877 0.534331 1 
0.999121 -0.0411608 0.00659352 0 -0.0409061 -0.998541 -0.0349839 0 0.00802402 0.0346841 -0.999366 0 -0.156387 -0.396879 0.534329 1 
0.999121 -0.0411586 0.00659561 0 -0.0409038 -0.998541 -0.0349859 0 0.00802612 0.0346861 -0.999366 0 -0.156386 -0.396877 0.534329 1 
0.999121 -0.0411578 0.00659693 0 -0.0409029 -0.998541 -0.0349909 0 0.0080276 0.034691 -0.999366 0 -0.156387 -0.396878 0.534326 1 
0.999121 -0.041164 0.00659673 0 -0.0409091 -0.99854 -0.0349887 0 0.00802753 0.0346888 -0.999366 0 -0.156389 -0.396877 0.534327 1 
0.999122 -0.0411517 0.00659524 0 -0.0408969 -0.998541 -0.0349825 0 0.00802536 0.0346827 -0.999366 0 -0.156385 -0.396878 0.53433 1 
0.999121 -0.04116 0.00659658 0 -0.040905 -0.998541 -0.0349873 0 0.00802719 0.0346874 -0.999366 0 -0.156387 -0.396877 0.534329 1 
0.999121 -0.0411586 0.00659763 0 -0.0409036 -0.99854 -0.0349933 0 0.00802843 0.0346933 -0.999366 0 -0.156386 -0.396878 0.534326 1 
0.999121 -0.0411605 0.00659319 0 -0.0409057 -0.998541 -0.0349849 0 0.00802372 0.0346852 -0.999366 0 -0.156386 -0.396878 0.53433 1 
0.999121 -0.0411571 0.00659467 0 -0.0409023 -0.998541 -0.0349863 0 0.00802513 0.0346865 -0.999366 0 -0.156387 -0.396879 0.534329 1 
0.999121 -0.0411592 0.00659524 0 -0.0409044 -0.998541 -0.034985 0 0.00802572 0.0346851 -0.999366 0 -0.156385 -0.396879 0.534329 1 
0.999121 -0.0411659 0.00659687 0 -0.040911 -0.99854 -0.03499 0 0.00802779 0.03469 -0.999366 0 -0.156386 -0.396877 0.534328 1 
0.999121 -0.0411638 0.00659213 0 -0.0409091 -0.998541 -0.0349783 0 0.00802251 0.0346785 -0.999366 0 -0.156389 -0.396877 0.534332 1 
0.999121 -0.0411523 0.00659305 0 -0.0408976 -0.998541 -0.0349821 0 0.00802318 0.0346824 -0.999366 0 -0.156385 -0.396879 0.53433 1 
0.999121 -0.0411587 0.0065987 0 -0.0409037 -0.998541 -0.0349847 0 0.00802916 0.0346848 -0.999366 0 -0.156386 -0.396878 0.534329 1 
0.999121 -0.0411553 0.00659392 0 -0.0409005 -0.998541 -0.0349823 0 0.00802416 0.0346825 -0.999366 0 -0.156387 -0.396878 0.53433 1 
0.999121 -0.0411648 0.00659306 0 -0.0409101 -0.998541 -0.0349828 0 0.00802365 0.034683 -0.999366 0 -0.156388 -0.396877 0.53433 1 
0.999121 -0.0411621 0.00659246 0 -0.0409074 -0.998541 -0.0349812 0 0.0080229 0.0346815 -0.999366 0 -0.156387 -0.396878 0.534331 1 
0.999121 -0.0411612 0.00659483 0 -0.0409063 -0.998541 -0.0349895 0 0.00802557 0.0346896 -0.999366 0 -0.156386 -0.396878 0.534328 1 
0.999121 -0.0411582 0.00659632 0 -0.0409033 -0.998541 -0.0349874 0 0.00802687 0.0346875 -0.999366 0 -0.156387 -0.396879 0.534327 1 
0.999121 -0.041159 0.00659515 0 -0.0409041 -0.998541 -0.0349844 0 0.0080256 0.0346846 -0.999366 0 -0.156386 -0.396878 0.534329 1 
0.999121 -0.0411556 0.00659284 0 -0.0409009 -0.998541 -0.0349834 0 0.00802314 0.0346837 -0.999366 0 -0.156386 -0.396877 0.534331 1 
0.999121 -0.0411619 0.00659576 0 -0.040907 -0.998541 -0.0349861 0 0.00802639 0.0346862 -0.999366 0 -0.156388 -0.396877 0.534329 1 
0.999121 -0.0411603 0.00659448 0 -0.0409055 -0.998541 -0.0349849 0 0.008025 0.034685 -0.999366 0 -0.156385 -0.396879 0.534328 1 
0.999121 -0.0411636 0.0065944 0 -0.0409088 -0.998541 -0.0349825 0 0.00802494 0.0346827 -0.999366 0 -0.156388 -0.396877 0.53433 1 
0.999121 -0.0411594 0.0065939 0 -0.0409046 -0.998541 -0.0349829 0 0.00802431 0.0346831 -0.999366 0 -0.156386 -0.396877 0.534331 1 
0.999122 -0.0411505 0.00659537 0 -0.0408956 -0.998541 -0.034988 0 0.00802568 0.0346882 -0.999366 0 -0.156385 -0.396879 0.534328 1 
0.999121 -0.0411546 0.00659455 0 -0.0408997 -0.998541 -0.0349926 0 0.00802519 0.0346928 -0.999366 0 -0.156383 -0.396879 0.534327 1 
0.999121 -0.0411562 0.00659586 0 -0.0409013 -0.998541 -0.0349861 0 0.00802629 0.0346863 -0.999366 0 -0.156386 -0.396878 0.534328 1 
0.999121 -0.0411649 0.00659635 0 -0.04091 -0.99854 -0.0349881 0 0.00802716 0.0346882 -0.999366 0 -0.156388 -0.396878 0.534327 1 
0.999121 -0.0411528 0.00659341 0 -0.040898 -0.998541 -0.0349829 0 0.00802359 0.0346832 -0.999366 0 -0.156385 -0.396879 0.53433 1 
0.999121 -0.041167 0.00659523 0 -0.0409122 -0.99854 -0.034985 0 0.00802599 0.0346851 -0.999366 0 -0.156389 -0.396877 0.53433 1 
0.999121 -0.0411569 0.00659667 0 -0.0409019 -0.998541 -0.0349901 0 0.00802728 0.0346902 -0.999366 0 -0.156387 -0.396878 0.534327 1 
0.999121 -0.0411559 0.00659762 0 -0.0409009 -0.998541 -0.0349906 0 0.00802822 0.0346907 -0.999366 0 -0.156387 -0.396879 0.534326 1 
0.999121 -0.0411622 0.00659454 0 -0.0409074 -0.998541 -0.034985 0 0.00802513 0.0346851 -0.999366 0 -0.156386 -0.396878 0.534329 1 
0.999121 -0.0411633 0.00659386 0 -0.0409085 -0.998541 -0.0349788 0 0.00802424 0.0346789 -0.999366 0 -0.156389 -0.396876 0.534332 1 
0.999121 -0.041162 0.00659411 0 -0.0409072 -0.998541 -0.0349855 0 0.00802471 0.0346857 -0.999366 0 -0.156388 -0.396878 0.534328 1 
0.999122 -0.0411509 0.00659546 0 -0.040896 -0.998541 -0.0349946 0 0.00802605 0.0346948 -0.999366 0 -0.156384 -0.39688 0.534325 1 
0.999121 -0.0411563 0.00659472 0 -0.0409015 -0.998541 -0.0349826 0 0.00802501 0.0346828 -0.999366 0 -0.156388 -0.396877 0.534331 1 
0.999121 -0.0411656 0.00659672 0 -0.0409107 -0.998541 -0.0349847 0 0.00802741 0.0346847 -0.999366 0 -0.15639 -0.396877 0.534328 1 
0.999121 -0.0411631 0.00659308 0 -0.0409083 -0.998541 -0.034983 0 0.00802363 0.0346832 -0.999366 0 -0.156385 -0.396877 0.53433 1 
0.999121 -0.0411522 0.00659455 0 -0.0408974 -0.998541 -0.0349905 0 0.00802502 0.0346907 -0.999366 0 -0.156384 -0.396878 0.534327 1 
0.999121 -0.0411601 0.00659212 0 -0.0409054 -0.998541 -0.0349795 0 0.00802241 0.0346798 -0.999366 0 -0.156389 -0.396878 0.534332 1 
0.999121 -0.0411613 0.00659474 0 -0.0409064 -0.998541 -0.0349872 0 0.00802539 0.0346873 -0.999366 0 -0.156386 -0.396878 0.534329 1 
0.999121 -0.0411593 0.00659357 0 -0.0409045 -0.998541 -0.0349858 0 0.0080241 0.034686 -0.999366 0 -0.156386 -0.396878 0.534328 1 
0.999121 -0.0411531 0.00659375 0 -0.0408983 -0.998541 -0.034982 0 0.0080239 0.0346823 -0.999366 0 -0.156385 -0.396879 0.53433 1 
0.999121 -0.0411524 0.00659538 0 -0.0408976 -0.998541 -0.034983 0 0.00802554 0.0346832 -0.999366 0 -0.156385 -0.396879 0.534329 1 
0.999121 -0.0411612 0.00659488 0 -0.0409064 -0.998541 -0.0349874 0 0.00802553 0.0346875 -0.999366 0 -0.156387 -0.396879 0.534328 1 
0.999121 -0.0411601 0.00659589 0 -0.0409052 -0.998541 -0.0349829 0 0.00802632 0.0346831 -0.999366 0 -0.156387 -0.396878 0.534329 1 
0.999121 -0.0411575 0.00659387 0 -0.0409028 -0.998541 -0.0349824 0 0.00802419 0.0346827 -0.999366 0 -0.156387 -0.396878 0.53433 1 
0.999121 -0.0411552 0.00659596 0 -0.0409003 -0.998541 -0.0349901 0 0.00802652 0.0346902 -0.999366 0 -0.156385 -0.396879 0.534326 1 
0.999121 -0.0411613 0.00659554 0 -0.0409065 -0.998541 -0.034986 0 0.00802614 0.0346861 -0.999366 0 -0.156386 -0.396877 0.53433 1 
0.999121 -0.0411617 0.00659513 0 -0.0409068 -0.998541 -0.0349829 0 0.00802561 0.034683 -0.999366 0 -0.156386 -0.396878 0.53433 1 
0.999121 -0.04116 0.00659868 0 -0.0409049 -0.99854 -0.0349961 0 0.00802964 0.0346961 -0.999366 0 -0.156386 -0.396878 0.534325 1 
0.999121 -0.0411525 0.00659644 0 -0.0408976 -0.998541 -0.034989 0 0.00802686 0.0346892 -0.999366 0 -0.156387 -0.396878 0.534328 1 
0.999121 -0.0411612 0.00659382 0 -0.0409065 -0.998541 -0.0349829 0 0.00802429 0.034683 -0.999366 0 -0.156386 -0.396879 0.53433 1 
0.999121 -0.0411585 0.00659625 0 -0.0409036 -0.998541 -0.0349889 0 0.00802687 0.034689 -0.999366 0 -0.156388 -0.396878 0.534327 1 
0.999121 -0.0411566 0.00659652 0 -0.0409017 -0.998541 -0.0349896 0 0.0080271 0.0346897 -0.999366 0 -0.156387 -0.396878 0.534326 1 
0.999121 -0.0411647 0.00659415 0 -0.0409099 -0.998541 -0.0349838 0 0.00802478 0.0346839 -0.999366 0 -0.156388 -0.396878 0.534329 1 
0.999121 -0.0411541 0.0065931 0 -0.0408994 -0.998541 -0.0349841 0 0.00802338 0.0346844 -0.999366 0 -0.156386 -0.396879 0.534329 1 
0.999121 -0.0411567 0.006595 0 -0.0409019 -0.998541 -0.0349841 0 0.00802536 0.0346843 -0.999366 0 -0.156386 -0.396877 0.53433 1 
0.999121 -0.0411602 0.00659509 0 -0.0409053 -0.998541 -0.0349878 0 0.00802573 0.0346879 -0.999366 0 -0.156387 -0.396877 0.534329 1 
0.999121 -0.0411618 0.0065929 0 -0.0409071 -0.998541 -0.0349823 0 0.00802337 0.0346825 -0.999366 0 -0.156387 -0.396877 0.534331 1 
0.999121 -0.0411599 0.00659185 0 -0.0409052 -0.998541 -0.0349789 0 0.00802212 0.0346792 -0.999366 0 -0.156388 -0.396878 0.534331 1 
0.999121 -0.0411596 0.0065953 0 -0.0409047 -0.998541 -0.0349863 0 0.00802585 0.0346865 -0.999366 0 -0.156386 -0.396877 0.534329 1 
0.999121 -0.0411642 0.00659483 0 -0.0409093 -0.998541 -0.0349821 0 0.00802537 0.0346823 -0.999366 0 -0.156387 -0.396877 0.534331 1 
0.999121 -0.0411578 0.00659557 0 -0.0409029 -0.998541 -0.0349877 0 0.00802612 0.0346878 -0.999366 0 -0.156387 -0.396877 0.534329 1 
0.999121 -0.0411608 0.00659394 0 -0.040906 -0.998541 -0.0349831 0 0.00802441 0.0346833 -0.999366 0 -0.156386 -0.396879 0.53433 1 
0.999121 -0.0411613 0.00659567 0 -0.0409064 -0.998541 -0.0349858 0 0.00802626 0.0346859 -0.999366 0 -0.156387 -0.396877 0.534329 1 
0.999121 -0.0411549 0.00659435 0 -0.0409001 -0.998541 -0.0349837 0 0.00802463 0.0346839 -0.999366 0 -0.156387 -0.396879 0.534329 1 
0.999121 -0.0411634 0.00659399 0 -0.0409085 -0.998541 -0.0349856 0 0.00802464 0.0346857 -0.999366 0 -0.156387 -0.396878 0.534328 1 
0.999121 -0.0411641 0.0065949 0 -0.0409092 -0.998541 -0.0349855 0 0.00802558 0.0346856 -0.999366 0 -0.156388 -0.396878 0.534329 1 
0.999121 -0.041156 0.0065947 0 -0.0409012 -0.998541 -0.0349863 0 0.00802513 0.0346865 -0.999366 0 -0.156387 -0.396879 0.534328 1 
0.999121 -0.0411653 0.00659602 0 -0.0409104 -0.998541 -0.0349838 0 0.00802666 0.0346839 -0.999366 0 -0.156388 -0.396878 0.534329 1 
0.999121 -0.0411571 0.00659375 0 -0.0409024 -0.998541 -0.0349824 0 0.00802406 0.0346826 -0.999366 0 -0.156386 -0.396878 0.53433 1 
0.999121 -0.041161 0.00659865 0 -0.040906 -0.998541 -0.0349866 0 0.00802926 0.0346866 -0.999366 0 -0.156385 -0.396878 0.534328 1 
0.999121 -0.0411609 0.0065948 0 -0.0409061 -0.998541 -0.0349857 0 0.00802538 0.0346858 -0.999366 0 -0.156387 -0.396876 0.534329 1 
0.999121 -0.0411619 0.00659408 0 -0.0409071 -0.998541 -0.0349836 0 0.0080246 0.0346838 -0.999366 0 -0.156386 -0.396879 0.534329 1 
0.999122 -0.0411504 0.00659252 0 -0.0408956 -0.998541 -0.0349844 0 0.00802267 0.0346847 -0.999366 0 -0.156385 -0.396879 0.53433 1 
0.999121 -0.0411544 0.00659373 0 -0.0408996 -0.998541 -0.0349868 0 0.00802412 0.034687 -0.999366 0 -0.156385 -0.396879 0.534328 1 
0.999122 -0.0411302 0.0065956 0 -0.0408753 -0.998542 -0.0349944 0 0.00802547 0.0346948 -0.999366 0 -0.156375 -0.396882 0.534326 1 
0.999122 -0.0411314 0.00659183 0 -0.0408767 -0.998542 -0.0349908 0 0.00802159 0.0346913 -0.999366 0 -0.156376 -0.396882 0.534327 1 
0.99912 -0.041195 0.00659991 0 -0.0409399 -0.998539 -0.034987 0 0.00803171 0.0346867 -0.999366 0 -0.1564 -0.396872 0.534328 1 
0.999119 -0.0412121 0.00660534 0 -0.0409569 -0.998539 -0.0349848 0 0.00803764 0.0346841 -0.999366 0 -0.156412 -0.39687 0.534327 1 
0.999121 -0.0411602 0.00659985 0 -0.0409051 -0.998541 -0.0349909 0 0.00803061 0.0346909 -0.999366 0 -0.156393 -0.396878 0.534327 1 
0.999122 -0.0411304 0.0065877 0 -0.0408759 -0.998542 -0.0349884 0 0.00801734 0.0346891 -0.999366 0 -0.156374 -0.396883 0.534329 1 
0.999121 -0.0411564 0.00659247 0 -0.0409017 -0.998541 -0.034975 0 0.00802246 0.0346753 -0.999366 0 -0.156386 -0.396877 0.534334 1 
0.999119 -0.0412119 0.00660187 0 -0.0409568 -0.998539 -0.0349769 0 0.00803384 0.0346764 -0.999366 0 -0.156412 -0.39687 0.53433 1 
0.999119 -0.0412181 0.00660308 0 -0.040963 -0.998538 -0.0349809 0 0.00803543 0.0346803 -0.999366 0 -0.156414 -0.396869 0.534329 1 
0.99912 -0.041185 0.00659079 0 -0.0409305 -0.99854 -0.0349659 0 0.0080214 0.0346661 -0.999367 0 -0.156399 -0.396873 0.534337 1 
0.999121 -0.0411633 0.00658619 0 -0.0409089 -0.998541 -0.0349639 0 0.00801596 0.0346644 -0.999367 0 -0.156389 -0.396877 0.534338 1 
0.999121 -0.0411726 0.00659586 0 -0.0409178 -0.99854 -0.0349806 0 0.00802663 0.0346806 -0.999366 0 -0.156395 -0.396876 0.534331 1 
0.99912 -0.0411978 0.00659576 0 -0.040943 -0.99854 -0.0349712 0 0.00802702 0.0346711 -0.999367 0 -0.156406 -0.396873 0.534334 1 
0.999119 -0.0412122 0.00659526 0 -0.0409575 -0.998539 -0.0349647 0 0.00802676 0.0346644 -0.999367 0 -0.156409 -0.396869 0.534336 1 
0.999119 -0.0412019 0.00659364 0 -0.0409472 -0.99854 -0.0349685 0 0.00802493 0.0346683 -0.999367 0 -0.156406 -0.396871 0.534335 1 
0.999121 -0.0411576 0.00658988 0 -0.0409031 -0.998541 -0.0349714 0 0.00801977 0.0346718 -0.999367 0 -0.156389 -0.396879 0.534333 1 
0.999123 -0.0411262 0.00657869 0 -0.0408721 -0.998543 -0.0349562 0 0.00800687 0.0346573 -0.999367 0 -0.156375 -0.396886 0.534339 1 
0.999123 -0.0411183 0.00657508 0 -0.0408645 -0.998544 -0.0349437 0 0.00800249 0.034645 -0.999368 0 -0.156375 -0.396888 0.534344 1 
0.999121 -0.0411714 0.00658076 0 -0.0409174 -0.998542 -0.0349412 0 0.00800989 0.0346419 -0.999368 0 -0.156394 -0.39688 0.534344 1 
0.999119 -0.0412049 0.00658548 0 -0.0409507 -0.99854 -0.0349379 0 0.00801563 0.0346381 -0.999368 0 -0.156407 -0.396873 0.534346 1 
0.99912 -0.0411938 0.00658156 0 -0.0409398 -0.998541 -0.0349351 0 0.00801122 0.0346356 -0.999368 0 -0.156403 -0.396874 0.534347 1 
0.999121 -0.0411768 0.00657856 0 -0.040923 -0.998542 -0.0349299 0 0.00800742 0.0346306 -0.999368 0 -0.156396 -0.396877 0.53435 1 
0.99912 -0.0412008 0.00657388 0 -0.0409473 -0.998542 -0.03491 0 0.00800276 0.0346108 -0.999369 0 -0.156405 -0.396871 0.534359 1 
0.999119 -0.0412243 0.00657632 0 -0.0409708 -0.998541 -0.0348988 0 0.00800556 0.0345993 -0.999369 0 -0.156417 -0.396866 0.534363 1 
0.999118 -0.0412386 0.00657478 0 -0.0409851 -0.99854 -0.0348976 0 0.00800447 0.034598 -0.999369 0 -0.156419 -0.396867 0.534363 1 
0.999119 -0.0412251 0.006572 0 -0.0409718 -0.998541 -0.0348939 0 0.00800107 0.0345945 -0.999369 0 -0.156416 -0.396869 0.534366 1 
0.999119 -0.0412197 0.00656562 0 -0.0409668 -0.998542 -0.0348739 0 0.0079937 0.0345749 -0.99937 0 -0.156415 -0.396872 0.534374 1 
0.999119 -0.0412147 0.00656481 0 -0.0409618 -0.998542 -0.034876 0 0.00799279 0.034577 -0.99937 0 -0.156414 -0.396873 0.534374 1 
0.999119 -0.0412211 0.00656626 0 -0.040968 -0.998542 -0.0348854 0 0.00799485 0.0345863 -0.99937 0 -0.156416 -0.396872 0.53437 1 
0.999117 -0.0412735 0.0065688 0 -0.0410204 -0.99854 -0.0348729 0 0.00799869 0.0345733 -0.99937 0 -0.156439 -0.396864 0.534374 1 
0.999115 -0.0413067 0.00657473 0 -0.0410534 -0.998539 -0.0348689 0 0.0080056 0.0345688 -0.99937 0 -0.156453 -0.396859 0.534374 1 
0.999116 -0.0412948 0.00657373 0 -0.0410415 -0.998539 -0.0348734 0 0.00800437 0.0345735 -0.99937 0 -0.15645 -0.396863 0.534372 1 
0.999117 -0.0412732 0.00656459 0 -0.0410204 -0.99854 -0.0348579 0 0.00799386 0.0345585 -0.999371 0 -0.156441 -0.396863 0.53438 1 
0.999116 -0.0412806 0.0065746 0 -0.0410272 -0.998539 -0.0348887 0 0.00800538 0.0345888 -0.99937 0 -0.156444 -0.396865 0.534367 1 
0.999116 -0.0412789 0.0066036 0 -0.0410238 -0.998537 -0.0349662 0 0.00803745 0.0346651 -0.999367 0 -0.156442 -0.396874 0.534329 1 
0.999117 -0.0412675 0.00660402 0 -0.0410124 -0.998537 -0.0349763 0 0.00803789 0.0346752 -0.999366 0 -0.15644 -0.396875 0.534327 1 
0.999118 -0.0412314 0.0066077 0 -0.040976 -0.998538 -0.034989 0 0.00804084 0.034688 -0.999366 0 -0.156424 -0.396878 0.534321 1 
0.999119 -0.0412073 0.00663519 0 -0.0409503 -0.998536 -0.0350755 0 0.00807099 0.0347735 -0.999363 0 -0.156413 -0.396886 0.534283 1 
0.999118 -0.0412203 0.00666449 0 -0.0409616 -0.998532 -0.0351565 0 0.00810402 0.0348532 -0.99936 0 -0.156422 -0.396896 0.534244 1 
0.999118 -0.0412219 0.00670991 0 -0.0409608 -0.998529 -0.0352606 0 0.00815371 0.0349553 -0.999356 0 -0.15643 -0.396911 0.534197 1 
0.999119 -0.0411761 0.00678271 0 -0.0409107 -0.998523 -0.0354773 0 0.00823367 0.0351693 -0.999347 0 -0.156414 -0.396929 0.5341 1 
0.99912 -0.0411558 0.00685121 0 -0.0408863 -0.998517 -0.0356823 0 0.00830975 0.0353715 -0.99934 0 -0.156413 -0.396957 0.534004 1 
0.999115 -0.0412581 0.00689399 0 -0.0409862 -0.998509 -0.0357892 0 0.00836047 0.0354756 -0.999336 0 -0.156477 -0.396975 0.533904 1 
0.999101 -0.0416316 0.00665492 0 -0.0413744 -0.998521 -0.0349883 0 0.00810185 0.0346822 -0.999366 0 -0.156732 -0.39715 0.53385 1 
0.999087 -0.0420009 0.00652438 0 -0.0417511 -0.998519 -0.0345925 0 0.00796779 0.0342892 -0.99938 0 -0.156972 -0.397312 0.533605 1 
0.999072 -0.0423537 0.00651702 0 -0.0421042 -0.998505 -0.0345672 0 0.00797149 0.0342614 -0.999381 0 -0.157201 -0.397455 0.533252 1 
0.999043 -0.0430244 0.00656859 0 -0.0427721 -0.998474 -0.0346553 0 0.00804974 0.0343419 -0.999378 0 -0.157581 -0.397614 0.532834 1 
0.999003 -0.0438587 0.00701811 0 -0.04358 -0.998396 -0.0358768 0 0.00858053 0.0355359 -0.999332 0 -0.157974 -0.397625 0.532183 1 
0.998966 -0.0446049 0.00764827 0 -0.0442868 -0.998299 -0.0376607 0 0.00931529 0.0372837 -0.999261 0 -0.15831 -0.397604 0.531337 1 
0.998915 -0.045541 0.00867899 0 -0.0451527 -0.998143 -0.0406494 0 0.0105143 0.0402142 -0.999136 0 -0.158764 -0.397631 0.529923 1 
0.998866 -0.0463891 0.00976206 0 -0.0459141 -0.997954 -0.0442685 0 0.0117959 0.0437709 -0.998972 0 -0.159222 -0.397678 0.528243 1 
0.998819 -0.047156 0.0108815 0 -0.0465772 -0.997731 -0.0484167 0 0.0131402 0.0478536 -0.998768 0 -0.159692 -0.397779 0.526281 1 
0.998777 -0.0478286 0.0117658 0 -0.0471473 -0.997492 -0.0526149 0 0.014253 0.0519968 -0.998546 0 -0.160247 -0.398046 0.524068 1 
0.99874 -0.0484486 0.0123372 0 -0.0476694 -0.99722 -0.0571094 0 0.01507 0.0564504 -0.998292 0 -0.160944 -0.398486 0.521468 1 
0.99872 -0.0488976 0.0121323 0 -0.048067 -0.996955 -0.0612531 0 0.0150908 0.0605928 -0.998048 0 -0.161811 -0.399144 0.518694 1 
0.998723 -0.049154 0.0107757 0 -0.0483512 -0.996694 -0.0651506 0 0.0139428 0.0645477 -0.997817 0 -0.162941 -0.400033 0.515751 1 
0.99874 -0.0492181 0.00878926 0 -0.0484979 -0.996433 -0.0689266 0 0.0121506 0.0684148 -0.997583 0 -0.164225 -0.401133 0.51259 1 
0.99876 -0.0491255 0.0067831 0 -0.0485183 -0.996263 -0.0713187 0 0.0102615 0.0709026 -0.99743 0 -0.165572 -0.402717 0.509226 1 
0.998776 -0.0490534 0.00458744 0 -0.0486036 -0.996272 -0.0711421 0 0.00806025 0.0708334 -0.997456 0 -0.167078 -0.404964 0.505769 1 
0.998787 -0.0490054 0.00213896 0 -0.0487398 -0.996396 -0.0692768 0 0.0055263 0.0690898 -0.997595 0 -0.168765 -0.407715 0.502116 1 
0.998794 -0.0489047 -0.000427524 0 -0.0488261 -0.996613 -0.0660241 0 0.00280287 0.0659666 -0.997818 0 -0.170434 -0.410646 0.49871 1 
0.998798 -0.0487385 -0.00294625 0 -0.0488274 -0.996906 -0.0614336 0 5.70479e-05 0.0615047 -0.998107 0 -0.172187 -0.414101 0.49499 1 
0.998799 -0.0485599 -0.00483192 0 -0.0487568 -0.997166 -0.0571229 0 -0.00204439 0.057291 -0.998355 0 -0.173937 -0.417847 0.490806 1 
0.998795 -0.0484379 -0.00650298 0 -0.0487117 -0.99744 -0.0521587 0 -0.00395996 0.0524137 -0.998618 0 -0.175642 -0.421684 0.486645 1 
0.998789 -0.0483436 -0.008025 0 -0.0486709 -0.997678 -0.0474309 0 -0.0057135 0.047765 -0.998842 0 -0.177278 -0.425374 0.482489 1 
0.998788 -0.0482153 -0.00884481 0 -0.0485632 -0.997815 -0.044592 0 -0.00667559 0.0449684 -0.998966 0 -0.178941 -0.429166 0.477579 1 
0.99879 -0.0480856 -0.00937634 0 -0.0484418 -0.997914 -0.0424372 0 -0.00731631 0.0428408 -0.999055 0 -0.180592 -0.432986 0.472284 1 
0.998785 -0.048101 -0.00972824 0 -0.0484609 -0.997976 -0.0409514 0 -0.0077389 0.0413739 -0.999114 0 -0.182022 -0.436334 0.467637 1 
0.998763 -0.0486146 -0.00944612 0 -0.0489633 -0.997946 -0.0410795 0 -0.0074298 0.041492 -0.999111 0 -0.18355 -0.439941 0.462117 1 
0.998714 -0.0496637 -0.00915876 0 -0.0500019 -0.997881 -0.0414076 0 -0.00708303 0.0418132 -0.9991 0 -0.184969 -0.443349 0.456857 1 
0.998615 -0.051762 -0.00838465 0 -0.0520768 -0.997702 -0.0431251 0 -0.00613325 0.0435029 -0.999034 0 -0.186343 -0.446625 0.451404 1 
0.998484 -0.054354 -0.00751078 0 -0.0546392 -0.997471 -0.0452438 0 -0.0050327 0.0455865 -0.998948 0 -0.187668 -0.449657 0.446192 1 
0.998345 -0.0569552 -0.00670288 0 -0.0572095 -0.997229 -0.0473514 0 -0.00398747 0.0476574 -0.998856 0 -0.189049 -0.452934 0.440676 1 
0.99822 -0.0592312 -0.00549422 0 -0.059433 -0.996956 -0.0502807 0 -0.00249935 0.0505186 -0.99872 0 -0.190451 -0.456228 0.434846 1 
0.998099 -0.0613281 -0.00415412 0 -0.0614628 -0.996654 -0.053697 0 -0.000847107 0.0538513 -0.998549 0 -0.191727 -0.459392 0.42894 1 
0.998009 -0.062868 -0.00271138 0 -0.06292 -0.996367 -0.0572318 0 0.000896539 0.0572895 -0.998357 0 -0.193045 -0.462581 0.422763 1 
0.998012 -0.0628564 -0.0012886 0 -0.062819 -0.996178 -0.0605358 0 0.00252144 0.0604976 -0.998165 0 -0.194233 -0.465857 0.416459 1 
0.998044 -0.0623537 2.51822e-05 0 -0.0622266 -0.996035 -0.06343 0 0.00398025 0.0633056 -0.997986 0 -0.195324 -0.468983 0.410446 1 
0.998094 -0.0615426 0.00148706 0 -0.0613067 -0.995879 -0.0666904 0 0.00558535 0.0664734 -0.997773 0 -0.196335 -0.472296 0.403846 1 
0.99814 -0.0607647 0.00234729 0 -0.0604639 -0.995832 -0.0681498 0 0.00647873 0.0678824 -0.997672 0 -0.197427 -0.475735 0.39759 1 
0.998189 -0.059909 0.00328574 0 -0.0595343 -0.995774 -0.0697951 0 0.00745336 0.0694744 -0.997556 0 -0.198429 -0.479165 0.391158 1 
0.998232 -0.0591687 0.00349374 0 -0.0587867 -0.995867 -0.0690871 0 0.00756724 0.0687609 -0.997604 0 -0.199866 -0.483532 0.383904 1 
0.998277 -0.0584073 0.00356832 0 -0.0580293 -0.995978 -0.0681245 0 0.00753308 0.0678014 -0.99767 0 -0.201074 -0.487287 0.377558 1 
0.998311 -0.0578406 0.00311158 0 -0.0575125 -0.996177 -0.0656049 0 0.00689445 0.0653164 -0.997841 0 -0.202416 -0.491139 0.371559 1 
0.998326 -0.0576145 0.00251454 0 -0.0573456 -0.996392 -0.0624185 0 0.00610179 0.062171 -0.998047 0 -0.204038 -0.495627 0.364366 1 
0.998333 -0.0575255 0.0018397 0 -0.0573156 -0.996585 -0.0592711 0 0.00524312 0.059068 -0.99824 0 -0.205433 -0.499446 0.358216 1 
0.998347 -0.057297 0.00113937 0 -0.0571435 -0.996785 -0.0559857 0 0.00434361 0.0558291 -0.998431 0 -0.20688 -0.503143 0.352189 1 
0.998367 -0.0569568 0.000695524 0 -0.0568382 -0.99694 -0.0534796 0 0.0037395 0.0533537 -0.998569 0 -0.208132 -0.506477 0.346263 1 
0.998384 -0.0566552 0.000377033 0 -0.0565614 -0.997072 -0.0512741 0 0.00328093 0.0511709 -0.998685 0 -0.209428 -0.50987 0.339934 1 
0.998415 -0.0561104 0.000295707 0 -0.056026 -0.997176 -0.0498266 0 0.00309072 0.049732 -0.998758 0 -0.210458 -0.512993 0.333587 1 
0.998435 -0.0557541 0.000124521 0 -0.0556834 -0.997277 -0.0481471 0 0.00280863 0.0480658 -0.99884 0 -0.211516 -0.515927 0.327615 1 
0.99846 -0.0552957 0.000269739 0 -0.0552208 -0.99734 -0.0473829 0 0.00288915 0.047296 -0.998877 0 -0.212371 -0.518601 0.321639 1 
0.998484 -0.0548711 0.000104512 0 -0.0548089 -0.99744 -0.0457203 0 0.00261302 0.0456461 -0.998954 0 -0.213313 -0.521374 0.315617 1 
0.998516 -0.0542811 0.000172907 0 -0.0542191 -0.997517 -0.0447299 0 0.00260051 0.044655 -0.998999 0 -0.214085 -0.524024 0.309411 1 
0.998538 -0.0538829 0.000157717 0 -0.053825 -0.997593 -0.0435031 0 0.00250146 0.0434318 -0.999053 0 -0.214921 -0.526561 0.303483 1 
0.998571 -0.0532652 0.000168888 0 -0.0532104 -0.997677 -0.0423153 0 0.00242248 0.0422466 -0.999104 0 -0.215594 -0.529059 0.29743 1 
0.998596 -0.0527815 0.000191672 0 -0.0527289 -0.997749 -0.0411978 0 0.00236577 0.0411306 -0.999151 0 -0.216281 -0.531474 0.291518 1 
0.998619 -0.0523559 0.000235514 0 -0.052304 -0.99781 -0.0402552 0 0.00234264 0.040188 -0.999189 0 -0.216854 -0.533724 0.286077 1 
0.998634 -0.0520578 0.000261017 0 -0.0520077 -0.997869 -0.039164 0 0.0022993 0.0390977 -0.999233 0 -0.217564 -0.53604 0.280294 1 
0.998649 -0.0517678 0.000296121 0 -0.0517191 -0.997927 -0.0380406 0 0.00226483 0.0379746 -0.999276 0 -0.218155 -0.53827 0.274935 1 
0.998638 -0.0519817 0.000741453 0 -0.0519157 -0.997915 -0.0380983 0 0.00272037 0.0380087 -0.999274 0 -0.218782 -0.540294 0.269226 1 
0.998626 -0.0522178 0.000639087 0 -0.052159 -0.997952 -0.0367817 0 0.00255849 0.0366985 -0.999323 0 -0.219473 -0.542423 0.264239 1 
0.998613 -0.0524631 0.000977503 0 -0.0523919 -0.997941 -0.0367409 0 0.00290309 0.0366394 -0.999324 0 -0.220181 -0.544321 0.25869 1 
0.998602 -0.0526653 0.000935995 0 -0.0525984 -0.997968 -0.0356974 0 0.00281416 0.035599 -0.999362 0 -0.220887 -0.546198 0.254174 1 
0.998585 -0.0529818 0.00142598 0 -0.0528957 -0.997935 -0.0361788 0 0.00333992 0.0360528 -0.999344 0 -0.221624 -0.547926 0.248943 1 
0.998582 -0.0530407 0.00138063 0 -0.0529598 -0.997971 -0.0350827 0 0.0032387 0.0349605 -0.999383 0 -0.222426 -0.549863 0.24429 1 
0.998581 -0.0530439 0.00160787 0 -0.052956 -0.997981 -0.0347959 0 0.0034504 0.0346621 -0.999393 0 -0.223102 -0.551566 0.239614 1 
0.998581 -0.0530317 0.00190811 0 -0.0529336 -0.997984 -0.0347335 0 0.00374632 0.0345839 -0.999395 0 -0.223768 -0.55326 0.23477 1 
0.998581 -0.0530377 0.00200075 0 -0.0529387 -0.998005 -0.0341298 0 0.003807 0.0339761 -0.999415 0 -0.224478 -0.555008 0.230385 1 
0.998576 -0.0531085 0.00248042 0 -0.0529911 -0.997985 -0.0346237 0 0.00431432 0.0344436 -0.999397 0 -0.225152 -0.556609 0.225516 1 
0.99858 -0.0530392 0.00231331 0 -0.0529334 -0.998036 -0.0332081 0 0.00407017 0.0330391 -0.999446 0 -0.225861 -0.558518 0.221434 1 
0.998582 -0.0529985 0.00245182 0 -0.0528904 -0.998057 -0.0326522 0 0.00417765 0.0324768 -0.999464 0 -0.226542 -0.560322 0.216803 1 
0.998586 -0.0529262 0.00217221 0 -0.0528339 -0.998115 -0.0309177 0 0.00380455 0.0307598 -0.99952 0 -0.227292 -0.562324 0.212722 1 
0.998586 -0.0529392 0.00209123 0 -0.0528538 -0.99815 -0.0297316 0 0.0036614 0.0295796 -0.999556 0 -0.228079 -0.56431 0.208353 1 
0.998588 -0.0529023 0.00189096 0 -0.0528282 -0.998197 -0.0281681 0 0.00337778 0.028029 -0.999601 0 -0.228847 -0.566331 0.203937 1 
0.998595 -0.0528049 0.00112188 0 -0.0527605 -0.998285 -0.0249895 0 0.00243957 0.0248957 -0.999687 0 -0.229663 -0.568547 0.200214 1 
0.998596 -0.052786 0.000786847 0 -0.0527537 -0.99833 -0.023132 0 0.00200662 0.0230584 -0.999732 0 -0.2304 -0.57045 0.196138 1 
0.9986 -0.0527205 2.41931e-05 0 -0.0527094 -0.998399 -0.0200507 0 0.00108126 0.0200217 -0.999799 0 -0.231214 -0.572606 0.192623 1 
0.998604 -0.0526436 -0.000209409 0 -0.0526384 -0.998431 -0.018587 0 0.000769421 0.0185724 -0.999827 0 -0.23192 -0.574477 0.188684 1 
0.998608 -0.0525568 -0.000507612 0 -0.0525579 -0.998464 -0.0169621 0 0.000384648 0.0169655 -0.999856 0 -0.232591 -0.5763 0.18481 1 
0.998613 -0.0524628 -0.00100082 0 -0.0524719 -0.998503 -0.0147785 0 -0.000224003 0.0148108 -0.99989 0 -0.233263 -0.57815 0.18128 1 
0.998619 -0.0523465 -0.000811436 0 -0.0523528 -0.998512 -0.0145863 0 -4.66863e-05 0.014609 -0.999893 0 -0.233769 -0.579613 0.177088 1 
0.998629 -0.0521521 -0.000800342 0 -0.0521582 -0.99853 -0.0140971 0 -6.39712e-05 0.0141198 -0.9999 0 -0.234231 -0.581042 0.173702 1 
0.998635 -0.0520397 -0.000493659 0 -0.0520414 -0.998531 -0.0144291 0 0.000257955 0.0144353 -0.999896 0 -0.234686 -0.582361 0.169998 1 
0.998639 -0.0519633 0.000454201 0 -0.0519486 -0.998503 -0.0165654 0 0.00131434 0.0165196 -0.999863 0 -0.235 -0.583325 0.165963 1 
0.998646 -0.0518181 0.00134471 0 -0.0517838 -0.998472 -0.0187713 0 0.00231539 0.0186766 -0.999823 0 -0.235284 -0.584259 0.16248 1 
0.998648 -0.0517133 0.00279648 0 -0.0516366 -0.998397 -0.0227346 0 0.00396775 0.0225599 -0.999738 0 -0.235474 -0.584836 0.15846 1 
0.998652 -0.051558 0.00419136 0 -0.0514292 -0.998314 -0.0265347 0 0.00555248 0.0262839 -0.999639 0 -0.235659 -0.585459 0.154706 1 
0.998662 -0.0512576 0.00519788 0 -0.0510833 -0.998251 -0.0294383 0 0.00669786 0.0291339 -0.999553 0 -0.235902 -0.586217 0.15156 1 
0.998667 -0.051011 0.00660826 0 -0.0507629 -0.998141 -0.0334448 0 0.00830219 0.0330654 -0.999419 0 -0.236074 -0.586791 0.147613 1 
0.998673 -0.0506991 0.0078517 0 -0.0503759 -0.998035 -0.036991 0 0.00971187 0.0365471 -0.999285 0 -0.236256 -0.587468 0.143926 1 
0.998702 -0.0499923 0.00873075 0 -0.049606 -0.99796 -0.0399401 0 0.0107098 0.0394559 -0.999164 0 -0.2365 -0.588238 0.140657 1 
0.998736 -0.0491318 0.00961691 0 -0.0486705 -0.99786 -0.0434383 0 0.0117308 0.0429162 -0.99901 0 -0.236698 -0.588826 0.137087 1 
0.998775 -0.0482829 0.00992763 0 -0.0477759 -0.997781 -0.046173 0 0.0121352 0.045643 -0.998884 0 -0.237092 -0.589742 0.133862 1 
0.998814 -0.0474321 0.0100779 0 -0.0468865 -0.997697 -0.0488159 0 0.0123704 0.0482864 -0.998757 0 -0.23754 -0.590609 0.130714 1 
0.998856 -0.0465122 0.0102365 0 -0.0459247 -0.9976 -0.0516247 0 0.0126134 0.0510965 -0.998614 0 -0.237975 -0.591437 0.127199 1 
0.998897 -0.0456913 0.00992842 0 -0.0451054 -0.997573 -0.0528541 0 0.0123195 0.052349 -0.998553 0 -0.238575 -0.592642 0.124419 1 
0.998921 -0.0451841 0.00983377 0 -0.0445896 -0.997534 -0.0540137 0 0.0122503 0.0535179 -0.998492 0 -0.239198 -0.593837 0.121373 1 
0.998942 -0.0447129 0.00980145 0 -0.0441087 -0.997502 -0.0550076 0 0.0122367 0.0545181 -0.998438 0 -0.239726 -0.594918 0.118184 1 
0.998971 -0.0442328 0.00903764 0 -0.0436868 -0.997596 -0.0536193 0 0.0113879 0.0531704 -0.998521 0 -0.240466 -0.596642 0.115385 1 
0.998988 -0.0440081 0.00817881 0 -0.043534 -0.997732 -0.0511433 0 0.0104112 0.0507365 -0.998658 0 -0.241226 -0.598456 0.112355 1 
0.999005 -0.0438022 0.00720246 0 -0.043406 -0.997887 -0.0481544 0 0.00929668 0.0477948 -0.998814 0 -0.241946 -0.600259 0.109442 1 
0.999021 -0.043628 0.00587283 0 -0.0433289 -0.998085 -0.0439235 0 0.00777803 0.0436268 -0.999018 0 -0.242761 -0.602365 0.106892 1 
0.999029 -0.0435828 0.00471258 0 -0.043361 -0.998255 -0.0398554 0 0.00644149 0.0396132 -0.999194 0 -0.243528 -0.604344 0.103876 1 
0.999036 -0.0435324 0.00363178 0 -0.0433734 -0.998398 -0.0360789 0 0.00519666 0.0358873 -0.999342 0 -0.244255 -0.606233 0.101013 1 
0.999039 -0.0435498 0.00220096 0 -0.04346 -0.998557 -0.0312349 0 0.00355813 0.0311098 -0.99951 0 -0.245089 -0.608327 0.0986727 1 
0.999039 -0.0435996 0.00111407 0 -0.043553 -0.998669 -0.0272933 0 0.0023026 0.027219 -0.999627 0 -0.245786 -0.610086 0.0957423 1 
0.99904 -0.0435821 0.000327448 0 -0.0435613 -0.998746 -0.0242915 0 0.00138574 0.0242544 -0.999705 0 -0.246311 -0.611519 0.0928957 1 
0.99904 -0.0435868 -0.000763062 0 -0.0435933 -0.998831 -0.0204271 0 0.000128184 0.0204412 -0.999791 0 -0.246941 -0.61321 0.0904821 1 
0.999039 -0.0435811 -0.00159669 0 -0.0436022 -0.998889 -0.0173218 0 -0.000840029 0.0173751 -0.999849 0 -0.247505 -0.614738 0.087838 1 
0.999042 -0.0434926 -0.00194384 0 -0.0435177 -0.99892 -0.0156523 0 -0.001261 0.0157222 -0.999876 0 -0.247881 -0.615957 0.0849571 1 
0.999046 -0.0433745 -0.00243393 0 -0.0434038 -0.998954 -0.0136825 0 -0.00183795 0.0137754 -0.999903 0 -0.248264 -0.617247 0.0826765 1 
0.999052 -0.0431994 -0.00323785 0 -0.0432319 -0.998998 -0.0107571 0 -0.00276996 0.0108871 -0.999937 0 -0.248702 -0.618749 0.0804578 1 
0.99906 -0.0429531 -0.00387032 0 -0.0429842 -0.999031 -0.00835229 0 -0.00350788 0.00851096 -0.999958 0 -0.249031 -0.620086 0.077822 1 
0.999068 -0.0427288 -0.00429787 0 -0.0427568 -0.999054 -0.00664698 0 -0.00400986 0.00682468 -0.999969 0 -0.249306 -0.621276 0.0755159 1 
0.999075 -0.0425219 -0.00472486 0 -0.0425454 -0.999072 -0.00499804 0 -0.00450803 0.00519453 -0.999976 0 -0.249649 -0.622589 0.0735776 1 
0.999082 -0.0423402 -0.00483054 0 -0.0423612 -0.999083 -0.00432342 0 -0.00464315 0.00452416 -0.999979 0 -0.249949 -0.623739 0.0715493 1 
0.99909 -0.0421709 -0.00456773 0 -0.0421927 -0.999088 -0.00478381 0 -0.00436191 0.00497227 -0.999978 0 -0.25013 -0.624548 0.0692611 1 
0.999099 -0.0419924 -0.00429773 0 -0.042015 -0.999093 -0.00532372 0 -0.00407036 0.0054996 -0.999977 0 -0.250353 -0.625439 0.0671972 1 
0.999114 -0.0416302 -0.00430837 0 -0.0416522 -0.999109 -0.00516031 0 -0.00408979 0.0053353 -0.999977 0 -0.250688 -0.626561 0.0655935 1 
0.999126 -0.0413305 -0.00435102 0 -0.0413517 -0.999123 -0.00489444 0 -0.004145 0.00507018 -0.999979 0 -0.25108 -0.627732 0.0639885 1 
0.999144 -0.040925 -0.00423821 0 -0.0409472 -0.999138 -0.00530097 0 -0.00401769 0.00547008 -0.999977 0 -0.251409 -0.628669 0.0619804 1 
0.999174 -0.0401575 -0.00433534 0 -0.0401809 -0.999168 -0.0054391 0 -0.0041134 0.00560892 -0.999976 0 -0.251738 -0.629664 0.0602179 1 
0.999197 -0.0395552 -0.00467186 0 -0.0395781 -0.999195 -0.0049236 0 -0.00447343 0.00510465 -0.999977 0 -0.252116 -0.630828 0.0589258 1 
0.999213 -0.039095 -0.00509282 0 -0.0391168 -0.999216 -0.00424135 0 -0.00492311 0.00443732 -0.999978 0 -0.252538 -0.632089 0.0576508 1 
0.999236 -0.0384595 -0.0053988 0 -0.0384827 -0.999241 -0.004253 0 -0.00523123 0.0044576 -0.999976 0 -0.252893 -0.633087 0.0560103 1 
0.999259 -0.0378027 -0.00569491 0 -0.0378281 -0.999265 -0.00442283 0 -0.00552364 0.00463507 -0.999974 0 -0.253192 -0.633948 0.0544192 1 
0.999278 -0.0372323 -0.00616008 0 -0.0372573 -0.999288 -0.00400922 0 -0.00600654 0.00423591 -0.999973 0 -0.253562 -0.635024 0.053127 1 
0.999302 -0.0364633 -0.00680183 0 -0.0364857 -0.999319 -0.00320344 0 -0.00668052 0.00344944 -0.999972 0 -0.253964 -0.63622 0.0521123 1 
0.999331 -0.0355508 -0.00742436 0 -0.0355701 -0.999354 -0.00248429 0 -0.00733138 0.00274677 -0.999969 0 -0.254341 -0.637329 0.0511268 1 
0.999352 -0.034842 -0.00786154 0 -0.0348603 -0.99938 -0.00220353 0 -0.00778004 0.0024762 -0.999967 0 -0.254673 -0.638277 0.0498587 1 
0.999369 -0.0342741 -0.0082193 0 -0.0342913 -0.9994 -0.00196459 0 -0.00814719 0.00224525 -0.999964 0 -0.254955 -0.639166 0.048626 1 
0.999393 -0.0334626 -0.00869112 0 -0.0334771 -0.999429 -0.00153818 0 -0.00863485 0.00182824 -0.999961 0 -0.255206 -0.640052 0.0476589 1 
0.999416 -0.0326004 -0.00925201 0 -0.0326097 -0.999458 -0.00085551 0 -0.00921928 0.00115674 -0.999957 0 -0.255452 -0.641034 0.0468573 1 
0.999432 -0.0319602 -0.00975023 0 -0.0319626 -0.999479 -8.77297e-05 0 -0.00974254 0.00039933 -0.999952 0 -0.25568 -0.642011 0.0461329 1 
0.999448 -0.0313208 -0.0101286 0 -0.0313181 -0.9995 0.000432761 0 -0.0101373 -0.000115315 -0.999949 0 -0.255842 -0.642859 0.0453292 1 
0.999464 -0.0307476 -0.0103536 0 -0.0307426 -0.999517 0.000645684 0 -0.0103687 -0.000327048 -0.999946 0 -0.255925 -0.643556 0.0444112 1 
0.999477 -0.0302973 -0.0104354 0 -0.030292 -0.999531 0.000665262 0 -0.0104508 -0.000348813 -0.999945 0 -0.255944 -0.644154 0.0434238 1 
0.999493 -0.0297449 -0.0104679 0 -0.0297404 -0.999548 0.000581664 0 -0.0104807 -0.000270055 -0.999945 0 -0.255857 -0.644691 0.0424605 1 
0.999514 -0.0290138 -0.0105321 0 -0.0290105 -0.999569 0.00046807 0 -0.0105413 -0.000162305 -0.999944 0 -0.255733 -0.645183 0.0415771 1 
0.999536 -0.0281967 -0.0106258 0 -0.0281939 -0.999593 0.000410021 0 -0.0106333 -0.000110249 -0.999943 0 -0.255596 -0.645665 0.0407956 1 
0.999557 -0.0273976 -0.0107452 0 -0.027394 -0.999615 0.000488667 0 -0.0107546 -0.000194102 -0.999942 0 -0.255465 -0.646174 0.0401264 1 
0.999578 -0.0265724 -0.0108581 0 -0.026567 -0.999637 0.000636768 0 -0.0108713 -0.000348039 -0.999941 0 -0.255315 -0.646705 0.0395046 1 
0.999601 -0.0256383 -0.0110052 0 -0.0256306 -0.999661 0.000841322 0 -0.0110233 -0.000558928 -0.999939 0 -0.255151 -0.647277 0.0388956 1 
0.99962 -0.0248097 -0.0111416 0 -0.0247991 -0.999682 0.00108569 0 -0.0111652 -0.000808992 -0.999937 0 -0.254997 -0.647845 0.0383288 1 
0.999641 -0.0238639 -0.0113229 0 -0.0238508 -0.999705 0.00129568 0 -0.0113507 -0.00102518 -0.999935 0 -0.254865 -0.64837 0.0378005 1 
0.999673 -0.0223473 -0.0116291 0 -0.022331 -0.99974 0.00153356 0 -0.0116605 -0.00127339 -0.999931 0 -0.254751 -0.648901 0.0373363 1 
0.999712 -0.0203058 -0.0119756 0 -0.0202857 -0.999783 0.00179629 0 -0.0120097 -0.00155287 -0.999927 0 -0.254627 -0.649421 0.0369525 1 
0.999745 -0.0184465 -0.0122346 0 -0.0184221 -0.999818 0.00210835 0 -0.0122715 -0.00188246 -0.999923 0 -0.254485 -0.649899 0.036677 1 
0.999771 -0.0168252 -0.0124661 0 -0.0167959 -0.999846 0.00244753 0 -0.0125056 -0.00223763 -0.999919 0 -0.2543 -0.650358 0.036486 1 
0.99979 -0.0154562 -0.0127155 0 -0.0154218 -0.999868 0.00280401 0 -0.0127574 -0.00260738 -0.999915 0 -0.254073 -0.650787 0.0364063 1 
0.999803 -0.0143872 -0.0129226 0 -0.0143478 -0.999883 0.00313454 0 -0.0129664 -0.00294857 -0.999912 0 -0.253796 -0.651172 0.036386 1 
0.999812 -0.0136612 -0.0130575 0 -0.0136176 -0.999892 0.00342638 0 -0.0131032 -0.00324799 -0.999909 0 -0.253444 -0.651554 0.0363538 1 
0.999817 -0.0132555 -0.0130735 0 -0.0132103 -0.999897 0.00354181 0 -0.0131193 -0.00336852 -0.999908 0 -0.253212 -0.651769 0.0362646 1 
0.99982 -0.0129881 -0.0131232 0 -0.0129407 -0.9999 0.00369229 0 -0.0131701 -0.00352187 -0.999907 0 -0.25307 -0.651981 0.0361678 1 
0.999822 -0.0127492 -0.0132247 0 -0.0126972 -0.999902 0.00400743 0 -0.0132748 -0.00383887 -0.999905 0 -0.252987 -0.652265 0.0361229 1 
0.999822 -0.0125578 -0.0133736 0 -0.0125 -0.999903 0.00439646 0 -0.0134278 -0.00422858 -0.999901 0 -0.25296 -0.652587 0.0360809 1 
0.999821 -0.01252 -0.0135078 0 -0.0124568 -0.999901 0.0047543 0 -0.0135663 -0.00458527 -0.999897 0 -0.253029 -0.652864 0.0360044 1 
0.999819 -0.0125966 -0.0135898 0 -0.0125298 -0.999899 0.0049845 0 -0.0136515 -0.00481341 -0.999895 0 -0.253161 -0.653076 0.0358278 1 
0.999818 -0.0126294 -0.0136293 0 -0.0125606 -0.999898 0.00512143 0 -0.0136928 -0.0049494 -0.999894 0 -0.253272 -0.653296 0.0355141 1 
0.999817 -0.012645 -0.0136557 0 -0.0125744 -0.999898 0.00524624 0 -0.0137209 -0.00507367 -0.999893 0 -0.253365 -0.653533 0.0351575 1 
0.999817 -0.0126543 -0.0136661 0 -0.0125821 -0.999897 0.00535924 0 -0.0137327 -0.00518641 -0.999892 0 -0.253441 -0.653769 0.0347936 1 
0.999818 -0.0126253 -0.0136436 0 -0.012553 -0.999897 0.00536975 0 -0.0137103 -0.00519761 -0.999893 0 -0.253501 -0.654008 0.0342998 1 
0.999819 -0.0126109 -0.0135643 0 -0.0125409 -0.999898 0.0052337 0 -0.0136292 -0.00506274 -0.999894 0 -0.253561 -0.6542 0.0336925 1 
0.999821 -0.0125763 -0.0134603 0 -0.0125092 -0.999899 0.00505975 0 -0.0135229 -0.00489056 -0.999897 0 -0.253605 -0.654409 0.0329912 1 
0.999823 -0.0125077 -0.0133545 0 -0.0124437 -0.999901 0.00486444 0 -0.0134143 -0.00469749 -0.999899 0 -0.253633 -0.654644 0.032215 1 
0.999826 -0.0123975 -0.0132247 0 -0.0123377 -0.999904 0.00459187 0 -0.0132807 -0.004428 -0.999902 0 -0.253641 -0.654881 0.0313482 1 
0.99983 -0.01228 -0.0130481 0 -0.0122257 -0.999907 0.00422853 0 -0.013099 -0.00406837 -0.999906 0 -0.253646 -0.655063 0.0304458 1 
0.999834 -0.0121719 -0.0128399 0 -0.0121245 -0.99991 0.0037634 0 -0.0128848 -0.00360717 -0.99991 0 -0.253635 -0.65522 0.0294555 1 
0.999836 -0.0121341 -0.0126874 0 -0.0120914 -0.999911 0.00343517 0 -0.0127282 -0.00328126 -0.999914 0 -0.253674 -0.655406 0.0285611 1 
0.999838 -0.0120764 -0.0126202 0 -0.0120351 -0.999912 0.00333849 0 -0.0126597 -0.00318612 -0.999915 0 -0.253752 -0.655656 0.0278455 1 
0.99984 -0.0118895 -0.0126365 0 -0.0118466 -0.999914 0.00346615 0 -0.0126768 -0.00331596 -0.999914 0 -0.253846 -0.656011 0.0272226 1 
0.999839 -0.0118558 -0.0127728 0 -0.0118071 -0.999913 0.00388589 0 -0.012818 -0.00373452 -0.999911 0 -0.254015 -0.656484 0.0267292 1 
0.999838 -0.0117626 -0.0129168 0 -0.0117073 -0.999912 0.00434455 0 -0.012967 -0.00419271 -0.999907 0 -0.2542 -0.656944 0.0263056 1 
0.999839 -0.0114513 -0.0130971 0 -0.0113878 -0.999913 0.00490762 0 -0.0131524 -0.00475777 -0.999902 0 -0.254382 -0.657457 0.0259212 1 
0.999837 -0.0113931 -0.0133204 0 -0.0113198 -0.999911 0.00556637 0 -0.0133829 -0.00541478 -0.999896 0 -0.254589 -0.658006 0.0255841 1 
0.999834 -0.0113937 -0.0135555 0 -0.0113097 -0.999907 0.00625756 0 -0.0136258 -0.00610333 -0.999889 0 -0.254805 -0.658559 0.025278 1 
0.999832 -0.0112507 -0.0137579 0 -0.0111572 -0.999905 0.00686073 0 -0.013834 -0.00670621 -0.999882 0 -0.254992 -0.659079 0.0249682 1 
0.999832 -0.0111425 -0.013912 0 -0.0110415 -0.999903 0.00731853 0 -0.0139924 -0.00716383 -0.999876 0 -0.255153 -0.659528 0.0246106 1 
0.99983 -0.0111461 -0.0140379 0 -0.0110386 -0.9999 0.00771226 0 -0.0141228 -0.00755613 -0.999872 0 -0.255304 -0.659891 0.0243041 1 
0.99983 -0.0110691 -0.0141039 0 -0.010958 -0.999899 0.00793452 0 -0.0141906 -0.00777876 -0.999869 0 -0.255382 -0.660137 0.0240513 1 
0.99983 -0.0109665 -0.0141483 0 -0.0108529 -0.999899 0.0080838 0 -0.0142358 -0.00792903 -0.999867 0 -0.255404 -0.660337 0.0238332 1 
0.99983 -0.0109239 -0.0142052 0 -0.0108074 -0.999898 0.00824954 0 -0.0142942 -0.00809477 -0.999865 0 -0.255431 -0.660496 0.0237162 1 
0.99983 -0.0108568 -0.014225 0 -0.010739 -0.999898 0.00833227 0 -0.0143143 -0.00817826 -0.999864 0 -0.255423 -0.660582 0.0236667 1 
0.999832 -0.01076 -0.0142097 0 -0.0106432 -0.9999 0.00826805 0 -0.0142975 -0.00811558 -0.999865 0 -0.255365 -0.660594 0.0236152 1 
0.999832 -0.0107096 -0.014207 0 -0.0105929 -0.9999 0.00826573 0 -0.0142944 -0.00811401 -0.999865 0 -0.255332 -0.660607 0.0236129 1 
0.999832 -0.0106936 -0.0142122 0 -0.0105764 -0.9999 0.00829137 0 -0.0142997 -0.00813982 -0.999865 0 -0.255321 -0.660621 0.0236287 1 
0.999833 -0.0106374 -0.0141876 0 -0.0105214 -0.999901 0.00822281 0 -0.0142739 -0.00807232 -0.999866 0 -0.255282 -0.660615 0.0235957 1 
0.999835 -0.0105586 -0.0140911 0 -0.0104472 -0.999904 0.0079579 0 -0.0141741 -0.00780953 -0.999869 0 -0.255209 -0.66057 0.023516 1 
0.999837 -0.0104955 -0.0140266 0 -0.010387 -0.999906 0.00778669 0 -0.0141073 -0.00763987 -0.999871 0 -0.255147 -0.660543 0.0234419 1 
0.999838 -0.010432 -0.0139887 0 -0.0103251 -0.999907 0.00769026 0 -0.0140679 -0.00754472 -0.999873 0 -0.255093 -0.66053 0.0233728 1 
0.999839 -0.0103696 -0.0139356 0 -0.0102651 -0.999909 0.00755475 0 -0.014013 -0.00741063 -0.999874 0 -0.255036 -0.660504 0.0232702 1 
0.999841 -0.0102983 -0.0138586 0 -0.0101969 -0.999911 0.00736112 0 -0.0139334 -0.00721878 -0.999877 0 -0.254968 -0.660462 0.0231232 1 
0.999843 -0.0102581 -0.0137634 0 -0.0101608 -0.999913 0.00712192 0 -0.0138355 -0.00698109 -0.99988 0 -0.254906 -0.660399 0.0229405 1 
0.999844 -0.0102262 -0.0136849 0 -0.0101323 -0.999915 0.00691141 0 -0.0137547 -0.00677181 -0.999882 0 -0.254868 -0.66034 0.0227761 1 
0.999845 -0.0101912 -0.0136738 0 -0.0100977 -0.999916 0.00689243 0 -0.0137432 -0.00675341 -0.999883 0 -0.254841 -0.660344 0.0227631 1 
0.999845 -0.0101187 -0.0137 0 -0.0100238 -0.999916 0.00697496 0 -0.0137697 -0.00683669 -0.999882 0 -0.254802 -0.660395 0.0228034 1 
0.999846 -0.0100264 -0.0137187 0 -0.00993047 -0.999916 0.00704019 0 -0.0137884 -0.00690301 -0.999881 0 -0.254743 -0.660452 0.0228246 1 
0.999847 -0.0099058 -0.013708 0 -0.00981037 -0.999918 0.00701203 0 -0.0137766 -0.00687661 -0.999881 0 -0.254667 -0.660471 0.0228084 1 
0.999848 -0.00979376 -0.013713 0 -0.00969853 -0.999919 0.00699435 0 -0.0137807 -0.00686043 -0.999882 0 -0.254592 -0.660494 0.0227954 1 
0.999849 -0.00976167 -0.0137156 0 -0.00966642 -0.999919 0.00699379 0 -0.013783 -0.00686028 -0.999881 0 -0.254573 -0.660502 0.0227954 1 
0.999849 -0.0097639 -0.0137133 0 -0.00966877 -0.999919 0.00698611 0 -0.0137807 -0.00685259 -0.999882 0 -0.254574 -0.660499 0.0227903 1 
0.999849 -0.00976958 -0.0137148 0 -0.00967451 -0.999919 0.00698168 0 -0.0137821 -0.00684807 -0.999882 0 -0.254575 -0.660497 0.0227848 1 
0.999848 -0.00979047 -0.0137207 0 -0.00969524 -0.999919 0.00699003 0 -0.0137883 -0.00685607 -0.999881 0 -0.254596 -0.660493 0.0227913 1 
0.999848 -0.00979532 -0.013717 0 -0.00970038 -0.999919 0.00697141 0 -0.0137844 -0.00683742 -0.999882 0 -0.254594 -0.660487 0.0227805 1 
0.999849 -0.00972794 -0.0136792 0 -0.00963361 -0.99992 0.00694531 0 -0.013746 -0.00681261 -0.999882 0 -0.254536 -0.660497 0.0227541 1 
0.999851 -0.009577 -0.0136635 0 -0.00948288 -0.999921 0.00693654 0 -0.0137291 -0.00680607 -0.999883 0 -0.254428 -0.660534 0.022744 1 
0.999853 -0.00938522 -0.0136386 0 -0.00929102 -0.999923 0.00695322 0 -0.0137031 -0.00682562 -0.999883 0 -0.254283 -0.660592 0.0227498 1 
0.999857 -0.00912482 -0.0135651 0 -0.00903126 -0.999925 0.00694223 0 -0.0136277 -0.00681885 -0.999884 0 -0.25408 -0.660658 0.0227256 1 
0.999861 -0.008724 -0.0135501 0 -0.00863043 -0.999929 0.00694857 0 -0.0136101 -0.00683079 -0.999884 0 -0.2538 -0.660767 0.0227277 1 
0.999865 -0.00827854 -0.0135338 0 -0.00818476 -0.999933 0.00696976 0 -0.0135908 -0.00685818 -0.999884 0 -0.253494 -0.66089 0.0227374 1 
0.999869 -0.00777534 -0.0135074 0 -0.0076822 -0.999937 0.0069337 0 -0.0135608 -0.00682915 -0.999885 0 -0.253156 -0.661005 0.0227124 1 
0.999873 -0.00724237 -0.0134996 0 -0.00714975 -0.999941 0.00689598 0 -0.0135491 -0.00679872 -0.999885 0 -0.252789 -0.661132 0.0226848 1 
0.999876 -0.0067432 -0.0135116 0 -0.00665042 -0.999944 0.00690032 0 -0.0135576 -0.00680974 -0.999885 0 -0.252458 -0.661262 0.02269 1 
0.999879 -0.0063395 -0.0135053 0 -0.00624747 -0.999947 0.00684596 0 -0.0135483 -0.00676088 -0.999885 0 -0.252191 -0.661346 0.0226668 1 
0.999881 -0.00604606 -0.0134989 0 -0.00595477 -0.99995 0.00679254 0 -0.0135395 -0.00671148 -0.999886 0 -0.251998 -0.661406 0.0226462 1 
0.999882 -0.00583122 -0.0135 0 -0.0057397 -0.999951 0.00680798 0 -0.0135393 -0.00672982 -0.999886 0 -0.251859 -0.661464 0.0226564 1 
0.999883 -0.00568018 -0.0135086 0 -0.00558869 -0.999952 0.00680111 0 -0.0135468 -0.00672494 -0.999886 0 -0.251765 -0.661499 0.0226558 1 
0.999883 -0.00563042 -0.0134964 0 -0.00553973 -0.999952 0.00674741 0 -0.013534 -0.00667199 -0.999886 0 -0.251735 -0.661498 0.0226516 1 
0.999885 -0.00562687 -0.0134024 0 -0.00554071 -0.999954 0.00645705 0 -0.0134384 -0.00638217 -0.999889 0 -0.251717 -0.661436 0.0226208 1 
0.999887 -0.00562078 -0.0132311 0 -0.00554262 -0.999957 0.00593637 0 -0.0132642 -0.00586247 -0.999895 0 -0.251684 -0.661326 0.0225706 1 
0.999889 -0.00564438 -0.0130659 0 -0.00557389 -0.99996 0.00542494 0 -0.0130962 -0.00535162 -0.9999 0 -0.251665 -0.661212 0.0225232 1 
0.999891 -0.0056784 -0.0128954 0 -0.00561576 -0.999963 0.00488878 0 -0.012923 -0.00481593 -0.999905 0 -0.251653 -0.661086 0.0224441 1 
0.999893 -0.00572791 -0.0127286 0 -0.00567305 -0.999965 0.0043419 0 -0.0127532 -0.00426931 -0.99991 0 -0.251651 -0.660953 0.0223604 1 
0.999893 -0.00579313 -0.0126571 0 -0.00574456 -0.999966 0.00386996 0 -0.0126793 -0.00379691 -0.999912 0 -0.251691 -0.660823 0.0222619 1 
0.999895 -0.00589722 -0.0125274 0 -0.00585344 -0.999967 0.00352884 0 -0.0125481 -0.0034552 -0.999915 0 -0.251725 -0.660708 0.022111 1 
0.999895 -0.00596268 -0.0124447 0 -0.00592195 -0.999967 0.0033066 0 -0.0124643 -0.00323262 -0.999917 0 -0.251744 -0.660624 0.0219541 1 
0.999896 -0.00600142 -0.0123831 0 -0.00596316 -0.999968 0.00312473 0 -0.0124017 -0.00305062 -0.999918 0 -0.25175 -0.660558 0.0218226 1 
0.999897 -0.00605375 -0.0122415 0 -0.00602047 -0.999968 0.00275398 0 -0.012258 -0.00268004 -0.999921 0 -0.251744 -0.660432 0.0215694 1 
0.999898 -0.00609681 -0.012112 0 -0.0060684 -0.999969 0.00238104 0 -0.0121264 -0.00230734 -0.999924 0 -0.251737 -0.660304 0.0212868 1 
0.999899 -0.00617808 -0.0119926 0 -0.00615403 -0.999969 0.00204182 0 -0.0120051 -0.00196785 -0.999926 0 -0.251752 -0.660178 0.0210303 1 
0.9999 -0.00632711 -0.0118459 0 -0.00630805 -0.999969 0.0016451 0 -0.0118562 -0.00157024 -0.999928 0 -0.251808 -0.660016 0.0207428 1 
0.999901 -0.00647676 -0.0116776 0 -0.00646299 -0.999969 0.00121636 0 -0.0116853 -0.00114079 -0.999931 0 -0.251859 -0.659843 0.0204097 1 
0.999902 -0.00661312 -0.0115248 0 -0.00660399 -0.999968 0.000829405 0 -0.0115302 -0.000753229 -0.999933 0 -0.251902 -0.659685 0.0201057 1 
0.999902 -0.00680048 -0.0113944 0 -0.00679547 -0.999967 0.000478202 0 -0.0113975 -0.000400733 -0.999935 0 -0.251982 -0.659529 0.0198418 1 
0.999902 -0.00701694 -0.011255 0 -0.00701625 -0.999966 0.000101007 0 -0.0112555 -2.20295e-05 -0.999937 0 -0.252088 -0.659354 0.0195602 1 
0.999902 -0.00728442 -0.0111347 0 -0.00728768 -0.999964 -0.000252222 0 -0.0111326 0.000333349 -0.999938 0 -0.252224 -0.659177 0.0192862 1 
0.999901 -0.0076015 -0.0110038 0 -0.00760841 -0.999961 -0.000586462 0 -0.0109992 0.000670139 -0.999939 0 -0.252398 -0.65899 0.0190301 1 
0.9999 -0.00790149 -0.0108934 0 -0.00791122 -0.999959 -0.000850878 0 -0.0108865 0.000936991 -0.99994 0 -0.252556 -0.658836 0.0188057 1 
0.999899 -0.00814953 -0.0108293 0 -0.0081608 -0.999957 -0.000997707 0 -0.0108209 0.001086 -0.999941 0 -0.252712 -0.658744 0.0186132 1 
0.999897 -0.00838226 -0.0108324 0 -0.00839337 -0.999955 -0.000980845 0 -0.0108239 0.00107168 -0.999941 0 -0.252882 -0.65875 0.0184806 1 
0.999895 -0.00857421 -0.01087 0 -0.00858408 -0.999953 -0.000861604 0 -0.0108623 0.00095484 -0.999941 0 -0.253046 -0.658818 0.0183759 1 
0.999893 -0.00866837 -0.0108912 0 -0.00867676 -0.999952 -0.000723788 0 -0.0108847 0.000818227 -0.99994 0 -0.25314 -0.658924 0.0182696 1 
0.999893 -0.00863079 -0.0109228 0 -0.00863768 -0.999953 -0.00058419 0 -0.0109174 0.000678489 -0.99994 0 -0.253154 -0.659058 0.0181658 1 
0.999894 -0.00855774 -0.0109592 0 -0.00856325 -0.999954 -0.000456088 0 -0.010955 0.000549896 -0.99994 0 -0.253146 -0.659212 0.0180243 1 
0.999894 -0.00849521 -0.0109991 0 -0.0084992 -0.999954 -0.000315808 0 -0.0109961 0.000409265 -0.999939 0 -0.253153 -0.659367 0.0178902 1 
0.999894 -0.00849649 -0.0110054 0 -0.00850002 -0.999954 -0.000274031 0 -0.0110028 0.000367554 -0.999939 0 -0.253183 -0.659468 0.0177022 1 
0.999894 -0.0085018 -0.0109859 0 -0.00850552 -0.999954 -0.000291916 0 -0.0109831 0.000385333 -0.99994 0 -0.253211 -0.659555 0.0174519 1 
0.999895 -0.00849794 -0.0109313 0 -0.00850263 -0.999954 -0.000382991 0 -0.0109277 0.000475905 -0.99994 0 -0.253222 -0.659616 0.0171528 1 
0.999895 -0.00849403 -0.0108532 0 -0.00850048 -0.999954 -0.000548503 0 -0.0108483 0.000640716 -0.999941 0 -0.253227 -0.659646 0.0168172 1 
0.999896 -0.00853851 -0.0107629 0 -0.00854708 -0.999954 -0.000750206 0 -0.0107562 0.000842136 -0.999942 0 -0.253244 -0.659654 0.0164645 1 
0.999897 -0.00857024 -0.0106584 0 -0.00858158 -0.999953 -0.00101829 0 -0.0106494 0.00110967 -0.999943 0 -0.253256 -0.659635 0.0160748 1 
0.999898 -0.00859062 -0.0105271 0 -0.00860516 -0.999952 -0.00133726 0 -0.0105154 0.00142774 -0.999944 0 -0.253255 -0.659594 0.0156672 1 
0.999899 -0.00861822 -0.0103939 0 -0.00863586 -0.999952 -0.00165403 0 -0.0103793 0.00174366 -0.999945 0 -0.253245 -0.659543 0.015281 1 
0.999901 -0.00863418 -0.0102464 0 -0.00865526 -0.999951 -0.00201553 0 -0.0102287 0.00210405 -0.999945 0 -0.253219 -0.659475 0.0148761 1 
0.999901 -0.00865865 -0.0101401 0 -0.00868237 -0.99995 -0.00229759 0 -0.0101199 0.00238545 -0.999946 0 -0.253214 -0.65942 0.014563 1 
0.999902 -0.00871446 -0.0100702 0 -0.00873954 -0.999949 -0.00244905 0 -0.0100485 0.00253687 -0.999946 0 -0.253243 -0.6594 0.0143395 1 
0.999902 -0.0087329 -0.0100255 0 -0.0087589 -0.999949 -0.00255167 0 -0.0100029 0.00263928 -0.999946 0 -0.253261 -0.659404 0.0141555 1 
0.999902 -0.00874822 -0.0100155 0 -0.00877419 -0.999949 -0.00255181 0 -0.00999281 0.00263949 -0.999947 0 -0.253273 -0.65945 0.0140328 1 
0.999902 -0.00872704 -0.0100207 0 -0.0087525 -0.999949 -0.00249916 0 -0.00999861 0.00258667 -0.999947 0 -0.253279 -0.659521 0.0139436 1 
0.999902 -0.00869122 -0.0100386 0 -0.00871595 -0.999949 -0.00242314 0 -0.0100172 0.00251045 -0.999947 0 -0.25328 -0.65961 0.013864 1 
0.999902 -0.00867057 -0.0100746 0 -0.0086944 -0.99995 -0.0023241 0 -0.0100541 0.00241151 -0.999947 0 -0.253288 -0.659706 0.0137947 1 
0.999902 -0.00866701 -0.0101006 0 -0.00868989 -0.99995 -0.00222287 0 -0.010081 0.00231047 -0.999947 0 -0.253308 -0.659794 0.0137401 1 
0.999902 -0.00864134 -0.0100909 0 -0.00866411 -0.99995 -0.00221515 0 -0.0100714 0.0023024 -0.999947 0 -0.253304 -0.659848 0.0136384 1 
0.999903 -0.00857084 -0.0100742 0 -0.00859392 -0.999951 -0.00224927 0 -0.0100547 0.00233567 -0.999947 0 -0.253267 -0.659895 0.0135139 1 
0.999904 -0.00850782 -0.0100476 0 -0.00853132 -0.999951 -0.00229798 0 -0.0100277 0.00238353 -0.999947 0 -0.253233 -0.659937 0.0133801 1 
0.999904 -0.00845906 -0.0100361 0 -0.00848266 -0.999952 -0.0023114 0 -0.0100163 0.00239636 -0.999947 0 -0.253208 -0.660001 0.013245 1 
0.999904 -0.00843956 -0.0100271 0 -0.00846351 -0.999952 -0.0023491 0 -0.010007 0.00243379 -0.999947 0 -0.253207 -0.66006 0.0130778 1 
0.999905 -0.00845801 -0.00992525 0 -0.00848418 -0.999951 -0.00259773 0 -0.00990298 0.00268174 -0.999947 0 -0.253209 -0.660078 0.012922 1 
0.999907 -0.00848436 -0.00969493 0 -0.00851613 -0.999949 -0.00324011 0 -0.00966713 0.00332244 -0.999948 0 -0.253183 -0.660009 0.0126861 1 
0.999908 -0.00855233 -0.00959788 0 -0.00858601 -0.999947 -0.00347335 0 -0.00956786 0.0035555 -0.999948 0 -0.253162 -0.660019 0.0124372 1 
0.999907 -0.00867617 -0.00953967 0 -0.00871082 -0.999946 -0.00359648 0 -0.00950813 0.00367932 -0.999948 0 -0.253147 -0.660047 0.0121967 1 
0.999908 -0.00861994 -0.00948686 0 -0.00865539 -0.999946 -0.00370179 0 -0.00945463 0.00378364 -0.999948 0 -0.253096 -0.66007 0.0120208 1 
0.999909 -0.00856846 -0.00941636 0 -0.00860524 -0.999946 -0.00387247 0 -0.00938284 0.00395322 -0.999948 0 -0.253037 -0.66005 0.0118434 1 
0.99991 -0.00862912 -0.0093312 0 -0.00866806 -0.999944 -0.00414061 0 -0.00929513 0.0042212 -0.999948 0 -0.253037 -0.659958 0.0116356 1 
0.99991 -0.00873383 -0.00922133 0 -0.00877538 -0.999942 -0.00447564 0 -0.00918188 0.00455624 -0.999947 0 -0.25307 -0.659824 0.0113898 1 
0.99991 -0.00883215 -0.00909465 0 -0.00887608 -0.999939 -0.00480208 0 -0.00905186 0.00488247 -0.999947 0 -0.253094 -0.659696 0.0111377 1 
0.999911 -0.00889095 -0.0089497 0 -0.00893759 -0.999937 -0.00518438 0 -0.00890321 0.00526401 -0.999947 0 -0.253086 -0.659561 0.0108422 1 
0.999912 -0.0089395 -0.00877784 0 -0.00898922 -0.999934 -0.00564157 0 -0.008727 0.00572009 -0.999946 0 -0.253067 -0.65941 0.0104734 1 
0.999913 -0.009006 -0.00857304 0 -0.00905912 -0.99993 -0.00617762 0 -0.00851697 0.00625487 -0.999944 0 -0.253052 -0.659243 0.0100056 1 
0.999914 -0.00907736 -0.00836931 0 -0.00913357 -0.999926 -0.00670207 0 -0.00830802 0.00677806 -0.999943 0 -0.25304 -0.659091 0.00951241 1 
0.999915 -0.00917794 -0.00813404 0 -0.00923729 -0.999921 -0.00728882 0 -0.00806666 0.00736348 -0.99994 0 -0.253041 -0.65892 0.00895954 1 
0.999917 -0.00921646 -0.00791712 0 -0.0092786 -0.999917 -0.00784729 0 -0.00784428 0.00792025 -0.999938 0 -0.253012 -0.658785 0.0083911 1 
0.999917 -0.00928567 -0.00772767 0 -0.00934967 -0.999912 -0.008288 0 -0.00765018 0.00835973 -0.999936 0 -0.253024 -0.658716 0.00780725 1 
0.999917 -0.00937691 -0.00760377 0 -0.00944181 -0.999909 -0.00854472 0 -0.0075231 0.00861598 -0.999935 0 -0.253078 -0.658761 0.00722475 1 
0.999918 -0.00941434 -0.00751455 0 -0.00947963 -0.999908 -0.00870041 0 -0.00743209 0.0087711 -0.999934 0 -0.253124 -0.658883 0.00661989 1 
0.999918 -0.00943703 -0.00748605 0 -0.00950169 -0.999908 -0.00864981 0 -0.00740387 0.0087204 -0.999935 0 -0.25319 -0.659118 0.00605862 1 
0.999917 -0.00948195 -0.00749974 0 -0.00954461 -0.99991 -0.00836329 0 -0.0074199 0.00843434 -0.999937 0 -0.253258 -0.659491 0.00554012 1 
0.999916 -0.00960809 -0.00750984 0 -0.00966916 -0.999911 -0.00813895 0 -0.00743111 0.00821104 -0.999939 0 -0.253289 -0.659922 0.00490559 1 
0.999918 -0.0094524 -0.00745481 0 -0.00951365 -0.999911 -0.00822288 0 -0.00737657 0.00829329 -0.999938 0 -0.25328 -0.660272 0.0041777 1 
0.999921 -0.00938307 -0.00718669 0 -0.00944744 -0.999905 -0.0089757 0 -0.00710193 0.00904306 -0.999934 0 -0.25325 -0.660379 0.00338719 1 
0.999924 -0.00945306 -0.00653289 0 -0.00952305 -0.999887 -0.0107673 0 -0.00643049 0.0108289 -0.999921 0 -0.253196 -0.660132 0.00244074 1 
0.999926 -0.00955347 -0.0060398 0 -0.00962612 -0.999871 -0.0121162 0 -0.00592338 0.0121737 -0.999908 0 -0.253193 -0.659944 0.00155398 1 
0.999927 -0.00964928 -0.00573066 0 -0.00972226 -0.999861 -0.0128456 0 -0.00560602 0.0129006 -0.999901 0 -0.253202 -0.659856 0.000800173 1 
0.999928 -0.00968835 -0.00553285 0 -0.00976086 -0.999855 -0.0132318 0 -0.00540396 0.0132851 -0.999897 0 -0.253187 -0.659857 0.000131501 1 
0.999929 -0.00972523 -0.00538188 0 -0.00979741 -0.999851 -0.0135509 0 -0.00524939 0.0136029 -0.999894 0 -0.25319 -0.659869 -0.000445556 1 
0.999928 -0.00982414 -0.00523961 0 -0.00989558 -0.999846 -0.0137864 0 -0.00510347 0.0138375 -0.999891 0 -0.253212 -0.65987 -0.000904444 1 
0.999928 -0.00991783 -0.00507586 0 -0.00998787 -0.999843 -0.0139645 0 -0.00493666 0.0140144 -0.99989 0 -0.253191 -0.65989 -0.0012956 1 
0.999928 -0.0100143 -0.00495249 0 -0.0100837 -0.999839 -0.0141884 0 -0.0048097 0.0142376 -0.999887 0 -0.253198 -0.659876 -0.00167568 1 
0.999926 -0.0102756 -0.00481548 0 -0.010344 -0.999833 -0.0144067 0 -0.00466673 0.0144557 -0.999885 0 -0.253218 -0.659851 -0.00205074 1 
0.999922 -0.0107211 -0.00466193 0 -0.0107882 -0.999825 -0.0146306 0 -0.00450435 0.0146801 -0.999882 0 -0.253235 -0.659824 -0.00242613 1 
0.999919 -0.0110476 -0.00453007 0 -0.0111139 -0.999818 -0.0148808 0 -0.00436494 0.0149302 -0.999879 0 -0.253246 -0.659798 -0.0028251 1 
0.999917 -0.0113091 -0.00439372 0 -0.0113743 -0.999812 -0.0151067 0 -0.00422213 0.0151557 -0.999876 0 -0.253268 -0.659783 -0.00323093 1 
0.999914 -0.0116053 -0.00416651 0 -0.0116683 -0.999803 -0.0154302 0 -0.00398669 0.0154778 -0.999872 0 -0.253269 -0.659739 -0.00374682 1 
0.999913 -0.0117645 -0.00394294 0 -0.0118257 -0.999794 -0.0158758 0 -0.00375543 0.0159213 -0.999866 0 -0.253234 -0.659653 -0.00430854 1 
0.999912 -0.0119257 -0.00372196 0 -0.0119851 -0.999784 -0.0163803 0 -0.00352588 0.0164238 -0.999859 0 -0.253228 -0.659544 -0.00492813 1 
0.999909 -0.012272 -0.00349524 0 -0.0123293 -0.999772 -0.0168679 0 -0.0032875 0.0169097 -0.999852 0 -0.253253 -0.659448 -0.00559223 1 
0.999904 -0.0126971 -0.00337398 0 -0.012754 -0.999757 -0.0174134 0 -0.00315212 0.0174551 -0.999843 0 -0.253399 -0.659314 -0.006327 1 
0.999898 -0.0131946 -0.00322406 0 -0.0132503 -0.999742 -0.017929 0 -0.00298672 0.0179703 -0.999834 0 -0.253711 -0.659149 -0.00710208 1 
0.999891 -0.0137729 -0.00304085 0 -0.0138264 -0.999727 -0.0183382 0 -0.0027875 0.0183786 -0.999827 0 -0.254075 -0.659005 -0.007849 1 
0.999884 -0.0143204 -0.00290684 0 -0.0143722 -0.999713 -0.0186435 0 -0.00263907 0.0186834 -0.999822 0 -0.254439 -0.658902 -0.00850876 1 
0.999877 -0.0147969 -0.00279268 0 -0.0148471 -0.999702 -0.0188963 0 -0.00251229 0.0189358 -0.999818 0 -0.254761 -0.658828 -0.00910298 1 
0.999872 -0.0151539 -0.0026638 0 -0.0152023 -0.99969 -0.0192074 0 -0.00237195 0.0192458 -0.999812 0 -0.25498 -0.658717 -0.00961485 1 
0.999869 -0.0153535 -0.00276919 0 -0.0154034 -0.999691 -0.0189876 0 -0.00247685 0.0190281 -0.999816 0 -0.255182 -0.658813 -0.00966243 1 
0.999867 -0.0154655 -0.00290888 0 -0.0155169 -0.999697 -0.0185759 0 -0.00262076 0.0186189 -0.999823 0 -0.255323 -0.658969 -0.00948569 1 
0.999866 -0.0155258 -0.00292026 0 -0.0155775 -0.999697 -0.0185694 0 -0.00263111 0.0186127 -0.999823 0 -0.255364 -0.658966 -0.00949635 1 
0.999865 -0.0155893 -0.00283158 0 -0.0156398 -0.999691 -0.0188103 0 -0.00253751 0.0188524 -0.999819 0 -0.255377 -0.658865 -0.00967005 1 
0.999865 -0.015609 -0.0027959 0 -0.0156591 -0.999689 -0.0188919 0 -0.0025002 0.0189334 -0.999818 0 -0.255368 -0.658837 -0.00973461 1 
0.999863 -0.0156872 -0.00278601 0 -0.0157372 -0.999688 -0.0189079 0 -0.00248857 0.0189495 -0.999817 0 -0.255359 -0.658835 -0.00974209 1 
0.999858 -0.0160261 -0.00276423 0 -0.0160757 -0.999681 -0.0189839 0 -0.00245916 0.019026 -0.999816 0 -0.255342 -0.658812 -0.00979471 1 
0.999852 -0.0164093 -0.00273705 0 -0.0164586 -0.999673 -0.0190686 0 -0.0024233 0.0191112 -0.999814 0 -0.255309 -0.658792 -0.00985167 1 
0.999847 -0.016727 -0.00271549 0 -0.0167759 -0.999667 -0.0191319 0 -0.00239461 0.0191749 -0.999813 0 -0.255247 -0.658791 -0.00990145 1 
0.999834 -0.0174737 -0.00270029 0 -0.0175224 -0.999652 -0.0192154 0 -0.00236364 0.0192599 -0.999812 0 -0.255157 -0.658791 -0.00997017 1 
0.999805 -0.0190413 -0.00269932 0 -0.01909 -0.999622 -0.0193101 0 -0.00233065 0.0193582 -0.99981 0 -0.255044 -0.658796 -0.0100415 1 
0.999756 -0.0214936 -0.00273853 0 -0.0215427 -0.999571 -0.0193653 0 -0.00232117 0.0194199 -0.999809 0 -0.254905 -0.658828 -0.0100824 1 
0.999692 -0.0242568 -0.0027835 0 -0.0243063 -0.999507 -0.0193966 0 -0.00231167 0.0194587 -0.999808 0 -0.254754 -0.658871 -0.0100997 1 
0.999629 -0.0267452 -0.0028218 0 -0.0267951 -0.999442 -0.0194325 0 -0.00230054 0.0195013 -0.999807 0 -0.254639 -0.658899 -0.0101206 1 
0.999562 -0.0291413 -0.0028428 0 -0.0291912 -0.999375 -0.0194626 0 -0.0022739 0.0195374 -0.999807 0 -0.254573 -0.658908 -0.0101364 1 
0.999498 -0.0312566 -0.00282044 0 -0.0313059 -0.999308 -0.0195994 0 -0.00220593 0.0196782 -0.999804 0 -0.254469 -0.658907 -0.0101547 1 
0.999408 -0.034023 -0.00274391 0 -0.0340712 -0.999209 -0.0200221 0 -0.00206057 0.0201041 -0.999796 0 -0.254285 -0.658878 -0.0101829 1 
0.999312 -0.0367232 -0.00279992 0 -0.0367721 -0.999113 -0.0200437 0 -0.00206141 0.0201332 -0.999795 0 -0.254177 -0.658914 -0.0101873 1 
0.999188 -0.0399556 -0.00284428 0 -0.0400048 -0.998988 -0.0200688 0 -0.00203958 0.0201667 -0.999795 0 -0.254148 -0.658914 -0.010197 1 
0.999002 -0.0443468 -0.00292561 0 -0.0443968 -0.998802 -0.0200834 0 -0.00203151 0.0201937 -0.999794 0 -0.254165 -0.658901 -0.0101983 1 
0.998786 -0.0489747 -0.00299521 0 -0.0490253 -0.998585 -0.0201308 0 -0.00200511 0.0202536 -0.999793 0 -0.254181 -0.658881 -0.0102032 1 
0.998565 -0.0532892 -0.00302564 0 -0.0533397 -0.998361 -0.0202611 0 -0.00194102 0.0203938 -0.99979 0 -0.25412 -0.658869 -0.0102156 1 
0.99831 -0.0578684 -0.00305749 0 -0.0579189 -0.998103 -0.0204066 0 -0.00187083 0.0205496 -0.999787 0 -0.254051 -0.658859 -0.0102241 1 
0.997978 -0.0633291 -0.00315653 0 -0.0633805 -0.997771 -0.0204249 0 -0.00185603 0.0205841 -0.999786 0 -0.25394 -0.658893 -0.0102271 1 
0.997659 -0.0681652 -0.00326502 0 -0.0682179 -0.997451 -0.0204347 0 -0.0018638 0.02061 -0.999786 0 -0.253849 -0.658922 -0.0102307 1 
0.997339 -0.0726922 -0.00332533 0 -0.0727452 -0.997132 -0.0204232 0 -0.00183123 0.0206111 -0.999786 0 -0.253815 -0.658932 -0.0102312 1 
0.996921 -0.0782214 -0.0033473 0 -0.0782737 -0.996714 -0.0203885 0 -0.00174151 0.0205882 -0.999787 0 -0.253746 -0.658955 -0.0102345 1 
0.996309 -0.0856609 -0.00336281 0 -0.0857119 -0.996101 -0.0203999 0 -0.00160225 0.0206133 -0.999786 0 -0.253649 -0.658966 -0.0102511 1 
0.995488 -0.0947236 -0.00332727 0 -0.0947721 -0.995279 -0.0204839 0 -0.00137128 0.0207072 -0.999785 0 -0.253532 -0.65897 -0.0102615 1 
0.994137 -0.107988 -0.00318726 0 -0.108031 -0.993927 -0.0204923 0 -0.000954997 0.0207168 -0.999785 0 -0.253407 -0.658984 -0.0102642 1 
0.992357 -0.123283 -0.00316578 0 -0.123322 -0.992146 -0.0204526 0 -0.000619477 0.020687 -0.999786 0 -0.253249 -0.659016 -0.0102744 1 
0.990172 -0.139747 -0.00345063 0 -0.139788 -0.989958 -0.0205609 0 -0.000542668 0.0208416 -0.999783 0 -0.253103 -0.659016 -0.0102788 1 
0.987601 -0.156876 -0.00379112 0 -0.156921 -0.987385 -0.0206765 0 -0.000499656 0.0210154 -0.999779 0 -0.253047 -0.658991 -0.010264 1 
0.984925 -0.172881 -0.00409216 0 -0.172928 -0.984705 -0.0207787 0 -0.00043734 0.0211735 -0.999776 0 -0.253064 -0.65891 -0.0102881 1 
0.982421 -0.186576 -0.00433611 0 -0.186626 -0.982196 -0.0210547 0 -0.000330619 0.0214942 -0.999769 0 -0.253002 -0.658797 -0.0102746 1 
0.980297 -0.197433 -0.0043545 0 -0.197481 -0.980058 -0.0216345 0 3.69721e-06 0.0220686 -0.999756 0 -0.252764 -0.65866 -0.0102258 1 
0.978496 -0.206172 -0.00437555 0 -0.206218 -0.978246 -0.0221266 0 0.000281508 0.0225535 -0.999746 0 -0.252308 -0.658613 -0.0102271 1 
0.976624 -0.214862 -0.00459702 0 -0.214911 -0.97637 -0.0222863 0 0.000300086 0.0227537 -0.999741 0 -0.251795 -0.6587 -0.0102058 1 
0.974061 -0.22619 -0.00487799 0 -0.226242 -0.973803 -0.0224316 0 0.000323612 0.0229538 -0.999736 0 -0.251307 -0.658799 -0.0102095 1 
0.971321 -0.237676 -0.0050746 0 -0.23773 -0.971058 -0.0226255 0 0.000449822 0.0231835 -0.999731 0 -0.250859 -0.658892 -0.010203 1 
0.968522 -0.248832 -0.00527798 0 -0.248887 -0.968254 -0.0228016 0 0.00056336 0.023398 -0.999726 0 -0.25041 -0.659007 -0.0101829 1 
0.965196 -0.261436 -0.00540198 0 -0.261491 -0.964923 -0.0229657 0 0.000791575 0.0235794 -0.999722 0 -0.249935 -0.659131 -0.0101951 1 
0.96148 -0.27479 -0.00522838 0 -0.274837 -0.961208 -0.0229255 0 0.00127416 0.0234798 -0.999723 0 -0.249424 -0.659305 -0.0102008 1 
0.957501 -0.288353 -0.00511317 0 -0.288393 -0.95723 -0.022833 0 0.00168952 0.0233377 -0.999726 0 -0.248876 -0.659508 -0.0102042 1 
0.953383 -0.301686 -0.00526975 0 -0.301726 -0.953111 -0.0228483 0 0.00187038 0.0233736 -0.999725 0 -0.248337 -0.659672 -0.0102298 1 
0.949283 -0.314344 -0.0054608 0 -0.314385 -0.94901 -0.0228517 0 0.002001 0.02341 -0.999724 0 -0.247838 -0.659817 -0.0102432 1 
0.945023 -0.32693 -0.00549108 0 -0.326968 -0.944749 -0.0228512 0 0.00228309 0.0233908 -0.999724 0 -0.247373 -0.659944 -0.0102486 1 
0.940913 -0.338573 -0.00555656 0 -0.33861 -0.940641 -0.0227861 0 0.00248809 0.0233217 -0.999725 0 -0.246935 -0.660103 -0.0102374 1 
0.936915 -0.349487 -0.00549026 0 -0.349519 -0.936644 -0.0227025 0 0.00279186 0.0231897 -0.999727 0 -0.246586 -0.660238 -0.0102387 1 
0.932485 -0.361145 -0.00516283 0 -0.361167 -0.932217 -0.0226003 0 0.00334916 0.0229395 -0.999731 0 -0.246349 -0.660344 -0.0102243 1 
0.927852 -0.372894 -0.00468544 0 -0.372901 -0.927588 -0.0225076 0 0.00404686 0.0226313 -0.999736 0 -0.246138 -0.66045 -0.0102132 1 
0.923104 -0.384503 -0.00411085 0 -0.384494 -0.922843 -0.0224955 0 0.00485601 0.0223467 -0.999738 0 -0.245927 -0.660531 -0.0102221 1 
0.91797 -0.39661 -0.00341481 0 -0.396582 -0.917713 -0.022495 0 0.00578803 0.0220044 -0.999741 0 -0.245808 -0.660578 -0.0102148 1 
0.912841 -0.408281 -0.00301747 0 -0.408241 -0.912585 -0.0225366 0 0.0064477 0.0218046 -0.999741 0 -0.24577 -0.660576 -0.0102337 1 
0.907083 -0.42092 -0.00261255 0 -0.420868 -0.906831 -0.0225425 0 0.00711959 0.0215479 -0.999742 0 -0.245792 -0.660576 -0.0102205 1 
0.900245 -0.435355 -0.00223448 0 -0.43529 -0.899995 -0.0226093 0 0.0078322 0.021327 -0.999742 0 -0.2459 -0.660519 -0.0102268 1 
0.892316 -0.451386 -0.00204314 0 -0.451312 -0.892068 -0.0226419 0 0.00839779 0.0211263 -0.999742 0 -0.246051 -0.660461 -0.010235 1 
0.883754 -0.467928 -0.00188666 0 -0.467846 -0.883507 -0.0227096 0 0.00895973 0.0209527 -0.99974 0 -0.246261 -0.660367 -0.0102311 1 
0.874893 -0.484292 -0.00182931 0 -0.484205 -0.874649 -0.0227095 0 0.00939824 0.0207546 -0.99974 0 -0.246467 -0.660307 -0.0102217 1 
0.866658 -0.498879 -0.00196234 0 -0.49879 -0.866414 -0.0227219 0 0.00963544 0.0206713 -0.99974 0 -0.246713 -0.660212 -0.0102273 1 
0.858715 -0.512429 -0.00228978 0 -0.512344 -0.85847 -0.0226787 0 0.0096557 0.0206481 -0.99974 0 -0.247066 -0.660086 -0.0102185 1 
0.851027 -0.525097 -0.00256731 0 -0.525014 -0.850782 -0.0226355 0 0.00970179 0.0206117 -0.99974 0 -0.247443 -0.659951 -0.0102103 1 
0.843753 -0.536707 -0.00271737 0 -0.536623 -0.843507 -0.0226525 0 0.00986579 0.0205717 -0.99974 0 -0.247743 -0.659829 -0.010218 1 
0.836522 -0.547908 -0.00286664 0 -0.547824 -0.836276 -0.0226223 0 0.00999783 0.0204949 -0.99974 0 -0.248001 -0.659743 -0.0102121 1 
0.829585 -0.558354 -0.0030817 0 -0.558272 -0.829338 -0.0226125 0 0.0100702 0.0204798 -0.99974 0 -0.248288 -0.659632 -0.010212 1 
0.823236 -0.567673 -0.00319383 0 -0.56759 -0.822989 -0.0226026 0 0.0102026 0.0204204 -0.999739 0 -0.248544 -0.659538 -0.0102117 1 
0.81658 -0.577207 -0.0030474 0 -0.577119 -0.816336 -0.0226086 0 0.0105624 0.0202209 -0.99974 0 -0.248718 -0.659497 -0.0101938 1 
0.808894 -0.587933 -0.00247579 0 -0.587828 -0.808653 -0.0227836 0 0.0113934 0.0198852 -0.999737 0 -0.248666 -0.659533 -0.0101927 1 
0.801391 -0.598122 -0.00178762 0 -0.597997 -0.801154 -0.0230596 0 0.0123605 0.0195491 -0.999732 0 -0.248536 -0.659573 -0.0102011 1 
0.794411 -0.607363 -0.00121309 0 -0.607221 -0.794179 -0.0232908 0 0.0131828 0.0192394 -0.999728 0 -0.248423 -0.659617 -0.0102002 1 
0.785068 -0.619394 -0.000464607 0 -0.619229 -0.784842 -0.0236374 0 0.0142765 0.0188451 -0.99972 0 -0.24826 -0.659673 -0.0102072 1 
0.777307 -0.629106 5.82143e-05 0 -0.628925 -0.777086 -0.0238957 0 0.0150784 0.018538 -0.999714 0 -0.248176 -0.659708 -0.0102005 1 
0.770012 -0.638015 0.000416573 0 -0.637821 -0.769794 -0.0241234 0 0.0157121 0.01831 -0.999709 0 -0.248218 -0.659687 -0.0102046 1 
0.762162 -0.64737 0.00108306 0 -0.647156 -0.761952 -0.0244768 0 0.0166711 0.0179547 -0.9997 0 -0.248267 -0.659667 -0.0102038 1 
0.753684 -0.65722 0.00171368 0 -0.656986 -0.753482 -0.0248009 0 0.0175912 0.0175665 -0.999691 0 -0.248324 -0.65966 -0.0101898 1 
0.746105 -0.66581 0.00228529 0 -0.665558 -0.745909 -0.0251652 0 0.0184602 0.0172552 -0.999681 0 -0.248355 -0.65964 -0.0101976 1 
0.737992 -0.674788 0.00301433 0 -0.674514 -0.737806 -0.0255641 0 0.0194747 0.0168332 -0.999669 0 -0.248325 -0.659666 -0.0101842 1 
0.729135 -0.684345 0.00392352 0 -0.684044 -0.728963 -0.0260363 0 0.0206783 0.0163004 -0.999653 0 -0.248246 -0.659721 -0.0101676 1 
0.720977 -0.69293 0.00459341 0 -0.692611 -0.720819 -0.0262816 0 0.0215228 0.0157673 -0.999644 0 -0.248203 -0.659797 -0.0101514 1 
0.711289 -0.702866 0.00532826 0 -0.702525 -0.711146 -0.0266643 0 0.022531 0.0152231 -0.99963 0 -0.248175 -0.659846 -0.0101484 1 
0.701109 -0.713014 0.00608335 0 -0.712647 -0.700981 -0.0272109 0 0.0236665 0.0147428 -0.999611 0 -0.248104 -0.659892 -0.0101399 1 
0.690351 -0.72343 0.00670115 0 -0.72304 -0.690236 -0.0277275 0 0.0246848 0.0142968 -0.999593 0 -0.248051 -0.659937 -0.0101224 1 
0.67932 -0.733795 0.00708865 0 -0.733386 -0.679214 -0.0281699 0 0.0254862 0.0139379 -0.999578 0 -0.248033 -0.659961 -0.0101112 1 
0.667957 -0.744152 0.00721708 0 -0.74373 -0.667856 -0.0285433 0 0.026061 0.0136984 -0.999566 0 -0.247954 -0.660001 -0.0101038 1 
0.655652 -0.755018 0.00703213 0 -0.75459 -0.655548 -0.0288162 0 0.0263672 0.0135873 -0.99956 0 -0.247837 -0.660044 -0.0101053 1 
0.644179 -0.764833 0.00668814 0 -0.764405 -0.644072 -0.0289357 0 0.0264391 0.0135276 -0.999559 0 -0.247786 -0.660075 -0.0100985 1 
0.631149 -0.775624 0.00622415 0 -0.775197 -0.631036 -0.0290503 0 0.0264603 0.0135104 -0.999559 0 -0.247755 -0.660094 -0.0101001 1 
0.618284 -0.785921 0.00581388 0 -0.785495 -0.618165 -0.0291592 0 0.0265113 0.0134622 -0.999558 0 -0.247685 -0.660139 -0.0100961 1 
0.605267 -0.795992 0.00534174 0 -0.795568 -0.605141 -0.0292575 0 0.0265217 0.0134591 -0.999558 0 -0.247642 -0.660157 -0.0101064 1 
0.591199 -0.806498 0.00492057 0 -0.806074 -0.591068 -0.0293865 0 0.026609 0.0134072 -0.999556 0 -0.247584 -0.660187 -0.0100983 1 
0.576811 -0.816854 0.0043924 0 -0.816433 -0.576672 -0.0294559 0 0.0265947 0.0134046 -0.999556 0 -0.247536 -0.660214 -0.0101005 1 
0.562847 -0.82654 0.00387076 0 -0.826122 -0.562701 -0.0295052 0 0.0265658 0.0134095 -0.999557 0 -0.247579 -0.660199 -0.0101147 1 
0.550013 -0.835137 0.00347842 0 -0.834722 -0.549863 -0.0295032 0 0.0265524 0.0133239 -0.999559 0 -0.247659 -0.660209 -0.0100897 1 
0.537527 -0.843229 0.00317976 0 -0.842816 -0.537376 -0.0294731 0 0.0265618 0.0131629 -0.999561 0 -0.247681 -0.66027 -0.0100989 1 
0.526142 -0.85038 0.00314417 0 -0.849972 -0.525998 -0.0292398 0 0.0265193 0.0127121 -0.999567 0 -0.247699 -0.660391 -0.0101097 1 
0.513835 -0.857872 0.00321847 0 -0.857469 -0.513703 -0.0289185 0 0.0264622 0.0120998 -0.999577 0 -0.247739 -0.66054 -0.0101132 1 
0.501391 -0.865204 0.00318727 0 -0.864806 -0.501266 -0.0287061 0 0.0264348 0.0116369 -0.999583 0 -0.247762 -0.660682 -0.01013 1 
0.490173 -0.871609 0.00308621 0 -0.871211 -0.490051 -0.0286689 0 0.026501 0.0113642 -0.999584 0 -0.247762 -0.660798 -0.0101511 1 
0.477937 -0.878378 0.00303027 0 -0.877978 -0.477819 -0.0287176 0 0.0266734 0.0110649 -0.999583 0 -0.247798 -0.660902 -0.0101492 1 
0.465045 -0.885272 0.00269012 0 -0.88487 -0.464922 -0.0288637 0 0.0268035 0.0110427 -0.99958 0 -0.247926 -0.66086 -0.0102137 1 
0.451953 -0.892028 0.00225222 0 -0.891627 -0.451823 -0.0289378 0 0.0268314 0.0110706 -0.999579 0 -0.248233 -0.66073 -0.0102184 1 
0.438295 -0.898819 0.00187744 0 -0.898419 -0.438161 -0.0289679 0 0.02686 0.01101 -0.999579 0 -0.248679 -0.660572 -0.0102141 1 
0.425345 -0.905019 0.00155378 0 -0.904619 -0.425207 -0.0290462 0 0.0269485 0.0109493 -0.999577 0 -0.249076 -0.660426 -0.0102033 1 
0.412751 -0.910833 0.00122527 0 -0.910431 -0.412608 -0.0291619 0 0.0270677 0.0109213 -0.999574 0 -0.249393 -0.660298 -0.0102074 1 
0.40136 -0.91591 0.000840401 0 -0.915509 -0.401211 -0.0292133 0 0.0270944 0.0109559 -0.999573 0 -0.249684 -0.660168 -0.0102211 1 
0.390394 -0.920637 0.000514622 0 -0.920238 -0.390241 -0.0292456 0 0.0271259 0.0109439 -0.999572 0 -0.249981 -0.660051 -0.0102222 1 
0.380244 -0.924876 0.000314138 0 -0.924475 -0.380089 -0.0292955 0 0.0272146 0.0108492 -0.999571 0 -0.250185 -0.659992 -0.010209 1 
0.371477 -0.928432 0.00012817 0 -0.928029 -0.37132 -0.0293911 0 0.0273357 0.0107994 -0.999568 0 -0.250266 -0.659959 -0.010214 1 
0.358535 -0.933506 -0.000238757 0 -0.933104 -0.358373 -0.0294404 0 0.0273977 0.0107784 -0.999567 0 -0.250314 -0.659939 -0.0102212 1 
0.347673 -0.937605 -0.000575788 0 -0.937205 -0.347507 -0.0294525 0 0.0274152 0.0107797 -0.999566 0 -0.250358 -0.659918 -0.010225 1 
0.337029 -0.941484 -0.000887417 0 -0.941084 -0.336858 -0.02948 0 0.0274565 0.0107709 -0.999565 0 -0.250378 -0.659907 -0.0102287 1 
0.325351 -0.945582 -0.00127574 0 -0.945184 -0.325174 -0.0294949 0 0.0274756 0.0108022 -0.999564 0 -0.250389 -0.659889 -0.0102363 1 
0.314883 -0.949119 -0.00158986 0 -0.948722 -0.314702 -0.0294851 0 0.0274851 0.0107929 -0.999564 0 -0.250386 -0.65989 -0.0102379 1 
0.305511 -0.952177 -0.0018489 0 -0.951781 -0.305326 -0.0295059 0 0.0275308 0.0107743 -0.999563 0 -0.250357 -0.659901 -0.0102338 1 
0.295564 -0.95531 -0.00216907 0 -0.954915 -0.295375 -0.0295126 0 0.0275535 0.0107944 -0.999562 0 -0.250339 -0.659896 -0.0102445 1 
0.28549 -0.958368 -0.00246685 0 -0.957975 -0.285297 -0.029499 0 0.0275676 0.0107851 -0.999562 0 -0.250309 -0.659907 -0.0102422 1 
0.276772 -0.960922 -0.00271472 0 -0.960528 -0.276576 -0.0295246 0 0.0276205 0.0107794 -0.99956 0 -0.250246 -0.659926 -0.0102455 1 
0.267862 -0.963443 -0.00294449 0 -0.963049 -0.267662 -0.0295726 0 0.0277039 0.0107573 -0.999558 0 -0.250175 -0.659948 -0.0102475 1 
0.259149 -0.965822 -0.00318466 0 -0.965429 -0.258946 -0.0295676 0 0.027733 0.0107372 -0.999558 0 -0.25008 -0.659987 -0.0102443 1 
0.250585 -0.968079 -0.00344686 0 -0.967687 -0.250378 -0.0295485 0 0.0277427 0.0107401 -0.999557 0 -0.249976 -0.660025 -0.010248 1 
0.242562 -0.970119 -0.00367352 0 -0.969729 -0.242353 -0.0295122 0 0.0277406 0.0107211 -0.999558 0 -0.249876 -0.660069 -0.0102429 1 
0.235079 -0.971959 -0.00385186 0 -0.971568 -0.234868 -0.0295543 0 0.0278214 0.0106902 -0.999556 0 -0.249787 -0.660104 -0.0102423 1 
0.227001 -0.973876 -0.00405848 0 -0.973486 -0.226787 -0.0295624 0 0.0278703 0.0106618 -0.999555 0 -0.249668 -0.660152 -0.0102396 1 
0.219353 -0.975626 -0.00428578 0 -0.975238 -0.219135 -0.0295317 0 0.0278733 0.0106577 -0.999555 0 -0.249529 -0.660206 -0.0102418 1 
0.210664 -0.977538 -0.00454972 0 -0.977152 -0.210443 -0.0294847 0 0.0278655 0.0106573 -0.999555 0 -0.249412 -0.660251 -0.010242 1 
0.202807 -0.979197 -0.00475169 0 -0.978812 -0.202584 -0.0294616 0 0.0278866 0.0106262 -0.999555 0 -0.249345 -0.660283 -0.0102367 1 
0.194081 -0.980963 -0.00502647 0 -0.980578 -0.193854 -0.0294726 0 0.0279377 0.0106491 -0.999553 0 -0.249289 -0.660291 -0.0102469 1 
0.185388 -0.982641 -0.00528783 0 -0.982258 -0.185157 -0.0294333 0 0.0279438 0.0106508 -0.999553 0 -0.249246 -0.660304 -0.0102479 1 
0.176925 -0.984199 -0.00551792 0 -0.983816 -0.176692 -0.0294272 0 0.0279878 0.0106352 -0.999552 0 -0.24919 -0.660324 -0.0102491 1 
0.16929 -0.98554 -0.00571245 0 -0.985158 -0.169054 -0.0294268 0 0.0280361 0.0106095 -0.999551 0 -0.249107 -0.660359 -0.0102482 1 
0.16212 -0.986743 -0.00593055 0 -0.986362 -0.161881 -0.0294028 0 0.0280535 0.0106167 -0.99955 0 -0.249014 -0.66039 -0.0102509 1 
0.154413 -0.987977 -0.00615353 0 -0.987598 -0.154171 -0.029358 0 0.0280569 0.0106107 -0.99955 0 -0.248944 -0.660419 -0.0102471 1 
0.146929 -0.989117 -0.00637101 0 -0.988739 -0.146684 -0.0293223 0 0.0280692 0.0106078 -0.99955 0 -0.248881 -0.660443 -0.0102468 1 
0.139502 -0.99019 -0.00659867 0 -0.989814 -0.139254 -0.029282 0 0.0280764 0.0106166 -0.999549 0 -0.24882 -0.660463 -0.0102501 1 
0.132347 -0.99117 -0.00681721 0 -0.990796 -0.132096 -0.0292347 0 0.0280766 0.0106238 -0.999549 0 -0.248793 -0.660469 -0.0102548 1 
0.126494 -0.991933 -0.00698331 0 -0.99156 -0.126241 -0.0292101 0 0.0280934 0.0106195 -0.999549 0 -0.248789 -0.66047 -0.0102544 1 
0.119901 -0.99275 -0.0071575 0 -0.992377 -0.119645 -0.0292276 0 0.0281599 0.0106075 -0.999547 0 -0.248782 -0.660465 -0.0102573 1 
0.113616 -0.993488 -0.00732659 0 -0.993115 -0.113358 -0.0292068 0 0.0281866 0.0105947 -0.999547 0 -0.248765 -0.660473 -0.0102568 1 
0.108027 -0.99411 -0.00748391 0 -0.993738 -0.107767 -0.0291875 0 0.0282096 0.0105903 -0.999546 0 -0.248747 -0.660478 -0.0102586 1 
0.101759 -0.99477 -0.00763582 0 -0.994398 -0.101497 -0.0291691 0 0.0282421 0.0105615 -0.999545 0 -0.248758 -0.660478 -0.0102542 1 
0.0951256 -0.995425 -0.00780413 0 -0.995054 -0.0948615 -0.0291582 0 0.028285 0.0105394 -0.999544 0 -0.248749 -0.660484 -0.0102508 1 
0.089298 -0.995963 -0.00799174 0 -0.995592 -0.0890307 -0.0291632 0 0.0283345 0.0105609 -0.999543 0 -0.248706 -0.660484 -0.010263 1 
0.084139 -0.996411 -0.00813517 0 -0.996041 -0.0838697 -0.0291527 0 0.0283664 0.010556 -0.999542 0 -0.248669 -0.660493 -0.0102605 1 
0.0789849 -0.996832 -0.00828978 0 -0.996462 -0.0787135 -0.0291176 0 0.0283734 0.0105605 -0.999542 0 -0.248639 -0.660502 -0.0102621 1 
0.0742211 -0.997197 -0.00840539 0 -0.996828 -0.0739485 -0.0290874 0 0.0283848 0.0105378 -0.999542 0 -0.248611 -0.660519 -0.0102559 1 
0.0691596 -0.997559 -0.00855195 0 -0.997191 -0.0688849 -0.0290751 0 0.0284156 0.010539 -0.999541 0 -0.248588 -0.660522 -0.0102574 1 
0.0632465 -0.99795 -0.00870028 0 -0.997583 -0.0629702 -0.0290311 0 0.0284242 0.0105156 -0.999541 0 -0.248573 -0.660535 -0.0102522 1 
0.0579724 -0.998269 -0.00887281 0 -0.997903 -0.0576933 -0.0290093 0 0.0284478 0.0105361 -0.99954 0 -0.248511 -0.660549 -0.010259 1 
0.0537185 -0.998506 -0.00898779 0 -0.99814 -0.0534376 -0.0290189 0 0.0284958 0.0105301 -0.999538 0 -0.248434 -0.660571 -0.0102606 1 
0.0489252 -0.998752 -0.00908323 0 -0.998379 -0.0486412 -0.0292176 0 0.0287399 0.0104982 -0.999532 0 -0.248357 -0.66057 -0.0102705 1 
0.0435099 -0.999002 -0.00907364 0 -0.998617 -0.0432243 -0.0295949 0 0.0291738 0.010349 -0.999521 0 -0.248264 -0.660589 -0.0102618 1 
0.0374999 -0.999246 -0.00900639 0 -0.998845 -0.0372138 -0.030073 0 0.0297157 0.0101239 -0.999507 0 -0.24817 -0.660629 -0.0102566 1 
0.0315915 -0.999451 -0.00891846 0 -0.99903 -0.0313045 -0.0306638 0 0.0303684 0.00987871 -0.99949 0 -0.248059 -0.660668 -0.010258 1 
0.0258709 -0.999617 -0.00881384 0 -0.999175 -0.025584 -0.0312431 0 0.0310062 0.00961504 -0.999473 0 -0.247932 -0.66072 -0.0102578 1 
0.020298 -0.999746 -0.00877706 0 -0.99929 -0.0200111 -0.0316253 0 0.0314422 0.00941294 -0.999461 0 -0.247853 -0.660757 -0.0102516 1 
0.0143764 -0.999849 -0.00871189 0 -0.999388 -0.0140936 -0.0317011 0 0.0315741 0.00916249 -0.999459 0 -0.247866 -0.66079 -0.0102431 1 
0.00926882 -0.99991 -0.00869203 0 -0.999447 -0.0089889 -0.0317078 0 0.0316274 0.00898129 -0.999459 0 -0.247885 -0.660805 -0.0102463 1 
0.00449989 -0.999942 -0.00873303 0 -0.999476 -0.00422023 -0.0317813 0 0.0317433 0.00887164 -0.999457 0 -0.247881 -0.660818 -0.0102445 1 
-0.00139458 -0.999951 -0.00881342 0 -0.999481 0.00167486 -0.0318736 0 0.0318874 0.00876456 -0.999453 0 -0.247886 -0.660824 -0.0102427 1 
-0.00805705 -0.999918 -0.00892708 0 -0.999447 0.00833782 -0.0318737 0 0.0319461 0.00866551 -0.999452 0 -0.247893 -0.660837 -0.010238 1 
-0.0146909 -0.999841 -0.0090574 0 -0.999372 0.0149721 -0.0318079 0 0.0319391 0.0085846 -0.999453 0 -0.247902 -0.660847 -0.0102382 1 
-0.0224585 -0.999694 -0.00936396 0 -0.999228 0.0227453 -0.0317444 0 0.0319483 0.00864396 -0.999452 0 -0.247922 -0.660808 -0.0102617 1 
-0.0280778 -0.999548 -0.00979432 0 -0.999083 0.028376 -0.0317706 0 0.0320348 0.00889346 -0.999447 0 -0.247943 -0.660637 -0.0102643 1 
-0.0312332 -0.999452 -0.0100078 0 -0.998986 0.0315372 -0.0318156 0 0.0321144 0.00900409 -0.999444 0 -0.247961 -0.660496 -0.0101895 1 
-0.0331346 -0.999392 -0.00993835 0 -0.998927 0.033435 -0.0317558 0 0.0320694 0.00887563 -0.999446 0 -0.247951 -0.660525 -0.0101895 1 
-0.0338035 -0.99937 -0.00985885 0 -0.998905 0.0341007 -0.0317154 0 0.0320322 0.00877614 -0.999448 0 -0.247956 -0.660537 -0.0101954 1 
-0.0342695 -0.999355 -0.00981331 0 -0.998888 0.0345654 -0.0317687 0 0.032088 0.00871387 -0.999447 0 -0.247972 -0.660539 -0.0101937 1 
-0.0351085 -0.999326 -0.00976972 0 -0.998853 0.035404 -0.0319221 0 0.0322471 0.00863794 -0.999443 0 -0.24796 -0.660546 -0.0101969 1 
-0.0367536 -0.999267 -0.00976987 0 -0.998791 0.0370491 -0.0320125 0 0.0323516 0.00858165 -0.99944 0 -0.247948 -0.660554 -0.0101959 1 
-0.0386561 -0.999195 -0.00983159 0 -0.998719 0.0389525 -0.0319952 0 0.032353 0.00858235 -0.99944 0 -0.247957 -0.660549 -0.0101965 1 
-0.0398769 -0.999146 -0.0099005 0 -0.998671 0.040175 -0.0319883 0 0.0323594 0.00861191 -0.999439 0 -0.247949 -0.660537 -0.010209 1 
-0.0405478 -0.999119 -0.00991253 0 -0.998644 0.0408458 -0.0319773 0 0.0323546 0.00860265 -0.999439 0 -0.247964 -0.660533 -0.0102077 1 
-0.0409406 -0.999103 -0.00992103 0 -0.998628 0.0412386 -0.0319734 0 0.0323544 0.00859857 -0.999439 0 -0.24797 -0.66053 -0.0102114 1 
-0.0415135 -0.999079 -0.00994463 0 -0.998604 0.041812 -0.0319657 0 0.0323527 0.00860391 -0.999439 0 -0.247976 -0.660524 -0.0102151 1 
-0.0425143 -0.999036 -0.00997436 0 -0.998562 0.0428132 -0.0319556 0 0.0323524 0.00860162 -0.99944 0 -0.247989 -0.660518 -0.0102141 1 
-0.0428477 -0.999022 -0.00998312 0 -0.998548 0.0431466 -0.0319501 0 0.0323502 0.00859981 -0.99944 0 -0.247984 -0.660521 -0.0102132 1 
-0.0430116 -0.999015 -0.00998464 0 -0.998541 0.0433105 -0.0319511 0 0.0323527 0.00859597 -0.99944 0 -0.247986 -0.660521 -0.010212 1 
-0.0432355 -0.999005 -0.00999426 0 -0.998531 0.0435346 -0.0319479 0 0.0323518 0.00859847 -0.99944 0 -0.247992 -0.660516 -0.010215 1 
-0.0434535 -0.998996 -0.00999467 0 -0.998522 0.0437525 -0.0319448 0 0.0323506 0.00859195 -0.99944 0 -0.247992 -0.660518 -0.0102132 1 
-0.043664 -0.998987 -0.00999767 0 -0.998513 0.043963 -0.0319361 0 0.0323439 0.00858851 -0.99944 0 -0.247996 -0.660518 -0.0102112 1 
-0.0440669 -0.998969 -0.0100086 0 -0.998495 0.044366 -0.0319387 0 0.0323505 0.00858627 -0.99944 0 -0.248002 -0.660515 -0.0102121 1 
-0.0445441 -0.998948 -0.0100192 0 -0.998474 0.0448432 -0.0319291 0 0.0323454 0.00858178 -0.99944 0 -0.248002 -0.660517 -0.0102126 1 
-0.0448078 -0.998936 -0.0100171 0 -0.998462 0.0451067 -0.0319227 0 0.0323411 0.00857146 -0.99944 0 -0.247999 -0.660521 -0.0102096 1 
-0.0450135 -0.998927 -0.0100101 0 -0.998453 0.045312 -0.0319158 0 0.0323357 0.0085581 -0.99944 0 -0.248011 -0.66052 -0.0102099 1 
-0.0456168 -0.998899 -0.0100109 0 -0.998426 0.0459149 -0.0319022 0 0.0323273 0.00853999 -0.999441 0 -0.248019 -0.660522 -0.0102059 1 
-0.0461989 -0.998872 -0.010021 0 -0.9984 0.0464969 -0.031891 0 0.0323216 0.00853184 -0.999441 0 -0.248018 -0.660525 -0.0102047 1 
-0.046423 -0.998862 -0.0100265 0 -0.998389 0.0467212 -0.0318874 0 0.0323201 0.00853018 -0.999441 0 -0.248016 -0.660526 -0.0102038 1 
-0.0466408 -0.998852 -0.01003 0 -0.998379 0.0469389 -0.0318835 0 0.0323183 0.00852688 -0.999441 0 -0.248022 -0.660524 -0.0102038 1 
-0.0468158 -0.998844 -0.0100325 0 -0.998371 0.0471139 -0.0318784 0 0.0323149 0.00852394 -0.999441 0 -0.248024 -0.660525 -0.0102029 1 
-0.0468285 -0.998843 -0.0100352 0 -0.99837 0.0471266 -0.0318783 0 0.0323149 0.00852625 -0.999441 0 -0.24802 -0.660525 -0.0102034 1 
-0.0468345 -0.998843 -0.0100375 0 -0.99837 0.0471328 -0.0318813 0 0.0323181 0.00852819 -0.999441 0 -0.24802 -0.660524 -0.0102063 1 
-0.0468548 -0.998842 -0.0100412 0 -0.998369 0.0471531 -0.0318773 0 0.0323144 0.00853142 -0.999441 0 -0.248027 -0.660521 -0.0102054 1 
-0.0468451 -0.998842 -0.0100415 0 -0.99837 0.0471434 -0.0318736 0 0.0323108 0.00853214 -0.999441 0 -0.248023 -0.660523 -0.0102043 1 
-0.0468372 -0.998842 -0.0100468 0 -0.99837 0.0471357 -0.0318723 0 0.0323096 0.00853773 -0.999441 0 -0.248018 -0.660524 -0.0102047 1 
-0.046835 -0.998842 -0.0100472 0 -0.99837 0.0471334 -0.031873 0 0.0323102 0.00853827 -0.999441 0 -0.248019 -0.660523 -0.0102075 1 
-0.0468224 -0.998843 -0.0100476 0 -0.998371 0.0471208 -0.031862 0 0.0322992 0.00853953 -0.999442 0 -0.248022 -0.660523 -0.0102046 1 
-0.0468089 -0.998844 -0.0100469 0 -0.998372 0.0471072 -0.0318484 0 0.0322855 0.00853996 -0.999442 0 -0.248021 -0.660525 -0.010201 1 
-0.0467994 -0.998844 -0.0100565 0 -0.998373 0.0470979 -0.0318486 0 0.032286 0.00854984 -0.999442 0 -0.248018 -0.660524 -0.010204 1 
-0.0467628 -0.998846 -0.0100514 0 -0.998375 0.0470611 -0.0318364 0 0.0322733 0.00854652 -0.999443 0 -0.248016 -0.660528 -0.0101943 1 
-0.046715 -0.998848 -0.010048 0 -0.998378 0.047013 -0.0318118 0 0.0322481 0.00854576 -0.999443 0 -0.248018 -0.660531 -0.0101865 1 
-0.04664 -0.998851 -0.0100648 0 -0.998382 0.0469384 -0.0317919 0 0.0322284 0.00856592 -0.999444 0 -0.248018 -0.660527 -0.0101864 1 
-0.0464525 -0.99886 -0.0100769 0 -0.998393 0.0467507 -0.0317192 0 0.0321548 0.00858747 -0.999446 0 -0.248022 -0.660529 -0.0101812 1 
-0.0462343 -0.99887 -0.0100676 0 -0.998404 0.0465323 -0.0317074 0 0.0321406 0.00858574 -0.999446 0 -0.24802 -0.66053 -0.0101692 1 
-0.0460372 -0.99888 -0.0100314 0 -0.998413 0.046334 -0.0316961 0 0.032126 0.00855643 -0.999447 0 -0.248023 -0.66054 -0.0101553 1 
-0.0460006 -0.998881 -0.0100262 0 -0.998415 0.0462973 -0.0316954 0 0.0321247 0.00855246 -0.999447 0 -0.248031 -0.660539 -0.0101492 1 
-0.0458178 -0.99889 -0.010025 0 -0.998424 0.0461145 -0.0316924 0 0.0321202 0.00855728 -0.999447 0 -0.248026 -0.66054 -0.0101485 1 
-0.0454838 -0.998905 -0.0100122 0 -0.99844 0.04578 -0.031665 0 0.0320893 0.00855654 -0.999448 0 -0.248022 -0.660546 -0.0101407 1 
-0.0452277 -0.998917 -0.00999019 0 -0.998453 0.0455229 -0.0316138 0 0.032035 0.00854509 -0.99945 0 -0.248032 -0.660554 -0.0101202 1 
-0.0450365 -0.998926 -0.0099767 0 -0.998464 0.0453308 -0.0315546 0 0.0319736 0.00854043 -0.999452 0 -0.24805 -0.660558 -0.0100952 1 
-0.0448247 -0.998935 -0.00998561 0 -0.998475 0.045119 -0.0315121 0 0.0319297 0.00855803 -0.999453 0 -0.248053 -0.660557 -0.0100957 1 
-0.0440297 -0.99897 -0.0100213 0 -0.998515 0.0443242 -0.0313614 0 0.0317739 0.00862579 -0.999458 0 -0.248068 -0.660549 -0.0100887 1 
-0.0430756 -0.999012 -0.0100369 0 -0.998562 0.0433697 -0.0312131 0 0.0316181 0.00867812 -0.999462 0 -0.248083 -0.660545 -0.0100766 1 
-0.0426957 -0.999028 -0.0100453 0 -0.998582 0.0429894 -0.0311067 0 0.0315089 0.00870307 -0.999466 0 -0.248089 -0.660549 -0.0100613 1 
-0.0426483 -0.99903 -0.0100375 0 -0.998585 0.0429413 -0.0310526 0 0.0314541 0.00869909 -0.999467 0 -0.248111 -0.660549 -0.0100453 1 
-0.0426217 -0.999032 -0.0100033 0 -0.998587 0.0429134 -0.0310247 0 0.0314245 0.00866703 -0.999469 0 -0.248121 -0.660563 -0.0100219 1 
-0.0425599 -0.999035 -0.00996009 0 -0.998591 0.04285 -0.0309953 0 0.0313928 0.00862707 -0.99947 0 -0.248112 -0.660587 -0.00999 1 
-0.0425053 -0.999037 -0.00993116 0 -0.998594 0.0427944 -0.0309805 0 0.0313763 0.00860053 -0.999471 0 -0.248086 -0.66061 -0.00996911 1 
-0.0425146 -0.999037 -0.00990185 0 -0.998594 0.0428027 -0.0309711 0 0.0313657 0.00857137 -0.999471 0 -0.248102 -0.660616 -0.0099484 1 
-0.0426577 -0.999033 -0.0096658 0 -0.998592 0.0429373 -0.0308472 0 0.031233 0.00833647 -0.999477 0 -0.248259 -0.660661 -0.00975473 1 
-0.0427823 -0.99903 -0.00943727 0 -0.998589 0.043054 -0.0307661 0 0.0311432 0.00810787 -0.999482 0 -0.248365 -0.660713 -0.0095636 1 
-0.0427311 -0.999032 -0.00945396 0 -0.998591 0.0430035 -0.030776 0 0.0311534 0.0081257 -0.999482 0 -0.248326 -0.660715 -0.00957054 1 
-0.0427438 -0.999032 -0.00944405 0 -0.998591 0.0430158 -0.0307719 0 0.031149 0.00811559 -0.999482 0 -0.248336 -0.660715 -0.00956038 1 
-0.0427659 -0.999031 -0.00943664 0 -0.99859 0.0430376 -0.0307627 0 0.0311396 0.0081079 -0.999482 0 -0.248357 -0.660709 -0.00955784 1 
-0.042722 -0.999033 -0.00942335 0 -0.998593 0.0429931 -0.0307369 0 0.0311129 0.00809711 -0.999483 0 -0.248345 -0.660723 -0.00953341 1 
-0.0427345 -0.999032 -0.00941788 0 -0.998593 0.0430054 -0.0307265 0 0.0311023 0.0080917 -0.999483 0 -0.248363 -0.660718 -0.00953102 1 
-0.0427307 -0.999033 -0.00941397 0 -0.998593 0.0430014 -0.0307241 0 0.0310998 0.00808801 -0.999484 0 -0.248359 -0.660721 -0.00952502 1 
-0.0427216 -0.999033 -0.00941367 0 -0.998593 0.0429923 -0.0307227 0 0.0310983 0.00808806 -0.999484 0 -0.248356 -0.660722 -0.00952643 1 
-0.0427385 -0.999032 -0.00941017 0 -0.998593 0.0430091 -0.0307203 0 0.0310959 0.00808414 -0.999484 0 -0.248369 -0.660719 -0.00952289 1 
-0.0427207 -0.999033 -0.0094151 0 -0.998593 0.0429914 -0.0307185 0 0.0310942 0.0080897 -0.999484 0 -0.248359 -0.660721 -0.00952598 1 
-0.0427238 -0.999033 -0.00941259 0 -0.998593 0.0429944 -0.0307172 0 0.0310928 0.00808715 -0.999484 0 -0.248361 -0.66072 -0.00952474 1 
-0.042727 -0.999033 -0.00940673 0 -0.998593 0.0429973 -0.0307131 0 0.0310884 0.00808138 -0.999484 0 -0.248365 -0.660722 -0.00951994 1 
-0.042717 -0.999033 -0.00940644 0 -0.998594 0.0429874 -0.0307147 0 0.03109 0.00808132 -0.999484 0 -0.24836 -0.660724 -0.00952094 1 
-0.0427315 -0.999033 -0.00940802 0 -0.998593 0.043002 -0.0307141 0 0.0310896 0.00808247 -0.999484 0 -0.248367 -0.66072 -0.00952143 1 
-0.042731 -0.999033 -0.00940098 0 -0.998593 0.0430012 -0.0307106 0 0.0310858 0.00807561 -0.999484 0 -0.248368 -0.660723 -0.00951742 1 
-0.0427283 -0.999033 -0.00940235 0 -0.998593 0.0429986 -0.0307119 0 0.0310871 0.00807701 -0.999484 0 -0.248366 -0.660723 -0.00951801 1 
-0.0427268 -0.999033 -0.00940047 0 -0.998594 0.042997 -0.0307084 0 0.0310835 0.00807533 -0.999484 0 -0.248369 -0.660723 -0.00951863 1 
-0.0427199 -0.999033 -0.00939425 0 -0.998594 0.0429898 -0.0307066 0 0.0310814 0.00806941 -0.999484 0 -0.248364 -0.660728 -0.00951012 1 
-0.0427252 -0.999033 -0.00939786 0 -0.998594 0.0429952 -0.0307094 0 0.0310844 0.00807273 -0.999484 0 -0.248367 -0.660725 -0.00951459 1 
-0.0427228 -0.999033 -0.0093954 0 -0.998594 0.0429928 -0.0307079 0 0.0310827 0.00807041 -0.999484 0 -0.248367 -0.660726 -0.00951234 1 
-0.0427265 -0.999033 -0.00939862 0 -0.998594 0.0429966 -0.0307062 0 0.0310812 0.00807359 -0.999484 0 -0.248373 -0.660722 -0.00951499 1 
-0.0427236 -0.999033 -0.00939064 0 -0.998594 0.0429935 -0.0307042 0 0.0310788 0.0080658 -0.999484 0 -0.24837 -0.660727 -0.00951175 1 
