-1.96926 -0.364672 0.0201603 -1.91755 0.00189767 1.51564 -1.12403 
-1.96926 -0.364677 0.0201551 -1.91755 0.00189386 1.51564 -1.12403 
-1.96925 -0.364679 0.0201605 -1.91755 0.0018964 1.51564 -1.12402 
-1.96926 -0.364681 0.0201572 -1.91755 0.00189507 1.51564 -1.12402 
-1.96926 -0.364683 0.0201572 -1.91755 0.00189543 1.51564 -1.12402 
-1.96925 -0.364682 0.0201563 -1.91755 0.00189639 1.51564 -1.12402 
-1.96926 -0.364678 0.0201567 -1.91755 0.00189568 1.51564 -1.12403 
-1.96926 -0.364675 0.0201585 -1.91755 0.00189507 1.51564 -1.12402 
-1.96926 -0.36468 0.0201589 -1.91755 0.00189568 1.51564 -1.12402 
-1.96926 -0.364678 0.0201572 -1.91755 0.00189507 1.51564 -1.12402 
-1.96926 -0.364674 0.0201581 -1.91755 0.00189447 1.51564 -1.12403 
-1.96926 -0.364678 0.0201565 -1.91755 0.0018945 1.51564 -1.12403 
-1.96926 -0.364676 0.0201589 -1.91755 0.00189481 1.51564 -1.12403 
-1.96926 -0.364678 0.0201609 -1.91755 0.00189446 1.51564 -1.12402 
-1.96925 -0.364676 0.0201609 -1.91755 0.00189568 1.51564 -1.12403 
-1.96926 -0.364676 0.0201609 -1.91755 0.00189447 1.51564 -1.12403 
-1.96926 -0.364679 0.0201625 -1.91755 0.00189568 1.51564 -1.12403 
-1.96926 -0.364678 0.0201572 -1.91755 0.00189446 1.51564 -1.12402 
-1.96926 -0.364679 0.0201584 -1.91755 0.00189887 1.51564 -1.12403 
-1.96926 -0.364679 0.0201625 -1.91755 0.00189568 1.51564 -1.12403 
-1.96926 -0.364677 0.0201581 -1.91755 0.00189507 1.51564 -1.12403 
-1.96926 -0.364675 0.0201587 -1.91756 0.00189568 1.51564 -1.12403 
-1.96926 -0.364679 0.0201589 -1.91755 0.00189887 1.51564 -1.12402 
-1.96926 -0.364678 0.0201567 -1.91755 0.00189507 1.51564 -1.12402 
-1.96926 -0.364676 0.0201572 -1.91755 0.00189511 1.51564 -1.12403 
-1.96926 -0.364679 0.0201563 -1.91755 0.00189603 1.51564 -1.12403 
-1.96926 -0.364678 0.0201589 -1.91755 0.00189568 1.51564 -1.12402 
-1.96926 -0.364678 0.0201587 -1.91755 0.00189511 1.51564 -1.12402 
-1.96926 -0.364678 0.0201609 -1.91755 0.00189674 1.51564 -1.12403 
-1.96926 -0.364677 0.0201587 -1.91755 0.00189446 1.51564 -1.12403 
-1.96925 -0.364676 0.0201608 -1.91755 0.00189446 1.51564 -1.12403 
-1.96926 -0.364678 0.0201581 -1.91755 0.00189385 1.51564 -1.12403 
-1.96926 -0.364679 0.0201625 -1.91755 0.00189457 1.51564 -1.12403 
-1.96925 -0.364678 0.0201572 -1.91755 0.00189512 1.51564 -1.12403 
-1.96926 -0.364676 0.0201579 -1.91755 0.0018945 1.51564 -1.12403 
-1.96926 -0.36468 0.0201582 -1.91755 0.00189826 1.51564 -1.12402 
-1.96926 -0.364678 0.0201568 -1.91755 0.00189446 1.51564 -1.12403 
-1.96925 -0.36468 0.0201598 -1.91755 0.00189446 1.51564 -1.12402 
-1.96926 -0.364676 0.0201569 -1.91755 0.00189507 1.51564 -1.12403 
-1.96926 -0.364678 0.0201601 -1.91755 0.00189507 1.51564 -1.12403 
-1.96926 -0.364674 0.0201608 -1.91755 0.00189507 1.51564 -1.12403 
-1.96925 -0.364674 0.020158 -1.91755 0.00189446 1.51564 -1.12402 
-1.96926 -0.364679 0.0201588 -1.91755 0.00189862 1.51564 -1.12403 
-1.96927 -0.364676 0.020146 -1.91755 0.00189446 1.51564 -1.12402 
-1.96927 -0.36468 0.0201445 -1.91755 0.00189508 1.51564 -1.12403 
-1.96926 -0.364674 0.020154 -1.91755 0.00189446 1.51564 -1.12403 
-1.96927 -0.364679 0.0201541 -1.91755 0.00189446 1.51564 -1.12402 
-1.96928 -0.364676 0.0201384 -1.91755 0.00189458 1.51564 -1.12402 
-1.96929 -0.364675 0.0201286 -1.91755 0.00189613 1.51564 -1.12402 
-1.96928 -0.364678 0.0201475 -1.91755 0.00189615 1.51564 -1.12403 
-1.96925 -0.364676 0.0201752 -1.91755 0.00189507 1.51564 -1.12402 
-1.96925 -0.364675 0.0201748 -1.91755 0.00189643 1.51564 -1.12403 
-1.96925 -0.364676 0.0201714 -1.91755 0.00189639 1.51564 -1.12403 
-1.96925 -0.364677 0.0201748 -1.91755 0.00189568 1.51564 -1.12403 
-1.96924 -0.364676 0.0201823 -1.91755 0.00189806 1.51564 -1.12403 
-1.96925 -0.364677 0.0201732 -1.91756 0.00189572 1.51564 -1.12403 
-1.96925 -0.364676 0.0201702 -1.91756 0.00189674 1.51564 -1.12402 
-1.96924 -0.364675 0.0201796 -1.91755 0.00189572 1.51564 -1.12403 
-1.96924 -0.364676 0.0201847 -1.91756 0.00189613 1.51564 -1.12403 
-1.96924 -0.364675 0.0201809 -1.91755 0.00189507 1.51564 -1.12403 
-1.96926 -0.364676 0.0201683 -1.91752 0.00189507 1.51565 -1.12403 
-1.96926 -0.364684 0.0201625 -1.91749 0.0018952 1.51565 -1.12402 
-1.96928 -0.364678 0.0201503 -1.9175 0.00189507 1.51565 -1.12403 
-1.9693 -0.364646 0.0201309 -1.91753 0.00189446 1.51565 -1.12403 
-1.96933 -0.364645 0.020109 -1.91753 0.00189385 1.51565 -1.12402 
-1.96932 -0.364663 0.0201212 -1.91751 0.00189507 1.51565 -1.12403 
-1.9693 -0.364659 0.0201424 -1.91751 0.00189446 1.51566 -1.12403 
-1.96932 -0.364652 0.020126 -1.91752 0.00189385 1.51566 -1.12403 
-1.96933 -0.364651 0.0201099 -1.91751 0.00189826 1.51566 -1.12402 
-1.96933 -0.364649 0.0201145 -1.91752 0.00189349 1.51566 -1.12403 
-1.96933 -0.364656 0.0201182 -1.91751 0.00189385 1.51566 -1.12403 
-1.96934 -0.36465 0.0200985 -1.91752 0.00189314 1.51566 -1.12403 
-1.96936 -0.364649 0.0200874 -1.91753 0.00189325 1.51566 -1.12402 
-1.96936 -0.364651 0.0201012 -1.91753 0.00189313 1.51566 -1.12402 
-1.96935 -0.364661 0.0201129 -1.9175 0.00189253 1.51567 -1.12402 
-1.96937 -0.364668 0.0200968 -1.9175 0.00189552 1.51567 -1.12402 
-1.96937 -0.364626 0.0200885 -1.91755 0.00189507 1.51567 -1.12402 
-1.96934 -0.364617 0.0201299 -1.91754 0.00189385 1.51567 -1.12402 
-1.9693 -0.364653 0.0201491 -1.91752 0.00189568 1.51567 -1.12403 
-1.96931 -0.364613 0.0201447 -1.91761 0.00189568 1.51566 -1.12403 
-1.96931 -0.364494 0.0201387 -1.91768 0.00189572 1.51565 -1.12403 
-1.96929 -0.364465 0.0201667 -1.91767 0.00189781 1.51566 -1.12402 
-1.96932 -0.364438 0.0201531 -1.91774 0.00189377 1.51586 -1.12402 
-1.96954 -0.36428 0.0200907 -1.91788 0.00189795 1.51725 -1.12402 
-1.96986 -0.363963 0.0200415 -1.91811 0.00189602 1.51882 -1.12401 
-1.9704 -0.363441 0.0200231 -1.9186 0.00189107 1.52042 -1.12398 
-1.97126 -0.362614 0.0199608 -1.91942 0.00189027 1.52184 -1.12397 
-1.97231 -0.361366 0.0199264 -1.92076 0.00189134 1.52269 -1.12397 
-1.97336 -0.359563 0.0199372 -1.92263 0.00188726 1.5232 -1.12397 
-1.97425 -0.357148 0.0199346 -1.92491 0.00188711 1.52449 -1.12396 
-1.97489 -0.354009 0.0199302 -1.92809 0.00187476 1.52653 -1.12396 
-1.97524 -0.350257 0.0199302 -1.93214 0.00186689 1.52883 -1.12395 
-1.97538 -0.346108 0.0199322 -1.93642 0.00186377 1.53162 -1.12394 
-1.97532 -0.341278 0.0199787 -1.94133 0.00185955 1.53633 -1.12391 
-1.97522 -0.335783 0.0200952 -1.94688 0.00184024 1.54445 -1.12375 
-1.97495 -0.32918 0.0201275 -1.95319 0.00182827 1.55608 -1.12299 
-1.97469 -0.322117 0.0201503 -1.95955 0.0017404 1.56933 -1.12216 
-1.97454 -0.313441 0.0201799 -1.96696 0.0014987 1.58815 -1.12147 
-1.97436 -0.305473 0.0201831 -1.9734 0.00133386 1.60628 -1.12145 
-1.97412 -0.295973 0.0202029 -1.97989 0.00119766 1.62586 -1.12144 
-1.97381 -0.286204 0.020215 -1.98658 0.000939534 1.64795 -1.12143 
-1.97334 -0.275829 0.0202274 -1.99235 0.000561976 1.66985 -1.12143 
-1.97263 -0.26465 0.0202323 -1.99793 0.000254061 1.6917 -1.12142 
-1.97161 -0.252791 0.0203409 -2.00303 -0.000188609 1.71357 -1.12143 
-1.97024 -0.239904 0.0203062 -2.00738 -0.000863713 1.733 -1.12143 
-1.96854 -0.225501 0.0203817 -2.01154 -0.00214123 1.75316 -1.12142 
-1.96655 -0.21071 0.0203188 -2.0144 -0.00408388 1.77017 -1.12126 
-1.96476 -0.195788 0.0204204 -2.01629 -0.00681925 1.78603 -1.12055 
-1.96265 -0.180723 0.020396 -2.01753 -0.00961682 1.80032 -1.11964 
-1.96037 -0.163942 0.0204331 -2.01799 -0.0125895 1.81482 -1.1181 
-1.958 -0.147476 0.0204132 -2.01804 -0.0153191 1.83 -1.11507 
-1.95551 -0.129521 0.0203975 -2.01771 -0.0184559 1.84537 -1.11074 
-1.95307 -0.111509 0.0204058 -2.01746 -0.0220807 1.86164 -1.10532 
-1.95072 -0.0939074 0.0203976 -2.01727 -0.0266465 1.87955 -1.09974 
-1.94855 -0.0759374 0.0203663 -2.01676 -0.0321382 1.89765 -1.09493 
-1.94663 -0.0570294 0.0203775 -2.01645 -0.0389061 1.91775 -1.09021 
-1.94487 -0.038467 0.0203521 -2.01575 -0.0465223 1.9392 -1.08524 
-1.94323 -0.0193319 0.0203554 -2.0151 -0.0542352 1.96222 -1.08025 
-1.94175 0.000427144 0.0203501 -2.01434 -0.0616307 1.98636 -1.07618 
-1.94051 0.0197951 0.0202988 -2.01353 -0.0687014 2.01106 -1.07302 
-1.93938 0.0390095 0.0203086 -2.01248 -0.0749766 2.03654 -1.07049 
-1.93834 0.0579405 0.0203131 -2.01101 -0.0800511 2.06102 -1.06778 
-1.9373 0.0798134 0.0203164 -2.00944 -0.0842425 2.08838 -1.06481 
-1.93647 0.0997019 0.0202995 -2.00787 -0.0860376 2.1127 -1.06261 
-1.93568 0.118342 0.0202925 -2.00583 -0.0861473 2.13489 -1.06149 
-1.93497 0.138365 0.0203132 -2.0034 -0.0861422 2.15651 -1.06082 
-1.93449 0.158763 0.0202835 -2.00028 -0.0861134 2.1758 -1.0598 
-1.93432 0.178 0.0202733 -1.99691 -0.0860924 2.19248 -1.05776 
-1.93415 0.198007 0.0202789 -1.99252 -0.086081 2.20809 -1.05483 
-1.93405 0.218266 0.0202734 -1.98751 -0.0860736 2.22215 -1.05174 
-1.93408 0.238991 0.0202033 -1.98164 -0.0860762 2.23352 -1.04815 
-1.93415 0.259642 0.0201121 -1.97493 -0.0860711 2.2426 -1.04468 
-1.93425 0.280074 0.0200866 -1.96744 -0.0860685 2.25012 -1.04187 
-1.9344 0.29966 0.0200977 -1.95966 -0.0860835 2.25669 -1.04048 
-1.93459 0.320449 0.0200846 -1.95058 -0.0860809 2.26151 -1.04006 
-1.93472 0.341354 0.0200568 -1.94086 -0.0860784 2.26468 -1.04001 
-1.93477 0.360958 0.0200376 -1.93119 -0.0860752 2.26679 -1.04001 
-1.93483 0.38111 0.0200328 -1.92002 -0.086081 2.26775 -1.04 
-1.93487 0.401362 0.0200583 -1.90847 -0.0860881 2.2679 -1.04 
-1.93481 0.420746 0.0200678 -1.89695 -0.0860877 2.26797 -1.04 
-1.93472 0.440485 0.0200497 -1.88468 -0.0860792 2.26803 -1.03999 
-1.93464 0.459561 0.0200719 -1.87162 -0.0860844 2.26834 -1.03999 
-1.93453 0.477819 0.0201292 -1.85875 -0.0860867 2.26862 -1.03999 
-1.93425 0.496951 0.0201028 -1.84514 -0.0860899 2.26908 -1.03999 
-1.93394 0.515064 0.0200593 -1.83141 -0.0860986 2.26991 -1.03999 
-1.93369 0.532657 0.0201273 -1.81712 -0.0861046 2.27149 -1.03999 
-1.93327 0.550576 0.0201224 -1.80327 -0.0861054 2.27371 -1.03999 
-1.93279 0.567155 0.0200415 -1.78935 -0.08611 2.27598 -1.03999 
-1.93242 0.582936 0.020069 -1.77559 -0.0861075 2.27773 -1.03999 
-1.93196 0.599639 0.0201008 -1.76145 -0.08611 2.27937 -1.03999 
-1.93133 0.614382 0.0200334 -1.74808 -0.0861107 2.28028 -1.03999 
-1.93083 0.628637 0.0200789 -1.73545 -0.0861113 2.28046 -1.03999 
-1.93013 0.640878 0.0200877 -1.72403 -0.0861111 2.28048 -1.03999 
-1.92938 0.653283 0.020056 -1.71276 -0.0861122 2.28048 -1.03998 
-1.92857 0.664768 0.0200391 -1.70162 -0.0861176 2.2805 -1.03999 
-1.92786 0.676545 0.0200277 -1.69084 -0.0861237 2.28054 -1.03999 
-1.92714 0.686715 0.0200292 -1.68017 -0.086127 2.28059 -1.04 
-1.92652 0.697219 0.0200235 -1.67009 -0.0861462 2.28064 -1.03999 
-1.92603 0.706523 0.0199985 -1.66061 -0.0861638 2.28078 -1.03999 
-1.92574 0.715469 0.0199847 -1.65108 -0.0861926 2.28091 -1.03999 
-1.92558 0.724912 0.0199625 -1.64209 -0.0862338 2.28105 -1.03999 
-1.92555 0.733081 0.0199171 -1.63374 -0.086234 2.28152 -1.04 
-1.92568 0.740712 0.0198254 -1.62572 -0.0862395 2.28214 -1.04 
-1.92596 0.749141 0.0197693 -1.61793 -0.0862439 2.28319 -1.03999 
-1.92624 0.756645 0.0197521 -1.61099 -0.0862484 2.28543 -1.03999 
-1.92663 0.763618 0.019719 -1.60421 -0.0862494 2.28937 -1.03999 
-1.92716 0.770874 0.0196416 -1.59812 -0.0862469 2.29534 -1.03999 
-1.9277 0.777342 0.0196271 -1.59337 -0.0862481 2.30156 -1.03999 
-1.92829 0.783045 0.0196205 -1.58898 -0.0862488 2.30804 -1.03999 
-1.92894 0.788296 0.0196231 -1.58478 -0.0862475 2.31518 -1.03999 
-1.92965 0.793377 0.0196171 -1.58081 -0.0862445 2.3216 -1.03999 
-1.93042 0.798293 0.0196081 -1.57755 -0.086242 2.32735 -1.03999 
-1.93146 0.803619 0.0195858 -1.57475 -0.0862437 2.33428 -1.03999 
-1.93241 0.807713 0.0195736 -1.57284 -0.0862449 2.33934 -1.03999 
-1.93337 0.811205 0.0195639 -1.57123 -0.0862449 2.34302 -1.03999 
-1.9345 0.814715 0.0195712 -1.56961 -0.0862377 2.34632 -1.03997 
-1.93571 0.818199 0.0195655 -1.568 -0.0862363 2.34888 -1.03994 
-1.93691 0.821564 0.0195559 -1.5665 -0.0862357 2.35079 -1.03993 
-1.93817 0.825144 0.0195596 -1.56502 -0.0862388 2.35213 -1.03992 
-1.93934 0.828523 0.0195693 -1.5636 -0.0862363 2.35274 -1.03992 
-1.94026 0.831497 0.0195599 -1.56221 -0.086235 2.35302 -1.03991 
-1.94107 0.834411 0.0195576 -1.56059 -0.0862363 2.35338 -1.03989 
-1.94179 0.837138 0.0195527 -1.55873 -0.0862363 2.35372 -1.03985 
-1.94236 0.839783 0.0195732 -1.5566 -0.0862369 2.35379 -1.03984 
-1.94271 0.842676 0.0195723 -1.55403 -0.0862369 2.35384 -1.03982 
-1.94294 0.845619 0.0195538 -1.55119 -0.0862363 2.35397 -1.03981 
-1.94314 0.848651 0.0195548 -1.54833 -0.0862402 2.35422 -1.03981 
-1.94326 0.85172 0.0195643 -1.54545 -0.0862394 2.35438 -1.03981 
-1.9433 0.854675 0.0195378 -1.54246 -0.0862395 2.35439 -1.03982 
-1.94336 0.857554 0.0195367 -1.53934 -0.0862436 2.35439 -1.03981 
-1.9434 0.860382 0.0195487 -1.53615 -0.08625 2.35439 -1.03983 
-1.94337 0.862929 0.0195601 -1.53311 -0.0862488 2.35438 -1.03984 
-1.94334 0.865479 0.0195693 -1.53004 -0.0862507 2.35438 -1.03983 
-1.94331 0.867885 0.0195693 -1.52706 -0.0862487 2.35438 -1.03984 
-1.94332 0.870318 0.0195575 -1.52415 -0.0862531 2.35438 -1.03983 
-1.94337 0.872515 0.0195475 -1.52172 -0.0862562 2.35438 -1.03983 
-1.94337 0.874544 0.0195427 -1.51959 -0.0862607 2.35438 -1.03984 
-1.94335 0.876413 0.0195555 -1.51775 -0.0862644 2.35438 -1.03984 
-1.94331 0.878015 0.0195269 -1.51623 -0.0862667 2.35438 -1.03984 
-1.94346 0.879263 0.019441 -1.51507 -0.0862667 2.35439 -1.03984 
-1.9437 0.880563 0.0194504 -1.51354 -0.0862804 2.35439 -1.03985 
-1.94379 0.881555 0.019452 -1.51205 -0.0862998 2.35439 -1.03985 
-1.94377 0.882287 0.0194531 -1.51068 -0.0863082 2.35439 -1.03986 
-1.94374 0.882821 0.0194898 -1.50933 -0.086307 2.35439 -1.03987 
-1.9436 0.883259 0.0194955 -1.5082 -0.0863138 2.35439 -1.03988 
-1.9434 0.883653 0.0194927 -1.50718 -0.0863194 2.35439 -1.03989 
-1.94327 0.884098 0.0194827 -1.50607 -0.0863189 2.35439 -1.03989 
-1.94327 0.884627 0.0194861 -1.50495 -0.0863207 2.35439 -1.03989 
-1.94331 0.885296 0.0194639 -1.50383 -0.0863213 2.35438 -1.03989 
-1.94345 0.886121 0.0194462 -1.50277 -0.0863207 2.35438 -1.0399 
-1.94376 0.887177 0.0194438 -1.50162 -0.08632 2.35439 -1.0399 
-1.94409 0.88848 0.0194478 -1.5003 -0.0863194 2.35439 -1.03989 
-1.9444 0.889962 0.0194313 -1.49894 -0.0863213 2.35439 -1.03989 
-1.94474 0.89145 0.0194298 -1.49771 -0.0863194 2.35439 -1.0399 
-1.94503 0.892994 0.0194487 -1.49654 -0.0863181 2.35439 -1.0399 
-1.9452 0.894562 0.0194425 -1.4953 -0.0863149 2.35439 -1.0399 
-1.94538 0.896192 0.0194536 -1.49392 -0.0863126 2.35439 -1.03989 
-1.94546 0.897818 0.0194531 -1.49246 -0.0863127 2.35439 -1.03989 
-1.94545 0.899316 0.0194596 -1.49095 -0.0863099 2.35439 -1.0399 
-1.94544 0.900806 0.0194616 -1.48917 -0.0863014 2.35439 -1.03989 
-1.94546 0.902174 0.0194583 -1.48719 -0.0863035 2.35439 -1.03989 
-1.94543 0.9034 0.0194637 -1.4851 -0.086306 2.35439 -1.03989 
-1.9454 0.904258 0.01947 -1.48318 -0.0863084 2.35439 -1.03989 
-1.94538 0.904772 0.0194732 -1.48157 -0.0863021 2.35438 -1.03989 
-1.94536 0.905001 0.0194821 -1.48033 -0.0863035 2.35438 -1.03989 
-1.9453 0.905012 0.0194833 -1.47946 -0.0863043 2.35438 -1.03989 
-1.94519 0.905011 0.0195034 -1.47876 -0.0863066 2.35438 -1.0399 
-1.94496 0.905029 0.0194961 -1.47825 -0.0863045 2.35438 -1.03989 
-1.94476 0.905007 0.0195004 -1.47798 -0.0863024 2.35438 -1.03989 
-1.94447 0.905036 0.0195219 -1.47789 -0.0863015 2.35437 -1.03989 
-1.94414 0.905136 0.0195095 -1.47789 -0.0863009 2.35437 -1.03989 
-1.94396 0.905207 0.019511 -1.47789 -0.0863015 2.35437 -1.03989 
-1.94382 0.905344 0.0195434 -1.47789 -0.0863015 2.35437 -1.03989 
-1.94371 0.905594 0.0196417 -1.47789 -0.0862943 2.35437 -1.03989 
-1.94364 0.905812 0.0196366 -1.47789 -0.0862887 2.35437 -1.03989 
-1.9436 0.906103 0.0196511 -1.47789 -0.0862874 2.35437 -1.03988 
-1.94353 0.906526 0.0196379 -1.47788 -0.0862856 2.35437 -1.03988 
-1.94357 0.906952 0.0196315 -1.47788 -0.0862807 2.35437 -1.03989 
-1.94363 0.907406 0.0196368 -1.47788 -0.0862788 2.35437 -1.03988 
-1.94362 0.908002 0.0196315 -1.47787 -0.0862733 2.35437 -1.03988 
-1.94366 0.908576 0.0196199 -1.47785 -0.0862705 2.35438 -1.03988 
-1.94378 0.909184 0.0196234 -1.47786 -0.0862705 2.35437 -1.03988 
-1.94386 0.909778 0.0196234 -1.47785 -0.0862652 2.35438 -1.03987 
-1.94394 0.910308 0.019613 -1.47784 -0.0862564 2.35438 -1.03987 
-1.94403 0.910731 0.0196183 -1.47784 -0.086259 2.35438 -1.03988 
-1.94405 0.91115 0.0196167 -1.47783 -0.0862584 2.35438 -1.03987 
-1.94406 0.911544 0.0196129 -1.47776 -0.086257 2.35438 -1.03987 
-1.94409 0.91189 0.0196203 -1.47761 -0.0862566 2.35438 -1.03987 
-1.94406 0.912302 0.0196314 -1.47742 -0.0862526 2.35438 -1.03987 
-1.94404 0.912729 0.0196336 -1.47712 -0.0862509 2.35439 -1.03987 
-1.94405 0.913189 0.01963 -1.4767 -0.0862506 2.35439 -1.03987 
-1.94406 0.913669 0.01963 -1.47629 -0.0862515 2.35438 -1.03988 
-1.94404 0.914197 0.0196353 -1.47587 -0.086243 2.35438 -1.03987 
-1.94406 0.914734 0.01963 -1.47534 -0.0862301 2.35439 -1.03986 
-1.94409 0.915288 0.0196218 -1.4747 -0.086228 2.35439 -1.03986 
-1.94412 0.915959 0.0196215 -1.47389 -0.0862292 2.35438 -1.03986 
-1.94416 0.916655 0.0196167 -1.47302 -0.0862292 2.35439 -1.03986 
-1.94421 0.917216 0.0196162 -1.47217 -0.0862237 2.35439 -1.03986 
-1.94428 0.917618 0.0196203 -1.47139 -0.0862238 2.35439 -1.03986 
-1.94428 0.917969 0.0196219 -1.47073 -0.0862249 2.35439 -1.03986 
-1.94429 0.918278 0.0196167 -1.47021 -0.0862275 2.35438 -1.03986 
-1.94431 0.918545 0.0196145 -1.46993 -0.0862258 2.35438 -1.03987 
-1.94432 0.91877 0.0196 -1.46984 -0.0862271 2.35439 -1.03986 
-1.94441 0.918837 0.0196055 -1.46978 -0.0862256 2.35439 -1.03986 
-1.94449 0.918834 0.0196117 -1.46977 -0.0862276 2.35439 -1.03987 
-1.94449 0.918876 0.0196119 -1.46976 -0.0862256 2.35439 -1.03987 
-1.94449 0.918902 0.0196093 -1.46976 -0.086231 2.35439 -1.03986 
-1.9445 0.918921 0.0195998 -1.46975 -0.0862253 2.35439 -1.03986 
-1.94452 0.918964 0.0196051 -1.46975 -0.0862265 2.35439 -1.03986 
-1.94455 0.919079 0.0196031 -1.46975 -0.0862238 2.35439 -1.03987 
-1.94459 0.9193 0.0195918 -1.46975 -0.0862287 2.35439 -1.03987 
-1.94469 0.919666 0.0195917 -1.46974 -0.0862262 2.35439 -1.03987 
-1.94481 0.920142 0.0195969 -1.46975 -0.0862225 2.35439 -1.03986 
-1.9449 0.920709 0.0195934 -1.46974 -0.0862225 2.35439 -1.03987 
-1.94507 0.921394 0.0195451 -1.46974 -0.0862263 2.35439 -1.03987 
-1.94534 0.9221 0.0195081 -1.46968 -0.0862225 2.35441 -1.03987 
-1.94549 0.922917 0.0195359 -1.46935 -0.0862212 2.35463 -1.03986 
-1.94549 0.923658 0.0195351 -1.46888 -0.0862192 2.35517 -1.03986 
-1.94547 0.924192 0.0195436 -1.46862 -0.0862188 2.35528 -1.03987 
-1.94544 0.924544 0.01955 -1.46852 -0.0862191 2.3553 -1.03987 
-1.94542 0.92477 0.0195537 -1.46846 -0.0862251 2.35531 -1.03987 
-1.94538 0.924888 0.0195738 -1.46845 -0.0862252 2.35531 -1.03989 
-1.94533 0.92495 0.0196375 -1.46844 -0.0862244 2.35532 -1.03988 
-1.9453 0.924976 0.0196214 -1.46842 -0.0862233 2.35532 -1.03988 
-1.94533 0.924985 0.0196182 -1.46842 -0.0862244 2.35532 -1.03989 
-1.94532 0.925018 0.01963 -1.4684 -0.0862231 2.35533 -1.03988 
-1.94529 0.925068 0.0196284 -1.46837 -0.0862248 2.35533 -1.03988 
-1.9453 0.925133 0.0196313 -1.46836 -0.0862206 2.35533 -1.03989 
-1.9453 0.925303 0.0196332 -1.46836 -0.0862228 2.35533 -1.03989 
-1.94529 0.925563 0.0196364 -1.46835 -0.0862211 2.35534 -1.03988 
-1.9453 0.92594 0.0196357 -1.46829 -0.0862239 2.35551 -1.03988 
-1.94528 0.926403 0.0196387 -1.46818 -0.0862205 2.3559 -1.03988 
-1.94528 0.926895 0.0196396 -1.46805 -0.0862174 2.35627 -1.03988 
-1.9453 0.927454 0.0196347 -1.46796 -0.0862203 2.3569 -1.03988 
-1.94529 0.928032 0.0196331 -1.46793 -0.0862171 2.3577 -1.03988 
-1.94528 0.928607 0.0196364 -1.46792 -0.0862171 2.35851 -1.03988 
-1.94532 0.929188 0.0196347 -1.4679 -0.0862106 2.35938 -1.03988 
-1.94531 0.929793 0.0196383 -1.46788 -0.0862086 2.3601 -1.03988 
-1.94528 0.93035 0.0196432 -1.46784 -0.0861982 2.36082 -1.03988 
-1.94529 0.930897 0.0196396 -1.46783 -0.0861998 2.36176 -1.03988 
-1.94532 0.931393 0.0196364 -1.46783 -0.0861947 2.36271 -1.03988 
-1.94533 0.931915 0.0196306 -1.46782 -0.0861834 2.36334 -1.03988 
-1.94533 0.932393 0.0196326 -1.46782 -0.0861697 2.36376 -1.03988 
-1.94531 0.932871 0.0196273 -1.46777 -0.0861664 2.36442 -1.03988 
-1.94536 0.933159 0.0196146 -1.46767 -0.0861649 2.36525 -1.03988 
-1.94547 0.933531 0.0196237 -1.46766 -0.0861379 2.36544 -1.03988 
-1.94552 0.933981 0.0196182 -1.46755 -0.0860665 2.36559 -1.03988 
-1.94551 0.934584 0.0196332 -1.46728 -0.0860241 2.36571 -1.03988 
-1.94549 0.935272 0.0196346 -1.46684 -0.0860202 2.36587 -1.03988 
-1.9455 0.936084 0.0196299 -1.46627 -0.0860154 2.36598 -1.03988 
-1.94553 0.936981 0.0196182 -1.46557 -0.0860154 2.36601 -1.03987 
-1.94556 0.938108 0.0196172 -1.46476 -0.0860068 2.36602 -1.03988 
-1.94555 0.939452 0.0196331 -1.46366 -0.0859617 2.36605 -1.03987 
-1.94555 0.941066 0.0196146 -1.46202 -0.0859564 2.36623 -1.03987 
-1.94563 0.94278 0.0196114 -1.46012 -0.0859548 2.36624 -1.03987 
-1.94575 0.944736 0.0196094 -1.45838 -0.0859494 2.36624 -1.03986 
-1.94588 0.946635 0.0196094 -1.45701 -0.085941 2.36624 -1.03986 
-1.94601 0.948565 0.019615 -1.45583 -0.0859299 2.36625 -1.03987 
-1.94617 0.950471 0.0196304 -1.45481 -0.0858955 2.36628 -1.03987 
-1.94625 0.95259 0.0196279 -1.45344 -0.0858653 2.3663 -1.03987 
-1.94627 0.954721 0.0196308 -1.45185 -0.0858589 2.36631 -1.03987 
-1.94625 0.956707 0.0196445 -1.45034 -0.085846 2.3663 -1.03987 
-1.94624 0.958141 0.0196464 -1.44927 -0.0858324 2.3663 -1.03986 
-1.94624 0.959812 0.0196421 -1.44803 -0.0858294 2.3663 -1.03987 
-1.94627 0.961043 0.0196371 -1.44718 -0.0858033 2.3663 -1.03986 
-1.94629 0.961897 0.0196363 -1.44674 -0.085724 2.3663 -1.03986 
-1.9463 0.962464 0.0196444 -1.44662 -0.0855985 2.36632 -1.03986 
-1.9463 0.962853 0.0196428 -1.4465 -0.085504 2.36632 -1.03986 
-1.94631 0.963177 0.0196411 -1.4463 -0.0853208 2.36634 -1.03986 
-1.94636 0.963523 0.0196366 -1.44608 -0.0851251 2.36635 -1.03986 
-1.94641 0.963914 0.0196425 -1.44582 -0.0850807 2.3664 -1.03986 
-1.94644 0.964425 0.0196464 -1.44552 -0.0850511 2.36646 -1.03986 
-1.9465 0.965148 0.0196396 -1.44507 -0.0849533 2.36658 -1.03986 
-1.94664 0.966058 0.0196406 -1.44455 -0.0849204 2.36689 -1.03985 
-1.94683 0.967285 0.0196464 -1.44388 -0.0848723 2.3677 -1.03986 
-1.94707 0.96878 0.0196417 -1.44323 -0.0847593 2.36917 -1.03985 
-1.94739 0.970514 0.0196396 -1.44269 -0.0846815 2.37115 -1.03986 
-1.94774 0.972485 0.0196534 -1.4422 -0.0846648 2.37361 -1.03986 
-1.94806 0.974764 0.0196511 -1.44155 -0.084607 2.37669 -1.03986 
-1.94837 0.977068 0.0196511 -1.44105 -0.0845617 2.37944 -1.03986 
-1.94867 0.979611 0.019684 -1.44046 -0.0844101 2.38212 -1.03986 
-1.94885 0.982217 0.0196501 -1.43991 -0.0842453 2.38475 -1.03986 
-1.94912 0.984426 0.0196631 -1.43966 -0.0840837 2.38586 -1.03985 
-1.94941 0.985358 0.0197175 -1.43957 -0.0836584 2.38868 -1.03986 
-1.9495 0.985316 0.0197852 -1.43953 -0.0834221 2.39194 -1.03985 
-1.94952 0.98526 0.0197555 -1.4394 -0.0834207 2.39243 -1.03985 
-1.94964 0.9855 0.0197367 -1.43941 -0.0834234 2.39243 -1.03985 
-1.94983 0.985905 0.0197609 -1.43941 -0.0834131 2.39244 -1.03985 
-1.94998 0.986257 0.0197605 -1.43935 -0.0833522 2.39247 -1.03985 
-1.95012 0.986254 0.0197958 -1.43933 -0.0831778 2.39245 -1.03985 
-1.95012 0.986366 0.0197866 -1.43933 -0.0829715 2.39245 -1.03985 
-1.95012 0.986377 0.0197866 -1.43933 -0.0829132 2.39245 -1.03985 
-1.95012 0.98642 0.0197866 -1.43933 -0.0829067 2.39244 -1.03985 
-1.95013 0.986443 0.0197878 -1.43934 -0.0828764 2.39244 -1.03985 
-1.95013 0.986463 0.0197895 -1.43937 -0.0827967 2.39244 -1.03985 
-1.95012 0.986481 0.0197902 -1.43937 -0.0826917 2.39244 -1.03984 
-1.95012 0.986496 0.0197885 -1.43938 -0.0826519 2.39243 -1.03984 
-1.95012 0.986499 0.0197885 -1.4394 -0.0826309 2.39242 -1.03983 
-1.95013 0.986504 0.0197849 -1.4394 -0.0825741 2.39242 -1.03982 
-1.95014 0.986512 0.0197781 -1.4394 -0.0824606 2.39241 -1.03981 
-1.95014 0.986514 0.0197817 -1.4394 -0.0822852 2.3924 -1.03978 
-1.95015 0.986522 0.0197771 -1.43941 -0.0819794 2.39238 -1.03959 
-1.95017 0.986518 0.0197769 -1.43945 -0.0815069 2.39236 -1.03893 
-1.95016 0.986514 0.0197853 -1.43948 -0.0809951 2.39232 -1.03748 
-1.95013 0.986513 0.0197987 -1.43951 -0.0805644 2.39221 -1.0353 
-1.9501 0.986505 0.0198089 -1.43955 -0.0801925 2.39212 -1.03199 
-1.95003 0.986481 0.0198417 -1.43955 -0.0800288 2.39194 -1.02721 
-1.94986 0.98648 0.0198465 -1.43955 -0.0799906 2.3918 -1.02154 
-1.94969 0.986451 0.0198604 -1.43958 -0.0799724 2.3915 -1.0151 
-1.94949 0.986375 0.019912 -1.43959 -0.0799712 2.39085 -1.00873 
-1.94919 0.986295 0.0199578 -1.4396 -0.0799593 2.39011 -1.00151 
-1.94884 0.986199 0.0199307 -1.43963 -0.079961 2.38947 -0.993821 
-1.94862 0.986086 0.0199493 -1.43971 -0.0799587 2.38892 -0.985364 
-1.94838 0.985958 0.0200119 -1.43987 -0.0799261 2.38869 -0.976474 
-1.94809 0.985807 0.0200328 -1.44009 -0.0798119 2.38859 -0.967229 
-1.94777 0.985727 0.0200814 -1.44022 -0.0793927 2.3886 -0.95654 
-1.94732 0.985728 0.0200752 -1.44022 -0.0785439 2.3886 -0.944122 
-1.94692 0.98572 0.0200625 -1.44022 -0.0775962 2.38861 -0.930785 
-1.94657 0.985707 0.0200856 -1.44022 -0.0768198 2.3886 -0.914915 
-1.94622 0.985709 0.020071 -1.44022 -0.0762257 2.3886 -0.897422 
-1.94594 0.985714 0.0200794 -1.44023 -0.07573 2.38859 -0.879479 
-1.94567 0.985709 0.0200752 -1.44026 -0.0753757 2.38859 -0.85963 
-1.94546 0.985698 0.0200608 -1.44027 -0.0750153 2.38858 -0.839533 
-1.9454 0.985706 0.0200998 -1.44025 -0.074443 2.3886 -0.818692 
-1.94526 0.985718 0.0201263 -1.44026 -0.0741429 2.38859 -0.796791 
-1.94506 0.985717 0.0201353 -1.44027 -0.0741008 2.38859 -0.77551 
-1.94486 0.985713 0.0200867 -1.4403 -0.0740367 2.38857 -0.754764 
-1.94486 0.985685 0.0201158 -1.44045 -0.0740244 2.38858 -0.733879 
-1.94485 0.98562 0.0201202 -1.44057 -0.0739716 2.38857 -0.714503 
-1.94487 0.985544 0.0201147 -1.44069 -0.0738402 2.38848 -0.697408 
-1.94493 0.98537 0.0201071 -1.44092 -0.0736238 2.38823 -0.681815 
-1.94513 0.985183 0.0200599 -1.4412 -0.0735934 2.38799 -0.667685 
-1.94539 0.985011 0.0200641 -1.44145 -0.0734385 2.38788 -0.656231 
-1.9457 0.984805 0.0200757 -1.44176 -0.0726379 2.38784 -0.644561 
-1.946 0.984574 0.0200673 -1.44215 -0.0714452 2.38784 -0.633152 
-1.94625 0.98436 0.0201048 -1.44248 -0.0700519 2.38782 -0.62234 
-1.94646 0.984146 0.0200636 -1.44287 -0.0677375 2.38781 -0.610736 
-1.94679 0.983902 0.0200933 -1.44324 -0.0650395 2.38782 -0.597926 
-1.94701 0.983833 0.0200921 -1.44332 -0.0626731 2.38782 -0.583332 
-1.9471 0.983838 0.0200724 -1.44331 -0.0607177 2.38782 -0.568508 
-1.94719 0.983842 0.0200602 -1.44331 -0.0591198 2.38782 -0.552324 
-1.94725 0.983841 0.0200799 -1.44332 -0.0585277 2.38783 -0.537539 
-1.94723 0.983842 0.0200937 -1.44332 -0.0582006 2.38783 -0.523516 
-1.94719 0.983853 0.0200955 -1.44332 -0.0577978 2.38784 -0.507025 
-1.94719 0.983856 0.0200981 -1.44332 -0.0576456 2.38784 -0.490625 
-1.94724 0.983863 0.0200849 -1.44332 -0.0575587 2.38786 -0.474128 
-1.94734 0.983876 0.0200636 -1.4433 -0.0574904 2.38787 -0.456788 
-1.94748 0.983864 0.0200793 -1.44331 -0.0573264 2.38785 -0.440717 
-1.94758 0.983861 0.0200769 -1.44331 -0.0571671 2.38786 -0.425187 
-1.94772 0.983859 0.0200619 -1.44331 -0.0570256 2.38785 -0.408925 
-1.948 0.98385 0.02006 -1.44333 -0.0568548 2.38784 -0.392497 
-1.94832 0.98385 0.0200753 -1.44332 -0.0566088 2.38785 -0.377745 
-1.94862 0.983852 0.0200633 -1.4433 -0.0564838 2.38787 -0.362679 
-1.94887 0.983854 0.020069 -1.44331 -0.0564726 2.38786 -0.347978 
-1.94914 0.98384 0.02006 -1.44334 -0.0564139 2.38784 -0.33441 
-1.94947 0.983828 0.0200763 -1.44335 -0.0562997 2.38787 -0.321395 
-1.94968 0.983839 0.0200996 -1.44329 -0.056119 2.38786 -0.309142 
-1.94984 0.983826 0.0200672 -1.44337 -0.055872 2.38786 -0.298345 
-1.95003 0.983831 0.0200837 -1.44331 -0.0555503 2.38787 -0.287823 
-1.95017 0.983855 0.0200827 -1.44324 -0.0550718 2.38789 -0.276056 
-1.95033 0.983845 0.0200632 -1.4433 -0.0547466 2.38786 -0.264894 
-1.95062 0.9838 0.020074 -1.4434 -0.0543739 2.38787 -0.253792 
-1.95095 0.983795 0.020097 -1.44341 -0.0538375 2.38785 -0.242834 
-1.95117 0.983709 0.0200918 -1.44356 -0.0530794 2.38782 -0.231985 
-1.95139 0.983581 0.0200934 -1.44372 -0.0518732 2.38784 -0.222273 
-1.95158 0.983577 0.0200825 -1.4437 -0.0496758 2.38786 -0.21143 
-1.9518 0.983572 0.0200775 -1.44371 -0.0471306 2.38786 -0.200151 
-1.952 0.983577 0.0200816 -1.44369 -0.044867 2.38786 -0.189991 
-1.95225 0.98358 0.0200802 -1.44367 -0.0427626 2.38788 -0.180287 
-1.9525 0.983587 0.0200647 -1.44367 -0.0411038 2.38788 -0.170459 
-1.95275 0.983589 0.0200941 -1.44363 -0.0400175 2.38792 -0.160556 
-1.95282 0.983649 0.0200554 -1.44355 -0.0391577 2.38793 -0.150479 
-1.95299 0.983643 0.0200439 -1.44355 -0.0386897 2.38794 -0.1404 
-1.95311 0.983658 0.0200794 -1.44352 -0.0384559 2.38795 -0.130516 
-1.95313 0.983673 0.0200592 -1.44353 -0.0383216 2.38795 -0.119385 
-1.95314 0.983676 0.0200741 -1.44351 -0.0381801 2.38795 -0.108063 
-1.95315 0.983676 0.020068 -1.44354 -0.0380948 2.38794 -0.0956098 
-1.95315 0.983674 0.020081 -1.44353 -0.0380544 2.38793 -0.0841805 
-1.95314 0.983671 0.0200943 -1.44356 -0.0380092 2.38793 -0.0719691 
-1.9531 0.983672 0.0201151 -1.44356 -0.0378477 2.38794 -0.0599319 
-1.95306 0.983669 0.020119 -1.44357 -0.0376914 2.38792 -0.0479655 
-1.95305 0.983674 0.0201727 -1.44353 -0.0375322 2.38794 -0.0351341 
-1.95301 0.983665 0.0201436 -1.44356 -0.0372985 2.38793 -0.0231186 
-1.95306 0.983661 0.0201457 -1.44354 -0.0369591 2.38794 -0.0110465 
-1.9531 0.983669 0.0201298 -1.44355 -0.0366532 2.38793 0.00177392 
-1.95321 0.983662 0.020124 -1.44358 -0.0362865 2.38792 0.0139603 
-1.95336 0.983622 0.0201259 -1.44367 -0.0355421 2.38791 0.0270409 
-1.95348 0.983597 0.0201287 -1.44372 -0.0347512 2.38791 0.0409889 
-1.95356 0.983588 0.0201117 -1.44373 -0.0339492 2.38791 0.0545528 
-1.95367 0.98358 0.0201172 -1.44374 -0.0331038 2.3879 0.0672189 
-1.95382 0.983565 0.0201415 -1.44377 -0.0321905 2.38791 0.0796103 
-1.95385 0.983562 0.0201223 -1.4438 -0.031049 2.38791 0.0908612 
-1.95394 0.98356 0.0201195 -1.44379 -0.0297239 2.38792 0.101115 
-1.95404 0.983561 0.0201154 -1.44381 -0.0282861 2.38792 0.111223 
-1.95411 0.983557 0.0201263 -1.4438 -0.0268807 2.38793 0.122192 
-1.95413 0.983559 0.0201175 -1.4438 -0.0256045 2.38792 0.131389 
-1.95419 0.983506 0.0200801 -1.4439 -0.024463 2.38792 0.141345 
-1.95436 0.983399 0.0200833 -1.44403 -0.0236284 2.38792 0.151676 
-1.95456 0.983349 0.0200973 -1.44412 -0.0229002 2.38792 0.162423 
-1.9547 0.983335 0.0201062 -1.44413 -0.022105 2.38793 0.17167 
-1.95479 0.983332 0.0200956 -1.44412 -0.0212237 2.38795 0.181702 
-1.95485 0.983336 0.0201141 -1.44412 -0.0204923 2.38795 0.191906 
-1.95484 0.983329 0.0201291 -1.44415 -0.0200321 2.38794 0.201219 
-1.95481 0.983294 0.0201292 -1.44421 -0.0195152 2.38795 0.209729 
-1.9548 0.983226 0.020152 -1.44431 -0.0191127 2.38793 0.217984 
-1.95472 0.983071 0.0201786 -1.44457 -0.0187757 2.38794 0.225503 
-1.95457 0.982901 0.0201882 -1.44485 -0.0184326 2.38795 0.233297 
-1.95442 0.982757 0.0201929 -1.44505 -0.0182045 2.38795 0.240031 
-1.95432 0.982631 0.0202021 -1.44524 -0.0179499 2.38795 0.245901 
-1.95422 0.9826 0.0202414 -1.44529 -0.0175588 2.38796 0.252538 
-1.95403 0.982598 0.0202773 -1.44528 -0.0171772 2.38796 0.259789 
-1.95376 0.982594 0.0202905 -1.44529 -0.0168922 2.38796 0.266895 
-1.95343 0.982595 0.0202915 -1.44529 -0.0166048 2.38797 0.274462 
-1.95317 0.982597 0.0202939 -1.44529 -0.016267 2.38798 0.28148 
-1.95294 0.982598 0.0202935 -1.44529 -0.0158567 2.388 0.288181 
-1.95275 0.982592 0.0202935 -1.4453 -0.0156179 2.388 0.294555 
-1.95262 0.982594 0.0203121 -1.44531 -0.0153807 2.388 0.300451 
-1.9525 0.982597 0.0203253 -1.44531 -0.0150187 2.388 0.306373 
-1.9524 0.982597 0.0203388 -1.44531 -0.0147744 2.38801 0.312266 
-1.9523 0.982597 0.0203372 -1.44532 -0.0145468 2.388 0.316463 
-1.95229 0.9826 0.0203374 -1.44532 -0.0141182 2.388 0.319935 
-1.95231 0.982597 0.0203353 -1.44533 -0.0132882 2.38801 0.322623 
-1.9523 0.982595 0.0203265 -1.44533 -0.0118662 2.38801 0.325334 
-1.95231 0.982596 0.0203214 -1.44533 -0.0102704 2.388 0.328404 
-1.95232 0.982592 0.0203182 -1.44533 -0.00870988 2.38801 0.331362 
-1.95231 0.982598 0.0203234 -1.44533 -0.00725891 2.38801 0.334516 
-1.9523 0.982596 0.0203271 -1.44533 -0.00613958 2.38802 0.337723 
-1.95226 0.9826 0.0203371 -1.44532 -0.00539889 2.38804 0.341315 
-1.9522 0.982602 0.0203381 -1.44532 -0.00506818 2.38813 0.345443 
-1.9521 0.982623 0.0203367 -1.44533 -0.00500969 2.38832 0.350458 
-1.95202 0.982623 0.0203319 -1.44534 -0.00500342 2.38832 0.35498 
-1.95197 0.982615 0.0203367 -1.44537 -0.0049886 2.38832 0.358576 
-1.95192 0.982614 0.0203402 -1.44536 -0.0049551 2.38833 0.361521 
-1.9519 0.982613 0.0203469 -1.44536 -0.00489043 2.38833 0.364426 
-1.95185 0.982614 0.0203525 -1.44536 -0.00484972 2.38833 0.367523 
-1.95181 0.982613 0.0203516 -1.44537 -0.00475832 2.38833 0.370784 
-1.95179 0.98261 0.0203584 -1.44537 -0.00460085 2.38833 0.374246 
-1.95175 0.982613 0.0203682 -1.44536 -0.00442198 2.38833 0.377896 
-1.95168 0.982611 0.0203691 -1.44536 -0.00429732 2.38835 0.381527 
-1.95164 0.982615 0.0203724 -1.44536 -0.00422298 2.38835 0.385717 
-1.95159 0.982617 0.020371 -1.44537 -0.00418487 2.38835 0.389958 
-1.95157 0.982617 0.0203691 -1.44538 -0.00412547 2.38835 0.393985 
-1.95157 0.982613 0.0203707 -1.44538 -0.00398052 2.38835 0.397918 
-1.95157 0.982613 0.0203724 -1.44538 -0.00378604 2.38836 0.401506 
-1.95156 0.982615 0.0203727 -1.44537 -0.00350983 2.38842 0.405705 
-1.95151 0.982695 0.0203985 -1.44531 -0.00328253 2.38912 0.409999 
-1.95141 0.982845 0.0203982 -1.44528 -0.00308198 2.39016 0.413687 
-1.95132 0.983029 0.0203895 -1.44513 -0.00294433 2.39096 0.417486 
-1.95128 0.983283 0.0204048 -1.44479 -0.00286653 2.39135 0.421484 
-1.95121 0.983673 0.0204107 -1.4442 -0.00280037 2.39155 0.425717 
-1.95111 0.984166 0.0204038 -1.44342 -0.00267169 2.39164 0.430198 
-1.95107 0.984574 0.0204091 -1.44275 -0.00246391 2.39168 0.434533 
-1.95102 0.984913 0.0204254 -1.44222 -0.00222541 2.39179 0.438297 
-1.95094 0.985261 0.0204258 -1.44172 -0.00183153 2.39201 0.441549 
-1.95091 0.985632 0.020433 -1.44116 -0.00103652 2.39232 0.445867 
-1.95086 0.98611 0.0204205 -1.44047 -5.47874e-05 2.39254 0.450314 
-1.95086 0.986225 0.0204128 -1.4403 0.000226621 2.39253 0.45285 
-1.95086 0.986222 0.0204106 -1.44031 0.00027127 2.39253 0.453276 
-1.95088 0.986218 0.020406 -1.44031 0.000493735 2.39254 0.453744 
-1.95091 0.98622 0.0204011 -1.4403 0.000859962 2.39254 0.454579 
-1.95091 0.986218 0.020398 -1.4403 0.00109678 2.39254 0.455242 
-1.95091 0.986216 0.0203996 -1.44031 0.00129659 2.39254 0.45566 
-1.95091 0.986216 0.0204013 -1.44031 0.00148547 2.39254 0.4562 
-1.95091 0.986215 0.0204013 -1.44032 0.00152097 2.39254 0.456533 
-1.95092 0.986213 0.0203996 -1.44033 0.00155198 2.39254 0.456625 
-1.95093 0.986211 0.0203996 -1.44033 0.00163375 2.39254 0.456678 
-1.95094 0.986209 0.0203948 -1.44033 0.00171938 2.39255 0.456836 
-1.95095 0.986208 0.0203894 -1.44033 0.00176389 2.39254 0.457038 
-1.95095 0.986203 0.0203884 -1.44033 0.00177628 2.39255 0.457234 
-1.95095 0.986198 0.0203796 -1.44034 0.00177328 2.39254 0.457338 
-1.95096 0.986201 0.0203784 -1.44034 0.00177435 2.39254 0.457334 
-1.95095 0.986198 0.0203739 -1.44034 0.00176985 2.39255 0.457336 
-1.95095 0.986196 0.02037 -1.44034 0.00176581 2.39254 0.457334 
-1.95094 0.986189 0.0203652 -1.44033 0.00175786 2.39255 0.457332 
-1.95094 0.986179 0.0203636 -1.44034 0.00172756 2.39255 0.457321 
-1.95092 0.986159 0.020352 -1.44033 0.00166595 2.39255 0.457282 
-1.9509 0.986133 0.0203471 -1.44033 0.00127334 2.39255 0.45714 
-1.95085 0.986094 0.0203403 -1.44032 0.000659962 2.39254 0.456697 
-1.95086 0.986056 0.0203393 -1.4403 0.000601367 2.39254 0.456641 
-1.95089 0.986029 0.0203476 -1.44028 0.000598125 2.39254 0.45663 
-1.95086 0.986019 0.0203496 -1.44028 0.000583508 2.39254 0.456624 
-1.95086 0.98599 0.0203561 -1.44027 0.000565016 2.39254 0.456603 
-1.95086 0.985971 0.0203597 -1.44026 0.00056036 2.39253 0.456595 
-1.95084 0.985956 0.0203659 -1.44026 0.000546955 2.39253 0.456584 
-1.95085 0.985927 0.0203643 -1.44025 0.000538724 2.39252 0.456587 
-1.95081 0.98592 0.0203699 -1.44025 0.000520635 2.39252 0.456582 
-1.95084 0.985881 0.0203699 -1.44026 0.000519804 2.39251 0.456573 
-1.95086 0.985786 0.0203593 -1.44026 0.000447092 2.39252 0.456533 
-1.95085 0.98562 0.0203595 -1.4403 0.000446239 2.39248 0.456519 
-1.95087 0.985635 0.0203525 -1.44028 0.000446239 2.39249 0.456515 
-1.95087 0.985558 0.0203419 -1.44024 0.000452037 2.39249 0.456511 
-1.95089 0.985532 0.0203418 -1.44026 0.000447601 2.39249 0.456508 
-1.95088 0.985522 0.0203425 -1.44026 0.000447561 2.39249 0.456507 
-1.95089 0.985514 0.0203334 -1.44025 0.000446239 2.39249 0.456513 
-1.95089 0.985504 0.0203298 -1.44025 0.000448884 2.39249 0.456506 
-1.95088 0.985511 0.0203326 -1.44025 0.000448884 2.39249 0.456507 
-1.95088 0.985502 0.0203361 -1.44025 0.000448172 2.39249 0.456513 
-1.95089 0.985506 0.0203328 -1.44025 0.000446951 2.39249 0.456513 
-1.95088 0.985508 0.0203343 -1.44025 0.000446239 2.39249 0.456514 
-1.95089 0.985499 0.0203305 -1.44025 0.000446496 2.39249 0.456514 
-1.95088 0.985501 0.020331 -1.44025 0.000447561 2.3925 0.456513 
-1.95088 0.985494 0.0203322 -1.44025 0.000447561 2.3925 0.456511 
-1.95088 0.985505 0.0203273 -1.44025 0.000446951 2.3925 0.456513 
-1.95088 0.985493 0.0203267 -1.44025 0.000448172 2.39249 0.456511 
-1.95089 0.985496 0.0203296 -1.44024 0.000447548 2.39249 0.456509 
-1.95088 0.985491 0.0203289 -1.44024 0.000446951 2.3925 0.456515 
-1.95089 0.985484 0.0203286 -1.44024 0.000446951 2.39249 0.456514 
-1.95088 0.985494 0.0203302 -1.44024 0.000446951 2.3925 0.456515 
-1.95089 0.98549 0.0203328 -1.44024 0.000448172 2.3925 0.456512 
-1.95088 0.985493 0.0203289 -1.44024 0.000446239 2.3925 0.45651 
-1.95088 0.985488 0.0203326 -1.44025 0.000446951 2.3925 0.456513 
-1.95089 0.985488 0.0203302 -1.44024 0.000447561 2.3925 0.456513 
-1.95089 0.985493 0.0203302 -1.44024 0.000445629 2.3925 0.45651 
-1.95088 0.985493 0.0203267 -1.44024 0.000447561 2.3925 0.456511 
-1.95089 0.985491 0.0203308 -1.44024 0.000447561 2.3925 0.456511 
-1.95088 0.98549 0.0203285 -1.44024 0.000446239 2.3925 0.456516 
-1.95088 0.985491 0.0203285 -1.44024 0.000446951 2.3925 0.456509 
