-1.9693 -0.364706 0.0201306 -1.9175 0.00131713 1.51569 -1.12407 
-1.96929 -0.364706 0.0201349 -1.91752 0.00131591 1.51569 -1.12407 
-1.96928 -0.364706 0.0201395 -1.91751 0.00131764 1.51569 -1.12407 
-1.96929 -0.364708 0.020135 -1.9175 0.00131652 1.51569 -1.12407 
-1.96929 -0.36471 0.0201306 -1.91751 0.00131713 1.51569 -1.12407 
-1.96929 -0.364706 0.0201306 -1.91751 0.00131591 1.51569 -1.12408 
-1.96929 -0.364708 0.0201342 -1.91751 0.00131713 1.51569 -1.12408 
-1.96929 -0.364708 0.0201359 -1.91751 0.0013164 1.51569 -1.12408 
-1.96929 -0.364708 0.0201344 -1.9175 0.00131784 1.51569 -1.12407 
-1.96929 -0.364706 0.0201363 -1.91751 0.00131652 1.51569 -1.12408 
-1.96929 -0.364704 0.0201342 -1.91751 0.00131784 1.51569 -1.12407 
-1.96929 -0.36471 0.0201342 -1.91751 0.00131784 1.51569 -1.12407 
-1.96929 -0.36471 0.0201367 -1.91751 0.00131652 1.51569 -1.12407 
-1.96929 -0.364708 0.0201342 -1.91751 0.00131784 1.51569 -1.12408 
-1.96929 -0.364708 0.0201416 -1.91751 0.00131713 1.51569 -1.12407 
-1.96929 -0.364704 0.0201342 -1.91751 0.00131784 1.51569 -1.12407 
-1.96929 -0.364708 0.0201342 -1.91751 0.00131713 1.51569 -1.12407 
-1.96929 -0.364708 0.0201359 -1.9175 0.00131713 1.51569 -1.12408 
-1.96929 -0.364708 0.0201361 -1.91751 0.00131713 1.51569 -1.12408 
-1.96929 -0.364708 0.0201343 -1.91751 0.00131713 1.51569 -1.12407 
-1.96929 -0.364706 0.020133 -1.91751 0.00131652 1.51569 -1.12408 
-1.96929 -0.364703 0.0201378 -1.91751 0.00131784 1.51569 -1.12408 
-1.96929 -0.364708 0.0201342 -1.9175 0.00131845 1.51569 -1.12407 
-1.96929 -0.364706 0.0201311 -1.91751 0.00131713 1.51569 -1.12408 
-1.96929 -0.364708 0.0201349 -1.91751 0.00131713 1.51569 -1.12407 
-1.96929 -0.364706 0.0201359 -1.91751 0.00131591 1.51569 -1.12407 
-1.96929 -0.364706 0.0201342 -1.91751 0.00131713 1.51569 -1.12408 
-1.96929 -0.364708 0.0201344 -1.91751 0.00131713 1.51569 -1.12408 
-1.96929 -0.364706 0.0201342 -1.91751 0.00131784 1.51569 -1.12407 
-1.96929 -0.364706 0.0201342 -1.91751 0.00131652 1.51569 -1.12407 
-1.96929 -0.364708 0.0201323 -1.91751 0.00131393 1.51569 -1.12407 
-1.96929 -0.364708 0.0201322 -1.91751 0.00131591 1.51569 -1.12407 
-1.96929 -0.364706 0.020138 -1.91751 0.00131652 1.51569 -1.12408 
-1.96929 -0.364704 0.0201395 -1.91751 0.00131784 1.51569 -1.12408 
-1.96929 -0.364706 0.0201342 -1.91751 0.00131713 1.51569 -1.12408 
-1.96929 -0.364708 0.0201359 -1.91751 0.00131713 1.51569 -1.12408 
-1.96929 -0.364706 0.0201359 -1.91751 0.00131713 1.51569 -1.12407 
-1.96929 -0.364708 0.0201342 -1.91751 0.00131591 1.51569 -1.12407 
-1.96929 -0.364708 0.0201322 -1.91751 0.00131652 1.51569 -1.12407 
-1.96929 -0.364706 0.0201342 -1.91751 0.00131713 1.51569 -1.12408 
-1.96929 -0.364704 0.0201322 -1.91751 0.00131784 1.51569 -1.12408 
-1.96929 -0.36471 0.0201342 -1.91751 0.00131652 1.51569 -1.12407 
-1.96929 -0.364708 0.0201342 -1.91751 0.00131784 1.51569 -1.12407 
-1.96929 -0.364706 0.0201306 -1.91751 0.00131713 1.51569 -1.12408 
-1.96929 -0.364708 0.0201359 -1.91751 0.00131713 1.51569 -1.12408 
-1.96929 -0.364706 0.0201359 -1.91751 0.00131591 1.51569 -1.12408 
-1.96929 -0.364707 0.0201342 -1.91751 0.00131713 1.51569 -1.12408 
-1.96929 -0.364704 0.0201325 -1.91751 0.00131713 1.51569 -1.12407 
-1.96929 -0.364704 0.0201344 -1.9175 0.00131701 1.51569 -1.12407 
-1.96929 -0.364706 0.0201359 -1.91751 0.00131713 1.51569 -1.12407 
-1.96929 -0.364704 0.0201342 -1.91751 0.00131606 1.51569 -1.12407 
-1.96929 -0.364708 0.0201342 -1.91751 0.00131713 1.51569 -1.12407 
-1.96929 -0.364706 0.0201382 -1.91751 0.00131713 1.51569 -1.12408 
-1.96929 -0.364704 0.0201322 -1.9175 0.00131748 1.51569 -1.12408 
-1.96929 -0.364708 0.0201366 -1.91751 0.00131713 1.51569 -1.12407 
-1.96929 -0.364706 0.0201322 -1.91751 0.00131784 1.51569 -1.12407 
-1.96929 -0.364706 0.0201322 -1.91751 0.00131652 1.51569 -1.12408 
-1.96929 -0.364709 0.0201349 -1.91751 0.00131845 1.51569 -1.12407 
-1.96929 -0.364707 0.0201343 -1.91751 0.00131464 1.51569 -1.12408 
-1.96929 -0.364704 0.0201322 -1.91751 0.00131713 1.51569 -1.12408 
-1.96929 -0.364704 0.0201322 -1.9175 0.00131652 1.51569 -1.12407 
-1.96929 -0.364706 0.0201359 -1.9175 0.00131784 1.51569 -1.12408 
-1.96929 -0.364705 0.0201308 -1.91751 0.00131591 1.51569 -1.12408 
-1.96929 -0.364706 0.0201361 -1.91751 0.00131784 1.51569 -1.12407 
-1.96929 -0.364704 0.0201313 -1.91751 0.00131545 1.51569 -1.12407 
-1.96929 -0.364706 0.0201322 -1.91751 0.00131652 1.51569 -1.12407 
-1.96929 -0.364708 0.0201342 -1.91751 0.00131713 1.51569 -1.12407 
-1.96929 -0.364704 0.0201363 -1.91751 0.00131784 1.51569 -1.12407 
-1.96929 -0.364706 0.0201322 -1.91751 0.00131784 1.51569 -1.12407 
-1.96929 -0.364706 0.0201349 -1.91751 0.00131713 1.51569 -1.12407 
-1.96929 -0.36471 0.0201359 -1.91751 0.00131652 1.51569 -1.12407 
-1.96929 -0.364706 0.0201322 -1.91751 0.00131713 1.51569 -1.12407 
-1.96929 -0.364706 0.0201342 -1.91751 0.00131713 1.51569 -1.12407 
-1.96929 -0.364708 0.0201322 -1.91751 0.00131677 1.51569 -1.12407 
-1.96929 -0.364706 0.0201359 -1.91751 0.00131845 1.51569 -1.12407 
-1.96929 -0.364706 0.0201366 -1.91751 0.00131809 1.51569 -1.12407 
-1.96929 -0.364706 0.0201359 -1.91751 0.00131784 1.51569 -1.12407 
-1.96929 -0.364706 0.0201323 -1.91751 0.00131784 1.51569 -1.12408 
-1.96928 -0.364704 0.0201428 -1.9175 0.00131677 1.51569 -1.12408 
-1.96928 -0.36471 0.0201489 -1.91751 0.00131845 1.51569 -1.12408 
-1.96928 -0.364706 0.0201444 -1.9175 0.00131713 1.51569 -1.12407 
-1.9693 -0.36471 0.0201237 -1.91751 0.00131652 1.51569 -1.12408 
-1.96932 -0.364708 0.0201029 -1.91751 0.00131591 1.51569 -1.12407 
-1.96932 -0.364708 0.0201096 -1.9175 0.00131784 1.51569 -1.12407 
-1.9693 -0.36471 0.020129 -1.9175 0.00131652 1.51569 -1.12408 
-1.96931 -0.36471 0.0201238 -1.9175 0.0013159 1.51569 -1.12407 
-1.96932 -0.364704 0.0201096 -1.9175 0.00131713 1.5157 -1.12407 
-1.96932 -0.364704 0.0201052 -1.91749 0.00131519 1.5157 -1.12407 
-1.96933 -0.364711 0.020103 -1.91748 0.00131555 1.5157 -1.12407 
-1.96933 -0.364704 0.020103 -1.91748 0.00131579 1.5157 -1.12407 
-1.96933 -0.364701 0.0201011 -1.91749 0.00131519 1.5157 -1.12407 
-1.96933 -0.364708 0.0200994 -1.91748 0.00131518 1.5157 -1.12407 
-1.96933 -0.364714 0.0200956 -1.91748 0.00131616 1.5157 -1.12408 
-1.96932 -0.364711 0.0201064 -1.91749 0.00131591 1.5157 -1.12407 
-1.96932 -0.364701 0.0201155 -1.9175 0.00131519 1.5157 -1.12407 
-1.96932 -0.364707 0.0201153 -1.91749 0.00131606 1.5157 -1.12407 
-1.96933 -0.364704 0.02011 -1.91749 0.00131589 1.5157 -1.12407 
-1.96933 -0.364704 0.0201047 -1.91749 0.00131615 1.5157 -1.12407 
-1.96933 -0.364705 0.0201083 -1.91749 0.00131271 1.5157 -1.12407 
-1.9693 -0.364702 0.0201295 -1.91749 0.00131591 1.5157 -1.12407 
-1.9693 -0.364707 0.0201327 -1.91749 0.00131652 1.5157 -1.12407 
-1.9693 -0.364703 0.020131 -1.91749 0.00131591 1.5157 -1.12408 
-1.96931 -0.364707 0.0201221 -1.91749 0.00131713 1.5157 -1.12407 
-1.96931 -0.364709 0.0201185 -1.91749 0.00131575 1.5157 -1.12407 
-1.96931 -0.364707 0.0201194 -1.91749 0.00131713 1.5157 -1.12407 
-1.96929 -0.364704 0.0201416 -1.91749 0.00131579 1.5157 -1.12408 
-1.96929 -0.364709 0.0201356 -1.91748 0.00131591 1.5157 -1.12407 
-1.96931 -0.364704 0.0201132 -1.91748 0.00131652 1.5157 -1.12408 
-1.96933 -0.364698 0.0201064 -1.91749 0.00131515 1.5157 -1.12408 
-1.96932 -0.364709 0.0201101 -1.91748 0.00131554 1.5157 -1.12408 
-1.96932 -0.36471 0.0201119 -1.91747 0.00131446 1.5157 -1.12407 
-1.96934 -0.364698 0.0200958 -1.91748 0.00131352 1.5157 -1.12408 
-1.96933 -0.364687 0.0201027 -1.91749 0.00131483 1.5157 -1.12408 
-1.96931 -0.364692 0.0201311 -1.91749 0.00131447 1.51571 -1.12408 
-1.96935 -0.364689 0.0200925 -1.9175 0.00131157 1.5157 -1.12407 
-1.96938 -0.364667 0.0200577 -1.91751 0.00131212 1.5157 -1.12408 
-1.96938 -0.364668 0.0200898 -1.91751 0.00130837 1.5157 -1.12408 
-1.96934 -0.364708 0.0201288 -1.91748 0.0013122 1.51571 -1.12408 
-1.96936 -0.364728 0.0201051 -1.91747 0.00130609 1.51571 -1.12408 
-1.96941 -0.3647 0.0200508 -1.91748 0.00130216 1.5157 -1.12407 
-1.96944 -0.364668 0.0200647 -1.91751 0.00130084 1.5157 -1.12407 
-1.96942 -0.36468 0.0200902 -1.9175 0.00130216 1.5157 -1.12408 
-1.96941 -0.364694 0.0201004 -1.91749 0.00130216 1.5157 -1.12408 
-1.96941 -0.364666 0.0200862 -1.91751 0.00130277 1.5157 -1.12407 
-1.96944 -0.364646 0.0200655 -1.91753 0.00130338 1.5157 -1.12407 
-1.96943 -0.364653 0.0200818 -1.91752 0.00130338 1.51571 -1.12408 
-1.96941 -0.364635 0.0201057 -1.91755 0.00130395 1.5157 -1.12408 
-1.96941 -0.364566 0.0200951 -1.91762 0.00130145 1.5157 -1.12408 
-1.96944 -0.364487 0.0200675 -1.91767 0.00130145 1.5157 -1.12408 
-1.96945 -0.36439 0.0200618 -1.91766 0.00129283 1.5157 -1.12407 
-1.96944 -0.364363 0.0200777 -1.91766 0.00129415 1.5157 -1.12407 
-1.96944 -0.364368 0.0200744 -1.91766 0.00129543 1.5157 -1.12407 
-1.96946 -0.364339 0.0200709 -1.91769 0.00113871 1.5159 -1.12407 
-1.96969 -0.364216 0.0200847 -1.91772 0.000151905 1.51767 -1.1241 
-1.96977 -0.364013 0.0200858 -1.91772 -0.000784038 1.52047 -1.12411 
-1.96984 -0.363687 0.0200843 -1.91772 -0.00136268 1.5229 -1.12411 
-1.97001 -0.363206 0.0200803 -1.91773 -0.00195409 1.52478 -1.1241 
-1.97013 -0.362532 0.0200766 -1.91773 -0.002544 1.52649 -1.12411 
-1.97022 -0.3617 0.0200797 -1.91774 -0.00332752 1.52803 -1.1241 
-1.97026 -0.360731 0.0200896 -1.91774 -0.00436876 1.52915 -1.12409 
-1.97022 -0.359376 0.0201175 -1.91776 -0.00575738 1.52992 -1.1241 
-1.97018 -0.357734 0.020157 -1.91786 -0.00735428 1.53022 -1.12409 
-1.97012 -0.35592 0.0201589 -1.91806 -0.00902994 1.53039 -1.12408 
-1.97009 -0.353762 0.0201702 -1.91839 -0.0104437 1.53041 -1.12409 
-1.97005 -0.35145 0.020179 -1.91875 -0.0112896 1.53043 -1.12408 
-1.96999 -0.34894 0.0201894 -1.91903 -0.0118729 1.53044 -1.12408 
-1.96995 -0.346235 0.0202068 -1.91931 -0.012168 1.53045 -1.12407 
-1.96994 -0.343411 0.0202256 -1.91945 -0.012239 1.53052 -1.12406 
-1.96988 -0.340317 0.0202428 -1.91945 -0.01224 1.53106 -1.12407 
-1.96974 -0.337025 0.0202668 -1.91944 -0.0122656 1.53208 -1.12407 
-1.96954 -0.333459 0.0202768 -1.91946 -0.0122716 1.53373 -1.12407 
-1.96926 -0.329329 0.0202954 -1.91948 -0.0122716 1.53613 -1.12407 
-1.96886 -0.325186 0.0203083 -1.91956 -0.0122678 1.53951 -1.12407 
-1.96826 -0.320614 0.0203224 -1.91983 -0.0122716 1.54536 -1.12407 
-1.96746 -0.316267 0.0203313 -1.92021 -0.0122729 1.5521 -1.12407 
-1.96653 -0.311789 0.0203348 -1.92042 -0.0122691 1.5593 -1.12407 
-1.96552 -0.306967 0.0203808 -1.92054 -0.0122611 1.56718 -1.12405 
-1.96435 -0.301449 0.0204096 -1.92058 -0.012263 1.57483 -1.12405 
-1.96311 -0.296076 0.0204019 -1.92061 -0.0122611 1.582 -1.12404 
-1.9617 -0.290541 0.0204069 -1.92063 -0.0122604 1.58978 -1.12402 
-1.96027 -0.285287 0.0204259 -1.9206 -0.0122617 1.59689 -1.12401 
-1.95853 -0.278804 0.0204111 -1.92066 -0.0122623 1.6054 -1.12398 
-1.95704 -0.272531 0.0204122 -1.92062 -0.0122571 1.61241 -1.12365 
-1.95579 -0.267191 0.0204408 -1.92064 -0.0122544 1.61855 -1.12272 
-1.95389 -0.259981 0.0204148 -1.92066 -0.0122537 1.62835 -1.12098 
-1.95222 -0.253201 0.0204316 -1.92065 -0.0122449 1.63702 -1.11919 
-1.95056 -0.245594 0.0204375 -1.92066 -0.0122458 1.64631 -1.11722 
-1.94883 -0.238205 0.0204206 -1.92058 -0.0122468 1.65552 -1.1153 
-1.94721 -0.231003 0.0204314 -1.92065 -0.0122356 1.66537 -1.11367 
-1.94543 -0.222888 0.0204219 -1.92066 -0.0122363 1.67496 -1.11242 
-1.94366 -0.214598 0.0204065 -1.92063 -0.0122387 1.68426 -1.11131 
-1.94201 -0.206738 0.0204243 -1.9205 -0.0122368 1.69319 -1.11012 
-1.94026 -0.198338 0.0203859 -1.92055 -0.0122348 1.70274 -1.10831 
-1.93869 -0.189309 0.0204282 -1.92058 -0.0122348 1.7122 -1.10595 
-1.93699 -0.181159 0.0204279 -1.92044 -0.0122361 1.7204 -1.10342 
-1.9353 -0.17226 0.020412 -1.92032 -0.0122368 1.72906 -1.10064 
-1.9337 -0.162485 0.0204422 -1.92035 -0.0122355 1.7377 -1.0984 
-1.93209 -0.154154 0.0204119 -1.92033 -0.0122368 1.74561 -1.09667 
-1.93058 -0.144869 0.0204129 -1.92027 -0.0122335 1.75382 -1.09494 
-1.92915 -0.135294 0.0204189 -1.92027 -0.0122275 1.76221 -1.09358 
-1.92772 -0.12685 0.020393 -1.92012 -0.0122307 1.76986 -1.09263 
-1.92647 -0.11728 0.0204023 -1.92001 -0.0122208 1.77836 -1.09143 
-1.92535 -0.107746 0.0204104 -1.92003 -0.0122233 1.78816 -1.08962 
-1.92421 -0.0992237 0.0203933 -1.91992 -0.012219 1.79739 -1.08724 
-1.923 -0.0885533 0.0203857 -1.91989 -0.0122186 1.80847 -1.08409 
-1.92195 -0.0792198 0.0203993 -1.91986 -0.0122285 1.81884 -1.08094 
-1.92089 -0.0698252 0.0203888 -1.91988 -0.0122382 1.83023 -1.07865 
-1.92008 -0.0604386 0.0203808 -1.91986 -0.0122408 1.84016 -1.07742 
-1.91947 -0.0522216 0.0203817 -1.91975 -0.0122458 1.84933 -1.07639 
-1.91887 -0.042977 0.020358 -1.91964 -0.012242 1.86 -1.07487 
-1.91848 -0.03374 0.0203653 -1.91965 -0.01224 1.8702 -1.07306 
-1.91799 -0.0247886 0.0203678 -1.91952 -0.012239 1.88055 -1.07017 
-1.91757 -0.0158585 0.0203705 -1.91931 -0.0122391 1.89018 -1.06576 
-1.91725 -0.00676857 0.0203668 -1.9193 -0.0122393 1.89936 -1.0608 
-1.91689 0.00199547 0.0203705 -1.91923 -0.0122401 1.90864 -1.05561 
-1.91652 0.0108508 0.0203548 -1.91918 -0.0122425 1.91723 -1.05108 
-1.9162 0.0202387 0.0203637 -1.91916 -0.012246 1.9251 -1.04701 
-1.91583 0.0288218 0.0203514 -1.91909 -0.0122441 1.93207 -1.0433 
-1.91559 0.0376704 0.0203475 -1.91918 -0.0122441 1.94013 -1.03997 
-1.91539 0.0466354 0.0203424 -1.91919 -0.0122435 1.94778 -1.0374 
-1.9152 0.0553944 0.0203346 -1.91907 -0.0122393 1.95588 -1.03496 
-1.9152 0.0644839 0.0203049 -1.91905 -0.0122297 1.96471 -1.03249 
-1.91523 0.0735269 0.0202051 -1.91907 -0.0122256 1.97374 -1.02925 
-1.91531 0.0823822 0.0201854 -1.91906 -0.0122295 1.98437 -1.02496 
-1.91541 0.0919068 0.0201788 -1.91905 -0.0122321 1.9951 -1.02143 
-1.91545 0.101149 0.0201737 -1.91902 -0.0122319 2.00594 -1.01996 
-1.91548 0.110102 0.0201587 -1.91898 -0.0122355 2.01808 -1.01972 
-1.91563 0.119954 0.0201345 -1.91899 -0.0122355 2.03058 -1.01972 
-1.91587 0.130583 0.020117 -1.91884 -0.0122355 2.04414 -1.01972 
-1.91607 0.139464 0.0200993 -1.91867 -0.0122416 2.05582 -1.01973 
-1.91631 0.148339 0.02005 -1.91867 -0.0122592 2.06618 -1.01972 
-1.91685 0.159599 0.0200338 -1.9185 -0.012278 2.0788 -1.01972 
-1.91745 0.168725 0.0200204 -1.9183 -0.012282 2.08741 -1.01973 
-1.91814 0.17881 0.0200002 -1.91832 -0.0122954 2.09583 -1.01973 
-1.91878 0.188163 0.0199176 -1.91822 -0.0123369 2.10314 -1.01973 
-1.91956 0.197697 0.0198765 -1.91817 -0.0124615 2.10893 -1.01973 
-1.92042 0.207551 0.0198761 -1.91815 -0.0125709 2.11386 -1.01973 
-1.92128 0.216743 0.0198623 -1.91806 -0.0125942 2.11782 -1.01973 
-1.9222 0.226393 0.0198654 -1.91799 -0.0126185 2.1201 -1.01974 
-1.92307 0.235961 0.0198474 -1.91792 -0.012635 2.12173 -1.01975 
-1.92385 0.245191 0.0198442 -1.91778 -0.0126463 2.12313 -1.01975 
-1.92459 0.255166 0.0198456 -1.91775 -0.0127347 2.12463 -1.01975 
-1.92526 0.264224 0.0198446 -1.91762 -0.0128796 2.1266 -1.01976 
-1.92587 0.273429 0.0198382 -1.91755 -0.0129993 2.13049 -1.01976 
-1.92644 0.2828 0.019837 -1.91756 -0.0132232 2.13627 -1.01978 
-1.92691 0.291343 0.0198246 -1.91746 -0.0135583 2.14359 -1.01979 
-1.92736 0.30063 0.019805 -1.91745 -0.0140029 2.15277 -1.01979 
-1.92781 0.310136 0.0197748 -1.91741 -0.0147554 2.16338 -1.0198 
-1.92827 0.318808 0.0197611 -1.91741 -0.0159341 2.17572 -1.01983 
-1.9287 0.328102 0.0197595 -1.91743 -0.0176992 2.18881 -1.02004 
-1.92905 0.337445 0.019761 -1.91738 -0.020072 2.20204 -1.02019 
-1.92934 0.345921 0.0197569 -1.91736 -0.0224011 2.21586 -1.02019 
-1.92965 0.355072 0.0197544 -1.91738 -0.0245315 2.22939 -1.02019 
-1.92989 0.364018 0.0197558 -1.9173 -0.0261886 2.24211 -1.02019 
-1.93009 0.371792 0.0197525 -1.91723 -0.0270815 2.25405 -1.02019 
-1.93031 0.380519 0.0197542 -1.91721 -0.0275383 2.26565 -1.0202 
-1.93045 0.389228 0.0197489 -1.9171 -0.0277412 2.27599 -1.02021 
-1.93058 0.397487 0.0197397 -1.91663 -0.0278044 2.28534 -1.02021 
-1.93077 0.406275 0.0197357 -1.91618 -0.0278265 2.29474 -1.02021 
-1.93089 0.414681 0.0197303 -1.91573 -0.0278963 2.30279 -1.02022 
-1.93098 0.422041 0.0197212 -1.91492 -0.0279386 2.30974 -1.02022 
-1.93107 0.429974 0.0197197 -1.91384 -0.0279544 2.31633 -1.02022 
-1.9311 0.438376 0.0197194 -1.91264 -0.0279795 2.32173 -1.02022 
-1.93107 0.446459 0.0197339 -1.91097 -0.0280067 2.32714 -1.02023 
-1.931 0.454885 0.0197584 -1.90884 -0.0280148 2.33302 -1.02022 
-1.93087 0.463261 0.0197748 -1.90662 -0.0280245 2.33759 -1.02023 
-1.9306 0.471015 0.0198182 -1.90392 -0.0280294 2.34107 -1.02023 
-1.9302 0.478046 0.0198742 -1.90078 -0.028034 2.34369 -1.02023 
-1.9296 0.486003 0.0198739 -1.89706 -0.0280371 2.34598 -1.02023 
-1.92876 0.493824 0.0198901 -1.89275 -0.0280418 2.34724 -1.02023 
-1.92769 0.50073 0.0199049 -1.88808 -0.0280592 2.34768 -1.02024 
-1.92631 0.508634 0.0199134 -1.8824 -0.0281015 2.34773 -1.02025 
-1.92489 0.516591 0.0199176 -1.87639 -0.0281481 2.34774 -1.02025 
-1.92335 0.523649 0.0199188 -1.86999 -0.0282511 2.34773 -1.02027 
-1.92163 0.530943 0.0199234 -1.86271 -0.0285474 2.34774 -1.02045 
-1.9199 0.538992 0.0199171 -1.85508 -0.029068 2.34774 -1.02088 
-1.91809 0.546883 0.0199038 -1.84676 -0.0298928 2.34774 -1.02113 
-1.91644 0.553993 0.0199027 -1.83809 -0.0312548 2.34774 -1.02127 
-1.91469 0.562391 0.0199002 -1.82831 -0.0334607 2.34774 -1.02143 
-1.91306 0.570782 0.0199131 -1.81837 -0.0364501 2.34774 -1.02152 
-1.91154 0.578267 0.0199097 -1.80853 -0.0402302 2.34774 -1.02153 
-1.90999 0.586763 0.019905 -1.79736 -0.0452836 2.34773 -1.02152 
-1.90868 0.595633 0.0199123 -1.78627 -0.0505 2.34772 -1.02153 
-1.90748 0.603487 0.0199199 -1.77561 -0.055457 2.34773 -1.02152 
-1.90625 0.611764 0.0199178 -1.76376 -0.0600292 2.34772 -1.02153 
-1.90506 0.62088 0.0199214 -1.75218 -0.0635342 2.34771 -1.02153 
-1.90379 0.629302 0.0199765 -1.74016 -0.0658302 2.3477 -1.02153 
-1.90247 0.637597 0.0200183 -1.72806 -0.0666894 2.34769 -1.02154 
-1.90109 0.646666 0.0200028 -1.71602 -0.0668008 2.34769 -1.02158 
-1.89974 0.654717 0.0200159 -1.70455 -0.0668179 2.34767 -1.02181 
-1.89832 0.66287 0.020007 -1.69241 -0.0668236 2.34767 -1.02218 
-1.89699 0.671784 0.0200043 -1.68029 -0.066836 2.34765 -1.02245 
-1.89576 0.679802 0.0200057 -1.66892 -0.0668632 2.34764 -1.0228 
-1.89459 0.687794 0.0199842 -1.65659 -0.0668961 2.34759 -1.02325 
-1.89363 0.696517 0.0199858 -1.64476 -0.0669638 2.34749 -1.02398 
-1.89278 0.704606 0.019974 -1.63337 -0.0670739 2.34732 -1.02482 
-1.89206 0.712536 0.0199559 -1.62147 -0.0671819 2.34697 -1.02544 
-1.89159 0.721495 0.0199677 -1.60898 -0.0673842 2.34632 -1.02611 
-1.89123 0.73001 0.0199587 -1.59755 -0.0676914 2.34521 -1.02727 
-1.89105 0.737492 0.0199575 -1.58647 -0.0679114 2.34451 -1.0282 
-1.89099 0.745843 0.0199728 -1.57501 -0.0680131 2.34402 -1.02874 
-1.89094 0.754447 0.0199608 -1.56409 -0.0680749 2.34334 -1.02906 
-1.89099 0.761882 0.0199301 -1.55342 -0.0680994 2.34296 -1.02915 
-1.89118 0.769688 0.0198194 -1.54262 -0.0681099 2.34261 -1.02917 
-1.89145 0.777907 0.0198105 -1.53206 -0.0681993 2.34178 -1.02938 
-1.89176 0.785066 0.0197871 -1.52211 -0.068418 2.33997 -1.02993 
-1.89219 0.792044 0.0197658 -1.5117 -0.0685479 2.33742 -1.0306 
-1.89269 0.799398 0.0197002 -1.50148 -0.0685719 2.33433 -1.03108 
-1.89331 0.806274 0.0196406 -1.49226 -0.0685915 2.3308 -1.03144 
-1.8942 0.812623 0.0196565 -1.48261 -0.068593 2.32711 -1.03167 
-1.8952 0.818732 0.0196428 -1.47299 -0.0686115 2.32307 -1.03196 
-1.89633 0.824688 0.01961 -1.4642 -0.068634 2.31783 -1.03243 
-1.89773 0.83066 0.0196054 -1.45498 -0.0686492 2.31085 -1.03327 
-1.89926 0.836017 0.0196085 -1.44577 -0.0686505 2.3025 -1.03398 
-1.90082 0.840649 0.0195911 -1.43688 -0.0686505 2.29304 -1.03431 
-1.90264 0.845358 0.0195832 -1.42729 -0.0686505 2.28326 -1.03464 
-1.90456 0.850073 0.0195985 -1.41812 -0.0686505 2.27269 -1.03508 
-1.9065 0.854442 0.0195747 -1.40944 -0.0686525 2.2616 -1.03563 
-1.90855 0.858182 0.0196072 -1.40091 -0.0686518 2.25063 -1.03665 
-1.91058 0.861404 0.0195996 -1.39323 -0.0686486 2.24184 -1.03858 
-1.91252 0.864043 0.0196029 -1.38661 -0.0686515 2.23536 -1.04051 
-1.9146 0.866495 0.0195851 -1.38016 -0.068659 2.23097 -1.0425 
-1.9168 0.868746 0.0195932 -1.37448 -0.0686631 2.22833 -1.04547 
-1.91897 0.870725 0.0195738 -1.37011 -0.0686681 2.22777 -1.04892 
-1.92118 0.872277 0.0195592 -1.36704 -0.0686842 2.22779 -1.05176 
-1.92368 0.873455 0.0195308 -1.365 -0.068686 2.2278 -1.05521 
-1.92638 0.874332 0.0194595 -1.36414 -0.0686853 2.22785 -1.05808 
-1.92931 0.875056 0.019461 -1.36427 -0.0686868 2.22789 -1.05996 
-1.93238 0.875954 0.019459 -1.36471 -0.0686885 2.2279 -1.06112 
-1.93557 0.87707 0.0194917 -1.36526 -0.0686891 2.2279 -1.06134 
-1.93856 0.878386 0.0194867 -1.36591 -0.0686897 2.2279 -1.06139 
-1.9416 0.879965 0.0194787 -1.3667 -0.0686927 2.2279 -1.0616 
-1.94474 0.881813 0.0195077 -1.36749 -0.0686882 2.22791 -1.06189 
-1.94743 0.883704 0.0195174 -1.36809 -0.0686876 2.22793 -1.06203 
-1.95001 0.885838 0.0195169 -1.36863 -0.0686876 2.22794 -1.06218 
-1.95236 0.888207 0.0195247 -1.36888 -0.0686882 2.22794 -1.06229 
-1.95441 0.890791 0.019519 -1.36888 -0.068687 2.22795 -1.06236 
-1.95627 0.893726 0.0195407 -1.36889 -0.0686876 2.22803 -1.06243 
-1.95759 0.896613 0.019559 -1.36889 -0.0686876 2.2285 -1.06251 
-1.9586 0.899526 0.0196241 -1.36889 -0.0686863 2.22882 -1.06258 
-1.9593 0.90276 0.0196298 -1.36896 -0.0686844 2.22891 -1.06259 
-1.95974 0.906102 0.0196348 -1.36901 -0.0686818 2.22893 -1.06259 
-1.95997 0.909362 0.0196566 -1.36905 -0.0686799 2.22899 -1.06259 
-1.95998 0.912501 0.0196683 -1.36911 -0.068685 2.22927 -1.06259 
-1.95984 0.915554 0.0196789 -1.36911 -0.0686817 2.22995 -1.06259 
-1.9597 0.918576 0.0197021 -1.36912 -0.0686814 2.23098 -1.06259 
-1.95952 0.921614 0.0197147 -1.3691 -0.0686775 2.23233 -1.06259 
-1.95932 0.924701 0.019712 -1.36915 -0.0686744 2.2336 -1.06259 
-1.95914 0.927818 0.0197162 -1.36922 -0.0686655 2.2345 -1.06259 
-1.95898 0.930718 0.0197307 -1.36938 -0.0686632 2.23503 -1.06259 
-1.95878 0.933458 0.0197371 -1.36957 -0.0686569 2.23546 -1.06259 
-1.95856 0.935972 0.0197955 -1.36972 -0.068654 2.23569 -1.06259 
-1.95834 0.938144 0.0198194 -1.36986 -0.068638 2.23584 -1.06258 
-1.9581 0.940069 0.0198349 -1.36986 -0.068621 2.23607 -1.06257 
-1.95782 0.941726 0.0198472 -1.36987 -0.0686131 2.23631 -1.06257 
-1.95748 0.943027 0.0198604 -1.36987 -0.0685858 2.23636 -1.06255 
-1.95705 0.944112 0.0198732 -1.36988 -0.0685696 2.23636 -1.06254 
-1.95657 0.944859 0.0198948 -1.3699 -0.0685474 2.23636 -1.06252 
-1.95602 0.945255 0.0199632 -1.37008 -0.0683447 2.23635 -1.06246 
-1.95537 0.945396 0.0200086 -1.37044 -0.0681873 2.23635 -1.0623 
-1.95468 0.945333 0.0199963 -1.37081 -0.0681783 2.23635 -1.06216 
-1.95402 0.945296 0.0200075 -1.37102 -0.068162 2.23634 -1.06202 
-1.95334 0.945298 0.0200039 -1.37117 -0.0681583 2.23633 -1.06197 
-1.95266 0.945266 0.0200209 -1.37132 -0.0681595 2.23633 -1.06197 
-1.95198 0.945261 0.0200398 -1.37145 -0.0681396 2.23632 -1.06196 
-1.95124 0.945263 0.0200556 -1.37177 -0.0681139 2.23631 -1.06197 
-1.95042 0.945168 0.0200597 -1.37229 -0.0681152 2.23631 -1.06196 
-1.9495 0.945073 0.0200648 -1.37297 -0.0681078 2.23631 -1.06196 
-1.94856 0.944991 0.0200703 -1.37376 -0.0680996 2.23631 -1.06196 
-1.94755 0.944843 0.0200675 -1.37478 -0.0680903 2.23631 -1.06196 
-1.9466 0.944672 0.0200772 -1.37601 -0.0680687 2.23631 -1.06196 
-1.94565 0.944479 0.0200691 -1.37741 -0.0680496 2.23632 -1.06195 
-1.94478 0.944298 0.0200529 -1.37865 -0.0680304 2.23632 -1.06194 
-1.94405 0.944077 0.0199802 -1.37999 -0.0679943 2.23625 -1.06177 
-1.94374 0.943536 0.0200373 -1.38181 -0.0679953 2.23625 -1.0614 
-1.94346 0.942812 0.0200537 -1.38359 -0.0679872 2.23627 -1.0614 
-1.94322 0.941953 0.0200571 -1.3849 -0.0679456 2.23631 -1.06138 
-1.9431 0.940951 0.0200503 -1.3857 -0.067799 2.2363 -1.06118 
-1.94311 0.939618 0.0200466 -1.38644 -0.0677447 2.23628 -1.06108 
-1.9432 0.938206 0.0200219 -1.38729 -0.067746 2.2363 -1.06108 
-1.94336 0.936656 0.020011 -1.38813 -0.067746 2.23631 -1.06107 
-1.94363 0.934613 0.0200076 -1.38934 -0.067746 2.2363 -1.06107 
-1.94392 0.932134 0.0199992 -1.39123 -0.0677486 2.23629 -1.06107 
-1.94423 0.92947 0.0199966 -1.39368 -0.0677447 2.23629 -1.06107 
-1.94455 0.926447 0.0199842 -1.39676 -0.0677441 2.2363 -1.06107 
-1.94487 0.923625 0.019988 -1.40014 -0.0677361 2.2363 -1.06106 
-1.94515 0.921099 0.0199912 -1.40371 -0.0677006 2.23632 -1.06102 
-1.9454 0.918943 0.0199774 -1.40723 -0.0676779 2.23634 -1.06097 
-1.94572 0.917238 0.0199809 -1.41049 -0.0676652 2.23635 -1.06097 
-1.94605 0.915952 0.0199812 -1.41353 -0.0675803 2.2364 -1.06096 
-1.94641 0.91508 0.0199818 -1.41619 -0.0674763 2.23685 -1.06096 
-1.94683 0.914471 0.0199853 -1.41879 -0.0673354 2.23799 -1.06096 
-1.94723 0.914164 0.0199872 -1.42123 -0.0671801 2.24001 -1.06096 
-1.9476 0.914121 0.0199981 -1.4234 -0.0671283 2.24254 -1.06096 
-1.94792 0.914158 0.0199953 -1.42564 -0.0670837 2.24599 -1.06096 
-1.94822 0.914119 0.0199993 -1.4283 -0.0670363 2.25194 -1.06095 
-1.94845 0.914067 0.0200047 -1.43122 -0.0670126 2.25977 -1.06096 
-1.94862 0.914038 0.0200086 -1.43413 -0.0669857 2.26807 -1.06096 
-1.94872 0.913976 0.0199985 -1.43698 -0.0669736 2.2768 -1.06096 
-1.9488 0.913835 0.0200039 -1.43957 -0.0669431 2.28482 -1.06096 
-1.94886 0.913638 0.0200018 -1.44232 -0.0668971 2.29362 -1.06096 
-1.94889 0.913327 0.0199985 -1.44503 -0.0668982 2.30097 -1.06095 
-1.94891 0.912935 0.0199804 -1.44718 -0.0668924 2.30522 -1.06096 
-1.94899 0.912438 0.0199889 -1.44877 -0.066894 2.30695 -1.06096 
-1.94906 0.911936 0.0199899 -1.44986 -0.0668861 2.30693 -1.06095 
-1.94906 0.911468 0.0199942 -1.45062 -0.0668771 2.30693 -1.06095 
-1.949 0.910828 0.0200287 -1.45121 -0.066871 2.30693 -1.06096 
-1.9488 0.910082 0.0200367 -1.45167 -0.0668614 2.30691 -1.06095 
-1.94852 0.909222 0.0200432 -1.4522 -0.0668585 2.3069 -1.06095 
-1.94822 0.908282 0.0200529 -1.45275 -0.0668543 2.3069 -1.06095 
-1.94783 0.90737 0.0200684 -1.45324 -0.0668543 2.3069 -1.06095 
-1.94739 0.906597 0.0200618 -1.4537 -0.066843 2.3069 -1.06093 
-1.94703 0.905921 0.0200501 -1.45417 -0.0668339 2.3069 -1.06088 
-1.94679 0.905404 0.0200492 -1.45478 -0.0668298 2.3069 -1.06062 
-1.94664 0.905115 0.020048 -1.45547 -0.0668231 2.30692 -1.06037 
-1.94661 0.905082 0.0200527 -1.45608 -0.066816 2.30692 -1.06012 
-1.94663 0.905152 0.0200423 -1.45684 -0.0668215 2.30692 -1.06002 
-1.94671 0.905167 0.0200257 -1.4579 -0.0668206 2.30692 -1.06 
-1.94686 0.905172 0.0200225 -1.459 -0.0668135 2.30693 -1.05993 
-1.94706 0.905217 0.0200254 -1.46012 -0.0668094 2.30694 -1.05987 
-1.94723 0.905303 0.0200204 -1.4612 -0.0668118 2.30694 -1.05985 
-1.94737 0.905356 0.02002 -1.46201 -0.0668125 2.30694 -1.05984 
-1.94746 0.905376 0.0200165 -1.46262 -0.0668118 2.30695 -1.05985 
-1.94752 0.90543 0.0200263 -1.46286 -0.0668106 2.30696 -1.05985 
-1.94749 0.905481 0.0200291 -1.46285 -0.0668121 2.30698 -1.05985 
-1.94745 0.90545 0.0200295 -1.46281 -0.0668131 2.30699 -1.05986 
-1.9474 0.905448 0.020038 -1.46273 -0.0668131 2.30699 -1.05986 
-1.94729 0.905489 0.020038 -1.4627 -0.0668151 2.307 -1.05986 
-1.94716 0.905534 0.0200401 -1.46271 -0.0668174 2.307 -1.05986 
-1.94701 0.905595 0.0200347 -1.46271 -0.0668208 2.307 -1.05986 
-1.94689 0.905739 0.0200327 -1.4627 -0.0668205 2.307 -1.05986 
-1.94684 0.905984 0.0200346 -1.46271 -0.0668263 2.30701 -1.05987 
-1.94682 0.906303 0.0200363 -1.46271 -0.0668312 2.307 -1.05988 
-1.94684 0.90671 0.0200346 -1.46269 -0.0668304 2.30701 -1.05988 
-1.94688 0.907167 0.0200225 -1.46265 -0.0668305 2.30701 -1.05988 
-1.94694 0.907761 0.0200217 -1.46255 -0.0668317 2.30702 -1.05988 
-1.947 0.908494 0.0200155 -1.46238 -0.0668324 2.30702 -1.05989 
-1.94709 0.909225 0.0200145 -1.46215 -0.0668348 2.30708 -1.0599 
-1.94717 0.909983 0.0200161 -1.46194 -0.0668378 2.30767 -1.0599 
-1.9472 0.910734 0.0200031 -1.46176 -0.0668429 2.30832 -1.05991 
-1.94729 0.911413 0.0200008 -1.46153 -0.0668538 2.30904 -1.05992 
-1.94742 0.912062 0.0200025 -1.46127 -0.0668549 2.30994 -1.05992 
-1.9476 0.912615 0.0199992 -1.46104 -0.0668579 2.31078 -1.05992 
-1.94778 0.913029 0.019996 -1.46076 -0.0668567 2.31146 -1.05993 
-1.94797 0.913294 0.0200023 -1.46049 -0.066856 2.31193 -1.05993 
-1.94811 0.913422 0.0199923 -1.46035 -0.0668554 2.31197 -1.05992 
-1.94823 0.913426 0.019996 -1.46026 -0.0668567 2.31199 -1.05993 
-1.9483 0.913436 0.0199976 -1.46007 -0.066856 2.312 -1.05992 
-1.9483 0.913465 0.0200021 -1.45995 -0.0668512 2.312 -1.05993 
-1.94829 0.913459 0.0200083 -1.45995 -0.0668557 2.312 -1.05993 
-1.94824 0.913509 0.0200168 -1.45995 -0.0668573 2.312 -1.05993 
-1.94816 0.913648 0.0200231 -1.45995 -0.0668553 2.312 -1.05993 
-1.94811 0.913824 0.0200197 -1.45994 -0.0668544 2.31201 -1.05993 
-1.94812 0.914023 0.0200161 -1.45994 -0.0668554 2.31201 -1.05993 
-1.94814 0.914285 0.0200132 -1.45994 -0.0668547 2.31203 -1.05993 
-1.94818 0.914613 0.0200039 -1.4599 -0.0668485 2.31222 -1.05993 
-1.94824 0.914963 0.020009 -1.45982 -0.0668542 2.31259 -1.05992 
-1.94828 0.91535 0.0200008 -1.45971 -0.0668468 2.31279 -1.05993 
-1.94834 0.915765 0.0200044 -1.45951 -0.0668468 2.31296 -1.05992 
-1.94835 0.916203 0.0200088 -1.45921 -0.0668465 2.31322 -1.05993 
-1.94833 0.91672 0.0200129 -1.45877 -0.0668442 2.3134 -1.05992 
-1.94832 0.917265 0.0200146 -1.45823 -0.0668448 2.31346 -1.05992 
-1.94833 0.917749 0.0200167 -1.45776 -0.0668379 2.31349 -1.05992 
-1.94833 0.918152 0.0200197 -1.45734 -0.0668356 2.31356 -1.05992 
-1.9483 0.918555 0.020028 -1.45689 -0.0668368 2.31366 -1.05992 
-1.94825 0.918915 0.0200263 -1.45648 -0.0668304 2.31374 -1.05992 
-1.94822 0.919226 0.0200264 -1.45616 -0.0668308 2.3138 -1.05992 
-1.94821 0.919512 0.0200307 -1.45589 -0.0668288 2.31384 -1.05992 
-1.94824 0.919791 0.0200177 -1.45566 -0.0668256 2.31387 -1.05991 
-1.9483 0.920045 0.0200145 -1.45547 -0.0668294 2.31389 -1.05991 
-1.94835 0.920317 0.0200125 -1.45537 -0.066828 2.3139 -1.05991 
-1.9484 0.920589 0.0200114 -1.45526 -0.0668287 2.31392 -1.05991 
-1.94842 0.920932 0.0200093 -1.45508 -0.0668221 2.31393 -1.05991 
-1.94843 0.92131 0.0200094 -1.45489 -0.066822 2.31395 -1.05991 
-1.94843 0.921645 0.0200113 -1.45469 -0.066816 2.31397 -1.05991 
-1.94844 0.92193 0.0200103 -1.45451 -0.066816 2.31398 -1.05991 
-1.94844 0.922183 0.0200093 -1.45439 -0.0668179 2.31399 -1.05991 
-1.94844 0.922393 0.0200156 -1.45423 -0.066816 2.31399 -1.05991 
-1.94841 0.92256 0.0200214 -1.45408 -0.0668144 2.31399 -1.0599 
-1.94839 0.922675 0.0200263 -1.45396 -0.0668119 2.31399 -1.0599 
-1.94839 0.922708 0.0200263 -1.45391 -0.0668106 2.31399 -1.0599 
-1.94839 0.922729 0.0200256 -1.45387 -0.0668106 2.31399 -1.05991 
-1.94838 0.922755 0.0200316 -1.45384 -0.0668106 2.314 -1.05991 
-1.94836 0.922778 0.0200331 -1.45383 -0.0668106 2.314 -1.0599 
-1.94832 0.922802 0.0200348 -1.45382 -0.0668087 2.314 -1.0599 
-1.94828 0.92289 0.0200362 -1.45381 -0.0668045 2.314 -1.05989 
-1.94824 0.923014 0.0200315 -1.4538 -0.0668029 2.31401 -1.05989 
-1.94823 0.923126 0.020038 -1.45379 -0.0667985 2.314 -1.05989 
-1.94821 0.92328 0.0200399 -1.45378 -0.0667981 2.31401 -1.05988 
-1.94819 0.923468 0.0200368 -1.45374 -0.0667863 2.31403 -1.05988 
-1.94819 0.923693 0.020044 -1.45359 -0.0667673 2.31405 -1.05988 
-1.94817 0.923904 0.0200404 -1.45341 -0.066753 2.31404 -1.05987 
-1.94819 0.92408 0.020031 -1.45326 -0.0667497 2.31405 -1.05987 
-1.94824 0.924221 0.0200225 -1.45301 -0.0667339 2.31406 -1.05986 
-1.94828 0.924361 0.0200141 -1.45263 -0.0667116 2.31407 -1.05985 
-1.94837 0.92449 0.0200145 -1.45211 -0.0667046 2.31407 -1.05985 
-1.94849 0.924589 0.02001 -1.45148 -0.0667026 2.31407 -1.05985 
-1.94859 0.924703 0.0200113 -1.45078 -0.0666921 2.31407 -1.05985 
-1.94865 0.924876 0.0200057 -1.44988 -0.0666888 2.31407 -1.05985 
-1.9487 0.925116 0.0200074 -1.44899 -0.0666846 2.31406 -1.05985 
-1.94871 0.925411 0.0200129 -1.4482 -0.0666907 2.31407 -1.05985 
-1.94869 0.925768 0.0200151 -1.44749 -0.0666834 2.31407 -1.05985 
-1.94869 0.926171 0.0200137 -1.44709 -0.066684 2.31406 -1.05985 
-1.94871 0.926612 0.0199959 -1.44706 -0.0666853 2.31406 -1.05985 
-1.94877 0.927153 0.019994 -1.44706 -0.066686 2.31406 -1.05985 
-1.94884 0.927817 0.0199976 -1.44707 -0.0666847 2.31406 -1.05985 
-1.94889 0.928562 0.019996 -1.44706 -0.0666866 2.31406 -1.05984 
-1.94896 0.929297 0.0199945 -1.44706 -0.0666847 2.31406 -1.05984 
-1.94903 0.929929 0.0199911 -1.44706 -0.0666763 2.31407 -1.05985 
-1.9491 0.930433 0.0199966 -1.44706 -0.0666627 2.31407 -1.05985 
-1.94915 0.930766 0.0199969 -1.44706 -0.0666479 2.31407 -1.05984 
-1.9492 0.93096 0.0199937 -1.44706 -0.0666307 2.31407 -1.05984 
-1.94924 0.93099 0.0199928 -1.44705 -0.0666205 2.31409 -1.05984 
-1.94931 0.930984 0.0199981 -1.44704 -0.0666026 2.3141 -1.05984 
-1.94934 0.930994 0.0199991 -1.44701 -0.0665394 2.31411 -1.05984 
-1.94933 0.931029 0.0200036 -1.44701 -0.0664073 2.31411 -1.05984 
-1.94931 0.931121 0.0200114 -1.44701 -0.0663482 2.31411 -1.05983 
-1.9493 0.931334 0.0200173 -1.44701 -0.0662674 2.31412 -1.05982 
-1.94928 0.931675 0.0200157 -1.44702 -0.0661999 2.31411 -1.05981 
-1.94932 0.932094 0.0200122 -1.44701 -0.066175 2.31413 -1.05981 
-1.94933 0.932597 0.0200129 -1.447 -0.0660857 2.31429 -1.05981 
-1.94928 0.933213 0.0200279 -1.447 -0.0658466 2.31566 -1.05978 
-1.94923 0.933917 0.0200246 -1.447 -0.0656555 2.31734 -1.05973 
-1.94921 0.934742 0.0200299 -1.447 -0.0655843 2.31931 -1.05924 
-1.94919 0.935592 0.0200282 -1.447 -0.0655553 2.32111 -1.05899 
-1.94918 0.936488 0.0200311 -1.44701 -0.065503 2.32295 -1.05875 
-1.94915 0.937425 0.020038 -1.447 -0.0654635 2.32555 -1.05859 
-1.94911 0.93844 0.0200363 -1.447 -0.0654538 2.32893 -1.05857 
-1.94908 0.939588 0.0200363 -1.44701 -0.0654508 2.3329 -1.05856 
-1.94904 0.940731 0.0200324 -1.447 -0.0654514 2.33592 -1.05857 
-1.94906 0.941844 0.0200256 -1.44699 -0.0654434 2.33714 -1.05856 
-1.94907 0.942942 0.0200257 -1.44692 -0.06543 2.33726 -1.05855 
-1.94906 0.943982 0.0200331 -1.44691 -0.0653769 2.33726 -1.0585 
-1.94905 0.944985 0.0200432 -1.44691 -0.0653062 2.33726 -1.05831 
-1.949 0.945911 0.0200489 -1.4469 -0.0652588 2.33726 -1.05806 
-1.94894 0.946675 0.020048 -1.44687 -0.065241 2.33725 -1.05786 
-1.94891 0.947442 0.0200369 -1.44675 -0.0652227 2.33727 -1.0576 
-1.94891 0.948171 0.020054 -1.44633 -0.0652127 2.33728 -1.05737 
-1.94885 0.948739 0.0200512 -1.44577 -0.0652104 2.33727 -1.05731 
-1.94879 0.949141 0.0200495 -1.44537 -0.0652111 2.33726 -1.05731 
-1.94878 0.949363 0.0200474 -1.44511 -0.0652111 2.33725 -1.0573 
-1.9488 0.949476 0.0200309 -1.44499 -0.0652131 2.33725 -1.05729 
-1.94883 0.949583 0.0200303 -1.44499 -0.0652118 2.33724 -1.0573 
-1.94881 0.949727 0.0200412 -1.44498 -0.0652124 2.33724 -1.05729 
-1.94879 0.949914 0.0200395 -1.44498 -0.0652104 2.33723 -1.05728 
-1.9488 0.95019 0.0200342 -1.44498 -0.0652143 2.33724 -1.05727 
-1.94879 0.950615 0.0200495 -1.4448 -0.0652124 2.33725 -1.05727 
-1.94871 0.951251 0.0200459 -1.44439 -0.0652143 2.33724 -1.05727 
-1.94861 0.952091 0.0200427 -1.44376 -0.0652176 2.33723 -1.05727 
-1.94856 0.953034 0.020038 -1.44311 -0.0652261 2.33722 -1.05727 
-1.94857 0.954028 0.0200353 -1.44258 -0.0652236 2.33722 -1.05727 
-1.94855 0.955073 0.0200378 -1.44208 -0.0652274 2.33723 -1.05728 
-1.94853 0.956257 0.0200204 -1.44126 -0.0652373 2.33722 -1.05728 
-1.94857 0.957401 0.0200242 -1.44038 -0.0652336 2.3372 -1.05728 
-1.94856 0.958504 0.0200208 -1.43964 -0.0652371 2.33719 -1.05727 
-1.94856 0.959574 0.0200208 -1.43881 -0.0652353 2.33717 -1.05727 
-1.94856 0.960555 0.0200242 -1.43811 -0.0652316 2.33704 -1.05727 
-1.94856 0.961555 0.0200225 -1.43746 -0.0652342 2.33695 -1.05727 
-1.94856 0.962365 0.0200199 -1.43692 -0.0652437 2.33693 -1.05727 
-1.94858 0.963414 0.0200178 -1.43611 -0.0652476 2.3369 -1.05727 
-1.94856 0.964353 0.0200252 -1.43541 -0.0652457 2.33689 -1.05727 
-1.94852 0.965254 0.0200295 -1.43468 -0.0652444 2.33688 -1.05726 
-1.94848 0.966705 0.0200242 -1.43347 -0.0652463 2.33684 -1.05726 
-1.94846 0.967984 0.0200314 -1.43246 -0.0652457 2.33681 -1.05726 
-1.94843 0.969489 0.0200226 -1.43122 -0.0652495 2.33681 -1.05725 
-1.94844 0.971282 0.0200292 -1.42961 -0.0652446 2.3368 -1.05724 
-1.94843 0.973103 0.020014 -1.42795 -0.065245 2.33678 -1.05723 
-1.94844 0.97523 0.0200176 -1.42597 -0.0652394 2.33677 -1.05722 
-1.94844 0.977614 0.0200193 -1.4239 -0.0652424 2.33673 -1.05718 
-1.94843 0.980006 0.0200193 -1.42194 -0.0652399 2.33662 -1.05705 
-1.94844 0.982404 0.0200177 -1.42014 -0.0652431 2.33656 -1.05699 
-1.94843 0.984525 0.020021 -1.41875 -0.0652431 2.33655 -1.05698 
-1.94844 0.986295 0.0200119 -1.41787 -0.0652423 2.33655 -1.05695 
-1.94848 0.98767 0.0200072 -1.41749 -0.0652424 2.33654 -1.05686 
-1.94856 0.988929 0.0199951 -1.41747 -0.0652402 2.33638 -1.05669 
-1.94873 0.990168 0.0199834 -1.41747 -0.0652407 2.33587 -1.05663 
-1.94901 0.991454 0.0199866 -1.41733 -0.0652286 2.33597 -1.05638 
-1.94929 0.991903 0.0200189 -1.41682 -0.0652089 2.33703 -1.05593 
-1.94939 0.991958 0.0199704 -1.41633 -0.065211 2.33702 -1.05521 
-1.94972 0.99225 0.019884 -1.41632 -0.0652129 2.33696 -1.05428 
-1.95014 0.992503 0.0198892 -1.41622 -0.0652143 2.337 -1.05411 
-1.95047 0.992547 0.0199027 -1.4161 -0.0652111 2.33699 -1.05399 
-1.95076 0.992716 0.0198569 -1.41608 -0.0652086 2.33702 -1.05343 
-1.95114 0.992811 0.0199119 -1.41607 -0.0652096 2.33713 -1.05268 
-1.95128 0.992879 0.0199185 -1.41608 -0.0651971 2.33714 -1.05145 
-1.95123 0.993011 0.0199348 -1.41609 -0.0651993 2.33713 -1.04831 
-1.95099 0.993056 0.0199614 -1.41611 -0.0652111 2.33712 -1.04408 
-1.95079 0.993134 0.0199263 -1.41613 -0.0652138 2.33714 -1.04068 
-1.95069 0.993175 0.0199557 -1.41614 -0.0652116 2.33713 -1.03709 
-1.95054 0.993219 0.0199607 -1.41614 -0.065211 2.33713 -1.03319 
-1.95035 0.993234 0.0199643 -1.41615 -0.0652074 2.33713 -1.028 
-1.95016 0.993235 0.0199745 -1.4162 -0.0652066 2.33712 -1.02088 
-1.94999 0.993217 0.0199816 -1.41632 -0.0651934 2.33711 -1.01363 
-1.94984 0.993174 0.0200239 -1.4164 -0.0651881 2.33711 -1.00468 
-1.94972 0.993175 0.0200384 -1.4164 -0.0651833 2.33713 -0.994295 
-1.94959 0.993175 0.0200444 -1.41639 -0.0651835 2.33713 -0.983726 
-1.94944 0.993169 0.0200459 -1.41641 -0.0651717 2.33711 -0.972525 
-1.94932 0.99317 0.0200603 -1.4164 -0.0651571 2.33712 -0.96229 
-1.9492 0.993167 0.0200551 -1.4164 -0.065159 2.33711 -0.95363 
-1.94913 0.993171 0.0200729 -1.41641 -0.0651545 2.33711 -0.945311 
-1.94901 0.993173 0.0201034 -1.41641 -0.0650372 2.33711 -0.937547 
-1.94885 0.993169 0.0201094 -1.41641 -0.0648376 2.33711 -0.930024 
-1.94871 0.993173 0.0201195 -1.4164 -0.064707 2.33711 -0.922442 
-1.9486 0.993181 0.0201145 -1.41642 -0.0643591 2.33711 -0.914395 
-1.94861 0.993175 0.0201145 -1.41642 -0.0640278 2.33711 -0.904567 
-1.94862 0.993179 0.0201051 -1.41642 -0.0639653 2.33712 -0.895397 
-1.94871 0.993177 0.0200928 -1.41641 -0.0637672 2.33711 -0.885168 
-1.94889 0.993176 0.0200728 -1.41642 -0.0634391 2.33711 -0.874349 
-1.94914 0.993172 0.0200827 -1.41641 -0.0629999 2.33711 -0.862749 
-1.94938 0.993176 0.0201194 -1.41641 -0.062249 2.33711 -0.850607 
-1.94947 0.993179 0.0200864 -1.4164 -0.0608322 2.33713 -0.837353 
-1.94951 0.993181 0.020047 -1.41639 -0.0593247 2.33711 -0.82303 
-1.94961 0.993178 0.0200517 -1.4164 -0.0578973 2.33709 -0.808636 
-1.94978 0.993174 0.0200402 -1.41642 -0.0565913 2.33706 -0.792973 
-1.95003 0.993164 0.0200189 -1.41642 -0.0556699 2.33706 -0.776249 
-1.95037 0.993166 0.0200236 -1.41642 -0.0549268 2.33706 -0.757947 
-1.95072 0.993163 0.0200253 -1.41642 -0.0546257 2.33706 -0.737434 
-1.95107 0.993162 0.0200141 -1.41643 -0.0546192 2.33705 -0.719083 
-1.95145 0.993162 0.0200419 -1.41643 -0.054609 2.33704 -0.70075 
-1.95169 0.993163 0.0200485 -1.41642 -0.0543896 2.33705 -0.683667 
-1.95184 0.993158 0.020057 -1.41645 -0.0539019 2.33704 -0.666423 
-1.95192 0.993158 0.0200517 -1.41647 -0.0532817 2.33703 -0.647452 
-1.95193 0.993144 0.0200577 -1.4165 -0.0527707 2.33701 -0.629748 
-1.9519 0.993128 0.0200682 -1.41652 -0.0525573 2.33692 -0.613633 
-1.9519 0.993118 0.0200649 -1.41657 -0.0525091 2.33692 -0.599436 
-1.9519 0.993082 0.0200746 -1.41664 -0.0524209 2.33692 -0.584949 
-1.95186 0.993079 0.0201274 -1.41665 -0.0520076 2.33693 -0.570895 
-1.9518 0.993082 0.0201201 -1.41665 -0.0514307 2.33693 -0.556067 
-1.95181 0.993067 0.0201154 -1.41668 -0.0511102 2.33692 -0.540947 
-1.95188 0.993069 0.0201088 -1.41668 -0.0507748 2.33694 -0.526383 
-1.95197 0.993067 0.0200843 -1.41667 -0.0505144 2.33695 -0.511966 
-1.95213 0.993073 0.0201037 -1.41663 -0.0504062 2.33698 -0.497474 
-1.95218 0.993072 0.0200957 -1.41665 -0.0503158 2.33696 -0.483926 
-1.95221 0.993074 0.0200924 -1.41668 -0.0502955 2.33695 -0.471587 
-1.95231 0.993068 0.0200792 -1.41669 -0.0502177 2.33695 -0.45934 
-1.95249 0.993064 0.0201097 -1.41669 -0.0498593 2.33696 -0.447069 
-1.9525 0.993067 0.0201158 -1.41668 -0.0492722 2.33697 -0.434363 
-1.95246 0.993066 0.020129 -1.41667 -0.0490116 2.33696 -0.422474 
-1.95249 0.993055 0.0201047 -1.41667 -0.0489721 2.33697 -0.412371 
-1.9526 0.993061 0.0200897 -1.41665 -0.0487273 2.33698 -0.40336 
-1.95277 0.993049 0.0201175 -1.41664 -0.0482332 2.33698 -0.393121 
-1.95291 0.993053 0.0200808 -1.41665 -0.0478306 2.33697 -0.38316 
-1.95307 0.993049 0.0200896 -1.41666 -0.0474176 2.33696 -0.374308 
-1.95315 0.993049 0.0201295 -1.41665 -0.0468119 2.33697 -0.365744 
-1.95311 0.993049 0.0201294 -1.41665 -0.0460009 2.33697 -0.356835 
-1.95301 0.993049 0.0201707 -1.41666 -0.0451163 2.33696 -0.348028 
-1.9528 0.993051 0.0201755 -1.41666 -0.0439216 2.33696 -0.339314 
-1.95257 0.993056 0.0201918 -1.41666 -0.0425202 2.33697 -0.329433 
-1.9523 0.993053 0.0201869 -1.41665 -0.0412867 2.33697 -0.318758 
-1.95209 0.99306 0.0201784 -1.41665 -0.040583 2.33697 -0.308135 
-1.9519 0.993055 0.0202009 -1.41665 -0.0402194 2.33697 -0.297182 
-1.95174 0.993056 0.0201939 -1.41666 -0.0400111 2.33696 -0.2871 
-1.95163 0.993056 0.0201852 -1.41667 -0.0399332 2.33695 -0.276199 
-1.95161 0.993051 0.0202104 -1.41668 -0.0398586 2.33694 -0.265858 
-1.95159 0.993052 0.0202052 -1.41669 -0.0395995 2.33693 -0.255216 
-1.95165 0.993043 0.0201959 -1.41669 -0.0391811 2.33693 -0.244839 
-1.95178 0.993038 0.0201787 -1.4167 -0.0385161 2.33693 -0.233006 
-1.95201 0.993026 0.0201611 -1.41673 -0.0378211 2.33691 -0.221461 
-1.95235 0.992946 0.020168 -1.41687 -0.0370075 2.3369 -0.209837 
-1.95269 0.99278 0.0201733 -1.41712 -0.0361735 2.33688 -0.198091 
-1.953 0.992632 0.0201527 -1.41741 -0.0350938 2.33688 -0.185615 
-1.95338 0.992451 0.0201496 -1.41774 -0.0336737 2.33687 -0.172731 
-1.95375 0.992309 0.0201334 -1.41801 -0.0319828 2.33689 -0.159694 
-1.95412 0.99229 0.020135 -1.41804 -0.0303434 2.33689 -0.146804 
-1.95448 0.992291 0.0201456 -1.41804 -0.0288085 2.3369 -0.134102 
-1.95473 0.992292 0.0201351 -1.41802 -0.0273841 2.3369 -0.121556 
-1.95495 0.992288 0.0201387 -1.41805 -0.0261366 2.33689 -0.107875 
-1.95511 0.992292 0.0201396 -1.41805 -0.0251028 2.3369 -0.0943593 
-1.95522 0.992289 0.0201334 -1.41806 -0.0245969 2.33689 -0.081203 
-1.95527 0.992286 0.0201641 -1.41808 -0.0243419 2.33689 -0.0686522 
-1.95516 0.99228 0.0201917 -1.4181 -0.0238804 2.33689 -0.056333 
-1.95498 0.992278 0.0202437 -1.4181 -0.0232226 2.33689 -0.0436297 
-1.9547 0.99228 0.020297 -1.4181 -0.0224393 2.33689 -0.0320032 
-1.95428 0.992273 0.0202882 -1.4181 -0.0211494 2.3369 -0.0181023 
-1.95395 0.992282 0.0202899 -1.4181 -0.0198637 2.3369 -0.00699839 
-1.95359 0.992278 0.0202848 -1.41809 -0.0182775 2.3369 0.00403148 
-1.95328 0.992285 0.020274 -1.4181 -0.0167702 2.3369 0.0136973 
-1.95312 0.992268 0.0202835 -1.41812 -0.0151487 2.33689 0.0229375 
-1.953 0.992262 0.0202737 -1.41817 -0.0132173 2.33689 0.0323741 
-1.95303 0.992174 0.0202676 -1.41831 -0.0110464 2.33689 0.0420084 
-1.95314 0.99211 0.0202582 -1.41847 -0.00875912 2.3369 0.050355 
-1.95324 0.992058 0.0202571 -1.41853 -0.00616918 2.3369 0.0590944 
-1.95335 0.992054 0.0202412 -1.41856 -0.0038499 2.3369 0.0672823 
-1.95349 0.99203 0.0202443 -1.4186 -0.00200318 2.3369 0.0754729 
-1.95365 0.992031 0.0202474 -1.4186 -0.000204643 2.33691 0.0838731 
-1.95374 0.992036 0.0202433 -1.4186 0.00151588 2.33692 0.0913878 
-1.9538 0.992032 0.0202516 -1.4186 0.0028101 2.33692 0.0989891 
-1.9538 0.992031 0.0202416 -1.41862 0.0034314 2.33691 0.106 
-1.9538 0.99201 0.0202469 -1.41866 0.00353982 2.3369 0.113778 
-1.9538 0.991977 0.0202544 -1.41872 0.00354503 2.3369 0.121263 
-1.9538 0.99188 0.0202501 -1.41888 0.00357612 2.3369 0.127171 
-1.9538 0.991702 0.0202611 -1.41919 0.00363435 2.3369 0.133249 
-1.95374 0.991454 0.0202722 -1.41963 0.00370605 2.3369 0.139188 
-1.95367 0.991127 0.0202723 -1.42021 0.00383155 2.3369 0.145035 
-1.95364 0.99078 0.0202807 -1.42079 0.00393426 2.3369 0.151756 
-1.95358 0.990469 0.0202897 -1.42133 0.00403086 2.3369 0.158702 
-1.95351 0.990196 0.0202818 -1.42183 0.00419684 2.3369 0.165023 
-1.95347 0.989926 0.0202903 -1.42224 0.00442263 2.3369 0.171123 
-1.95343 0.989771 0.0202952 -1.42253 0.00470373 2.3369 0.177816 
-1.95338 0.989712 0.0203036 -1.42262 0.00504581 2.33691 0.184485 
-1.95328 0.989704 0.0203125 -1.4226 0.00536249 2.33691 0.192125 
-1.95316 0.989684 0.0203197 -1.4226 0.00558176 2.33692 0.199604 
-1.95304 0.989692 0.0203388 -1.42256 0.00590193 2.33694 0.205719 
-1.95284 0.989707 0.0203371 -1.42252 0.00641479 2.33695 0.212176 
-1.95267 0.989721 0.0203352 -1.42251 0.00696485 2.33695 0.218634 
-1.9526 0.989714 0.0203388 -1.42251 0.00747123 2.33694 0.224711 
-1.95255 0.989717 0.0203521 -1.42249 0.00784322 2.33695 0.231256 
-1.95248 0.989718 0.0203399 -1.42248 0.00812549 2.33695 0.237346 
-1.95248 0.989722 0.0203459 -1.42249 0.00846658 2.33695 0.242733 
-1.95247 0.989722 0.0203435 -1.42248 0.00888466 2.33695 0.247914 
-1.95246 0.989722 0.0203416 -1.42248 0.00915906 2.33695 0.252908 
-1.95248 0.989722 0.0203367 -1.42248 0.00949497 2.33695 0.257812 
-1.95249 0.989726 0.020342 -1.42247 0.00995795 2.33696 0.262704 
-1.95246 0.989742 0.0203413 -1.42244 0.0105199 2.33696 0.267761 
-1.95246 0.989754 0.020342 -1.42244 0.0109491 2.33697 0.273385 
-1.95246 0.989761 0.0203404 -1.42243 0.0113057 2.33697 0.279094 
-1.95245 0.98976 0.0203407 -1.42243 0.0116556 2.33697 0.283603 
-1.95244 0.98976 0.0203452 -1.42243 0.0119485 2.33696 0.2882 
-1.95243 0.989752 0.0203435 -1.42243 0.0121681 2.33697 0.292468 
-1.95243 0.989752 0.0203456 -1.42242 0.0124006 2.33697 0.296532 
-1.95243 0.98975 0.0203469 -1.42242 0.0126459 2.33697 0.301374 
-1.95244 0.989743 0.0203452 -1.42242 0.0128605 2.33697 0.306274 
-1.95244 0.989741 0.0203488 -1.4224 0.0130147 2.33697 0.311745 
-1.95242 0.98974 0.0203474 -1.4224 0.0130551 2.33697 0.316624 
-1.9524 0.989736 0.0203484 -1.4224 0.0131036 2.33696 0.320069 
-1.9524 0.989728 0.0203457 -1.4224 0.0131716 2.33696 0.322573 
-1.95241 0.989724 0.0203416 -1.4224 0.0132425 2.33696 0.325273 
-1.95241 0.98973 0.0203399 -1.4224 0.0132729 2.33696 0.328186 
-1.95242 0.989722 0.0203372 -1.42241 0.0133396 2.33696 0.331449 
-1.95243 0.989723 0.0203388 -1.42241 0.0134447 2.33696 0.335436 
-1.95242 0.989716 0.0203452 -1.42241 0.0135436 2.33695 0.340128 
-1.9524 0.989711 0.0203476 -1.42242 0.0135767 2.33695 0.345516 
-1.95237 0.989701 0.02035 -1.42242 0.0135784 2.33695 0.3516 
-1.95235 0.98969 0.02035 -1.42243 0.0136092 2.33695 0.357331 
-1.95232 0.989691 0.0203627 -1.42242 0.0136801 2.33696 0.362358 
-1.95229 0.989692 0.0203564 -1.42242 0.0137971 2.33696 0.36812 
-1.95228 0.989683 0.0203572 -1.42242 0.0138577 2.33696 0.374025 
-1.95228 0.989683 0.0203668 -1.42242 0.0139575 2.33696 0.379679 
-1.95226 0.989685 0.020371 -1.4224 0.0141114 2.33699 0.386159 
-1.95218 0.989836 0.0204689 -1.42215 0.0141329 2.3373 0.391904 
-1.95197 0.990112 0.0204731 -1.42193 0.0142334 2.33801 0.396252 
-1.95181 0.990324 0.0204625 -1.4217 0.0143773 2.33861 0.40064 
-1.95174 0.990533 0.0204837 -1.42144 0.0145796 2.33908 0.404732 
-1.95164 0.990784 0.0204901 -1.42114 0.01483 2.33971 0.409368 
-1.9515 0.991041 0.0204904 -1.4209 0.0152236 2.34051 0.41422 
-1.95136 0.991345 0.0204916 -1.42074 0.0160843 2.34194 0.420213 
-1.95124 0.991732 0.0204993 -1.42073 0.0175984 2.34482 0.427712 
-1.95112 0.992047 0.0204365 -1.42088 0.0192871 2.34765 0.434845 
-1.9512 0.991791 0.0204472 -1.4214 0.0197306 2.34839 0.43824 
-1.95121 0.991735 0.0204471 -1.42148 0.0199508 2.3484 0.43878 
-1.95122 0.991736 0.0204382 -1.42148 0.0202894 2.34841 0.438814 
-1.95127 0.991731 0.0204391 -1.42148 0.0207299 2.34842 0.438892 
-1.95133 0.991735 0.0204391 -1.42147 0.0215312 2.34845 0.439262 
-1.95138 0.991735 0.0204371 -1.42148 0.0224204 2.34846 0.439866 
-1.9514 0.991735 0.0204361 -1.42149 0.0230314 2.34847 0.440337 
-1.95142 0.991737 0.0204339 -1.42149 0.0233838 2.34847 0.44091 
-1.95144 0.991733 0.0204359 -1.42149 0.0235876 2.34848 0.44175 
-1.95143 0.991735 0.0204339 -1.42149 0.0235893 2.34849 0.442292 
-1.95144 0.991733 0.0204231 -1.42149 0.0235924 2.34849 0.442483 
-1.95146 0.991733 0.0204298 -1.4215 0.023595 2.3485 0.442536 
-1.95145 0.991732 0.0204223 -1.42151 0.0235936 2.3485 0.442542 
-1.95147 0.991735 0.0204184 -1.42151 0.023589 2.34851 0.442541 
-1.95147 0.991737 0.020421 -1.42151 0.0235941 2.34852 0.442545 
-1.95146 0.991738 0.0204234 -1.42151 0.0235929 2.34851 0.442548 
-1.95145 0.99173 0.0204285 -1.42151 0.0235876 2.34852 0.442549 
-1.95146 0.991733 0.0204255 -1.42151 0.0235925 2.34853 0.44255 
-1.95145 0.991735 0.020423 -1.42151 0.0235873 2.34852 0.44255 
-1.95145 0.991731 0.0204266 -1.42151 0.0235856 2.34853 0.442549 
-1.95144 0.991735 0.020422 -1.42151 0.0235856 2.34853 0.442545 
-1.95144 0.991735 0.0204234 -1.42151 0.023583 2.34853 0.442544 
-1.95144 0.991733 0.0204212 -1.42151 0.0235824 2.34853 0.442547 
-1.95144 0.991729 0.020421 -1.42151 0.0235779 2.34853 0.442548 
-1.95143 0.991733 0.020421 -1.42151 0.0235744 2.34853 0.442541 
-1.95143 0.991729 0.0204227 -1.42151 0.023567 2.34853 0.442546 
-1.95143 0.991727 0.0204191 -1.42151 0.0235591 2.34853 0.442545 
-1.95142 0.991727 0.020422 -1.42151 0.0235476 2.34852 0.442538 
-1.9514 0.991725 0.0204203 -1.42151 0.0235347 2.34852 0.442528 
-1.95141 0.991728 0.0204142 -1.42151 0.0235236 2.34852 0.442518 
-1.95142 0.99173 0.0204211 -1.4215 0.0235152 2.34853 0.442513 
-1.95141 0.991732 0.0204281 -1.42149 0.0235082 2.34852 0.44251 
-1.95142 0.99173 0.0204323 -1.42149 0.0235081 2.34852 0.442504 
-1.95142 0.991729 0.0204331 -1.42149 0.023506 2.34851 0.442498 
-1.95142 0.991728 0.0204339 -1.42149 0.0235009 2.34851 0.442497 
-1.95142 0.991732 0.0204356 -1.42149 0.0234965 2.34851 0.442492 
-1.95142 0.991734 0.0204356 -1.42148 0.0234941 2.34851 0.442489 
-1.95142 0.991732 0.0204319 -1.42148 0.0234884 2.34851 0.442483 
-1.95142 0.99173 0.0204339 -1.42147 0.0234832 2.34851 0.442476 
-1.95142 0.991729 0.0204286 -1.42146 0.0234774 2.34851 0.442472 
-1.95141 0.991729 0.0204288 -1.42146 0.0234594 2.34851 0.442465 
-1.95141 0.991719 0.0204271 -1.42146 0.0234353 2.34851 0.442441 
-1.95141 0.991715 0.0204254 -1.42145 0.0234136 2.34851 0.442428 
-1.95142 0.991709 0.0204197 -1.42143 0.0233975 2.34851 0.442421 
-1.95142 0.991699 0.020417 -1.42141 0.0233777 2.34851 0.442412 
-1.95142 0.991694 0.0204119 -1.4214 0.0233674 2.34852 0.442407 
-1.95143 0.991658 0.0204222 -1.42138 0.0233731 2.34852 0.442405 
-1.9514 0.991659 0.0204256 -1.42134 0.0233702 2.34852 0.442408 
-1.95141 0.99165 0.0204294 -1.42129 0.0233688 2.34851 0.442403 
-1.95139 0.99164 0.0204266 -1.42129 0.0233659 2.34851 0.442402 
-1.95141 0.991622 0.0204226 -1.42127 0.0233625 2.34851 0.442387 
-1.95142 0.991614 0.020426 -1.42124 0.023354 2.34851 0.442365 
-1.95137 0.9916 0.0204377 -1.42121 0.023341 2.34851 0.442358 
-1.95137 0.991593 0.0204466 -1.42121 0.0233296 2.34851 0.442361 
-1.95133 0.991583 0.0204485 -1.42121 0.0233134 2.34851 0.442355 
-1.95135 0.991561 0.0204493 -1.42121 0.0233172 2.34851 0.442356 
-1.95134 0.99156 0.0204434 -1.4212 0.0233086 2.34851 0.44235 
-1.95134 0.991551 0.020443 -1.42119 0.0233072 2.34851 0.442353 
-1.95136 0.991544 0.0204379 -1.42118 0.0233057 2.34851 0.442353 
-1.95134 0.991512 0.0204377 -1.42115 0.0232955 2.34853 0.442353 
-1.95137 0.99141 0.020434 -1.42111 0.0232985 2.34849 0.442351 
-1.95136 0.991409 0.0204271 -1.42111 0.0232939 2.34849 0.442347 
-1.95135 0.991365 0.0204271 -1.42107 0.0232913 2.34851 0.44235 
-1.9514 0.991262 0.0204251 -1.42109 0.0232945 2.34849 0.442345 
-1.95137 0.9913 0.0204285 -1.42107 0.023293 2.3485 0.44235 
-1.95136 0.991263 0.0204254 -1.42107 0.0232941 2.3485 0.442353 
-1.95138 0.991278 0.0204271 -1.42106 0.0232953 2.3485 0.442351 
-1.95136 0.991271 0.0204249 -1.42107 0.0232915 2.3485 0.442352 
-1.95138 0.991269 0.0204252 -1.42106 0.0232926 2.3485 0.442349 
-1.95138 0.99128 0.0204253 -1.42106 0.0232902 2.3485 0.442351 
-1.95138 0.991271 0.0204271 -1.42104 0.0232917 2.3485 0.442351 
-1.95138 0.991226 0.0204555 -1.42106 0.0232853 2.34849 0.442349 
-1.9514 0.991157 0.0204415 -1.42104 0.0232911 2.34849 0.442348 
-1.95137 0.991196 0.0204061 -1.42104 0.0232904 2.34852 0.442349 
-1.95138 0.99114 0.0204169 -1.42102 0.0232936 2.34849 0.442351 
-1.95138 0.991154 0.0204256 -1.42101 0.0232923 2.3485 0.442351 
-1.95138 0.991152 0.0204222 -1.42104 0.0232916 2.3485 0.442351 
-1.95138 0.991166 0.0204186 -1.42103 0.023291 2.34851 0.442353 
-1.95138 0.991159 0.0204224 -1.42103 0.023291 2.34851 0.44235 
-1.95138 0.991152 0.0204239 -1.42102 0.0232914 2.3485 0.442352 
-1.95138 0.991159 0.0204246 -1.42102 0.0232929 2.34851 0.44235 
-1.95138 0.991152 0.0204229 -1.42102 0.0232916 2.34851 0.442353 
-1.95139 0.991152 0.0204239 -1.42102 0.0232923 2.34851 0.442349 
-1.95138 0.991155 0.020426 -1.42101 0.0232923 2.34851 0.442355 
-1.95137 0.991152 0.0204224 -1.42102 0.0232916 2.34851 0.442353 
-1.95138 0.991154 0.0204222 -1.42102 0.023291 2.34851 0.442349 
-1.95138 0.991152 0.0204222 -1.42102 0.0232916 2.34851 0.44235 
-1.95138 0.991155 0.0204232 -1.42102 0.0232916 2.34851 0.442352 
-1.95138 0.991152 0.0204188 -1.42102 0.0232916 2.34851 0.442356 
-1.95138 0.991154 0.0204222 -1.42102 0.0232916 2.34851 0.442354 
-1.95138 0.991154 0.0204203 -1.42101 0.0232916 2.34851 0.442352 
-1.95138 0.991154 0.0204239 -1.42102 0.0232916 2.34851 0.442354 
-1.95138 0.991154 0.0204203 -1.42102 0.0232916 2.34851 0.442351 
-1.95138 0.991154 0.0204243 -1.42102 0.0232923 2.34851 0.442354 
-1.95138 0.991154 0.0204256 -1.42102 0.0232929 2.34851 0.442349 
-1.95138 0.991154 0.0204251 -1.42101 0.0232923 2.34851 0.442352 
-1.95138 0.991152 0.0204239 -1.42101 0.0232916 2.34851 0.442352 
-1.95138 0.99115 0.020421 -1.42101 0.0232916 2.34851 0.442354 
-1.95138 0.991152 0.0204205 -1.42101 0.0232923 2.34851 0.44235 
-1.95138 0.991155 0.0204223 -1.42101 0.0232929 2.34851 0.442354 
-1.95138 0.991154 0.0204203 -1.42101 0.0232923 2.34851 0.442354 
-1.95138 0.991155 0.0204246 -1.42101 0.0232923 2.34851 0.442356 
-1.95138 0.991155 0.0204229 -1.42101 0.0232916 2.34851 0.442351 
-1.95138 0.991152 0.0204239 -1.42101 0.0232943 2.34851 0.442354 
-1.95138 0.991155 0.0204239 -1.42101 0.023291 2.34852 0.442353 
-1.95138 0.991154 0.020426 -1.42102 0.0232923 2.34852 0.442353 
-1.95138 0.991154 0.0204222 -1.42101 0.0232916 2.34852 0.442356 
-1.95138 0.991155 0.0204203 -1.42101 0.0232923 2.34851 0.442356 
-1.95138 0.991154 0.0204203 -1.42101 0.0232929 2.34852 0.442351 
-1.95138 0.991154 0.0204225 -1.42101 0.0232943 2.34852 0.44235 
