-0.2511 0.1385 0.5673 0.3670 -0.9292 -0.0116 0.0426 
-0.2537 0.1388 0.5620 0.3671 -0.9295 -0.0079 0.0358 
-0.2575 0.1392 0.5551 0.3671 -0.9298 -0.0034 0.0275 
-0.2628 0.1398 0.5466 0.3671 -0.9300 0.0016 0.0184 
-0.2703 0.1407 0.5369 0.3670 -0.9301 0.0064 0.0096 
-0.2804 0.1419 0.5257 0.3669 -0.9302 0.0106 0.0019 
-0.2935 0.1435 0.5126 -0.3668 0.9302 -0.0140 0.0044 
-0.3091 0.1454 0.4975 -0.3668 0.9301 -0.0167 0.0094 
-0.3256 0.1473 0.4810 -0.3667 0.9300 -0.0188 0.0133 
-0.3410 0.1492 0.4643 -0.3667 0.9300 -0.0205 0.0164 
-0.3542 0.1508 0.4487 -0.3666 0.9299 -0.0218 0.0189 
-0.3649 0.1520 0.4347 -0.3666 0.9299 -0.0228 0.0207 
-0.3736 0.1531 0.4220 -0.3665 0.9298 -0.0235 0.0222 
-0.3806 0.1539 0.4106 -0.3665 0.9298 -0.0241 0.0233 
-0.3864 0.1546 0.4005 -0.3665 0.9298 -0.0245 0.0241 
-0.3911 0.1552 0.3919 -0.3665 0.9298 -0.0248 0.0246 
-0.3949 0.1557 0.3847 -0.3665 0.9298 -0.0248 0.0248 
-0.3984 0.1560 0.3787 -0.3665 0.9297 -0.0248 0.0247 
-0.4016 0.1564 0.3733 -0.3666 0.9297 -0.0246 0.0246 
-0.4047 0.1567 0.3686 -0.3666 0.9297 -0.0245 0.0244 
-0.4079 0.1571 0.3644 -0.3667 0.9297 -0.0245 0.0244 
-0.4112 0.1575 0.3606 -0.3667 0.9297 -0.0246 0.0247 
-0.4147 0.1579 0.3571 -0.3667 0.9297 -0.0250 0.0254 
-0.4183 0.1583 0.3539 -0.3666 0.9296 -0.0255 0.0263 
-0.4215 0.1587 0.3515 -0.3666 0.9296 -0.0261 0.0274 
-0.4238 0.1590 0.3504 -0.3666 0.9296 -0.0267 0.0285 
-0.4248 0.1591 0.3508 -0.3666 0.9295 -0.0271 0.0294 
-0.4244 0.1590 0.3528 -0.3666 0.9295 -0.0274 0.0302 
-0.4231 0.1589 0.3555 -0.3666 0.9295 -0.0277 0.0309 
-0.4219 0.1588 0.3574 -0.3666 0.9294 -0.0279 0.0316 
-0.4222 0.1588 0.3563 -0.3666 0.9294 -0.0283 0.0323 
-0.4250 0.1591 0.3504 -0.3665 0.9294 -0.0288 0.0332 
-0.4309 0.1598 0.3382 -0.3665 0.9293 -0.0296 0.0342 
-0.4392 0.1608 0.3196 -0.3664 0.9293 -0.0305 0.0353 
-0.4487 0.1620 0.2960 -0.3663 0.9293 -0.0314 0.0364 
-0.4578 0.1631 0.2697 -0.3662 0.9292 -0.0318 0.0373 
-0.4658 0.1642 0.2425 -0.3662 0.9292 -0.0316 0.0378 
-0.4723 0.1652 0.2151 -0.3662 0.9293 -0.0305 0.0377 
-0.4774 0.1660 0.1874 -0.3663 0.9293 -0.0286 0.0371 
-0.4808 0.1667 0.1602 -0.3664 0.9294 -0.0263 0.0361 
-0.4821 0.1671 0.1350 -0.3665 0.9295 -0.0240 0.0347 
-0.4816 0.1672 0.1138 -0.3665 0.9296 -0.0224 0.0332 
-0.4798 0.1670 0.0973 -0.3664 0.9297 -0.0219 0.0316 
-0.4770 0.1666 0.0851 -0.3663 0.9298 -0.0225 0.0300 
-0.4738 0.1661 0.0762 -0.3661 0.9298 -0.0239 0.0285 
-0.4707 0.1655 0.0697 -0.3659 0.9299 -0.0258 0.0273 
-0.4682 0.1649 0.0649 -0.3657 0.9299 -0.0274 0.0267 
-0.4665 0.1646 0.0613 -0.3657 0.9299 -0.0286 0.0269 
-0.4656 0.1644 0.0584 -0.3657 0.9298 -0.0291 0.0279 
-0.4655 0.1644 0.0560 -0.3659 0.9297 -0.0290 0.0297 
-0.4659 0.1644 0.0540 -0.3661 0.9296 -0.0285 0.0317 
-0.4664 0.1645 0.0524 -0.3663 0.9295 -0.0279 0.0334 
-0.4667 0.1645 0.0513 -0.3665 0.9294 -0.0274 0.0345 
-0.4669 0.1645 0.0505 -0.3667 0.9293 -0.0270 0.0347 
-0.4667 0.1644 0.0501 -0.3667 0.9293 -0.0268 0.0342 
-0.4665 0.1643 0.0500 -0.3667 0.9293 -0.0267 0.0332 
-0.4661 0.1642 0.0499 -0.3667 0.9294 -0.0267 0.0321 
-0.4659 0.1641 0.0498 -0.3667 0.9294 -0.0268 0.0313 
-0.4657 0.1640 0.0497 -0.3667 0.9294 -0.0270 0.0308 
-0.4657 0.1640 0.0495 -0.3666 0.9295 -0.0272 0.0308 
-0.4658 0.1640 0.0492 -0.3666 0.9294 -0.0274 0.0310 
-0.4659 0.1641 0.0489 -0.3666 0.9294 -0.0276 0.0314 
-0.4661 0.1641 0.0486 -0.3666 0.9294 -0.0276 0.0316 
-0.4661 0.1641 0.0485 -0.3666 0.9294 -0.0275 0.0315 
-0.4661 0.1641 0.0485 -0.3666 0.9294 -0.0272 0.0313 
-0.4661 0.1641 0.0485 -0.3667 0.9295 -0.0268 0.0310 
-0.4660 0.1641 0.0486 -0.3667 0.9295 -0.0265 0.0307 
-0.4659 0.1641 0.0487 -0.3667 0.9294 -0.0264 0.0308 
-0.4659 0.1641 0.0488 -0.3667 0.9294 -0.0266 0.0314 
-0.4658 0.1641 0.0490 -0.3667 0.9294 -0.0272 0.0325 
-0.4658 0.1641 0.0492 -0.3667 0.9293 -0.0282 0.0341 
-0.4657 0.1640 0.0493 -0.3666 0.9292 -0.0292 0.0358 
-0.4657 0.1640 0.0495 -0.3666 0.9292 -0.0301 0.0373 
-0.4657 0.1640 0.0497 -0.3666 0.9291 -0.0306 0.0383 
-0.4656 0.1640 0.0498 -0.3665 0.9291 -0.0309 0.0386 
-0.4656 0.1640 0.0499 -0.3665 0.9291 -0.0308 0.0384 
-0.4656 0.1640 0.0498 -0.3666 0.9291 -0.0305 0.0380 
-0.4656 0.1640 0.0496 -0.3666 0.9291 -0.0302 0.0376 
-0.4656 0.1640 0.0490 -0.3666 0.9291 -0.0301 0.0374 
-0.4656 0.1640 0.0481 -0.3666 0.9291 -0.0302 0.0377 
-0.4655 0.1640 0.0469 -0.3666 0.9291 -0.0305 0.0383 
-0.4655 0.1640 0.0453 -0.3665 0.9291 -0.0308 0.0390 
-0.4654 0.1640 0.0435 -0.3665 0.9291 -0.0310 0.0392 
-0.4653 0.1640 0.0416 -0.3666 0.9291 -0.0306 0.0386 
-0.4652 0.1639 0.0396 -0.3667 0.9292 -0.0297 0.0368 
-0.4650 0.1639 0.0375 -0.3668 0.9293 -0.0281 0.0338 
-0.4647 0.1639 0.0354 -0.3669 0.9294 -0.0260 0.0300 
-0.4645 0.1638 0.0335 -0.3670 0.9295 -0.0239 0.0260 
-0.4642 0.1638 0.0319 -0.3671 0.9296 -0.0220 0.0224 
-0.4640 0.1637 0.0309 -0.3672 0.9297 -0.0205 0.0197 
-0.4639 0.1637 0.0304 -0.3672 0.9297 -0.0196 0.0179 
-0.4638 0.1637 0.0303 -0.3673 0.9298 -0.0191 0.0169 
-0.4638 0.1637 0.0305 -0.3673 0.9298 -0.0188 0.0164 
-0.4638 0.1637 0.0306 -0.3673 0.9298 -0.0187 0.0162 
-0.4638 0.1637 0.0307 -0.3673 0.9298 -0.0187 0.0161 
-0.4638 0.1637 0.0308 -0.3673 0.9298 -0.0186 0.0161 
-0.4638 0.1637 0.0306 -0.3673 0.9298 -0.0186 0.0160 
-0.4638 0.1637 0.0305 -0.3673 0.9298 -0.0185 0.0159 
-0.4637 0.1637 0.0303 -0.3673 0.9298 -0.0184 0.0158 
-0.4637 0.1637 0.0301 -0.3673 0.9298 -0.0184 0.0158 
