-3.2609 -1.0924 -1.5772 -2.0048 1.5907 -2.4417 
-3.2608 -1.0963 -1.5893 -1.9908 1.5906 -2.4417 
-3.2608 -1.1010 -1.6019 -1.9763 1.5906 -2.4417 
-3.2607 -1.1067 -1.6149 -1.9614 1.5905 -2.4417 
-3.2607 -1.1135 -1.6281 -1.9462 1.5905 -2.4417 
-3.2607 -1.1216 -1.6413 -1.9307 1.5906 -2.4417 
-3.2607 -1.1312 -1.6543 -1.9149 1.5906 -2.4417 
-3.2607 -1.1423 -1.6670 -1.8989 1.5907 -2.4417 
-3.2607 -1.1550 -1.6790 -1.8829 1.5908 -2.4417 
-3.2607 -1.1691 -1.6902 -1.8668 1.5910 -2.4418 
-3.2607 -1.1846 -1.7004 -1.8508 1.5911 -2.4418 
-3.2608 -1.2010 -1.7096 -1.8349 1.5913 -2.4418 
-3.2608 -1.2181 -1.7176 -1.8191 1.5914 -2.4418 
-3.2609 -1.2355 -1.7246 -1.8033 1.5916 -2.4419 
-3.2609 -1.2529 -1.7308 -1.7875 1.5917 -2.4419 
-3.2610 -1.2699 -1.7364 -1.7715 1.5918 -2.4419 
-3.2610 -1.2866 -1.7416 -1.7552 1.5919 -2.4419 
-3.2610 -1.3027 -1.7468 -1.7383 1.5919 -2.4420 
-3.2611 -1.3185 -1.7521 -1.7206 1.5919 -2.4420 
-3.2611 -1.3340 -1.7577 -1.7019 1.5919 -2.4420 
-3.2611 -1.3493 -1.7638 -1.6822 1.5918 -2.4420 
-3.2611 -1.3648 -1.7705 -1.6611 1.5916 -2.4420 
-3.2611 -1.3807 -1.7778 -1.6385 1.5915 -2.4420 
-3.2611 -1.3970 -1.7859 -1.6144 1.5913 -2.4419 
-3.2611 -1.4141 -1.7948 -1.5886 1.5910 -2.4419 
-3.2611 -1.4319 -1.8044 -1.5610 1.5908 -2.4419 
-3.2611 -1.4508 -1.8147 -1.5316 1.5904 -2.4419 
-3.2611 -1.4707 -1.8257 -1.5004 1.5901 -2.4419 
-3.2611 -1.4918 -1.8375 -1.4673 1.5897 -2.4419 
-3.2611 -1.5140 -1.8499 -1.4325 1.5893 -2.4418 
-3.2611 -1.5373 -1.8629 -1.3959 1.5888 -2.4418 
-3.2611 -1.5618 -1.8764 -1.3578 1.5884 -2.4418 
-3.2611 -1.5873 -1.8903 -1.3182 1.5879 -2.4418 
-3.2611 -1.6137 -1.9046 -1.2775 1.5874 -2.4418 
-3.2611 -1.6408 -1.9192 -1.2358 1.5870 -2.4418 
-3.2611 -1.6685 -1.9339 -1.1935 1.5865 -2.4417 
-3.2611 -1.6965 -1.9487 -1.1510 1.5861 -2.4417 
-3.2611 -1.7245 -1.9633 -1.1086 1.5858 -2.4417 
-3.2611 -1.7523 -1.9778 -1.0667 1.5855 -2.4417 
-3.2611 -1.7795 -1.9919 -1.0258 1.5853 -2.4417 
-3.2611 -1.8058 -2.0055 -0.9863 1.5851 -2.4416 
-3.2611 -1.8309 -2.0185 -0.9486 1.5850 -2.4416 
-3.2610 -1.8545 -2.0308 -0.9132 1.5850 -2.4416 
-3.2610 -1.8765 -2.0423 -0.8802 1.5851 -2.4416 
-3.2610 -1.8965 -2.0530 -0.8501 1.5853 -2.4416 
-3.2609 -1.9146 -2.0627 -0.8229 1.5855 -2.4416 
-3.2609 -1.9307 -2.0714 -0.7987 1.5857 -2.4416 
-3.2608 -1.9448 -2.0791 -0.7774 1.5859 -2.4416 
-3.2608 -1.9569 -2.0860 -0.7589 1.5862 -2.4416 
-3.2608 -1.9674 -2.0919 -0.7431 1.5864 -2.4416 
-3.2607 -1.9762 -2.0970 -0.7297 1.5867 -2.4416 
-3.2607 -1.9836 -2.1014 -0.7184 1.5869 -2.4416 
-3.2606 -1.9897 -2.1051 -0.7091 1.5871 -2.4416 
-3.2606 -1.9948 -2.1082 -0.7013 1.5873 -2.4416 
-3.2606 -1.9991 -2.1108 -0.6949 1.5875 -2.4416 
-3.2605 -2.0026 -2.1129 -0.6896 1.5876 -2.4416 
-3.2605 -2.0055 -2.1147 -0.6853 1.5877 -2.4416 
-3.2605 -2.0079 -2.1162 -0.6817 1.5878 -2.4417 
-3.2605 -2.0099 -2.1174 -0.6787 1.5879 -2.4417 
-3.2605 -2.0116 -2.1185 -0.6762 1.5880 -2.4417 
-3.2605 -2.0130 -2.1194 -0.6741 1.5880 -2.4417 
-3.2605 -2.0143 -2.1201 -0.6723 1.5881 -2.4417 
-3.2605 -2.0154 -2.1207 -0.6707 1.5881 -2.4417 
-3.2605 -2.0164 -2.1213 -0.6693 1.5882 -2.4417 
-3.2604 -2.0172 -2.1218 -0.6680 1.5882 -2.4417 
-3.2604 -2.0180 -2.1222 -0.6667 1.5883 -2.4418 
-3.2604 -2.0188 -2.1226 -0.6656 1.5883 -2.4418 
-3.2604 -2.0195 -2.1229 -0.6645 1.5883 -2.4418 
-3.2604 -2.0202 -2.1233 -0.6633 1.5883 -2.4418 
-3.2604 -2.0209 -2.1236 -0.6622 1.5883 -2.4418 
-3.2604 -2.0217 -2.1240 -0.6610 1.5883 -2.4418 
-3.2604 -2.0225 -2.1243 -0.6596 1.5883 -2.4418 
-3.2604 -2.0233 -2.1247 -0.6581 1.5883 -2.4419 
-3.2604 -2.0243 -2.1251 -0.6564 1.5883 -2.4419 
-3.2604 -2.0254 -2.1255 -0.6544 1.5883 -2.4419 
-3.2604 -2.0268 -2.1261 -0.6520 1.5883 -2.4419 
-3.2603 -2.0283 -2.1267 -0.6490 1.5882 -2.4419 
-3.2603 -2.0302 -2.1274 -0.6455 1.5882 -2.4419 
-3.2603 -2.0323 -2.1283 -0.6413 1.5881 -2.4419 
-3.2602 -2.0348 -2.1293 -0.6364 1.5880 -2.4419 
-3.2602 -2.0374 -2.1304 -0.6309 1.5879 -2.4419 
-3.2602 -2.0402 -2.1316 -0.6250 1.5878 -2.4419 
-3.2601 -2.0430 -2.1328 -0.6187 1.5877 -2.4419 
-3.2601 -2.0458 -2.1341 -0.6123 1.5876 -2.4419 
-3.2601 -2.0485 -2.1354 -0.6060 1.5875 -2.4419 
-3.2600 -2.0509 -2.1366 -0.5998 1.5874 -2.4419 
-3.2600 -2.0532 -2.1378 -0.5940 1.5874 -2.4419 
-3.2600 -2.0552 -2.1389 -0.5885 1.5873 -2.4419 
-3.2600 -2.0570 -2.1400 -0.5833 1.5873 -2.4419 
-3.2599 -2.0586 -2.1410 -0.5786 1.5873 -2.4419 
-3.2599 -2.0600 -2.1419 -0.5741 1.5873 -2.4419 
-3.2599 -2.0612 -2.1428 -0.5699 1.5873 -2.4419 
-3.2599 -2.0624 -2.1437 -0.5660 1.5873 -2.4419 
-3.2599 -2.0634 -2.1445 -0.5623 1.5873 -2.4420 
-3.2599 -2.0643 -2.1452 -0.5588 1.5873 -2.4420 
-3.2599 -2.0651 -2.1459 -0.5555 1.5874 -2.4420 
-3.2599 -2.0659 -2.1466 -0.5523 1.5874 -2.4420 
-3.2599 -2.0666 -2.1473 -0.5492 1.5874 -2.4420 
-3.2599 -2.0673 -2.1480 -0.5462 1.5875 -2.4420 
-3.2599 -2.0679 -2.1486 -0.5433 1.5875 -2.4420 
