-0.2368 0.1367 0.5665 0.3671 -0.9299 -0.0003 0.0214 
-0.2409 0.1372 0.5614 0.3671 -0.9299 0.0001 0.0206 
-0.2454 0.1377 0.5559 0.3671 -0.9300 0.0008 0.0193 
-0.2503 0.1383 0.5500 0.3671 -0.9300 0.0017 0.0176 
-0.2556 0.1389 0.5436 0.3672 -0.9300 0.0028 0.0155 
-0.2614 0.1396 0.5368 0.3672 -0.9301 0.0042 0.0130 
-0.2676 0.1403 0.5296 0.3671 -0.9301 0.0059 0.0100 
-0.2744 0.1411 0.5221 0.3671 -0.9301 0.0078 0.0066 
-0.2816 0.1420 0.5143 0.3671 -0.9301 0.0099 0.0028 
-0.2892 0.1429 0.5063 -0.3670 0.9301 -0.0121 0.0013 
-0.2970 0.1438 0.4982 -0.3670 0.9301 -0.0145 0.0055 
-0.3051 0.1448 0.4902 -0.3669 0.9301 -0.0169 0.0097 
-0.3131 0.1457 0.4823 -0.3668 0.9300 -0.0191 0.0138 
-0.3211 0.1467 0.4746 -0.3667 0.9299 -0.0213 0.0175 
-0.3289 0.1476 0.4671 -0.3666 0.9298 -0.0232 0.0209 
-0.3365 0.1485 0.4600 -0.3666 0.9298 -0.0248 0.0238 
-0.3438 0.1494 0.4530 -0.3665 0.9297 -0.0261 0.0262 
-0.3508 0.1503 0.4462 -0.3664 0.9296 -0.0272 0.0281 
-0.3576 0.1511 0.4394 -0.3664 0.9296 -0.0280 0.0296 
-0.3642 0.1519 0.4325 -0.3663 0.9295 -0.0285 0.0307 
-0.3707 0.1527 0.4254 -0.3663 0.9295 -0.0289 0.0315 
-0.3771 0.1535 0.4180 -0.3663 0.9295 -0.0291 0.0320 
-0.3836 0.1543 0.4102 -0.3663 0.9295 -0.0292 0.0323 
-0.3901 0.1551 0.4018 -0.3663 0.9295 -0.0292 0.0325 
-0.3966 0.1559 0.3929 -0.3663 0.9295 -0.0291 0.0326 
-0.4032 0.1567 0.3833 -0.3663 0.9295 -0.0290 0.0326 
-0.4099 0.1575 0.3729 -0.3663 0.9295 -0.0288 0.0326 
-0.4166 0.1584 0.3618 -0.3663 0.9295 -0.0286 0.0326 
-0.4233 0.1592 0.3500 -0.3663 0.9295 -0.0283 0.0325 
-0.4299 0.1600 0.3374 -0.3663 0.9295 -0.0281 0.0325 
-0.4364 0.1608 0.3240 -0.3663 0.9295 -0.0278 0.0325 
-0.4426 0.1616 0.3099 -0.3663 0.9295 -0.0276 0.0326 
-0.4486 0.1624 0.2952 -0.3663 0.9295 -0.0273 0.0326 
-0.4542 0.1631 0.2799 -0.3663 0.9295 -0.0271 0.0327 
-0.4594 0.1638 0.2642 -0.3663 0.9295 -0.0269 0.0328 
-0.4640 0.1643 0.2481 -0.3663 0.9295 -0.0268 0.0330 
-0.4680 0.1649 0.2319 -0.3663 0.9295 -0.0266 0.0332 
-0.4713 0.1653 0.2157 -0.3663 0.9295 -0.0265 0.0334 
-0.4740 0.1656 0.1998 -0.3663 0.9295 -0.0265 0.0336 
-0.4760 0.1659 0.1842 -0.3663 0.9295 -0.0265 0.0338 
-0.4774 0.1661 0.1693 -0.3663 0.9295 -0.0265 0.0340 
-0.4782 0.1662 0.1551 -0.3663 0.9295 -0.0266 0.0343 
-0.4785 0.1662 0.1418 -0.3663 0.9295 -0.0267 0.0345 
-0.4783 0.1661 0.1295 -0.3663 0.9295 -0.0269 0.0347 
-0.4778 0.1660 0.1183 -0.3663 0.9295 -0.0271 0.0349 
-0.4770 0.1659 0.1084 -0.3663 0.9294 -0.0273 0.0351 
-0.4761 0.1658 0.0995 -0.3663 0.9294 -0.0275 0.0353 
-0.4751 0.1656 0.0918 -0.3663 0.9294 -0.0278 0.0355 
-0.4741 0.1654 0.0852 -0.3663 0.9294 -0.0280 0.0357 
-0.4731 0.1653 0.0795 -0.3663 0.9294 -0.0282 0.0359 
-0.4722 0.1651 0.0747 -0.3663 0.9294 -0.0285 0.0360 
-0.4713 0.1650 0.0707 -0.3663 0.9293 -0.0287 0.0362 
-0.4705 0.1649 0.0673 -0.3664 0.9293 -0.0289 0.0364 
-0.4698 0.1647 0.0645 -0.3664 0.9293 -0.0291 0.0365 
-0.4692 0.1646 0.0622 -0.3664 0.9293 -0.0292 0.0367 
-0.4687 0.1646 0.0603 -0.3664 0.9293 -0.0294 0.0368 
-0.4683 0.1645 0.0588 -0.3664 0.9293 -0.0295 0.0369 
-0.4679 0.1644 0.0574 -0.3664 0.9292 -0.0296 0.0370 
-0.4676 0.1644 0.0564 -0.3664 0.9292 -0.0298 0.0371 
-0.4674 0.1643 0.0554 -0.3664 0.9292 -0.0298 0.0372 
-0.4672 0.1643 0.0547 -0.3664 0.9292 -0.0299 0.0373 
-0.4670 0.1643 0.0540 -0.3664 0.9292 -0.0300 0.0374 
-0.4668 0.1642 0.0534 -0.3664 0.9292 -0.0300 0.0374 
-0.4667 0.1642 0.0529 -0.3664 0.9292 -0.0301 0.0374 
-0.4666 0.1642 0.0524 -0.3664 0.9292 -0.0301 0.0375 
-0.4665 0.1642 0.0520 -0.3664 0.9292 -0.0301 0.0375 
-0.4664 0.1642 0.0516 -0.3665 0.9292 -0.0301 0.0375 
-0.4663 0.1642 0.0513 -0.3665 0.9292 -0.0301 0.0374 
-0.4662 0.1641 0.0509 -0.3665 0.9292 -0.0301 0.0374 
-0.4662 0.1641 0.0506 -0.3665 0.9292 -0.0301 0.0373 
-0.4661 0.1641 0.0502 -0.3665 0.9292 -0.0301 0.0373 
-0.4661 0.1641 0.0499 -0.3665 0.9292 -0.0300 0.0372 
-0.4660 0.1641 0.0495 -0.3665 0.9292 -0.0300 0.0371 
-0.4660 0.1641 0.0490 -0.3665 0.9292 -0.0299 0.0369 
-0.4659 0.1641 0.0485 -0.3666 0.9292 -0.0298 0.0367 
-0.4658 0.1641 0.0479 -0.3666 0.9292 -0.0296 0.0365 
-0.4658 0.1641 0.0472 -0.3666 0.9292 -0.0294 0.0362 
-0.4657 0.1640 0.0464 -0.3666 0.9292 -0.0292 0.0358 
-0.4656 0.1640 0.0455 -0.3667 0.9292 -0.0288 0.0353 
-0.4656 0.1640 0.0445 -0.3667 0.9293 -0.0285 0.0347 
-0.4655 0.1640 0.0434 -0.3667 0.9293 -0.0280 0.0339 
-0.4654 0.1640 0.0422 -0.3668 0.9293 -0.0275 0.0331 
-0.4653 0.1639 0.0410 -0.3668 0.9293 -0.0269 0.0321 
-0.4652 0.1639 0.0399 -0.3669 0.9294 -0.0263 0.0311 
-0.4651 0.1639 0.0388 -0.3669 0.9294 -0.0257 0.0301 
-0.4650 0.1639 0.0378 -0.3670 0.9294 -0.0251 0.0290 
-0.4649 0.1638 0.0369 -0.3670 0.9295 -0.0245 0.0280 
-0.4648 0.1638 0.0361 -0.3670 0.9295 -0.0239 0.0270 
-0.4647 0.1638 0.0354 -0.3671 0.9295 -0.0234 0.0260 
-0.4646 0.1638 0.0348 -0.3671 0.9296 -0.0229 0.0250 
-0.4645 0.1638 0.0342 -0.3671 0.9296 -0.0223 0.0241 
-0.4644 0.1638 0.0338 -0.3672 0.9296 -0.0219 0.0232 
-0.4643 0.1638 0.0333 -0.3672 0.9296 -0.0214 0.0223 
-0.4643 0.1637 0.0330 -0.3672 0.9297 -0.0210 0.0215 
-0.4642 0.1637 0.0326 -0.3672 0.9297 -0.0205 0.0207 
-0.4641 0.1637 0.0323 -0.3673 0.9297 -0.0201 0.0199 
-0.4641 0.1637 0.0320 -0.3673 0.9297 -0.0197 0.0191 
-0.4640 0.1637 0.0318 -0.3673 0.9297 -0.0194 0.0184 
-0.4639 0.1637 0.0315 -0.3673 0.9297 -0.0190 0.0176 
-0.4639 0.1637 0.0313 -0.3673 0.9298 -0.0186 0.0169 
