-1.96922 -0.364546 0.0202503 -1.91758 0.00197076 1.51568 -1.12405 
-1.96922 -0.364544 0.0202537 -1.91758 0.00197076 1.51568 -1.12405 
-1.96921 -0.364546 0.0202537 -1.91759 0.00197076 1.51568 -1.12405 
-1.96922 -0.364548 0.0202491 -1.91758 0.00197159 1.51568 -1.12405 
-1.96922 -0.364544 0.0202467 -1.91758 0.00197208 1.51568 -1.12405 
-1.96922 -0.364548 0.020252 -1.91758 0.00197208 1.51568 -1.12405 
-1.96922 -0.364546 0.020252 -1.91758 0.00197281 1.51568 -1.12405 
-1.96921 -0.364545 0.0202484 -1.91758 0.00197147 1.51568 -1.12405 
-1.96922 -0.364548 0.0202484 -1.91758 0.00197076 1.51568 -1.12405 
-1.96922 -0.364547 0.0202503 -1.91758 0.00197208 1.51568 -1.12405 
-1.96922 -0.364546 0.0202484 -1.91758 0.00197076 1.51568 -1.12405 
-1.96922 -0.364544 0.020252 -1.91758 0.00197208 1.51568 -1.12405 
-1.96922 -0.364548 0.020252 -1.91758 0.00197147 1.51567 -1.12405 
-1.96922 -0.364548 0.0202503 -1.91758 0.00197147 1.51568 -1.12405 
-1.96922 -0.364546 0.0202503 -1.91758 0.00197208 1.51568 -1.12405 
-1.96922 -0.364544 0.0202484 -1.91758 0.00197076 1.51568 -1.12405 
-1.96922 -0.36455 0.0202485 -1.91758 0.00197076 1.51568 -1.12405 
-1.96922 -0.364546 0.0202503 -1.91758 0.00197208 1.51568 -1.12405 
-1.96922 -0.364548 0.0202503 -1.91758 0.0019722 1.51568 -1.12405 
-1.96922 -0.364544 0.0202503 -1.91758 0.00197208 1.51568 -1.12405 
-1.96922 -0.364544 0.020252 -1.91758 0.00197159 1.51568 -1.12405 
-1.96922 -0.364548 0.0202503 -1.91758 0.00197076 1.51568 -1.12404 
-1.96922 -0.364546 0.0202503 -1.91758 0.00197076 1.51568 -1.12404 
-1.96922 -0.364546 0.0202503 -1.91758 0.00197147 1.51568 -1.12405 
-1.96922 -0.364546 0.020252 -1.91758 0.00197147 1.51568 -1.12405 
-1.96921 -0.364545 0.020259 -1.91759 0.00197147 1.51567 -1.12405 
-1.96921 -0.364543 0.0202597 -1.91758 0.00197269 1.51567 -1.12405 
-1.96921 -0.364545 0.0202619 -1.91759 0.00197269 1.51568 -1.12405 
-1.96921 -0.364544 0.020261 -1.91759 0.00197341 1.51568 -1.12405 
-1.96921 -0.364548 0.0202633 -1.91758 0.00197341 1.51568 -1.12406 
-1.9692 -0.364546 0.020271 -1.91759 0.00197463 1.51568 -1.12405 
-1.9692 -0.364543 0.0202694 -1.91758 0.00197402 1.51568 -1.12405 
-1.96921 -0.364544 0.0202588 -1.91759 0.00197402 1.51568 -1.12406 
-1.96922 -0.364544 0.0202526 -1.91759 0.00197402 1.51568 -1.12405 
-1.96921 -0.364543 0.0202538 -1.91759 0.00197341 1.51568 -1.12405 
-1.96922 -0.364548 0.020253 -1.91758 0.00197402 1.51567 -1.12405 
-1.96923 -0.364545 0.0202431 -1.91758 0.00197269 1.51568 -1.12405 
-1.96924 -0.364545 0.0202309 -1.91759 0.00197402 1.51568 -1.12405 
-1.96924 -0.364547 0.0202354 -1.91758 0.00197341 1.51568 -1.12405 
-1.96923 -0.364546 0.0202467 -1.91758 0.00197402 1.51568 -1.12405 
-1.96923 -0.364548 0.0202431 -1.91758 0.00197341 1.51568 -1.12405 
-1.96924 -0.364544 0.020234 -1.91758 0.00197341 1.51567 -1.12405 
-1.96923 -0.364547 0.0202431 -1.91758 0.00197208 1.51568 -1.12405 
-1.96923 -0.364546 0.020252 -1.91758 0.00197345 1.51568 -1.12405 
-1.96923 -0.364547 0.020252 -1.91758 0.00197534 1.51568 -1.12405 
-1.96923 -0.364546 0.0202451 -1.91758 0.00197447 1.51568 -1.12405 
-1.96923 -0.364547 0.0202482 -1.91758 0.00197341 1.51568 -1.12405 
-1.96922 -0.364549 0.020252 -1.91758 0.00197269 1.51568 -1.12405 
-1.96922 -0.364543 0.0202503 -1.91758 0.00197402 1.51568 -1.12405 
-1.96922 -0.364537 0.0202484 -1.91759 0.00197589 1.51568 -1.12405 
-1.96924 -0.364539 0.0202414 -1.91759 0.00197341 1.51568 -1.12405 
-1.96927 -0.364532 0.0202102 -1.91759 0.00197269 1.51568 -1.12405 
-1.96933 -0.364523 0.0201823 -1.91759 0.00197147 1.51568 -1.12405 
-1.96941 -0.364527 0.0201918 -1.91759 0.00197015 1.51568 -1.12406 
-1.9694 -0.364532 0.020188 -1.91759 0.00197147 1.51568 -1.12405 
-1.96943 -0.364527 0.0201596 -1.91758 0.00196765 1.51568 -1.12405 
-1.96945 -0.364525 0.0201453 -1.91758 0.001967 1.51569 -1.12405 
-1.96945 -0.364525 0.0201542 -1.91758 0.00196822 1.51569 -1.12405 
-1.96944 -0.364527 0.0201648 -1.91756 0.001967 1.51569 -1.12405 
-1.96946 -0.364528 0.0201492 -1.91756 0.00196506 1.51569 -1.12405 
-1.96948 -0.36453 0.0201166 -1.91756 0.00196374 1.51569 -1.12405 
-1.96947 -0.364529 0.0200718 -1.91756 0.00196629 1.51569 -1.12405 
-1.96946 -0.36453 0.0200644 -1.91757 0.00196445 1.51569 -1.12405 
-1.96946 -0.364525 0.0200642 -1.91757 0.00196567 1.51569 -1.12405 
-1.96946 -0.364497 0.0200623 -1.91759 0.00196567 1.51569 -1.12405 
-1.96947 -0.364498 0.0200551 -1.9176 0.00196374 1.51569 -1.12405 
-1.96947 -0.3645 0.0200517 -1.91758 0.00196374 1.5157 -1.12405 
-1.96949 -0.364507 0.0200375 -1.91756 0.00196313 1.5157 -1.12405 
-1.96949 -0.364503 0.0200343 -1.91756 0.00196313 1.5157 -1.12405 
-1.96948 -0.364505 0.0200465 -1.91755 0.00196252 1.5157 -1.12405 
-1.96946 -0.364519 0.0200639 -1.91752 0.00196181 1.51571 -1.12405 
-1.96949 -0.364515 0.0200351 -1.91753 0.00196181 1.51571 -1.12405 
-1.96951 -0.364505 0.0200152 -1.91754 0.00196252 1.51571 -1.12405 
-1.96947 -0.364505 0.0200498 -1.91754 0.00196252 1.51571 -1.12405 
-1.96945 -0.364512 0.0200834 -1.91755 0.00196252 1.51571 -1.12405 
-1.96947 -0.364503 0.0200558 -1.91755 0.00196181 1.51571 -1.12406 
-1.96947 -0.364469 0.0200464 -1.91758 0.00196313 1.51571 -1.12406 
-1.96944 -0.364464 0.0200765 -1.91757 0.00196313 1.51571 -1.12405 
-1.96939 -0.364473 0.0201214 -1.91756 0.00196506 1.51571 -1.12406 
-1.96936 -0.364461 0.0201403 -1.91758 0.00196506 1.51571 -1.12406 
-1.96936 -0.364422 0.0201289 -1.91763 0.00196445 1.51571 -1.12406 
-1.9694 -0.364398 0.0201009 -1.91764 0.00195988 1.51571 -1.12407 
-1.96942 -0.364401 0.0200872 -1.91767 0.00195611 1.5157 -1.12406 
-1.96941 -0.364373 0.0200973 -1.91772 0.00195347 1.51568 -1.12407 
-1.9695 -0.36419 0.0201194 -1.91776 0.00195179 1.51647 -1.12406 
-1.96975 -0.36385 0.0201167 -1.91777 0.00194588 1.51896 -1.12406 
-1.97012 -0.363372 0.0200907 -1.91785 0.00194363 1.52156 -1.12405 
-1.97065 -0.362546 0.0200946 -1.91805 0.00194039 1.52367 -1.12405 
-1.97104 -0.361278 0.020089 -1.91844 0.00194487 1.52614 -1.12403 
-1.97126 -0.359551 0.0201086 -1.91907 0.00192619 1.52799 -1.12401 
-1.97135 -0.357031 0.0201209 -1.92008 0.00192158 1.52877 -1.12394 
-1.97133 -0.353758 0.0201332 -1.92151 0.00192221 1.52925 -1.12332 
-1.97122 -0.349752 0.0202032 -1.9232 0.00192227 1.52976 -1.12146 
-1.97089 -0.345332 0.020326 -1.92489 0.00191739 1.53068 -1.11839 
-1.97015 -0.34014 0.0203931 -1.92665 0.00191607 1.5327 -1.11365 
-1.96908 -0.334176 0.0204565 -1.9285 0.00190301 1.53618 -1.10799 
-1.96769 -0.3269 0.0204795 -1.93054 0.00184591 1.54191 -1.10121 
-1.96608 -0.319272 0.0204752 -1.93276 0.00163879 1.55073 -1.09502 
-1.96426 -0.311541 0.0205468 -1.93467 0.0014026 1.56121 -1.08982 
-1.96221 -0.303116 0.0205717 -1.93635 0.00107135 1.57335 -1.08538 
-1.95988 -0.293464 0.0205741 -1.93795 0.000610842 1.58792 -1.0811 
-1.95738 -0.284168 0.0205887 -1.93931 -5.75992e-05 1.6037 -1.07744 
-1.95478 -0.274053 0.0205666 -1.94028 -0.000935767 1.62029 -1.07412 
-1.95208 -0.263284 0.0205782 -1.94123 -0.00218713 1.6393 -1.07069 
-1.94924 -0.252402 0.0205962 -1.94161 -0.00421555 1.65857 -1.06617 
-1.94628 -0.24017 0.0205561 -1.94173 -0.00696776 1.67816 -1.06088 
-1.9435 -0.228644 0.0205835 -1.94155 -0.0101493 1.69701 -1.056 
-1.94075 -0.215804 0.0205257 -1.94162 -0.01338 1.7155 -1.05115 
-1.93835 -0.203871 0.0205825 -1.94132 -0.0165932 1.73271 -1.04552 
-1.93592 -0.190774 0.0205496 -1.94123 -0.0198139 1.74929 -1.03961 
-1.93395 -0.178569 0.0205787 -1.94106 -0.0227039 1.76491 -1.03372 
-1.93193 -0.16546 0.0205511 -1.94088 -0.0253271 1.77971 -1.02781 
-1.93021 -0.153821 0.020547 -1.94085 -0.0274532 1.79306 -1.02298 
-1.92847 -0.140931 0.0205498 -1.94075 -0.0296657 1.80616 -1.01978 
-1.92691 -0.128574 0.0204974 -1.94052 -0.031556 1.81855 -1.01751 
-1.92559 -0.115981 0.0205537 -1.94045 -0.0329043 1.83059 -1.01568 
-1.9244 -0.103669 0.0205075 -1.94029 -0.0336111 1.84192 -1.01469 
-1.92339 -0.0914543 0.020516 -1.94001 -0.0338001 1.85272 -1.01441 
-1.9225 -0.0796731 0.0204743 -1.93995 -0.0338148 1.86371 -1.0144 
-1.92162 -0.0680292 0.0205128 -1.93995 -0.033878 1.87462 -1.01439 
-1.92086 -0.0556573 0.0204515 -1.93988 -0.0340006 1.88574 -1.01437 
-1.92037 -0.0448261 0.020464 -1.93968 -0.0341033 1.89671 -1.01437 
-1.91989 -0.0324459 0.020422 -1.93967 -0.0342244 1.90883 -1.01437 
-1.91968 -0.0210959 0.0204278 -1.93948 -0.0345079 1.92047 -1.01437 
-1.91958 -0.00961381 0.0203846 -1.93924 -0.0349877 1.93129 -1.01437 
-1.91961 0.00170111 0.0203226 -1.93909 -0.0355505 1.94336 -1.01437 
-1.91963 0.0130016 0.0203062 -1.93904 -0.0362468 1.95477 -1.01437 
-1.91979 0.0240506 0.0202619 -1.93891 -0.0368739 1.96518 -1.01437 
-1.9199 0.0347088 0.0202445 -1.93853 -0.0375329 1.97537 -1.01437 
-1.92009 0.0461861 0.0202291 -1.93839 -0.0379481 1.98582 -1.01437 
-1.92023 0.0565036 0.0202169 -1.9381 -0.0383564 1.99518 -1.01437 
-1.9205 0.0667786 0.020188 -1.93771 -0.0387013 2.00324 -1.01437 
-1.92087 0.0773133 0.0201834 -1.93716 -0.0389639 2.01039 -1.01438 
-1.92121 0.0866936 0.0201616 -1.93661 -0.0391651 2.01766 -1.01438 
-1.92174 0.097274 0.0200842 -1.93622 -0.0394158 2.02523 -1.01438 
-1.92236 0.107182 0.0200559 -1.93569 -0.0398682 2.03221 -1.01439 
-1.92293 0.116715 0.0200324 -1.93513 -0.0404907 2.03872 -1.01438 
-1.92348 0.126061 0.020017 -1.93456 -0.0414132 2.04444 -1.01438 
-1.92399 0.134925 0.0200064 -1.93367 -0.0426517 2.05042 -1.01439 
-1.9245 0.144238 0.0199871 -1.93285 -0.0439398 2.05809 -1.01438 
-1.92502 0.154286 0.0199846 -1.93203 -0.04551 2.0679 -1.01438 
-1.92542 0.16273 0.0199766 -1.93098 -0.0471242 2.07836 -1.01438 
-1.92585 0.171834 0.0199709 -1.92992 -0.0490677 2.08935 -1.01438 
-1.92624 0.18032 0.0199629 -1.92926 -0.0512175 2.10103 -1.01438 
-1.92659 0.188479 0.0199437 -1.92858 -0.0537483 2.11313 -1.01439 
-1.927 0.197211 0.0199129 -1.92805 -0.056404 2.12509 -1.01438 
-1.92739 0.205357 0.0198802 -1.92785 -0.0586771 2.13618 -1.01439 
-1.92777 0.213159 0.0198721 -1.92782 -0.0602111 2.14718 -1.01439 
-1.92815 0.221345 0.0198653 -1.92786 -0.0613258 2.15739 -1.01439 
-1.92854 0.229459 0.0198522 -1.92784 -0.0623107 2.16536 -1.01439 
-1.92903 0.237215 0.0198398 -1.92784 -0.0632523 2.17314 -1.01439 
-1.92964 0.244881 0.0198398 -1.92785 -0.0640532 2.18039 -1.01439 
-1.93016 0.252842 0.0198414 -1.92782 -0.0646886 2.18573 -1.0144 
-1.93061 0.260584 0.0198333 -1.92775 -0.0652097 2.19066 -1.01439 
-1.93109 0.267807 0.0198272 -1.92756 -0.0655686 2.19531 -1.0144 
-1.93158 0.275513 0.0198052 -1.92743 -0.0658414 2.19892 -1.0144 
-1.9321 0.283042 0.0197768 -1.92737 -0.0660975 2.20173 -1.01441 
-1.93263 0.289934 0.01978 -1.92714 -0.0662853 2.20409 -1.0144 
-1.93316 0.296398 0.0197759 -1.92692 -0.0664189 2.20686 -1.01441 
-1.93378 0.30333 0.0197843 -1.92689 -0.0665021 2.21071 -1.0144 
-1.93438 0.310249 0.0197856 -1.92689 -0.0666193 2.21579 -1.01442 
-1.93495 0.316655 0.019784 -1.92676 -0.0669423 2.22129 -1.01446 
-1.93552 0.323045 0.0197786 -1.92661 -0.0676161 2.22694 -1.01455 
-1.93611 0.329932 0.0197718 -1.92661 -0.0685237 2.23327 -1.01472 
-1.93658 0.336255 0.0197596 -1.92662 -0.0693095 2.23837 -1.01484 
-1.9368 0.339366 0.0197189 -1.92822 -0.0693118 2.23817 -1.01484 
-1.93676 0.339386 0.0197622 -1.92986 -0.0693118 2.23813 -1.01484 
-1.93641 0.338965 0.0199446 -1.92954 -0.0693067 2.23822 -1.01484 
-1.93625 0.338778 0.0200007 -1.92908 -0.0693078 2.23827 -1.01484 
-1.93638 0.338754 0.0199182 -1.92913 -0.0693112 2.23827 -1.01484 
-1.93666 0.339127 0.0198187 -1.9292 -0.0693132 2.23825 -1.01485 
-1.93684 0.339663 0.0198135 -1.92932 -0.0693131 2.23822 -1.01484 
-1.93674 0.340361 0.0198881 -1.92939 -0.0693144 2.23822 -1.01485 
-1.93655 0.341076 0.0199554 -1.92937 -0.0693277 2.23822 -1.01485 
-1.93634 0.342088 0.0199169 -1.92928 -0.0696604 2.23828 -1.01486 
-1.93636 0.34361 0.019901 -1.92906 -0.0700615 2.23843 -1.01487 
-1.93654 0.345514 0.0198453 -1.92866 -0.0701406 2.23861 -1.01486 
-1.93686 0.347552 0.0197958 -1.92825 -0.0701324 2.23861 -1.01486 
-1.93736 0.349912 0.019801 -1.92775 -0.0701308 2.23861 -1.01486 
-1.93796 0.352317 0.0197904 -1.92722 -0.0701301 2.23862 -1.01486 
-1.93879 0.354517 0.019791 -1.92676 -0.0701308 2.23862 -1.01486 
-1.93972 0.356336 0.0197929 -1.92636 -0.0701261 2.23862 -1.01487 
-1.94077 0.358035 0.0197769 -1.92567 -0.0701122 2.23863 -1.01487 
-1.94177 0.359368 0.0197924 -1.92481 -0.0701103 2.23863 -1.01487 
-1.94267 0.360542 0.0197865 -1.92378 -0.0700991 2.23868 -1.01486 
-1.94352 0.361629 0.0197899 -1.9225 -0.0701009 2.23924 -1.01486 
-1.94425 0.362791 0.0197935 -1.921 -0.0701042 2.2403 -1.01487 
-1.94476 0.364246 0.0197781 -1.91918 -0.0701039 2.24112 -1.01487 
-1.94515 0.366031 0.0197775 -1.91697 -0.070102 2.2423 -1.01487 
-1.94545 0.368062 0.0197776 -1.91461 -0.0701039 2.24417 -1.01487 
-1.9457 0.370456 0.0197833 -1.91235 -0.0701039 2.24733 -1.01487 
-1.94579 0.373376 0.0197899 -1.91019 -0.0701051 2.25203 -1.01487 
-1.94579 0.376905 0.0197882 -1.90811 -0.0701064 2.25777 -1.01487 
-1.94579 0.380795 0.0197878 -1.90609 -0.0701065 2.26322 -1.01487 
-1.94579 0.385185 0.0197983 -1.9041 -0.0701109 2.26883 -1.0149 
-1.94568 0.39012 0.0198376 -1.90215 -0.0701135 2.27455 -1.01517 
-1.94552 0.395233 0.0198336 -1.89993 -0.0701084 2.27958 -1.01533 
-1.94548 0.400357 0.0198387 -1.8976 -0.0701078 2.28385 -1.01533 
-1.94546 0.406627 0.0198557 -1.89514 -0.0701065 2.28861 -1.01533 
-1.94538 0.413376 0.0198589 -1.89264 -0.0701063 2.2939 -1.01533 
-1.9453 0.419973 0.0198657 -1.88997 -0.0701078 2.29961 -1.01533 
-1.94527 0.426661 0.0198602 -1.88708 -0.0701075 2.30542 -1.01533 
-1.94528 0.434284 0.0198485 -1.88406 -0.0701065 2.31205 -1.01533 
-1.94525 0.441657 0.0198627 -1.88092 -0.070106 2.31861 -1.01533 
-1.94519 0.449045 0.0198698 -1.87711 -0.0701045 2.32596 -1.01533 
-1.94518 0.457074 0.0198539 -1.87327 -0.0701068 2.33514 -1.01533 
-1.9452 0.465627 0.0198468 -1.86945 -0.0701073 2.34411 -1.01534 
-1.94519 0.473672 0.0198497 -1.86537 -0.0701078 2.35277 -1.01537 
-1.94517 0.481935 0.0198638 -1.86112 -0.0701072 2.36055 -1.01541 
-1.94517 0.490468 0.0198548 -1.85723 -0.0701065 2.36775 -1.01545 
-1.94514 0.499129 0.0198762 -1.85283 -0.0701105 2.37542 -1.01553 
-1.94506 0.50745 0.0198975 -1.84832 -0.0701075 2.38144 -1.01567 
-1.94495 0.516109 0.0198977 -1.84384 -0.0701107 2.38635 -1.01568 
-1.94476 0.524842 0.0199071 -1.83857 -0.0701065 2.39073 -1.01568 
-1.94459 0.532993 0.0199087 -1.83323 -0.0701104 2.39336 -1.01568 
-1.94441 0.54185 0.0199167 -1.82754 -0.0701065 2.394 -1.01568 
-1.94416 0.549704 0.0199398 -1.82176 -0.0701098 2.39402 -1.01568 
-1.9439 0.557203 0.0199346 -1.81562 -0.0701073 2.39402 -1.01568 
-1.94368 0.565716 0.0199471 -1.80931 -0.0701088 2.39402 -1.0157 
-1.9434 0.573485 0.019959 -1.80332 -0.0701147 2.39403 -1.01578 
-1.94307 0.581374 0.0199569 -1.79628 -0.070117 2.39405 -1.0162 
-1.94285 0.589447 0.0199556 -1.78932 -0.0701242 2.39408 -1.0169 
-1.94267 0.597201 0.0199621 -1.78284 -0.0701282 2.39409 -1.01773 
-1.94249 0.604567 0.0199566 -1.77586 -0.070133 2.39411 -1.01894 
-1.9424 0.61191 0.0199585 -1.76865 -0.0701292 2.39413 -1.02032 
-1.94236 0.619708 0.0199605 -1.76164 -0.0701317 2.39414 -1.02153 
-1.94228 0.626907 0.0199636 -1.75492 -0.0701324 2.39418 -1.02238 
-1.94223 0.63355 0.0199552 -1.74797 -0.070133 2.39423 -1.0229 
-1.94224 0.640154 0.0199422 -1.74141 -0.0701389 2.39425 -1.02329 
-1.94225 0.647218 0.0199322 -1.73484 -0.0701398 2.39425 -1.02364 
-1.94224 0.653585 0.0199423 -1.72857 -0.0701449 2.39427 -1.02377 
-1.94223 0.659201 0.0199357 -1.72251 -0.0701532 2.39428 -1.02399 
-1.94225 0.665198 0.0199212 -1.7163 -0.0701688 2.39429 -1.02448 
-1.94228 0.671277 0.0199154 -1.71049 -0.0701897 2.3943 -1.0253 
-1.94228 0.676606 0.019912 -1.70536 -0.0702214 2.39432 -1.02649 
-1.94229 0.681682 0.0198937 -1.70014 -0.070261 2.3944 -1.02796 
-1.94237 0.686584 0.0198946 -1.6949 -0.0702923 2.39455 -1.0292 
-1.94244 0.691299 0.0198877 -1.69018 -0.070341 2.39462 -1.03018 
-1.94251 0.69638 0.0198682 -1.68555 -0.0704268 2.39464 -1.0312 
-1.94261 0.701174 0.0198573 -1.68123 -0.0705654 2.39466 -1.03231 
-1.94277 0.705514 0.0198481 -1.67728 -0.0706522 2.39468 -1.03382 
-1.94294 0.709612 0.019831 -1.67347 -0.0706753 2.39471 -1.03519 
-1.94312 0.713788 0.0197856 -1.66964 -0.070709 2.39474 -1.03619 
-1.94334 0.717848 0.0197783 -1.66628 -0.0707959 2.39482 -1.03715 
-1.94356 0.72207 0.0197704 -1.6632 -0.0709819 2.39504 -1.03861 
-1.94375 0.726055 0.0197684 -1.66036 -0.0710688 2.39529 -1.04017 
-1.94392 0.729819 0.0197618 -1.65766 -0.0711042 2.39561 -1.04133 
-1.94405 0.733355 0.0197443 -1.65511 -0.0711843 2.39633 -1.04226 
-1.9442 0.736775 0.0197326 -1.65278 -0.0712831 2.39787 -1.04311 
-1.94433 0.740269 0.0197278 -1.65065 -0.071355 2.4001 -1.04397 
-1.94446 0.743922 0.0197107 -1.64874 -0.0714588 2.40358 -1.04503 
-1.94458 0.747614 0.0197103 -1.64733 -0.0714906 2.40924 -1.04626 
-1.94465 0.751132 0.0197087 -1.64634 -0.0715039 2.4163 -1.0473 
-1.94472 0.754503 0.0196939 -1.64553 -0.0715434 2.42346 -1.04811 
-1.94484 0.757728 0.0196788 -1.64472 -0.071581 2.43113 -1.04874 
-1.945 0.760874 0.0196848 -1.64389 -0.0715833 2.43838 -1.04886 
-1.94516 0.763836 0.01968 -1.6432 -0.0715833 2.44512 -1.04886 
-1.94536 0.766967 0.0196583 -1.64273 -0.0715839 2.45217 -1.04887 
-1.94562 0.770099 0.0196554 -1.64236 -0.0715865 2.4578 -1.04887 
-1.94588 0.773161 0.019666 -1.64203 -0.0715883 2.46169 -1.04887 
-1.94607 0.775947 0.0196585 -1.64167 -0.0715887 2.46391 -1.04887 
-1.94627 0.778538 0.0196563 -1.64105 -0.0715881 2.46437 -1.04887 
-1.94645 0.780672 0.0196624 -1.64037 -0.0715881 2.46437 -1.04887 
-1.9466 0.782716 0.0196623 -1.63949 -0.0715881 2.46437 -1.04887 
-1.94674 0.784603 0.0196623 -1.63847 -0.0715945 2.46436 -1.04888 
-1.94682 0.78648 0.0196607 -1.63721 -0.0716041 2.46436 -1.0489 
-1.94684 0.788145 0.0196621 -1.63585 -0.0716298 2.46437 -1.04896 
-1.94683 0.789918 0.0196708 -1.63412 -0.0716614 2.46436 -1.04914 
-1.94679 0.791807 0.0196752 -1.63212 -0.0718011 2.46437 -1.04955 
-1.94676 0.793715 0.0196735 -1.63002 -0.0721868 2.46437 -1.05084 
-1.94676 0.795665 0.0196696 -1.62795 -0.0727553 2.46437 -1.05371 
-1.94681 0.797618 0.0196503 -1.62593 -0.0731912 2.46437 -1.05777 
-1.94689 0.799483 0.0196378 -1.62399 -0.0733503 2.46437 -1.06143 
-1.94696 0.801463 0.0196326 -1.62185 -0.0734629 2.46437 -1.06419 
-1.94701 0.803538 0.0196215 -1.61956 -0.0736735 2.46437 -1.0664 
-1.94709 0.805629 0.0196187 -1.61709 -0.0738143 2.46437 -1.06776 
-1.94717 0.807853 0.019619 -1.61442 -0.0739623 2.46437 -1.06846 
-1.94722 0.810161 0.0196152 -1.61158 -0.0741773 2.46436 -1.06883 
-1.94724 0.812516 0.019619 -1.6086 -0.0743947 2.46436 -1.06906 
-1.94724 0.815161 0.0196253 -1.60531 -0.0746004 2.46436 -1.06927 
-1.94724 0.818027 0.0196289 -1.60195 -0.0748834 2.46436 -1.06956 
-1.94723 0.820953 0.0196372 -1.59877 -0.0753556 2.46436 -1.07025 
-1.9472 0.824198 0.0196396 -1.59555 -0.076039 2.46436 -1.07149 
-1.94718 0.827538 0.0196468 -1.59235 -0.0767528 2.46436 -1.07319 
-1.94717 0.830795 0.019657 -1.58911 -0.0772257 2.46436 -1.07508 
-1.94715 0.83389 0.0196601 -1.58594 -0.0774469 2.46436 -1.07689 
-1.94714 0.836926 0.0196496 -1.58258 -0.0775129 2.46436 -1.07864 
-1.94717 0.839886 0.0196375 -1.57909 -0.077526 2.46435 -1.08004 
-1.94723 0.843 0.0196415 -1.57548 -0.0775566 2.46436 -1.08112 
-1.94725 0.846115 0.0196228 -1.57202 -0.0776474 2.46435 -1.08237 
-1.94731 0.849291 0.0196237 -1.5687 -0.0777177 2.46434 -1.08403 
-1.94734 0.85232 0.01963 -1.56574 -0.0777275 2.46434 -1.08585 
-1.94734 0.855222 0.0196403 -1.56293 -0.0777334 2.46434 -1.08763 
-1.94732 0.857849 0.0196379 -1.56038 -0.0777444 2.46434 -1.08904 
-1.94731 0.860234 0.0196565 -1.55814 -0.0777555 2.46433 -1.09054 
-1.9473 0.862443 0.0196581 -1.55598 -0.0777537 2.46433 -1.09236 
-1.94732 0.864525 0.0196431 -1.55381 -0.0777544 2.46433 -1.09416 
-1.94734 0.866414 0.0196465 -1.55185 -0.0777537 2.46432 -1.09557 
-1.94733 0.868256 0.0196464 -1.55 -0.0777537 2.46432 -1.09688 
-1.94733 0.869984 0.0196464 -1.54825 -0.0777541 2.46432 -1.09807 
-1.94732 0.871461 0.0196549 -1.54696 -0.0777525 2.46432 -1.09916 
-1.94732 0.8727 0.0196538 -1.54609 -0.0777548 2.46432 -1.09979 
-1.94732 0.873698 0.0196506 -1.5455 -0.0777531 2.46432 -1.10021 
-1.94734 0.874428 0.019644 -1.54526 -0.0777537 2.46432 -1.10065 
-1.94734 0.875024 0.0196428 -1.54525 -0.0777525 2.46432 -1.10109 
-1.94734 0.875471 0.0196397 -1.54525 -0.0777511 2.46432 -1.10147 
-1.94738 0.875764 0.0196279 -1.54526 -0.0777526 2.46431 -1.10169 
-1.94742 0.876036 0.0196374 -1.54526 -0.0777529 2.46431 -1.10188 
-1.94745 0.876178 0.0196283 -1.54525 -0.0777525 2.46431 -1.10209 
-1.94752 0.876198 0.0196246 -1.54525 -0.0777593 2.46431 -1.10256 
-1.94763 0.876199 0.0196259 -1.54525 -0.0777564 2.46431 -1.1031 
-1.94776 0.876197 0.0196332 -1.54523 -0.0777516 2.46431 -1.10323 
-1.94789 0.876201 0.0196299 -1.54521 -0.0777545 2.46431 -1.10325 
-1.94799 0.87623 0.0196332 -1.54521 -0.0777513 2.46431 -1.10328 
-1.94805 0.876249 0.0196383 -1.54521 -0.0777527 2.46431 -1.10329 
-1.94804 0.876319 0.0196516 -1.54521 -0.0777532 2.46431 -1.1033 
-1.94801 0.876444 0.0196598 -1.54521 -0.0777529 2.4643 -1.1033 
-1.94799 0.876627 0.0196695 -1.54521 -0.0777518 2.46431 -1.1033 
-1.94798 0.876823 0.0196709 -1.54521 -0.0777541 2.46431 -1.1033 
-1.94798 0.877051 0.0196689 -1.5452 -0.0777538 2.46431 -1.1033 
-1.94798 0.877291 0.0196713 -1.5452 -0.0777509 2.46431 -1.1033 
-1.94796 0.877533 0.0196851 -1.54521 -0.0777516 2.46431 -1.1033 
-1.94789 0.877783 0.019686 -1.54521 -0.077754 2.46431 -1.10329 
-1.94785 0.87804 0.0196906 -1.54521 -0.0777498 2.4643 -1.1033 
-1.94781 0.8783 0.0197006 -1.54522 -0.0777486 2.46429 -1.1033 
-1.94777 0.878625 0.0196843 -1.54524 -0.0777422 2.46418 -1.1033 
-1.94785 0.878964 0.0196896 -1.54524 -0.0777421 2.46405 -1.10329 
-1.94786 0.879265 0.0196921 -1.54522 -0.0777361 2.46406 -1.10329 
-1.94783 0.879392 0.019707 -1.54522 -0.0777277 2.46406 -1.10329 
-1.94781 0.879409 0.0197066 -1.54522 -0.0777281 2.46406 -1.10328 
-1.94783 0.879394 0.0197032 -1.54518 -0.0777255 2.46406 -1.10328 
-1.94784 0.879412 0.0196981 -1.54512 -0.0777286 2.46406 -1.10328 
-1.94789 0.879416 0.0196781 -1.54507 -0.0777261 2.46406 -1.10328 
-1.94801 0.879409 0.0196781 -1.54494 -0.0777221 2.46406 -1.10328 
-1.94815 0.879448 0.0196735 -1.54471 -0.0777227 2.46406 -1.10328 
-1.94825 0.879475 0.0196768 -1.54453 -0.0777246 2.46405 -1.10328 
-1.94827 0.879466 0.0196757 -1.54429 -0.0777259 2.46406 -1.10328 
-1.94827 0.879476 0.0196836 -1.544 -0.0777278 2.46406 -1.10328 
-1.94824 0.879541 0.0197021 -1.54379 -0.0777271 2.46406 -1.10328 
-1.94818 0.879561 0.0197085 -1.54372 -0.0777239 2.46406 -1.10329 
-1.94816 0.879557 0.0197134 -1.54372 -0.0777241 2.46405 -1.10329 
-1.94815 0.879631 0.0197173 -1.54372 -0.0777228 2.46405 -1.10328 
-1.94813 0.87976 0.019734 -1.54372 -0.0777246 2.46405 -1.10328 
-1.94812 0.879871 0.0197364 -1.54371 -0.0777246 2.46405 -1.10329 
-1.9481 0.880048 0.0197481 -1.54371 -0.0777233 2.46405 -1.10328 
-1.94809 0.880255 0.0197582 -1.54365 -0.0777233 2.46405 -1.10328 
-1.94806 0.880537 0.0197656 -1.54351 -0.0777281 2.46405 -1.10329 
-1.94803 0.880868 0.0197705 -1.54334 -0.0777233 2.46405 -1.10328 
-1.94798 0.881252 0.019772 -1.54312 -0.0777246 2.46405 -1.10328 
-1.94793 0.88179 0.0197834 -1.54266 -0.0777227 2.46405 -1.10328 
-1.94787 0.882458 0.0197883 -1.54204 -0.0777227 2.46405 -1.10328 
-1.9478 0.883134 0.0197912 -1.54145 -0.0777239 2.46405 -1.10328 
-1.94774 0.883865 0.0197908 -1.54073 -0.0777233 2.46405 -1.10328 
-1.9477 0.884601 0.0198012 -1.53999 -0.0777233 2.46405 -1.10328 
-1.94763 0.885364 0.0198057 -1.53925 -0.0777239 2.46405 -1.10328 
-1.94757 0.886119 0.0198055 -1.53843 -0.0777227 2.46405 -1.10328 
-1.94754 0.88685 0.019811 -1.53758 -0.0777233 2.46405 -1.10328 
-1.94752 0.8875 0.0198152 -1.53686 -0.0777227 2.46405 -1.10328 
-1.94749 0.888114 0.0198128 -1.53619 -0.0777227 2.46404 -1.10329 
-1.94751 0.888647 0.01981 -1.53561 -0.0777233 2.46404 -1.10328 
-1.94753 0.889063 0.019806 -1.53525 -0.0777239 2.46404 -1.10328 
-1.94753 0.88947 0.0198015 -1.53497 -0.0777208 2.46404 -1.10328 
-1.94756 0.889898 0.0197867 -1.53472 -0.0777199 2.46404 -1.10328 
-1.94763 0.890285 0.0197858 -1.5345 -0.0777141 2.46404 -1.10328 
-1.94769 0.890688 0.019787 -1.5343 -0.0777137 2.46404 -1.10328 
-1.94772 0.891129 0.0197884 -1.53407 -0.077708 2.46404 -1.10328 
-1.94777 0.891497 0.0197843 -1.53389 -0.0777073 2.46404 -1.10328 
-1.94779 0.891927 0.0197923 -1.53367 -0.0777006 2.46404 -1.10328 
-1.94775 0.892362 0.0198088 -1.5334 -0.077694 2.46405 -1.10328 
-1.94774 0.892743 0.0198183 -1.53313 -0.0776971 2.46404 -1.10328 
-1.94774 0.893039 0.0198172 -1.53292 -0.0776964 2.46404 -1.10328 
-1.94774 0.893307 0.0198232 -1.53269 -0.0776958 2.46405 -1.10328 
-1.94773 0.893585 0.0198279 -1.53238 -0.0776984 2.46405 -1.10328 
-1.94773 0.893858 0.0198311 -1.53201 -0.0776971 2.46404 -1.10328 
-1.94774 0.894186 0.0198222 -1.53154 -0.0776945 2.46405 -1.10328 
-1.94775 0.894602 0.0198311 -1.53089 -0.0776945 2.46405 -1.10328 
-1.94774 0.895157 0.0198311 -1.53009 -0.0776904 2.46405 -1.10328 
-1.94775 0.895784 0.0198258 -1.52924 -0.0776894 2.46404 -1.10328 
-1.94775 0.896441 0.0198275 -1.52847 -0.0776891 2.46404 -1.10328 
-1.94774 0.897085 0.0198374 -1.52779 -0.0776878 2.46404 -1.10328 
-1.94774 0.89771 0.0198402 -1.52722 -0.0776818 2.46404 -1.10328 
-1.94774 0.898305 0.0198434 -1.52682 -0.0776843 2.46403 -1.10327 
-1.94773 0.8989 0.0198498 -1.52655 -0.0776824 2.46404 -1.10327 
-1.94773 0.899397 0.0198622 -1.52637 -0.0776791 2.46404 -1.10328 
-1.94774 0.899886 0.019866 -1.5263 -0.0776736 2.46404 -1.10327 
-1.94773 0.900347 0.0198887 -1.5263 -0.0776734 2.46403 -1.10327 
-1.94771 0.900728 0.0198953 -1.5263 -0.0776719 2.46403 -1.10328 
-1.94773 0.901003 0.0198921 -1.52629 -0.0776708 2.46402 -1.10327 
-1.94777 0.901234 0.0198802 -1.5263 -0.0776676 2.46402 -1.10327 
-1.94779 0.901426 0.0198755 -1.5263 -0.0776565 2.46402 -1.10326 
-1.94784 0.901545 0.0198733 -1.5263 -0.0776527 2.46402 -1.10325 
-1.94786 0.901647 0.019878 -1.5263 -0.0776466 2.46401 -1.10325 
-1.94788 0.901785 0.0198723 -1.5263 -0.0776436 2.46401 -1.10324 
-1.94795 0.90196 0.0198643 -1.5263 -0.0776369 2.46401 -1.10324 
-1.94807 0.902151 0.0198574 -1.5263 -0.0776408 2.46401 -1.10323 
-1.9482 0.902349 0.0198511 -1.52629 -0.0776383 2.46401 -1.10322 
-1.94838 0.902462 0.0198488 -1.52628 -0.0776337 2.46402 -1.10323 
-1.94853 0.902474 0.019847 -1.52628 -0.0776328 2.46401 -1.10322 
-1.94863 0.902586 0.0198448 -1.52628 -0.0776341 2.464 -1.10322 
-1.94866 0.902887 0.019838 -1.52628 -0.0776347 2.464 -1.10323 
-1.9487 0.903402 0.0198331 -1.52628 -0.0776354 2.46398 -1.10323 
-1.94874 0.904051 0.0198266 -1.52628 -0.0776354 2.46397 -1.10322 
-1.94878 0.905076 0.0198156 -1.52628 -0.0776354 2.46394 -1.10323 
-1.94882 0.906138 0.0197361 -1.52627 -0.0776373 2.46362 -1.10323 
-1.94896 0.907293 0.0197034 -1.52627 -0.0776347 2.46328 -1.10323 
-1.94914 0.908585 0.0197531 -1.52601 -0.0776297 2.46333 -1.10322 
-1.94915 0.910182 0.0197689 -1.52507 -0.0776272 2.46336 -1.10321 
-1.94908 0.911799 0.0197752 -1.52357 -0.07763 2.46333 -1.10321 
-1.94905 0.913347 0.019769 -1.52208 -0.0776306 2.4633 -1.10321 
-1.94907 0.915005 0.0197683 -1.52064 -0.0776235 2.46329 -1.10321 
-1.94909 0.916624 0.0197643 -1.51927 -0.0776137 2.46326 -1.10319 
-1.94906 0.918291 0.0197866 -1.51778 -0.0775597 2.46315 -1.10282 
-1.949 0.919788 0.0197889 -1.51652 -0.0774775 2.46295 -1.10233 
-1.94901 0.921517 0.0197736 -1.51508 -0.0774747 2.46286 -1.10233 
-1.94905 0.923379 0.0197695 -1.51357 -0.0774705 2.46275 -1.10233 
-1.94906 0.925276 0.0197581 -1.51219 -0.0774711 2.46258 -1.10233 
-1.94905 0.927237 0.0197581 -1.51094 -0.0774705 2.46249 -1.10233 
-1.94906 0.929143 0.0197504 -1.50976 -0.0774731 2.46245 -1.10233 
-1.94908 0.930835 0.0197398 -1.50866 -0.0774705 2.46242 -1.10233 
-1.94913 0.932519 0.0197268 -1.50755 -0.0774719 2.46235 -1.10232 
-1.94921 0.934115 0.0197289 -1.50634 -0.0774718 2.46221 -1.10232 
-1.94922 0.935592 0.0197422 -1.50509 -0.0774718 2.46192 -1.10233 
-1.94918 0.937137 0.019747 -1.50371 -0.0774724 2.4614 -1.10232 
-1.9492 0.93874 0.019745 -1.50211 -0.0774718 2.46077 -1.10232 
-1.9492 0.940506 0.0197467 -1.5003 -0.0774731 2.4598 -1.10232 
-1.94919 0.94235 0.0197428 -1.49847 -0.0774731 2.45853 -1.10232 
-1.94921 0.94449 0.0197318 -1.49635 -0.0774745 2.45703 -1.10232 
-1.94922 0.94665 0.0197444 -1.49431 -0.077472 2.45591 -1.10232 
-1.94918 0.949155 0.0197539 -1.4921 -0.0774706 2.45539 -1.10232 
-1.94916 0.951864 0.0197599 -1.48981 -0.077477 2.45509 -1.10232 
-1.94913 0.954725 0.0197765 -1.48747 -0.0774741 2.455 -1.10231 
-1.94901 0.957693 0.0197759 -1.48515 -0.0774741 2.45498 -1.10232 
-1.94888 0.960381 0.0197727 -1.48301 -0.0774732 2.45495 -1.1023 
-1.94883 0.962825 0.0197731 -1.48085 -0.0774724 2.45491 -1.10227 
-1.94882 0.965043 0.0197763 -1.47875 -0.077475 2.45472 -1.10226 
-1.94877 0.967371 0.0197827 -1.47628 -0.0774724 2.45373 -1.10221 
-1.94875 0.969838 0.0197856 -1.47353 -0.0774705 2.45139 -1.10195 
-1.94874 0.972301 0.0197929 -1.47097 -0.0774699 2.44806 -1.10177 
-1.94871 0.975093 0.0197902 -1.46838 -0.077474 2.44346 -1.10172 
-1.94873 0.976973 0.0197806 -1.46528 -0.0774638 2.43972 -1.1017 
-1.94863 0.977433 0.0199277 -1.4624 -0.0774619 2.43313 -1.10161 
-1.94848 0.978164 0.0199001 -1.45944 -0.0774289 2.42377 -1.10129 
-1.94845 0.978911 0.0199396 -1.45622 -0.0773347 2.4149 -1.10084 
-1.94835 0.97963 0.0199453 -1.45334 -0.0771923 2.40781 -1.10029 
-1.94829 0.980498 0.0199408 -1.45096 -0.0771037 2.40301 -1.09969 
-1.94829 0.981184 0.0199468 -1.44945 -0.0770666 2.40071 -1.09918 
-1.94829 0.981417 0.0199432 -1.44897 -0.0770678 2.40007 -1.09896 
-1.9483 0.981434 0.0199415 -1.44898 -0.0770681 2.40007 -1.09894 
-1.94827 0.981454 0.0199473 -1.44898 -0.0770675 2.40008 -1.09889 
-1.94826 0.981465 0.0199483 -1.449 -0.0770624 2.40009 -1.09869 
-1.94826 0.981479 0.0199481 -1.44899 -0.0770606 2.4001 -1.09825 
-1.94828 0.9815 0.0199415 -1.44899 -0.0770321 2.40012 -1.09744 
-1.94826 0.981519 0.0199567 -1.44899 -0.0769352 2.40016 -1.09587 
-1.94821 0.981547 0.0199863 -1.44898 -0.0769106 2.40029 -1.09392 
-1.94815 0.981589 0.0199824 -1.44899 -0.0768609 2.40052 -1.09194 
-1.94814 0.981611 0.01999 -1.44898 -0.0767186 2.40062 -1.08995 
-1.94812 0.98163 0.0200029 -1.44898 -0.076461 2.40065 -1.08684 
-1.94805 0.981643 0.0200049 -1.44898 -0.0761634 2.40079 -1.0826 
-1.94802 0.981662 0.0200016 -1.44898 -0.0758734 2.40089 -1.07761 
-1.94805 0.981679 0.0199919 -1.44898 -0.0755333 2.40088 -1.07176 
-1.94807 0.981681 0.0200004 -1.44897 -0.0751979 2.4009 -1.06484 
-1.94803 0.981692 0.0200209 -1.44898 -0.0746755 2.40093 -1.05721 
-1.94794 0.981693 0.0200409 -1.44898 -0.0740888 2.40091 -1.05018 
-1.94786 0.981698 0.0200473 -1.44899 -0.0735973 2.4009 -1.04234 
-1.94778 0.981697 0.0200754 -1.44899 -0.0732123 2.4009 -1.03423 
-1.94772 0.981693 0.0201099 -1.44903 -0.0729815 2.40088 -1.02533 
-1.94771 0.981686 0.0201052 -1.44907 -0.0729181 2.40088 -1.01603 
-1.94776 0.981688 0.020095 -1.44907 -0.0727714 2.4009 -1.00764 
-1.94782 0.981686 0.0201123 -1.44906 -0.0722155 2.4009 -0.999532 
-1.94785 0.981688 0.0200985 -1.44905 -0.0708866 2.40089 -0.990176 
-1.94795 0.981691 0.0200985 -1.44905 -0.0693401 2.40089 -0.979045 
-1.948 0.981692 0.0200847 -1.44906 -0.0678162 2.40089 -0.968624 
-1.94812 0.981695 0.0200822 -1.44906 -0.0661345 2.40088 -0.957644 
-1.94829 0.9817 0.020068 -1.44906 -0.064474 2.40088 -0.945566 
-1.94846 0.9817 0.0200627 -1.44906 -0.0634285 2.40089 -0.933333 
-1.94866 0.981693 0.0200852 -1.44905 -0.0627436 2.40088 -0.921145 
-1.94877 0.981697 0.0200652 -1.44907 -0.0622715 2.40085 -0.908541 
-1.94885 0.981695 0.0200458 -1.44908 -0.0621913 2.40081 -0.895776 
-1.94896 0.981685 0.0200531 -1.4491 -0.0620029 2.4008 -0.883752 
-1.94902 0.981683 0.020059 -1.4491 -0.0614836 2.40081 -0.870431 
-1.94898 0.981683 0.0200844 -1.44912 -0.060975 2.4008 -0.856607 
-1.94896 0.981683 0.0200737 -1.44911 -0.0603796 2.4008 -0.843543 
-1.94905 0.981675 0.0200752 -1.44912 -0.0594399 2.40079 -0.828797 
-1.94906 0.981676 0.0200753 -1.44912 -0.0584786 2.40079 -0.813871 
-1.94903 0.981679 0.0200955 -1.44912 -0.0574018 2.40079 -0.799475 
-1.94898 0.981678 0.0201592 -1.44911 -0.0561686 2.40079 -0.784459 
-1.94882 0.98169 0.0202056 -1.44912 -0.0548413 2.4008 -0.76973 
-1.94845 0.9817 0.020243 -1.44912 -0.053618 2.40081 -0.756198 
-1.94806 0.981703 0.0201997 -1.44915 -0.0526901 2.40079 -0.741194 
-1.94783 0.981703 0.020253 -1.44917 -0.0521681 2.40079 -0.726869 
-1.94749 0.9817 0.0202888 -1.4492 -0.0516527 2.40081 -0.713305 
-1.94705 0.9817 0.0202767 -1.44922 -0.0510805 2.4008 -0.700254 
-1.94678 0.981681 0.020256 -1.4493 -0.0506721 2.40079 -0.686963 
-1.94664 0.981676 0.0203518 -1.44931 -0.0502887 2.4008 -0.674416 
-1.94635 0.981687 0.0203393 -1.44932 -0.0497797 2.40081 -0.661438 
-1.94611 0.98168 0.020354 -1.44932 -0.0489274 2.40079 -0.649543 
-1.94596 0.981679 0.0202921 -1.44935 -0.0479255 2.4008 -0.63826 
-1.94601 0.981679 0.0202854 -1.44935 -0.0470182 2.40081 -0.627407 
-1.94616 0.981679 0.0202711 -1.44935 -0.0457247 2.4008 -0.616286 
-1.94643 0.981677 0.0202775 -1.44937 -0.0442997 2.40081 -0.60517 
-1.94658 0.981673 0.0202912 -1.44937 -0.0433462 2.40082 -0.594742 
-1.94667 0.981671 0.0202789 -1.44938 -0.0428512 2.40081 -0.584288 
-1.94675 0.981666 0.0202805 -1.4494 -0.0425966 2.4008 -0.574727 
-1.94681 0.981638 0.0202878 -1.44947 -0.0423179 2.4008 -0.565374 
-1.94689 0.981633 0.0202761 -1.44947 -0.0418781 2.40081 -0.554982 
-1.94702 0.981628 0.0202881 -1.44945 -0.0414947 2.40082 -0.544332 
-1.94709 0.981628 0.0202826 -1.44943 -0.0410952 2.40082 -0.535614 
-1.94722 0.981627 0.0202728 -1.44943 -0.0403117 2.40083 -0.526216 
-1.94744 0.981633 0.0202612 -1.44944 -0.0395658 2.40083 -0.516478 
-1.9477 0.981629 0.0202571 -1.44944 -0.0389294 2.40082 -0.50668 
-1.948 0.981629 0.0202898 -1.44944 -0.0377902 2.40083 -0.497035 
-1.94814 0.981629 0.0202978 -1.44942 -0.0360504 2.40084 -0.48589 
-1.94815 0.981635 0.0202829 -1.44942 -0.0342822 2.40084 -0.474418 
-1.94816 0.981633 0.0202626 -1.44944 -0.0326559 2.40083 -0.462547 
-1.9482 0.981633 0.0202792 -1.44944 -0.0308476 2.40083 -0.450757 
-1.94821 0.981633 0.020255 -1.44945 -0.0294165 2.40085 -0.438435 
-1.94824 0.981635 0.0202262 -1.44944 -0.0285556 2.40084 -0.426056 
-1.94833 0.981633 0.0202284 -1.44942 -0.027899 2.40084 -0.413322 
-1.94839 0.981633 0.0202132 -1.44943 -0.0273415 2.40086 -0.399841 
-1.94841 0.981638 0.0202075 -1.44941 -0.027017 2.40088 -0.385574 
-1.94844 0.981635 0.020203 -1.44939 -0.0268527 2.40086 -0.371522 
-1.94857 0.981635 0.020206 -1.44938 -0.0267227 2.40088 -0.356706 
-1.94864 0.981638 0.020193 -1.44934 -0.0266412 2.40088 -0.342456 
-1.94868 0.981638 0.0201924 -1.44933 -0.0264786 2.40086 -0.327719 
-1.94878 0.981642 0.0201893 -1.44933 -0.0264264 2.40086 -0.3131 
-1.94892 0.981639 0.0202168 -1.4493 -0.0261632 2.40087 -0.298968 
-1.94892 0.981649 0.0202404 -1.44925 -0.0254198 2.40088 -0.284101 
-1.94884 0.981653 0.0202695 -1.44924 -0.0244573 2.40087 -0.26816 
-1.94874 0.981667 0.0203073 -1.44924 -0.0235351 2.40087 -0.252838 
-1.9486 0.981665 0.020316 -1.44924 -0.0227208 2.40088 -0.236536 
-1.94848 0.981667 0.0202946 -1.44927 -0.0219359 2.40087 -0.220465 
-1.94844 0.981666 0.0203307 -1.44926 -0.0209377 2.40088 -0.204596 
-1.94836 0.981668 0.0203504 -1.44925 -0.0200057 2.40089 -0.187959 
-1.94821 0.981667 0.0203463 -1.44925 -0.0190053 2.40088 -0.172468 
-1.94806 0.98167 0.0203627 -1.44925 -0.0178951 2.40089 -0.157134 
-1.94786 0.981668 0.0203675 -1.44925 -0.0170124 2.40089 -0.142465 
-1.94766 0.98168 0.0203485 -1.44925 -0.016137 2.40091 -0.127899 
-1.94756 0.981675 0.0203521 -1.44925 -0.0154469 2.40091 -0.113478 
-1.94755 0.981674 0.0203541 -1.44925 -0.0148017 2.4009 -0.0991876 
-1.94757 0.981678 0.0203264 -1.44925 -0.0141119 2.40092 -0.0842785 
-1.94766 0.98168 0.0203224 -1.44925 -0.01332 2.40091 -0.0709547 
-1.94784 0.981682 0.0203399 -1.44924 -0.0120156 2.40093 -0.0584814 
-1.94795 0.981686 0.0203304 -1.44923 -0.0103046 2.40096 -0.0453644 
-1.94804 0.981692 0.0203225 -1.44923 -0.00852831 2.40126 -0.0323444 
-1.94817 0.981744 0.0203274 -1.44924 -0.00671199 2.40167 -0.0200161 
-1.94825 0.981777 0.020299 -1.44924 -0.00499124 2.40189 -0.0081107 
-1.94839 0.981796 0.0202919 -1.44922 -0.00398022 2.40207 0.00361086 
-1.94856 0.981858 0.020252 -1.44923 -0.00306819 2.40238 0.0145171 
-1.94884 0.981861 0.0202433 -1.44923 -0.00213287 2.40243 0.0265717 
-1.94916 0.981866 0.0202063 -1.44923 -0.00122079 2.40244 0.0397404 
-1.94956 0.981864 0.0202066 -1.44923 -0.000329398 2.40243 0.0525926 
-1.95002 0.981868 0.020202 -1.44923 0.000588035 2.40243 0.0647284 
-1.95055 0.981863 0.0202047 -1.44923 0.00137127 2.40242 0.0764121 
-1.95108 0.981866 0.0202194 -1.44924 0.00193733 2.40243 0.0869474 
-1.95159 0.981865 0.0202244 -1.44924 0.00268323 2.40243 0.0969802 
-1.95201 0.981872 0.0202275 -1.44924 0.00370335 2.40243 0.106994 
-1.95238 0.981868 0.0202325 -1.44924 0.00465242 2.40244 0.117303 
-1.95268 0.981868 0.0202223 -1.44924 0.00532377 2.40244 0.127078 
-1.95291 0.981868 0.0202267 -1.44924 0.00609465 2.40246 0.136624 
-1.95305 0.981864 0.0202243 -1.44923 0.00692857 2.40248 0.14623 
-1.95309 0.981871 0.0202312 -1.44924 0.00770489 2.4027 0.155946 
-1.95307 0.981904 0.0202382 -1.44924 0.00837809 2.40297 0.165552 
-1.95304 0.981903 0.0202592 -1.44926 0.00897031 2.40298 0.174742 
-1.95302 0.981906 0.0202943 -1.44926 0.00942906 2.403 0.183795 
-1.95299 0.981906 0.0203178 -1.44926 0.00985471 2.40299 0.19417 
-1.95296 0.981903 0.020315 -1.44927 0.0100878 2.40299 0.203566 
-1.95299 0.9819 0.0203033 -1.44927 0.0103248 2.40299 0.212179 
-1.953 0.981903 0.0202986 -1.44927 0.0105727 2.40301 0.221283 
-1.953 0.981909 0.0203021 -1.44927 0.0107591 2.40315 0.229864 
-1.95301 0.981933 0.0202863 -1.44928 0.0108727 2.40339 0.238444 
-1.95304 0.981938 0.0202905 -1.44927 0.0110149 2.40345 0.246275 
-1.95302 0.981944 0.0203123 -1.44928 0.0112441 2.40348 0.253723 
-1.95297 0.981948 0.0203334 -1.44928 0.0113954 2.40349 0.260587 
-1.95291 0.981952 0.0203385 -1.44928 0.0114791 2.4035 0.267486 
-1.95284 0.98196 0.0203564 -1.44928 0.0115399 2.40352 0.274533 
-1.95272 0.98196 0.0203607 -1.44928 0.0116097 2.40354 0.280855 
-1.95263 0.981976 0.0203591 -1.44929 0.0117435 2.40375 0.28633 
-1.95258 0.982003 0.0203813 -1.4493 0.0118625 2.40408 0.292453 
-1.95249 0.982033 0.0203825 -1.4493 0.0119025 2.40429 0.298201 
-1.95241 0.982054 0.0203835 -1.4493 0.0119278 2.4044 0.303252 
-1.95237 0.982049 0.0203916 -1.44931 0.0119619 2.4044 0.307801 
-1.95232 0.982045 0.020401 -1.44931 0.0120125 2.40441 0.312385 
-1.95228 0.982052 0.0204105 -1.44931 0.0120864 2.40441 0.316444 
-1.95226 0.982052 0.0204311 -1.44931 0.0122048 2.40441 0.320128 
-1.95225 0.982052 0.0204324 -1.44931 0.0124524 2.40441 0.32304 
-1.95225 0.982048 0.0204362 -1.44931 0.0127964 2.40441 0.327471 
-1.95224 0.98205 0.0204443 -1.44931 0.0130386 2.40441 0.33167 
-1.95223 0.982052 0.0204501 -1.44931 0.0131842 2.40441 0.335541 
-1.95223 0.98205 0.0204496 -1.44931 0.013231 2.40441 0.339208 
-1.95222 0.98205 0.0204481 -1.44931 0.0133071 2.40441 0.342607 
-1.95223 0.98205 0.0204501 -1.44931 0.0133718 2.40442 0.346851 
-1.95224 0.982046 0.0204433 -1.44931 0.0133878 2.40442 0.350967 
-1.95223 0.982048 0.0204494 -1.44931 0.0134022 2.40442 0.354419 
-1.9522 0.98205 0.0204501 -1.44931 0.0134088 2.40442 0.357006 
-1.95221 0.982048 0.0204564 -1.44931 0.0134531 2.40442 0.358895 
-1.9522 0.982045 0.0204628 -1.44932 0.0136076 2.40441 0.3606 
-1.95218 0.982048 0.0204605 -1.44932 0.0137572 2.40441 0.362334 
-1.95219 0.982046 0.020463 -1.44932 0.0138429 2.40441 0.364888 
-1.95218 0.982046 0.0204662 -1.44932 0.0139473 2.40442 0.367987 
-1.95217 0.982043 0.0204778 -1.44933 0.0141298 2.40441 0.371928 
-1.95211 0.982042 0.020484 -1.44937 0.014201 2.40441 0.376208 
-1.95204 0.982024 0.0204785 -1.44943 0.0142108 2.40442 0.380321 
-1.95202 0.982023 0.020479 -1.44943 0.0142544 2.40443 0.385016 
-1.95202 0.982019 0.020479 -1.44943 0.014281 2.40446 0.390551 
-1.95199 0.982021 0.0204879 -1.44943 0.0142938 2.40448 0.395388 
-1.95196 0.982023 0.0204873 -1.44945 0.0143932 2.40448 0.40025 
-1.95196 0.982016 0.020489 -1.44945 0.0145615 2.40451 0.405126 
-1.95189 0.982071 0.0205236 -1.44943 0.0145805 2.40541 0.410133 
-1.95172 0.982299 0.0205198 -1.44946 0.014617 2.4072 0.414313 
-1.95156 0.982576 0.020521 -1.44947 0.0146934 2.4092 0.4193 
-1.95143 0.98277 0.0205193 -1.44946 0.0147016 2.41071 0.425179 
-1.95129 0.98293 0.0205194 -1.44944 0.0146984 2.4119 0.430859 
-1.95113 0.983149 0.0205082 -1.44942 0.014705 2.41342 0.435596 
-1.9511 0.983321 0.0204838 -1.44945 0.014694 2.4145 0.439145 
-1.95114 0.98332 0.0204846 -1.44945 0.0147028 2.41455 0.440401 
-1.95115 0.98332 0.0204868 -1.44945 0.0147065 2.41456 0.441258 
-1.95114 0.983322 0.0204811 -1.44945 0.0147065 2.41457 0.44252 
-1.95114 0.98332 0.0204827 -1.44945 0.014702 2.41457 0.443912 
-1.95115 0.98332 0.0204778 -1.44945 0.0147058 2.41456 0.444817 
-1.95114 0.983318 0.0204778 -1.44945 0.0147037 2.41457 0.445179 
-1.95114 0.983318 0.0204795 -1.44945 0.014702 2.41456 0.445557 
-1.95115 0.98332 0.0204778 -1.44946 0.0147043 2.41456 0.445987 
-1.95117 0.98332 0.0204757 -1.44946 0.0147113 2.41457 0.44641 
-1.95119 0.983322 0.0204766 -1.44946 0.0147248 2.41457 0.447379 
-1.95119 0.983317 0.0204757 -1.44946 0.0147218 2.41457 0.448964 
-1.95118 0.983322 0.0204728 -1.44947 0.0147231 2.41458 0.450152 
-1.95121 0.983317 0.0204763 -1.44947 0.0147224 2.41458 0.450916 
-1.95124 0.983318 0.0204811 -1.44947 0.0147218 2.4146 0.451677 
-1.95123 0.983317 0.0204785 -1.44947 0.0147192 2.4146 0.452314 
-1.95124 0.983318 0.020471 -1.44947 0.0147201 2.41461 0.452407 
-1.95123 0.983313 0.0204642 -1.44947 0.0147093 2.41461 0.452407 
-1.95122 0.983316 0.020453 -1.44946 0.0146803 2.41462 0.452404 
-1.95121 0.983305 0.0204398 -1.44947 0.0146382 2.41462 0.45239 
-1.95121 0.983291 0.0204268 -1.44947 0.0145597 2.41462 0.452367 
-1.95122 0.983236 0.0204041 -1.44946 0.0143369 2.41461 0.452289 
-1.95125 0.983208 0.0204052 -1.44946 0.0143052 2.41461 0.452257 
-1.95123 0.983178 0.020405 -1.44945 0.0142606 2.4146 0.452212 
-1.95122 0.983153 0.0204008 -1.44945 0.014213 2.4146 0.452188 
-1.95123 0.983114 0.0204009 -1.44944 0.0142005 2.41459 0.452174 
-1.95122 0.983067 0.0204005 -1.44944 0.014144 2.41458 0.452145 
-1.95122 0.983023 0.0204049 -1.44945 0.0140701 2.41456 0.452103 
-1.95121 0.982959 0.0203945 -1.44944 0.0140301 2.41456 0.452053 
-1.95126 0.9828 0.0203878 -1.44945 0.0140121 2.41454 0.452001 
-1.9513 0.982645 0.0203843 -1.44948 0.0139889 2.41451 0.451951 
-1.95125 0.982638 0.0203785 -1.44946 0.0138682 2.41451 0.451828 
-1.95128 0.982591 0.0203723 -1.44947 0.0138617 2.4145 0.451807 
-1.95128 0.982592 0.0203756 -1.44947 0.0138601 2.41451 0.451809 
-1.95127 0.982595 0.0203782 -1.44948 0.0138551 2.41451 0.451808 
-1.95129 0.982589 0.0203753 -1.44948 0.013857 2.41451 0.451809 
-1.95127 0.982594 0.0203753 -1.44948 0.0138557 2.41451 0.451807 
-1.95128 0.982588 0.020372 -1.44948 0.0138564 2.41451 0.451808 
-1.95128 0.98259 0.02037 -1.44948 0.0138557 2.41451 0.45181 
-1.95127 0.982588 0.020372 -1.44948 0.0138557 2.41451 0.451805 
-1.95128 0.982584 0.020372 -1.44948 0.013857 2.41451 0.451805 
-1.95128 0.98259 0.02037 -1.44948 0.0138564 2.41451 0.45181 
-1.95128 0.982583 0.0203736 -1.44947 0.0138557 2.41451 0.451804 
-1.95128 0.982585 0.0203753 -1.44947 0.0138557 2.41451 0.451807 
-1.95128 0.982579 0.0203736 -1.44947 0.0138564 2.41451 0.451808 
-1.95128 0.982585 0.0203736 -1.44948 0.0138564 2.41451 0.451813 
-1.95128 0.982585 0.020372 -1.44947 0.0138557 2.41451 0.45181 
-1.95128 0.982582 0.0203736 -1.44948 0.0138557 2.41451 0.45181 
-1.95128 0.98258 0.0203736 -1.44947 0.013857 2.41451 0.451812 
-1.95128 0.982576 0.0203753 -1.44947 0.0138557 2.41451 0.451807 
-1.95128 0.982576 0.0203736 -1.44947 0.013857 2.41452 0.451807 
-1.95128 0.982574 0.0203736 -1.44947 0.0138569 2.41451 0.451809 
