-1.93922 0.9426 -0.000294574 -1.47078 0.0180242 2.4106 -1.09212 
-1.93922 0.942598 -0.000297915 -1.47077 0.0180248 2.41061 -1.09212 
-1.93922 0.942601 -0.000297915 -1.47077 0.0180242 2.4106 -1.09212 
-1.93921 0.942594 -0.000297915 -1.47077 0.0180248 2.4106 -1.09212 
-1.93921 0.942601 -0.000296244 -1.47077 0.0180242 2.4106 -1.09212 
-1.93921 0.942595 -0.000297836 -1.47077 0.0180248 2.41061 -1.09212 
-1.93922 0.942602 -0.000301534 -1.47078 0.0180248 2.41061 -1.09212 
-1.93922 0.942595 -0.000297915 -1.47077 0.0180242 2.41061 -1.09212 
-1.93922 0.942599 -0.000299862 -1.47077 0.0180236 2.4106 -1.09212 
-1.93922 0.942594 -0.000297915 -1.47077 0.0180248 2.41061 -1.09212 
-1.93921 0.942598 -0.000294114 -1.47078 0.0180248 2.41061 -1.09212 
-1.93922 0.942595 -0.000299863 -1.47077 0.0180255 2.4106 -1.09211 
-1.93922 0.942598 -0.000299863 -1.47078 0.0180242 2.4106 -1.09212 
-1.93922 0.942594 -0.000299863 -1.47077 0.0180242 2.41061 -1.09212 
-1.93921 0.942597 -0.000301534 -1.47077 0.0180255 2.4106 -1.09212 
-1.93922 0.942597 -0.000299863 -1.47078 0.0180242 2.4106 -1.09212 
-1.93922 0.942597 -0.000301534 -1.47078 0.0180236 2.41061 -1.09212 
-1.93922 0.9426 -0.000297915 -1.47077 0.0180248 2.4106 -1.09212 
-1.93921 0.942601 -0.000296244 -1.47078 0.0180236 2.41061 -1.09212 
-1.93921 0.942595 -0.000296244 -1.47078 0.0180242 2.4106 -1.09212 
-1.93922 0.942597 -0.000297915 -1.47077 0.0180248 2.41061 -1.09212 
-1.93922 0.942596 -0.000297915 -1.47078 0.0180236 2.41061 -1.09212 
-1.93922 0.942597 -0.000296244 -1.47077 0.0180248 2.41061 -1.09211 
-1.93922 0.9426 -0.000294574 -1.47077 0.0180236 2.41061 -1.09212 
-1.93922 0.942596 -0.000299863 -1.47077 0.0180242 2.41061 -1.09212 
-1.93922 0.942596 -0.000297915 -1.47078 0.0180248 2.41061 -1.09212 
-1.93922 0.942597 -0.000297915 -1.47077 0.0180236 2.41061 -1.09212 
-1.93922 0.942597 -0.000297915 -1.47077 0.0180248 2.41061 -1.09212 
-1.93922 0.942595 -0.000299863 -1.47078 0.0180242 2.4106 -1.09212 
-1.93922 0.942599 -0.000299863 -1.47077 0.0180242 2.4106 -1.09212 
-1.93921 0.942596 -0.000296244 -1.47077 0.0180242 2.4106 -1.09212 
-1.93921 0.942599 -0.000299153 -1.47077 0.0180242 2.41061 -1.09211 
-1.93921 0.942596 -0.000297915 -1.47078 0.0180236 2.4106 -1.09212 
-1.93922 0.942599 -0.000297915 -1.47077 0.0180236 2.4106 -1.09212 
-1.93922 0.942595 -0.000296244 -1.47077 0.0180248 2.4106 -1.09211 
-1.93922 0.942594 -0.000299863 -1.47077 0.0180242 2.4106 -1.09212 
-1.93922 0.942597 -0.00029986 -1.47078 0.0180242 2.4106 -1.09212 
-1.93922 0.942598 -0.000297915 -1.47077 0.0180242 2.41061 -1.09212 
-1.93922 0.942597 -0.000297915 -1.47077 0.0180236 2.41061 -1.09211 
-1.93922 0.942595 -0.000299863 -1.47078 0.0180242 2.4106 -1.09212 
-1.93922 0.9426 -0.000297914 -1.47078 0.0180248 2.41061 -1.09212 
-1.93922 0.9426 -0.000297915 -1.47078 0.0180236 2.4106 -1.09212 
-1.93922 0.942595 -0.000297915 -1.47077 0.0180248 2.4106 -1.09212 
-1.93922 0.9426 -0.000297915 -1.47078 0.0180242 2.41061 -1.09212 
-1.93922 0.942594 -0.000297915 -1.47077 0.0180236 2.41061 -1.09212 
-1.93921 0.942596 -0.000296244 -1.47077 0.0180236 2.41061 -1.09212 
-1.93922 0.942599 -0.000297915 -1.47077 0.0180242 2.4106 -1.09212 
-1.93922 0.942596 -0.000297915 -1.47078 0.0180248 2.41061 -1.09212 
-1.93922 0.942597 -0.000297915 -1.47077 0.0180236 2.4106 -1.09212 
-1.93921 0.942599 -0.000301534 -1.47077 0.0180236 2.41061 -1.09212 
-1.93922 0.942599 -0.000299855 -1.47077 0.0180274 2.4106 -1.09212 
-1.93922 0.942597 -0.000297915 -1.47077 0.0180236 2.41061 -1.09212 
-1.93922 0.942593 -0.000297915 -1.47078 0.0180242 2.41061 -1.09212 
-1.93922 0.942597 -0.000299863 -1.47077 0.0180242 2.41061 -1.09212 
-1.93922 0.942595 -0.000296244 -1.47077 0.0180255 2.4106 -1.09212 
-1.93922 0.942597 -0.000296244 -1.47077 0.018023 2.4106 -1.09212 
-1.93922 0.942598 -0.000296244 -1.47077 0.0180248 2.4106 -1.09212 
-1.93922 0.942601 -0.000301534 -1.47077 0.0180236 2.41061 -1.09212 
-1.93922 0.942597 -0.000296244 -1.47078 0.0180248 2.41061 -1.09212 
-1.93922 0.9426 -0.000296244 -1.47077 0.0180248 2.4106 -1.09212 
-1.93921 0.942596 -0.000299863 -1.47077 0.0180242 2.4106 -1.09212 
-1.93922 0.942603 -0.000297915 -1.47078 0.0180242 2.41061 -1.09212 
-1.93922 0.942595 -0.000297915 -1.47077 0.0180255 2.4106 -1.09212 
