-2.0184 -0.2024 -0.0123 -1.7436 -0.0553 1.5589 -1.2838 
-2.0186 -0.2021 -0.0121 -1.7390 -0.0553 1.5589 -1.2838 
-2.0185 -0.1990 -0.0120 -1.7429 -0.0552 1.5589 -1.2833 
-2.0182 -0.1891 -0.0119 -1.7496 -0.0552 1.5638 -1.2805 
-2.0151 -0.1696 -0.0118 -1.7507 -0.0553 1.5673 -1.2750 
-2.0102 -0.1424 -0.0117 -1.7507 -0.0553 1.5690 -1.2635 
-2.0034 -0.1102 -0.0116 -1.7511 -0.0553 1.5840 -1.2505 
-1.9956 -0.0762 -0.0116 -1.7552 -0.0553 1.6373 -1.2462 
-1.9872 -0.0435 -0.0116 -1.7642 -0.0553 1.6919 -1.2168 
-1.9771 -0.0105 -0.0116 -1.7703 -0.0553 1.7299 -1.1780 
-1.9657 0.0219 -0.0116 -1.7728 -0.0553 1.7617 -1.1513 
-1.9546 0.0547 -0.0116 -1.7751 -0.0553 1.7904 -1.1310 
-1.9465 0.0904 -0.0116 -1.7766 -0.0552 1.8289 -1.1194 
-1.9415 0.1284 -0.0116 -1.7781 -0.0551 1.8770 -1.1097 
-1.9369 0.1671 -0.0116 -1.7812 -0.0551 1.9258 -1.0907 
-1.9324 0.2065 -0.0116 -1.7870 -0.0549 1.9722 -1.0798 
-1.9270 0.2473 -0.0116 -1.7900 -0.0548 2.0245 -1.0628 
-1.9211 0.2918 -0.0116 -1.7903 -0.0547 2.0751 -1.0534 
-1.9172 0.3329 -0.0116 -1.7903 -0.0545 2.1161 -1.0379 
-1.9131 0.3708 -0.0116 -1.7901 -0.0545 2.1573 -1.0213 
-1.9092 0.4076 -0.0116 -1.7896 -0.0544 2.2003 -1.0139 
-1.9074 0.4445 -0.0116 -1.7886 -0.0544 2.2427 -1.0003 
-1.9079 0.4829 -0.0118 -1.7859 -0.0544 2.2816 -0.9919 
-1.9102 0.5227 -0.0119 -1.7800 -0.0544 2.3195 -0.9915 
-1.9124 0.5608 -0.0119 -1.7665 -0.0544 2.3574 -0.9915 
-1.9135 0.5957 -0.0119 -1.7480 -0.0544 2.3723 -0.9915 
-1.9140 0.6256 -0.0120 -1.7283 -0.0544 2.3724 -0.9937 
-1.9146 0.6525 -0.0121 -1.7066 -0.0545 2.3724 -1.0023 
-1.9149 0.6796 -0.0121 -1.6819 -0.0545 2.3724 -1.0251 
-1.9150 0.7074 -0.0121 -1.6555 -0.0545 2.3724 -1.0289 
-1.9155 0.7338 -0.0121 -1.6315 -0.0546 2.3725 -1.0344 
-1.9166 0.7592 -0.0122 -1.6091 -0.0546 2.3725 -1.0448 
-1.9182 0.7829 -0.0122 -1.5875 -0.0546 2.3725 -1.0580 
-1.9195 0.8034 -0.0122 -1.5669 -0.0546 2.3725 -1.0746 
-1.9209 0.8200 -0.0122 -1.5512 -0.0546 2.3725 -1.0837 
-1.9228 0.8334 -0.0122 -1.5432 -0.0546 2.3742 -1.0861 
-1.9242 0.8436 -0.0122 -1.5378 -0.0544 2.3754 -1.0856 
-1.9247 0.8547 -0.0122 -1.5287 -0.0542 2.3785 -1.0757 
-1.9256 0.8646 -0.0122 -1.5189 -0.0541 2.3786 -1.0684 
-1.9267 0.8747 -0.0122 -1.5095 -0.0539 2.3787 -1.0623 
-1.9274 0.8810 -0.0122 -1.5058 -0.0536 2.3787 -1.0589 
-1.9276 0.8831 -0.0122 -1.5055 -0.0534 2.3787 -1.0531 
-1.9284 0.8865 -0.0122 -1.5053 -0.0533 2.3885 -1.0523 
-1.9282 0.8911 -0.0122 -1.5052 -0.0534 2.4158 -1.0531 
-1.9280 0.8939 -0.0120 -1.5053 -0.0535 2.4197 -1.0624 
-1.9265 0.8942 -0.0118 -1.5053 -0.0535 2.4196 -1.0708 
-1.9244 0.8943 -0.0118 -1.5053 -0.0535 2.4196 -1.0741 
-1.9234 0.8944 -0.0118 -1.5053 -0.0535 2.4195 -1.0820 
-1.9230 0.8949 -0.0117 -1.5065 -0.0535 2.4190 -1.0888 
-1.9221 0.8962 -0.0117 -1.5071 -0.0535 2.4190 -1.0951 
-1.9222 0.9011 -0.0117 -1.5064 -0.0524 2.4191 -1.0923 
-1.9224 0.9015 -0.0117 -1.5056 -0.0515 2.4191 -1.0848 
-1.9213 0.9094 -0.0116 -1.5002 -0.0514 2.4196 -1.0809 
-1.9213 0.9150 -0.0117 -1.4951 -0.0517 2.4196 -1.0846 
-1.9214 0.9160 -0.0118 -1.4945 -0.0517 2.4196 -1.0919 
-1.9219 0.9173 -0.0118 -1.4931 -0.0517 2.4196 -1.0969 
-1.9222 0.9223 -0.0119 -1.4893 -0.0517 2.4196 -1.0995 
-1.9227 0.9295 -0.0119 -1.4871 -0.0517 2.4196 -1.0995 
-1.9229 0.9345 -0.0118 -1.4862 -0.0516 2.4218 -1.0995 
-1.9230 0.9393 -0.0118 -1.4836 -0.0515 2.4262 -1.0993 
-1.9238 0.9454 -0.0118 -1.4799 -0.0513 2.4269 -1.0992 
-1.9248 0.9536 -0.0117 -1.4740 -0.0510 2.4282 -1.0986 
-1.9251 0.9585 -0.0117 -1.4717 -0.0495 2.4301 -1.0985 
-1.9250 0.9638 -0.0117 -1.4707 -0.0480 2.4360 -1.0985 
-1.9252 0.9688 -0.0117 -1.4673 -0.0479 2.4370 -1.0981 
-1.9254 0.9719 -0.0117 -1.4648 -0.0479 2.4371 -1.0981 
-1.9265 0.9736 -0.0116 -1.4641 -0.0432 2.4371 -1.0981 
-1.9267 0.9738 -0.0115 -1.4642 -0.0378 2.4370 -1.0981 
-1.9266 0.9738 -0.0115 -1.4642 -0.0309 2.4370 -1.0929 
-1.9261 0.9738 -0.0115 -1.4642 -0.0284 2.4370 -1.0669 
-1.9256 0.9738 -0.0115 -1.4642 -0.0284 2.4370 -1.0415 
-1.9254 0.9738 -0.0115 -1.4642 -0.0284 2.4370 -1.0094 
-1.9257 0.9738 -0.0115 -1.4642 -0.0283 2.4369 -0.9760 
-1.9263 0.9738 -0.0116 -1.4642 -0.0283 2.4369 -0.9406 
-1.9266 0.9737 -0.0117 -1.4642 -0.0283 2.4368 -0.9021 
-1.9271 0.9737 -0.0117 -1.4641 -0.0283 2.4367 -0.8585 
-1.9277 0.9737 -0.0117 -1.4641 -0.0283 2.4366 -0.8051 
-1.9279 0.9737 -0.0118 -1.4641 -0.0283 2.4363 -0.7447 
-1.9280 0.9735 -0.0117 -1.4641 -0.0283 2.4350 -0.6802 
-1.9288 0.9735 -0.0117 -1.4640 -0.0283 2.4344 -0.6198 
-1.9299 0.9735 -0.0117 -1.4640 -0.0282 2.4343 -0.5689 
-1.9305 0.9735 -0.0117 -1.4640 -0.0281 2.4343 -0.5180 
-1.9309 0.9735 -0.0117 -1.4640 -0.0280 2.4339 -0.4579 
-1.9307 0.9734 -0.0116 -1.4640 -0.0280 2.4334 -0.3879 
-1.9307 0.9734 -0.0116 -1.4640 -0.0280 2.4334 -0.3248 
-1.9313 0.9734 -0.0116 -1.4640 -0.0280 2.4331 -0.2606 
-1.9318 0.9733 -0.0116 -1.4640 -0.0280 2.4328 -0.2130 
-1.9321 0.9733 -0.0117 -1.4640 -0.0279 2.4328 -0.1779 
-1.9321 0.9733 -0.0115 -1.4641 -0.0278 2.4325 -0.1307 
-1.9311 0.9732 -0.0114 -1.4641 -0.0274 2.4319 -0.0769 
-1.9297 0.9732 -0.0113 -1.4641 -0.0272 2.4318 -0.0231 
-1.9285 0.9732 -0.0112 -1.4641 -0.0269 2.4318 0.0311 
-1.9267 0.9732 -0.0111 -1.4641 -0.0264 2.4318 0.0797 
-1.9243 0.9731 -0.0111 -1.4642 -0.0245 2.4318 0.1229 
-1.9239 0.9731 -0.0111 -1.4641 -0.0205 2.4318 0.1654 
-1.9245 0.9731 -0.0112 -1.4641 -0.0169 2.4318 0.1995 
-1.9248 0.9731 -0.0112 -1.4641 -0.0158 2.4318 0.2302 
-1.9254 0.9732 -0.0112 -1.4640 -0.0143 2.4318 0.2619 
-1.9261 0.9732 -0.0112 -1.4640 -0.0125 2.4319 0.2935 
-1.9266 0.9732 -0.0112 -1.4640 -0.0103 2.4319 0.3223 
-1.9271 0.9734 -0.0112 -1.4637 -0.0083 2.4324 0.3559 
-1.9274 0.9734 -0.0112 -1.4637 -0.0076 2.4324 0.3850 
-1.9272 0.9734 -0.0112 -1.4637 -0.0071 2.4324 0.4147 
-1.9269 0.9744 -0.0111 -1.4621 -0.0069 2.4344 0.4363 
-1.9271 0.9745 -0.0111 -1.4621 -0.0059 2.4344 0.4418 
-1.9269 0.9741 -0.0113 -1.4621 -0.0066 2.4343 0.4415 
