-1.9690 -0.3675 0.0000 -1.9161 0.0023 1.5137 -1.1263 
-1.9690 -0.3675 0.0000 -1.9161 0.0023 1.5137 -1.1263 
-1.9690 -0.3675 0.0000 -1.9161 0.0023 1.5137 -1.1262 
-1.9690 -0.3674 0.0000 -1.9162 0.0023 1.5138 -1.1262 
-1.9690 -0.3674 0.0000 -1.9162 0.0023 1.5138 -1.1261 
-1.9690 -0.3673 0.0000 -1.9162 0.0023 1.5139 -1.1261 
-1.9690 -0.3673 0.0000 -1.9163 0.0023 1.5139 -1.1260 
-1.9690 -0.3672 0.0000 -1.9163 0.0022 1.5139 -1.1260 
-1.9690 -0.3672 0.0000 -1.9163 0.0022 1.5140 -1.1259 
-1.9690 -0.3671 0.0000 -1.9163 0.0022 1.5140 -1.1259 
-1.9690 -0.3671 0.0000 -1.9164 0.0022 1.5140 -1.1258 
-1.9690 -0.3671 0.0000 -1.9164 0.0022 1.5141 -1.1257 
-1.9691 -0.3670 0.0000 -1.9164 0.0022 1.5141 -1.1257 
-1.9691 -0.3670 0.0000 -1.9164 0.0022 1.5142 -1.1256 
-1.9691 -0.3669 0.0000 -1.9165 0.0022 1.5142 -1.1256 
-1.9691 -0.3669 0.0000 -1.9165 0.0022 1.5142 -1.1255 
-1.9691 -0.3668 0.0000 -1.9165 0.0021 1.5143 -1.1255 
-1.9691 -0.3668 0.0000 -1.9165 0.0021 1.5143 -1.1254 
-1.9691 -0.3667 0.0000 -1.9166 0.0021 1.5143 -1.1254 
-1.9691 -0.3667 0.0000 -1.9166 0.0021 1.5144 -1.1253 
-1.9691 -0.3667 0.0000 -1.9166 0.0021 1.5144 -1.1253 
-1.9691 -0.3666 0.0000 -1.9166 0.0021 1.5145 -1.1252 
-1.9691 -0.3666 0.0000 -1.9167 0.0021 1.5145 -1.1251 
-1.9691 -0.3665 0.0000 -1.9167 0.0021 1.5145 -1.1251 
-1.9691 -0.3665 0.0000 -1.9167 0.0021 1.5146 -1.1250 
-1.9691 -0.3664 0.0000 -1.9167 0.0020 1.5146 -1.1250 
-1.9692 -0.3664 0.0000 -1.9168 0.0020 1.5146 -1.1249 
-1.9692 -0.3663 0.0000 -1.9168 0.0020 1.5147 -1.1249 
-1.9692 -0.3663 0.0000 -1.9168 0.0020 1.5147 -1.1248 
-1.9692 -0.3663 0.0000 -1.9168 0.0020 1.5148 -1.1248 
-1.9692 -0.3662 0.0000 -1.9169 0.0020 1.5148 -1.1247 
-1.9692 -0.3662 0.0000 -1.9169 0.0020 1.5148 -1.1247 
-1.9692 -0.3661 0.0000 -1.9169 0.0020 1.5149 -1.1246 
-1.9692 -0.3661 0.0000 -1.9169 0.0020 1.5149 -1.1245 
-1.9692 -0.3660 0.0000 -1.9170 0.0019 1.5149 -1.1245 
-1.9692 -0.3660 0.0000 -1.9170 0.0019 1.5150 -1.1244 
-1.9692 -0.3659 0.0000 -1.9170 0.0019 1.5150 -1.1244 
-1.9692 -0.3659 0.0000 -1.9170 0.0019 1.5151 -1.1243 
-1.9692 -0.3659 0.0000 -1.9171 0.0019 1.5151 -1.1243 
-1.9692 -0.3658 0.0000 -1.9171 0.0019 1.5151 -1.1242 
-1.9693 -0.3658 0.0000 -1.9171 0.0019 1.5152 -1.1242 
-1.9693 -0.3657 0.0000 -1.9171 0.0019 1.5152 -1.1241 
-1.9693 -0.3657 0.0000 -1.9172 0.0019 1.5152 -1.1241 
-1.9693 -0.3656 0.0000 -1.9172 0.0019 1.5153 -1.1240 
-1.9693 -0.3656 0.0000 -1.9172 0.0018 1.5153 -1.1240 
-1.9693 -0.3655 0.0000 -1.9172 0.0018 1.5154 -1.1239 
-1.9693 -0.3655 0.0000 -1.9173 0.0018 1.5154 -1.1238 
-1.9693 -0.3655 0.0000 -1.9173 0.0018 1.5154 -1.1238 
-1.9693 -0.3654 0.0000 -1.9173 0.0018 1.5155 -1.1237 
-1.9693 -0.3654 0.0000 -1.9173 0.0018 1.5155 -1.1237 
-1.9693 -0.3653 0.0000 -1.9174 0.0018 1.5155 -1.1236 
-1.9693 -0.3653 0.0000 -1.9174 0.0018 1.5156 -1.1236 
-1.9693 -0.3652 0.0000 -1.9174 0.0018 1.5156 -1.1235 
-1.9693 -0.3652 0.0000 -1.9174 0.0017 1.5157 -1.1235 
-1.9694 -0.3651 0.0000 -1.9175 0.0017 1.5157 -1.1234 
-1.9694 -0.3651 0.0000 -1.9175 0.0017 1.5157 -1.1234 
-1.9694 -0.3651 0.0000 -1.9175 0.0017 1.5158 -1.1233 
-1.9694 -0.3650 0.0000 -1.9175 0.0017 1.5158 -1.1232 
-1.9694 -0.3650 0.0000 -1.9176 0.0017 1.5158 -1.1232 
-1.9694 -0.3649 0.0000 -1.9176 0.0017 1.5159 -1.1231 
-1.9694 -0.3649 0.0000 -1.9176 0.0017 1.5159 -1.1231 
-1.9694 -0.3648 0.0000 -1.9176 0.0017 1.5159 -1.1230 
-1.9694 -0.3648 0.0000 -1.9177 0.0016 1.5160 -1.1230 
-1.9694 -0.3647 0.0000 -1.9177 0.0016 1.5160 -1.1229 
-1.9694 -0.3647 0.0000 -1.9177 0.0016 1.5161 -1.1229 
-1.9694 -0.3647 0.0000 -1.9178 0.0016 1.5161 -1.1228 
-1.9694 -0.3646 0.0000 -1.9178 0.0016 1.5161 -1.1228 
-1.9695 -0.3646 0.0000 -1.9178 0.0016 1.5162 -1.1227 
-1.9695 -0.3645 0.0000 -1.9178 0.0016 1.5162 -1.1226 
-1.9695 -0.3645 0.0000 -1.9179 0.0016 1.5162 -1.1226 
-1.9695 -0.3644 0.0000 -1.9179 0.0016 1.5163 -1.1225 
-1.9695 -0.3644 0.0000 -1.9179 0.0016 1.5163 -1.1225 
-1.9695 -0.3643 0.0000 -1.9179 0.0015 1.5164 -1.1224 
-1.9695 -0.3643 0.0000 -1.9180 0.0015 1.5164 -1.1224 
-1.9695 -0.3643 0.0000 -1.9180 0.0015 1.5164 -1.1223 
-1.9695 -0.3642 0.0000 -1.9180 0.0015 1.5165 -1.1223 
-1.9695 -0.3642 0.0000 -1.9180 0.0015 1.5165 -1.1222 
-1.9695 -0.3641 0.0000 -1.9181 0.0015 1.5165 -1.1222 
-1.9695 -0.3641 0.0000 -1.9181 0.0015 1.5166 -1.1221 
-1.9695 -0.3640 0.0000 -1.9181 0.0015 1.5166 -1.1221 
-1.9695 -0.3640 0.0000 -1.9181 0.0015 1.5167 -1.1220 
-1.9696 -0.3639 0.0000 -1.9182 0.0014 1.5167 -1.1219 
-1.9696 -0.3639 0.0000 -1.9182 0.0014 1.5167 -1.1219 
-1.9696 -0.3639 0.0000 -1.9182 0.0014 1.5168 -1.1218 
-1.9696 -0.3638 0.0000 -1.9182 0.0014 1.5168 -1.1218 
-1.9696 -0.3638 0.0000 -1.9183 0.0014 1.5168 -1.1217 
-1.9696 -0.3637 0.0000 -1.9183 0.0014 1.5169 -1.1217 
-1.9696 -0.3637 0.0000 -1.9183 0.0014 1.5169 -1.1216 
-1.9696 -0.3636 0.0000 -1.9183 0.0014 1.5169 -1.1216 
-1.9696 -0.3636 0.0000 -1.9184 0.0014 1.5170 -1.1215 
-1.9696 -0.3636 0.0000 -1.9184 0.0013 1.5170 -1.1215 
-1.9696 -0.3635 0.0000 -1.9184 0.0013 1.5171 -1.1214 
-1.9696 -0.3635 0.0000 -1.9184 0.0013 1.5171 -1.1214 
-1.9696 -0.3634 0.0000 -1.9185 0.0013 1.5171 -1.1213 
-1.9696 -0.3634 0.0000 -1.9185 0.0013 1.5171 -1.1212 
-1.9697 -0.3634 0.0000 -1.9185 0.0013 1.5172 -1.1212 
-1.9697 -0.3633 0.0000 -1.9185 0.0013 1.5172 -1.1211 
-1.9697 -0.3633 0.0000 -1.9186 0.0013 1.5172 -1.1211 
-1.9697 -0.3633 0.0000 -1.9186 0.0013 1.5173 -1.1210 
-1.9697 -0.3632 0.0000 -1.9186 0.0013 1.5173 -1.1210 
-1.9697 -0.3632 0.0000 -1.9187 0.0012 1.5173 -1.1209 
-1.9697 -0.3632 0.0000 -1.9187 0.0012 1.5173 -1.1209 
-1.9697 -0.3632 0.0000 -1.9187 0.0012 1.5173 -1.1208 
-1.9697 -0.3632 0.0000 -1.9187 0.0012 1.5173 -1.1208 
-1.9697 -0.3632 0.0000 -1.9188 0.0012 1.5173 -1.1207 
-1.9697 -0.3632 0.0000 -1.9188 0.0012 1.5173 -1.1207 
-1.9698 -0.3632 0.0000 -1.9188 0.0012 1.5173 -1.1206 
-1.9698 -0.3632 0.0000 -1.9189 0.0012 1.5173 -1.1206 
-1.9698 -0.3632 0.0000 -1.9189 0.0012 1.5173 -1.1205 
-1.9698 -0.3632 0.0000 -1.9189 0.0012 1.5172 -1.1205 
-1.9698 -0.3633 0.0000 -1.9190 0.0011 1.5172 -1.1205 
-1.9698 -0.3633 0.0000 -1.9190 0.0011 1.5171 -1.1204 
-1.9698 -0.3634 0.0000 -1.9191 0.0011 1.5171 -1.1204 
-1.9698 -0.3635 0.0000 -1.9191 0.0011 1.5170 -1.1203 
-1.9699 -0.3636 0.0000 -1.9191 0.0011 1.5169 -1.1203 
-1.9699 -0.3637 0.0000 -1.9192 0.0011 1.5168 -1.1203 
-1.9699 -0.3638 0.0000 -1.9193 0.0011 1.5166 -1.1203 
-1.9699 -0.3640 0.0000 -1.9193 0.0011 1.5165 -1.1202 
-1.9699 -0.3642 0.0000 -1.9194 0.0011 1.5163 -1.1202 
-1.9699 -0.3644 0.0000 -1.9195 0.0010 1.5161 -1.1202 
-1.9700 -0.3646 0.0000 -1.9196 0.0010 1.5159 -1.1202 
-1.9700 -0.3649 0.0000 -1.9197 0.0010 1.5157 -1.1202 
-1.9700 -0.3652 0.0000 -1.9198 0.0010 1.5155 -1.1202 
-1.9700 -0.3655 0.0000 -1.9199 0.0010 1.5152 -1.1202 
-1.9701 -0.3658 0.0000 -1.9200 0.0010 1.5150 -1.1202 
-1.9701 -0.3662 0.0000 -1.9202 0.0009 1.5147 -1.1203 
-1.9701 -0.3666 0.0000 -1.9204 0.0009 1.5144 -1.1203 
-1.9702 -0.3670 0.0000 -1.9206 0.0009 1.5141 -1.1203 
-1.9702 -0.3674 0.0000 -1.9208 0.0008 1.5138 -1.1204 
-1.9702 -0.3678 0.0000 -1.9210 0.0008 1.5136 -1.1204 
-1.9703 -0.3682 0.0000 -1.9213 0.0007 1.5133 -1.1205 
-1.9703 -0.3686 0.0000 -1.9216 0.0006 1.5132 -1.1205 
-1.9703 -0.3690 0.0000 -1.9220 0.0005 1.5130 -1.1206 
-1.9704 -0.3693 0.0000 -1.9224 0.0004 1.5130 -1.1207 
-1.9704 -0.3696 0.0000 -1.9228 0.0003 1.5131 -1.1207 
-1.9704 -0.3697 0.0000 -1.9232 0.0002 1.5133 -1.1208 
-1.9705 -0.3698 0.0000 -1.9238 0.0001 1.5136 -1.1209 
-1.9705 -0.3698 0.0000 -1.9243 -0.0001 1.5141 -1.1209 
-1.9705 -0.3695 0.0000 -1.9249 -0.0003 1.5149 -1.1210 
-1.9705 -0.3692 0.0000 -1.9256 -0.0005 1.5158 -1.1210 
-1.9705 -0.3685 0.0000 -1.9262 -0.0008 1.5171 -1.1210 
-1.9705 -0.3677 0.0000 -1.9270 -0.0010 1.5186 -1.1210 
-1.9705 -0.3666 0.0000 -1.9278 -0.0013 1.5205 -1.1210 
-1.9704 -0.3651 0.0000 -1.9286 -0.0016 1.5227 -1.1210 
-1.9704 -0.3634 0.0000 -1.9295 -0.0020 1.5253 -1.1209 
-1.9703 -0.3613 0.0000 -1.9303 -0.0024 1.5283 -1.1208 
-1.9702 -0.3589 0.0000 -1.9313 -0.0028 1.5316 -1.1207 
-1.9701 -0.3561 0.0000 -1.9322 -0.0032 1.5354 -1.1205 
-1.9700 -0.3529 0.0000 -1.9332 -0.0037 1.5396 -1.1203 
-1.9699 -0.3494 0.0000 -1.9341 -0.0041 1.5443 -1.1200 
-1.9697 -0.3455 0.0000 -1.9351 -0.0046 1.5493 -1.1197 
-1.9695 -0.3412 0.0000 -1.9361 -0.0052 1.5547 -1.1193 
-1.9693 -0.3366 0.0000 -1.9370 -0.0057 1.5604 -1.1189 
-1.9691 -0.3317 0.0000 -1.9380 -0.0062 1.5666 -1.1185 
-1.9689 -0.3264 0.0000 -1.9389 -0.0068 1.5730 -1.1180 
-1.9687 -0.3208 0.0000 -1.9398 -0.0074 1.5797 -1.1175 
-1.9684 -0.3150 0.0000 -1.9407 -0.0080 1.5867 -1.1170 
-1.9682 -0.3090 0.0000 -1.9416 -0.0085 1.5939 -1.1164 
-1.9679 -0.3027 0.0000 -1.9424 -0.0091 1.6013 -1.1158 
-1.9676 -0.2962 0.0000 -1.9432 -0.0097 1.6089 -1.1151 
-1.9673 -0.2896 0.0000 -1.9440 -0.0103 1.6167 -1.1145 
-1.9670 -0.2828 0.0000 -1.9447 -0.0109 1.6245 -1.1138 
-1.9667 -0.2759 0.0000 -1.9454 -0.0115 1.6325 -1.1130 
-1.9664 -0.2689 0.0000 -1.9461 -0.0120 1.6405 -1.1123 
-1.9661 -0.2618 0.0000 -1.9467 -0.0126 1.6487 -1.1115 
-1.9657 -0.2546 0.0000 -1.9473 -0.0132 1.6568 -1.1108 
-1.9654 -0.2474 0.0000 -1.9479 -0.0137 1.6650 -1.1100 
-1.9651 -0.2401 0.0000 -1.9484 -0.0143 1.6733 -1.1092 
-1.9647 -0.2328 0.0000 -1.9489 -0.0148 1.6815 -1.1084 
-1.9644 -0.2255 0.0000 -1.9494 -0.0154 1.6897 -1.1076 
-1.9641 -0.2182 0.0000 -1.9499 -0.0159 1.6980 -1.1067 
-1.9637 -0.2108 0.0000 -1.9503 -0.0164 1.7062 -1.1059 
-1.9634 -0.2035 0.0000 -1.9508 -0.0169 1.7144 -1.1051 
-1.9631 -0.1961 0.0000 -1.9512 -0.0175 1.7226 -1.1043 
-1.9627 -0.1888 0.0000 -1.9516 -0.0180 1.7308 -1.1034 
-1.9624 -0.1814 0.0000 -1.9519 -0.0185 1.7389 -1.1026 
-1.9620 -0.1741 0.0000 -1.9523 -0.0190 1.7471 -1.1017 
-1.9617 -0.1667 0.0000 -1.9526 -0.0195 1.7552 -1.1009 
-1.9614 -0.1594 0.0000 -1.9530 -0.0199 1.7633 -1.1000 
-1.9610 -0.1521 0.0000 -1.9533 -0.0204 1.7714 -1.0992 
-1.9607 -0.1447 0.0000 -1.9536 -0.0209 1.7794 -1.0983 
-1.9604 -0.1374 0.0000 -1.9539 -0.0214 1.7875 -1.0975 
-1.9600 -0.1300 0.0000 -1.9542 -0.0218 1.7956 -1.0967 
-1.9597 -0.1227 0.0000 -1.9544 -0.0223 1.8036 -1.0958 
-1.9593 -0.1153 0.0000 -1.9547 -0.0228 1.8117 -1.0950 
-1.9590 -0.1080 0.0000 -1.9550 -0.0232 1.8197 -1.0941 
-1.9587 -0.1006 0.0000 -1.9552 -0.0237 1.8278 -1.0933 
-1.9583 -0.0931 0.0000 -1.9555 -0.0241 1.8359 -1.0924 
-1.9580 -0.0856 0.0000 -1.9557 -0.0246 1.8441 -1.0916 
-1.9577 -0.0781 0.0000 -1.9559 -0.0250 1.8522 -1.0907 
-1.9573 -0.0705 0.0000 -1.9562 -0.0254 1.8604 -1.0899 
-1.9570 -0.0629 0.0000 -1.9564 -0.0259 1.8687 -1.0891 
-1.9566 -0.0552 0.0000 -1.9566 -0.0263 1.8770 -1.0882 
-1.9563 -0.0474 0.0000 -1.9568 -0.0267 1.8854 -1.0874 
-1.9560 -0.0394 0.0000 -1.9569 -0.0271 1.8939 -1.0866 
-1.9556 -0.0314 0.0000 -1.9571 -0.0275 1.9025 -1.0857 
-1.9553 -0.0232 0.0000 -1.9572 -0.0279 1.9112 -1.0849 
-1.9549 -0.0148 0.0000 -1.9573 -0.0283 1.9199 -1.0841 
-1.9546 -0.0063 0.0000 -1.9574 -0.0287 1.9289 -1.0833 
-1.9543 0.0024 0.0000 -1.9574 -0.0291 1.9379 -1.0825 
-1.9539 0.0113 0.0000 -1.9574 -0.0295 1.9471 -1.0817 
-1.9536 0.0204 0.0000 -1.9573 -0.0298 1.9564 -1.0809 
-1.9532 0.0297 0.0000 -1.9572 -0.0302 1.9658 -1.0801 
-1.9529 0.0393 0.0000 -1.9570 -0.0305 1.9754 -1.0794 
-1.9525 0.0491 0.0000 -1.9567 -0.0309 1.9851 -1.0786 
-1.9522 0.0592 0.0000 -1.9564 -0.0312 1.9949 -1.0779 
-1.9519 0.0696 0.0000 -1.9559 -0.0314 2.0049 -1.0772 
-1.9516 0.0801 0.0000 -1.9553 -0.0317 2.0149 -1.0765 
-1.9512 0.0909 0.0000 -1.9546 -0.0320 2.0249 -1.0758 
-1.9509 0.1019 0.0000 -1.9538 -0.0322 2.0350 -1.0752 
-1.9506 0.1130 0.0000 -1.9528 -0.0324 2.0450 -1.0746 
-1.9503 0.1243 0.0000 -1.9516 -0.0326 2.0549 -1.0741 
-1.9500 0.1356 0.0000 -1.9504 -0.0327 2.0647 -1.0735 
-1.9498 0.1469 0.0000 -1.9489 -0.0329 2.0743 -1.0730 
-1.9495 0.1582 0.0000 -1.9474 -0.0330 2.0837 -1.0725 
-1.9492 0.1695 0.0000 -1.9457 -0.0331 2.0928 -1.0721 
-1.9490 0.1805 0.0000 -1.9438 -0.0332 2.1016 -1.0717 
-1.9488 0.1913 0.0000 -1.9419 -0.0333 2.1100 -1.0713 
-1.9486 0.2019 0.0000 -1.9398 -0.0333 2.1181 -1.0709 
-1.9484 0.2122 0.0000 -1.9377 -0.0334 2.1257 -1.0706 
-1.9482 0.2222 0.0000 -1.9355 -0.0334 2.1329 -1.0703 
-1.9480 0.2318 0.0000 -1.9332 -0.0335 2.1398 -1.0699 
-1.9478 0.2411 0.0000 -1.9309 -0.0335 2.1462 -1.0696 
-1.9477 0.2499 0.0000 -1.9285 -0.0336 2.1522 -1.0694 
-1.9475 0.2585 0.0000 -1.9262 -0.0336 2.1578 -1.0691 
-1.9474 0.2666 0.0000 -1.9238 -0.0337 2.1631 -1.0688 
-1.9472 0.2744 0.0000 -1.9215 -0.0337 2.1681 -1.0685 
-1.9471 0.2819 0.0000 -1.9192 -0.0338 2.1728 -1.0683 
-1.9469 0.2891 0.0000 -1.9169 -0.0339 2.1772 -1.0680 
-1.9468 0.2960 0.0000 -1.9146 -0.0339 2.1814 -1.0677 
-1.9467 0.3026 0.0000 -1.9124 -0.0340 2.1854 -1.0674 
-1.9465 0.3090 0.0000 -1.9102 -0.0341 2.1892 -1.0672 
-1.9464 0.3153 0.0000 -1.9080 -0.0342 2.1929 -1.0669 
-1.9463 0.3213 0.0000 -1.9059 -0.0343 2.1964 -1.0666 
-1.9461 0.3272 0.0000 -1.9038 -0.0344 2.1999 -1.0663 
-1.9460 0.3330 0.0000 -1.9017 -0.0346 2.2033 -1.0660 
-1.9458 0.3386 0.0000 -1.8996 -0.0347 2.2066 -1.0658 
-1.9457 0.3442 0.0000 -1.8976 -0.0348 2.2098 -1.0655 
-1.9456 0.3498 0.0000 -1.8956 -0.0350 2.2131 -1.0652 
-1.9454 0.3553 0.0000 -1.8935 -0.0351 2.2163 -1.0650 
-1.9452 0.3607 0.0000 -1.8915 -0.0353 2.2195 -1.0647 
-1.9451 0.3662 0.0000 -1.8895 -0.0354 2.2228 -1.0644 
-1.9449 0.3717 0.0000 -1.8875 -0.0356 2.2260 -1.0642 
-1.9447 0.3772 0.0000 -1.8855 -0.0358 2.2293 -1.0640 
-1.9446 0.3827 0.0000 -1.8835 -0.0359 2.2327 -1.0638 
-1.9444 0.3884 0.0000 -1.8814 -0.0361 2.2360 -1.0636 
-1.9442 0.3941 0.0000 -1.8793 -0.0363 2.2394 -1.0634 
-1.9440 0.3999 0.0000 -1.8771 -0.0365 2.2429 -1.0632 
-1.9438 0.4058 0.0000 -1.8749 -0.0367 2.2464 -1.0631 
-1.9436 0.4118 0.0000 -1.8725 -0.0369 2.2500 -1.0629 
-1.9434 0.4180 0.0000 -1.8701 -0.0371 2.2536 -1.0628 
-1.9431 0.4244 0.0000 -1.8676 -0.0373 2.2573 -1.0628 
-1.9429 0.4309 0.0000 -1.8650 -0.0375 2.2611 -1.0627 
-1.9427 0.4376 0.0000 -1.8622 -0.0378 2.2649 -1.0627 
-1.9424 0.4444 0.0000 -1.8592 -0.0380 2.2688 -1.0628 
-1.9422 0.4515 0.0000 -1.8561 -0.0382 2.2727 -1.0628 
-1.9419 0.4588 0.0000 -1.8528 -0.0385 2.2766 -1.0629 
-1.9416 0.4663 0.0000 -1.8492 -0.0387 2.2805 -1.0631 
-1.9414 0.4740 0.0000 -1.8454 -0.0390 2.2844 -1.0632 
-1.9411 0.4820 0.0000 -1.8414 -0.0393 2.2883 -1.0634 
-1.9408 0.4901 0.0000 -1.8372 -0.0395 2.2922 -1.0637 
-1.9406 0.4984 0.0000 -1.8326 -0.0398 2.2960 -1.0639 
-1.9403 0.5068 0.0000 -1.8278 -0.0401 2.2997 -1.0642 
-1.9400 0.5154 0.0000 -1.8227 -0.0404 2.3032 -1.0645 
-1.9397 0.5242 0.0000 -1.8173 -0.0407 2.3067 -1.0649 
-1.9395 0.5330 0.0000 -1.8117 -0.0410 2.3100 -1.0652 
-1.9392 0.5418 0.0000 -1.8058 -0.0413 2.3131 -1.0656 
-1.9390 0.5507 0.0000 -1.7997 -0.0417 2.3160 -1.0659 
-1.9388 0.5596 0.0000 -1.7933 -0.0420 2.3187 -1.0663 
-1.9385 0.5684 0.0000 -1.7868 -0.0423 2.3212 -1.0667 
-1.9383 0.5772 0.0000 -1.7801 -0.0426 2.3234 -1.0670 
-1.9382 0.5858 0.0000 -1.7732 -0.0430 2.3254 -1.0673 
-1.9380 0.5943 0.0000 -1.7662 -0.0433 2.3271 -1.0676 
-1.9378 0.6026 0.0000 -1.7592 -0.0436 2.3287 -1.0679 
-1.9377 0.6107 0.0000 -1.7521 -0.0439 2.3300 -1.0681 
-1.9376 0.6187 0.0000 -1.7450 -0.0442 2.3310 -1.0683 
-1.9375 0.6264 0.0000 -1.7379 -0.0445 2.3319 -1.0685 
-1.9374 0.6340 0.0000 -1.7308 -0.0448 2.3326 -1.0686 
-1.9374 0.6413 0.0000 -1.7237 -0.0451 2.3331 -1.0687 
-1.9373 0.6484 0.0000 -1.7167 -0.0454 2.3335 -1.0688 
-1.9373 0.6553 0.0000 -1.7098 -0.0457 2.3337 -1.0688 
-1.9373 0.6620 0.0000 -1.7029 -0.0459 2.3339 -1.0688 
-1.9373 0.6685 0.0000 -1.6962 -0.0462 2.3339 -1.0688 
-1.9374 0.6748 0.0000 -1.6896 -0.0465 2.3339 -1.0688 
-1.9374 0.6809 0.0000 -1.6831 -0.0467 2.3338 -1.0687 
-1.9375 0.6869 0.0000 -1.6767 -0.0469 2.3336 -1.0687 
-1.9375 0.6927 0.0000 -1.6704 -0.0472 2.3334 -1.0686 
-1.9376 0.6983 0.0000 -1.6642 -0.0474 2.3332 -1.0685 
-1.9377 0.7039 0.0000 -1.6582 -0.0476 2.3330 -1.0684 
-1.9378 0.7093 0.0000 -1.6523 -0.0478 2.3328 -1.0683 
-1.9379 0.7146 0.0000 -1.6465 -0.0480 2.3326 -1.0681 
-1.9381 0.7197 0.0000 -1.6409 -0.0482 2.3324 -1.0680 
-1.9382 0.7248 0.0000 -1.6354 -0.0483 2.3323 -1.0679 
-1.9383 0.7298 0.0000 -1.6300 -0.0485 2.3322 -1.0678 
-1.9385 0.7346 0.0000 -1.6248 -0.0486 2.3321 -1.0677 
-1.9387 0.7394 0.0000 -1.6198 -0.0488 2.3321 -1.0676 
-1.9389 0.7440 0.0000 -1.6149 -0.0489 2.3322 -1.0675 
-1.9391 0.7486 0.0000 -1.6101 -0.0490 2.3323 -1.0675 
-1.9393 0.7530 0.0000 -1.6055 -0.0491 2.3325 -1.0674 
-1.9395 0.7573 0.0000 -1.6011 -0.0492 2.3327 -1.0674 
-1.9397 0.7616 0.0000 -1.5969 -0.0493 2.3330 -1.0674 
-1.9400 0.7657 0.0000 -1.5929 -0.0494 2.3334 -1.0674 
-1.9402 0.7696 0.0000 -1.5891 -0.0494 2.3339 -1.0674 
-1.9405 0.7735 0.0000 -1.5854 -0.0495 2.3344 -1.0674 
-1.9407 0.7772 0.0000 -1.5820 -0.0495 2.3350 -1.0675 
-1.9410 0.7808 0.0000 -1.5788 -0.0495 2.3357 -1.0676 
-1.9413 0.7842 0.0000 -1.5758 -0.0495 2.3364 -1.0677 
-1.9416 0.7875 0.0000 -1.5730 -0.0495 2.3372 -1.0678 
-1.9418 0.7906 0.0000 -1.5704 -0.0495 2.3380 -1.0680 
-1.9421 0.7936 0.0000 -1.5681 -0.0495 2.3390 -1.0682 
-1.9424 0.7964 0.0000 -1.5659 -0.0495 2.3399 -1.0684 
-1.9427 0.7991 0.0000 -1.5640 -0.0495 2.3409 -1.0686 
-1.9430 0.8016 0.0000 -1.5623 -0.0495 2.3419 -1.0688 
-1.9433 0.8039 0.0000 -1.5607 -0.0494 2.3430 -1.0690 
-1.9436 0.8061 0.0000 -1.5594 -0.0494 2.3441 -1.0693 
-1.9439 0.8082 0.0000 -1.5582 -0.0494 2.3452 -1.0695 
-1.9441 0.8101 0.0000 -1.5572 -0.0493 2.3463 -1.0698 
-1.9444 0.8118 0.0000 -1.5563 -0.0493 2.3473 -1.0701 
-1.9447 0.8135 0.0000 -1.5556 -0.0493 2.3484 -1.0703 
-1.9449 0.8150 0.0000 -1.5549 -0.0493 2.3494 -1.0706 
-1.9451 0.8164 0.0000 -1.5544 -0.0492 2.3505 -1.0709 
-1.9454 0.8177 0.0000 -1.5540 -0.0492 2.3514 -1.0711 
-1.9456 0.8189 0.0000 -1.5536 -0.0492 2.3524 -1.0714 
-1.9458 0.8200 0.0000 -1.5533 -0.0492 2.3533 -1.0716 
-1.9460 0.8210 0.0000 -1.5530 -0.0492 2.3542 -1.0718 
-1.9461 0.8220 0.0000 -1.5527 -0.0492 2.3550 -1.0721 
-1.9463 0.8230 0.0000 -1.5525 -0.0493 2.3557 -1.0723 
-1.9464 0.8239 0.0000 -1.5523 -0.0493 2.3565 -1.0725 
-1.9466 0.8247 0.0000 -1.5520 -0.0493 2.3571 -1.0727 
-1.9467 0.8256 0.0000 -1.5518 -0.0494 2.3577 -1.0728 
-1.9468 0.8264 0.0000 -1.5515 -0.0494 2.3583 -1.0730 
-1.9469 0.8272 0.0000 -1.5512 -0.0495 2.3588 -1.0731 
-1.9470 0.8280 0.0000 -1.5509 -0.0496 2.3593 -1.0733 
-1.9471 0.8288 0.0000 -1.5505 -0.0497 2.3597 -1.0734 
-1.9472 0.8295 0.0000 -1.5501 -0.0497 2.3601 -1.0735 
-1.9473 0.8303 0.0000 -1.5497 -0.0498 2.3605 -1.0736 
-1.9474 0.8311 0.0000 -1.5492 -0.0499 2.3608 -1.0737 
-1.9474 0.8319 0.0000 -1.5487 -0.0500 2.3611 -1.0738 
-1.9475 0.8328 0.0000 -1.5481 -0.0502 2.3614 -1.0738 
-1.9475 0.8336 0.0000 -1.5475 -0.0503 2.3616 -1.0739 
-1.9476 0.8344 0.0000 -1.5469 -0.0504 2.3618 -1.0740 
-1.9476 0.8353 0.0000 -1.5462 -0.0505 2.3620 -1.0740 
-1.9477 0.8362 0.0000 -1.5455 -0.0506 2.3622 -1.0741 
-1.9477 0.8371 0.0000 -1.5448 -0.0508 2.3623 -1.0741 
-1.9477 0.8380 0.0000 -1.5440 -0.0509 2.3625 -1.0741 
-1.9477 0.8389 0.0000 -1.5433 -0.0511 2.3626 -1.0742 
-1.9478 0.8398 0.0000 -1.5424 -0.0512 2.3627 -1.0742 
-1.9478 0.8408 0.0000 -1.5416 -0.0513 2.3629 -1.0742 
-1.9478 0.8417 0.0000 -1.5407 -0.0515 2.3630 -1.0743 
-1.9478 0.8427 0.0000 -1.5399 -0.0516 2.3631 -1.0743 
-1.9479 0.8437 0.0000 -1.5390 -0.0518 2.3632 -1.0743 
-1.9479 0.8447 0.0000 -1.5381 -0.0519 2.3633 -1.0743 
-1.9479 0.8457 0.0000 -1.5371 -0.0521 2.3635 -1.0744 
-1.9479 0.8467 0.0000 -1.5362 -0.0523 2.3636 -1.0744 
-1.9479 0.8477 0.0000 -1.5353 -0.0524 2.3637 -1.0744 
-1.9479 0.8487 0.0000 -1.5343 -0.0526 2.3639 -1.0745 
-1.9480 0.8498 0.0000 -1.5334 -0.0527 2.3640 -1.0745 
-1.9480 0.8508 0.0000 -1.5324 -0.0529 2.3642 -1.0745 
-1.9480 0.8518 0.0000 -1.5314 -0.0530 2.3643 -1.0746 
-1.9480 0.8529 0.0000 -1.5305 -0.0532 2.3645 -1.0746 
-1.9480 0.8539 0.0000 -1.5295 -0.0534 2.3647 -1.0747 
-1.9481 0.8550 0.0000 -1.5286 -0.0535 2.3649 -1.0747 
-1.9481 0.8561 0.0000 -1.5276 -0.0537 2.3652 -1.0748 
-1.9481 0.8571 0.0000 -1.5267 -0.0538 2.3654 -1.0748 
-1.9481 0.8582 0.0000 -1.5257 -0.0540 2.3657 -1.0749 
-1.9481 0.8593 0.0000 -1.5248 -0.0541 2.3659 -1.0750 
-1.9482 0.8603 0.0000 -1.5239 -0.0543 2.3662 -1.0750 
-1.9482 0.8614 0.0000 -1.5230 -0.0545 2.3665 -1.0751 
-1.9482 0.8624 0.0000 -1.5221 -0.0546 2.3669 -1.0752 
-1.9482 0.8635 0.0000 -1.5212 -0.0547 2.3672 -1.0753 
-1.9482 0.8645 0.0000 -1.5203 -0.0549 2.3676 -1.0754 
-1.9483 0.8656 0.0000 -1.5194 -0.0550 2.3679 -1.0755 
-1.9483 0.8666 0.0000 -1.5186 -0.0552 2.3683 -1.0756 
-1.9483 0.8677 0.0000 -1.5178 -0.0553 2.3687 -1.0757 
-1.9484 0.8687 0.0000 -1.5170 -0.0554 2.3692 -1.0758 
-1.9484 0.8697 0.0000 -1.5162 -0.0556 2.3696 -1.0760 
-1.9484 0.8707 0.0000 -1.5154 -0.0557 2.3701 -1.0761 
-1.9484 0.8717 0.0000 -1.5147 -0.0558 2.3705 -1.0762 
-1.9485 0.8726 0.0000 -1.5140 -0.0559 2.3710 -1.0763 
-1.9485 0.8736 0.0000 -1.5133 -0.0561 2.3715 -1.0765 
-1.9485 0.8746 0.0000 -1.5126 -0.0562 2.3720 -1.0766 
-1.9486 0.8755 0.0000 -1.5119 -0.0563 2.3725 -1.0768 
-1.9486 0.8764 0.0000 -1.5113 -0.0564 2.3729 -1.0769 
-1.9486 0.8773 0.0000 -1.5107 -0.0565 2.3734 -1.0771 
-1.9487 0.8782 0.0000 -1.5101 -0.0565 2.3739 -1.0772 
-1.9487 0.8790 0.0000 -1.5096 -0.0566 2.3744 -1.0774 
-1.9487 0.8799 0.0000 -1.5090 -0.0567 2.3749 -1.0775 
-1.9488 0.8807 0.0000 -1.5085 -0.0568 2.3754 -1.0777 
-1.9488 0.8815 0.0000 -1.5080 -0.0569 2.3759 -1.0778 
-1.9488 0.8823 0.0000 -1.5075 -0.0569 2.3763 -1.0779 
-1.9488 0.8830 0.0000 -1.5071 -0.0570 2.3768 -1.0781 
-1.9489 0.8838 0.0000 -1.5066 -0.0570 2.3772 -1.0782 
-1.9489 0.8845 0.0000 -1.5062 -0.0571 2.3776 -1.0783 
-1.9489 0.8852 0.0000 -1.5058 -0.0571 2.3780 -1.0785 
-1.9490 0.8859 0.0000 -1.5054 -0.0572 2.3784 -1.0786 
-1.9490 0.8866 0.0000 -1.5050 -0.0572 2.3788 -1.0787 
-1.9490 0.8872 0.0000 -1.5046 -0.0572 2.3791 -1.0788 
-1.9490 0.8879 0.0000 -1.5042 -0.0573 2.3794 -1.0789 
-1.9491 0.8885 0.0000 -1.5038 -0.0573 2.3797 -1.0790 
-1.9491 0.8891 0.0000 -1.5035 -0.0573 2.3800 -1.0791 
-1.9491 0.8897 0.0000 -1.5031 -0.0574 2.3803 -1.0792 
-1.9491 0.8903 0.0000 -1.5028 -0.0574 2.3805 -1.0793 
-1.9491 0.8909 0.0000 -1.5024 -0.0574 2.3807 -1.0794 
-1.9492 0.8914 0.0000 -1.5021 -0.0574 2.3809 -1.0795 
-1.9492 0.8920 0.0000 -1.5018 -0.0574 2.3810 -1.0795 
-1.9492 0.8925 0.0000 -1.5014 -0.0574 2.3812 -1.0796 
-1.9492 0.8931 0.0000 -1.5011 -0.0575 2.3813 -1.0796 
-1.9492 0.8936 0.0000 -1.5007 -0.0575 2.3814 -1.0797 
-1.9492 0.8941 0.0000 -1.5004 -0.0575 2.3815 -1.0797 
-1.9493 0.8946 0.0000 -1.5001 -0.0575 2.3815 -1.0798 
-1.9493 0.8952 0.0000 -1.4997 -0.0575 2.3815 -1.0798 
-1.9493 0.8957 0.0000 -1.4994 -0.0575 2.3816 -1.0798 
-1.9493 0.8962 0.0000 -1.4990 -0.0575 2.3816 -1.0798 
-1.9493 0.8967 0.0000 -1.4987 -0.0575 2.3815 -1.0798 
-1.9493 0.8971 0.0000 -1.4983 -0.0575 2.3815 -1.0799 
-1.9493 0.8976 0.0000 -1.4979 -0.0575 2.3815 -1.0799 
-1.9493 0.8981 0.0000 -1.4976 -0.0575 2.3814 -1.0799 
-1.9493 0.8986 0.0000 -1.4972 -0.0575 2.3814 -1.0799 
-1.9493 0.8991 0.0000 -1.4968 -0.0575 2.3813 -1.0799 
-1.9493 0.8996 0.0000 -1.4965 -0.0575 2.3812 -1.0799 
-1.9493 0.9001 0.0000 -1.4961 -0.0576 2.3811 -1.0798 
-1.9493 0.9005 0.0000 -1.4957 -0.0576 2.3810 -1.0798 
-1.9494 0.9010 0.0000 -1.4953 -0.0576 2.3808 -1.0798 
-1.9494 0.9015 0.0000 -1.4949 -0.0576 2.3807 -1.0798 
-1.9494 0.9020 0.0000 -1.4945 -0.0576 2.3806 -1.0798 
-1.9494 0.9025 0.0000 -1.4941 -0.0576 2.3804 -1.0798 
-1.9494 0.9029 0.0000 -1.4937 -0.0576 2.3803 -1.0797 
-1.9494 0.9034 0.0000 -1.4933 -0.0576 2.3801 -1.0797 
-1.9494 0.9039 0.0000 -1.4929 -0.0576 2.3800 -1.0797 
-1.9494 0.9044 0.0000 -1.4925 -0.0576 2.3798 -1.0797 
-1.9494 0.9049 0.0000 -1.4921 -0.0576 2.3796 -1.0796 
-1.9494 0.9054 0.0000 -1.4917 -0.0576 2.3795 -1.0796 
-1.9494 0.9058 0.0000 -1.4912 -0.0577 2.3793 -1.0796 
-1.9494 0.9063 0.0000 -1.4908 -0.0577 2.3791 -1.0795 
-1.9494 0.9068 0.0000 -1.4904 -0.0577 2.3789 -1.0795 
-1.9494 0.9073 0.0000 -1.4900 -0.0577 2.3787 -1.0795 
-1.9494 0.9078 0.0000 -1.4895 -0.0577 2.3786 -1.0794 
-1.9494 0.9082 0.0000 -1.4891 -0.0577 2.3784 -1.0794 
-1.9494 0.9087 0.0000 -1.4887 -0.0577 2.3782 -1.0794 
-1.9494 0.9092 0.0000 -1.4883 -0.0577 2.3780 -1.0793 
-1.9494 0.9097 0.0000 -1.4878 -0.0577 2.3778 -1.0793 
-1.9494 0.9102 0.0000 -1.4874 -0.0578 2.3776 -1.0792 
-1.9494 0.9107 0.0000 -1.4870 -0.0578 2.3774 -1.0792 
-1.9494 0.9112 0.0000 -1.4865 -0.0578 2.3772 -1.0792 
-1.9494 0.9116 0.0000 -1.4861 -0.0578 2.3770 -1.0791 
-1.9494 0.9121 0.0000 -1.4857 -0.0578 2.3768 -1.0791 
-1.9494 0.9126 0.0000 -1.4852 -0.0578 2.3766 -1.0791 
-1.9494 0.9131 0.0000 -1.4848 -0.0578 2.3764 -1.0790 
-1.9494 0.9136 0.0000 -1.4843 -0.0578 2.3762 -1.0790 
-1.9494 0.9141 0.0000 -1.4839 -0.0578 2.3760 -1.0789 
-1.9494 0.9146 0.0000 -1.4835 -0.0579 2.3758 -1.0789 
-1.9494 0.9151 0.0000 -1.4830 -0.0579 2.3756 -1.0789 
-1.9494 0.9155 0.0000 -1.4826 -0.0579 2.3754 -1.0788 
-1.9494 0.9160 0.0000 -1.4821 -0.0579 2.3752 -1.0788 
-1.9494 0.9165 0.0000 -1.4817 -0.0579 2.3750 -1.0787 
-1.9494 0.9170 0.0000 -1.4813 -0.0579 2.3748 -1.0787 
-1.9494 0.9175 0.0000 -1.4808 -0.0579 2.3746 -1.0787 
-1.9494 0.9180 0.0000 -1.4804 -0.0580 2.3743 -1.0786 
-1.9494 0.9185 0.0000 -1.4799 -0.0580 2.3741 -1.0786 
-1.9494 0.9190 0.0000 -1.4795 -0.0580 2.3739 -1.0786 
-1.9494 0.9195 0.0000 -1.4791 -0.0580 2.3737 -1.0785 
-1.9494 0.9200 0.0000 -1.4786 -0.0580 2.3735 -1.0785 
-1.9494 0.9205 0.0000 -1.4782 -0.0580 2.3733 -1.0785 
-1.9494 0.9210 0.0000 -1.4777 -0.0580 2.3731 -1.0784 
-1.9494 0.9215 0.0000 -1.4773 -0.0580 2.3730 -1.0784 
-1.9494 0.9219 0.0000 -1.4768 -0.0581 2.3728 -1.0784 
-1.9494 0.9224 0.0000 -1.4764 -0.0581 2.3726 -1.0784 
-1.9494 0.9229 0.0000 -1.4760 -0.0581 2.3724 -1.0783 
-1.9494 0.9235 0.0000 -1.4755 -0.0581 2.3722 -1.0783 
-1.9494 0.9240 0.0000 -1.4751 -0.0581 2.3720 -1.0783 
-1.9494 0.9245 0.0000 -1.4746 -0.0581 2.3718 -1.0783 
-1.9494 0.9250 0.0000 -1.4742 -0.0581 2.3717 -1.0783 
-1.9494 0.9255 0.0000 -1.4737 -0.0581 2.3715 -1.0783 
-1.9494 0.9260 0.0000 -1.4733 -0.0582 2.3714 -1.0783 
-1.9494 0.9265 0.0000 -1.4728 -0.0582 2.3712 -1.0783 
-1.9494 0.9271 0.0000 -1.4724 -0.0582 2.3711 -1.0783 
-1.9494 0.9276 0.0000 -1.4720 -0.0582 2.3709 -1.0784 
-1.9494 0.9281 0.0000 -1.4715 -0.0582 2.3708 -1.0784 
-1.9494 0.9287 0.0000 -1.4711 -0.0582 2.3707 -1.0785 
-1.9494 0.9292 0.0000 -1.4706 -0.0582 2.3706 -1.0785 
-1.9494 0.9298 0.0000 -1.4702 -0.0583 2.3705 -1.0786 
-1.9494 0.9304 0.0000 -1.4697 -0.0583 2.3704 -1.0787 
-1.9494 0.9310 0.0000 -1.4693 -0.0583 2.3704 -1.0787 
-1.9494 0.9315 0.0000 -1.4688 -0.0583 2.3704 -1.0789 
-1.9494 0.9322 0.0000 -1.4684 -0.0583 2.3704 -1.0790 
-1.9494 0.9328 0.0000 -1.4680 -0.0583 2.3704 -1.0791 
-1.9494 0.9334 0.0000 -1.4675 -0.0583 2.3704 -1.0793 
-1.9494 0.9341 0.0000 -1.4671 -0.0583 2.3705 -1.0794 
-1.9494 0.9347 0.0000 -1.4666 -0.0583 2.3706 -1.0796 
-1.9495 0.9354 0.0000 -1.4662 -0.0583 2.3707 -1.0798 
-1.9495 0.9361 0.0000 -1.4657 -0.0584 2.3708 -1.0801 
-1.9495 0.9368 0.0000 -1.4653 -0.0584 2.3710 -1.0803 
-1.9495 0.9376 0.0000 -1.4648 -0.0584 2.3712 -1.0806 
-1.9495 0.9383 0.0000 -1.4644 -0.0584 2.3715 -1.0809 
-1.9495 0.9391 0.0000 -1.4639 -0.0584 2.3718 -1.0812 
-1.9495 0.9399 0.0000 -1.4635 -0.0584 2.3722 -1.0815 
-1.9495 0.9408 0.0000 -1.4630 -0.0584 2.3725 -1.0818 
-1.9496 0.9416 0.0000 -1.4626 -0.0584 2.3730 -1.0822 
-1.9496 0.9425 0.0000 -1.4622 -0.0584 2.3734 -1.0825 
-1.9496 0.9434 0.0000 -1.4617 -0.0584 2.3739 -1.0829 
-1.9496 0.9444 0.0000 -1.4613 -0.0584 2.3745 -1.0833 
-1.9496 0.9453 0.0000 -1.4608 -0.0583 2.3750 -1.0837 
-1.9497 0.9463 0.0000 -1.4604 -0.0583 2.3756 -1.0841 
-1.9497 0.9473 0.0000 -1.4599 -0.0583 2.3763 -1.0845 
-1.9497 0.9483 0.0000 -1.4595 -0.0583 2.3770 -1.0848 
-1.9497 0.9493 0.0000 -1.4590 -0.0583 2.3776 -1.0852 
-1.9498 0.9504 0.0000 -1.4586 -0.0583 2.3784 -1.0856 
-1.9498 0.9514 0.0000 -1.4581 -0.0582 2.3791 -1.0859 
-1.9498 0.9525 0.0000 -1.4577 -0.0582 2.3798 -1.0862 
-1.9499 0.9536 0.0000 -1.4572 -0.0582 2.3806 -1.0865 
-1.9499 0.9546 0.0000 -1.4568 -0.0582 2.3813 -1.0868 
-1.9499 0.9557 0.0000 -1.4563 -0.0581 2.3820 -1.0870 
-1.9500 0.9567 0.0000 -1.4559 -0.0581 2.3827 -1.0872 
-1.9500 0.9578 0.0000 -1.4554 -0.0581 2.3834 -1.0873 
-1.9500 0.9588 0.0000 -1.4549 -0.0581 2.3841 -1.0874 
-1.9500 0.9598 0.0000 -1.4545 -0.0580 2.3848 -1.0875 
-1.9501 0.9608 0.0000 -1.4540 -0.0580 2.3854 -1.0875 
-1.9501 0.9618 0.0000 -1.4536 -0.0580 2.3860 -1.0874 
-1.9501 0.9628 0.0000 -1.4531 -0.0579 2.3865 -1.0873 
-1.9502 0.9637 0.0000 -1.4527 -0.0579 2.3870 -1.0872 
-1.9502 0.9646 0.0000 -1.4522 -0.0579 2.3875 -1.0870 
-1.9502 0.9655 0.0000 -1.4518 -0.0578 2.3879 -1.0868 
-1.9502 0.9664 0.0000 -1.4513 -0.0578 2.3882 -1.0865 
-1.9503 0.9672 0.0000 -1.4509 -0.0578 2.3885 -1.0862 
-1.9503 0.9681 0.0000 -1.4504 -0.0577 2.3888 -1.0858 
-1.9503 0.9688 0.0000 -1.4500 -0.0577 2.3890 -1.0854 
-1.9503 0.9696 0.0000 -1.4495 -0.0577 2.3892 -1.0850 
-1.9504 0.9703 0.0000 -1.4490 -0.0576 2.3894 -1.0845 
-1.9504 0.9710 0.0000 -1.4486 -0.0576 2.3894 -1.0840 
-1.9504 0.9717 0.0000 -1.4481 -0.0576 2.3895 -1.0834 
-1.9504 0.9724 0.0000 -1.4477 -0.0575 2.3895 -1.0828 
-1.9504 0.9730 0.0000 -1.4472 -0.0575 2.3895 -1.0822 
-1.9504 0.9736 0.0000 -1.4468 -0.0575 2.3894 -1.0816 
-1.9505 0.9742 0.0000 -1.4463 -0.0575 2.3893 -1.0809 
-1.9505 0.9748 0.0000 -1.4459 -0.0574 2.3891 -1.0802 
-1.9505 0.9754 0.0000 -1.4454 -0.0574 2.3889 -1.0795 
-1.9505 0.9759 0.0000 -1.4449 -0.0574 2.3887 -1.0787 
-1.9505 0.9764 0.0000 -1.4445 -0.0574 2.3885 -1.0780 
-1.9505 0.9769 0.0000 -1.4440 -0.0574 2.3882 -1.0772 
-1.9505 0.9774 0.0000 -1.4436 -0.0574 2.3879 -1.0764 
-1.9505 0.9779 0.0000 -1.4431 -0.0573 2.3876 -1.0755 
-1.9505 0.9784 0.0000 -1.4427 -0.0573 2.3873 -1.0746 
-1.9505 0.9788 0.0000 -1.4422 -0.0573 2.3869 -1.0737 
-1.9505 0.9793 0.0000 -1.4418 -0.0573 2.3865 -1.0728 
-1.9505 0.9797 0.0000 -1.4413 -0.0573 2.3861 -1.0718 
-1.9505 0.9801 0.0000 -1.4409 -0.0573 2.3857 -1.0708 
-1.9505 0.9805 0.0000 -1.4404 -0.0573 2.3853 -1.0698 
-1.9505 0.9809 0.0000 -1.4400 -0.0573 2.3848 -1.0687 
-1.9505 0.9813 0.0000 -1.4395 -0.0573 2.3843 -1.0675 
-1.9505 0.9817 0.0000 -1.4391 -0.0573 2.3839 -1.0663 
-1.9505 0.9820 0.0000 -1.4386 -0.0573 2.3834 -1.0650 
-1.9505 0.9824 0.0000 -1.4382 -0.0573 2.3829 -1.0637 
-1.9505 0.9828 0.0000 -1.4377 -0.0573 2.3824 -1.0622 
-1.9505 0.9831 0.0000 -1.4373 -0.0573 2.3819 -1.0607 
-1.9504 0.9835 0.0000 -1.4369 -0.0573 2.3814 -1.0591 
-1.9504 0.9838 0.0000 -1.4364 -0.0572 2.3809 -1.0573 
-1.9504 0.9841 0.0000 -1.4360 -0.0572 2.3804 -1.0554 
-1.9504 0.9844 0.0000 -1.4356 -0.0572 2.3798 -1.0534 
-1.9504 0.9847 0.0000 -1.4352 -0.0572 2.3793 -1.0511 
-1.9503 0.9850 0.0000 -1.4348 -0.0572 2.3788 -1.0487 
-1.9503 0.9853 0.0000 -1.4344 -0.0572 2.3783 -1.0461 
-1.9503 0.9856 0.0000 -1.4341 -0.0571 2.3778 -1.0432 
-1.9503 0.9859 0.0000 -1.4337 -0.0571 2.3774 -1.0401 
-1.9502 0.9862 0.0000 -1.4333 -0.0570 2.3769 -1.0367 
-1.9502 0.9864 0.0000 -1.4330 -0.0570 2.3765 -1.0330 
-1.9502 0.9867 0.0000 -1.4327 -0.0569 2.3760 -1.0289 
-1.9501 0.9869 0.0000 -1.4324 -0.0568 2.3756 -1.0245 
-1.9501 0.9871 0.0000 -1.4321 -0.0567 2.3752 -1.0197 
-1.9501 0.9874 0.0000 -1.4319 -0.0566 2.3748 -1.0145 
-1.9500 0.9876 0.0000 -1.4316 -0.0565 2.3745 -1.0088 
-1.9500 0.9877 0.0000 -1.4314 -0.0564 2.3742 -1.0027 
-1.9499 0.9879 0.0000 -1.4312 -0.0562 2.3739 -0.9961 
-1.9499 0.9881 0.0000 -1.4310 -0.0560 2.3737 -0.9891 
-1.9498 0.9882 0.0000 -1.4309 -0.0558 2.3735 -0.9815 
-1.9498 0.9883 0.0000 -1.4308 -0.0556 2.3733 -0.9734 
-1.9498 0.9884 0.0000 -1.4307 -0.0554 2.3731 -0.9648 
-1.9497 0.9885 0.0000 -1.4307 -0.0551 2.3730 -0.9558 
-1.9497 0.9886 0.0000 -1.4306 -0.0548 2.3730 -0.9462 
-1.9496 0.9887 0.0000 -1.4306 -0.0545 2.3729 -0.9362 
-1.9496 0.9887 0.0000 -1.4306 -0.0541 2.3729 -0.9258 
-1.9496 0.9887 0.0000 -1.4307 -0.0538 2.3729 -0.9150 
-1.9495 0.9888 0.0000 -1.4307 -0.0534 2.3730 -0.9038 
-1.9495 0.9888 0.0000 -1.4308 -0.0530 2.3731 -0.8923 
-1.9495 0.9888 0.0000 -1.4309 -0.0526 2.3732 -0.8805 
-1.9494 0.9888 0.0000 -1.4310 -0.0521 2.3733 -0.8685 
-1.9494 0.9887 0.0000 -1.4311 -0.0516 2.3734 -0.8564 
-1.9494 0.9887 0.0000 -1.4313 -0.0512 2.3736 -0.8440 
-1.9494 0.9887 0.0000 -1.4314 -0.0507 2.3738 -0.8316 
-1.9494 0.9886 0.0000 -1.4316 -0.0502 2.3740 -0.8191 
-1.9494 0.9886 0.0000 -1.4317 -0.0497 2.3741 -0.8066 
-1.9494 0.9885 0.0000 -1.4319 -0.0492 2.3743 -0.7941 
-1.9494 0.9885 0.0000 -1.4320 -0.0487 2.3745 -0.7817 
-1.9494 0.9884 0.0000 -1.4322 -0.0481 2.3747 -0.7693 
-1.9494 0.9883 0.0000 -1.4323 -0.0476 2.3749 -0.7571 
-1.9494 0.9883 0.0000 -1.4325 -0.0471 2.3751 -0.7449 
-1.9494 0.9882 0.0000 -1.4326 -0.0466 2.3753 -0.7328 
-1.9494 0.9882 0.0000 -1.4328 -0.0460 2.3754 -0.7209 
-1.9494 0.9881 0.0000 -1.4329 -0.0455 2.3756 -0.7091 
-1.9494 0.9881 0.0000 -1.4330 -0.0450 2.3758 -0.6975 
-1.9494 0.9880 0.0000 -1.4332 -0.0445 2.3759 -0.6860 
-1.9495 0.9880 0.0000 -1.4333 -0.0439 2.3761 -0.6747 
-1.9495 0.9879 0.0000 -1.4334 -0.0434 2.3762 -0.6635 
-1.9495 0.9879 0.0000 -1.4335 -0.0429 2.3763 -0.6524 
-1.9495 0.9878 0.0000 -1.4336 -0.0424 2.3764 -0.6415 
-1.9495 0.9878 0.0000 -1.4337 -0.0419 2.3765 -0.6306 
-1.9496 0.9878 0.0000 -1.4338 -0.0414 2.3766 -0.6200 
-1.9496 0.9877 0.0000 -1.4339 -0.0409 2.3767 -0.6094 
-1.9496 0.9877 0.0000 -1.4339 -0.0404 2.3768 -0.5989 
-1.9496 0.9877 0.0000 -1.4340 -0.0399 2.3769 -0.5885 
-1.9497 0.9876 0.0000 -1.4341 -0.0394 2.3770 -0.5782 
-1.9497 0.9876 0.0000 -1.4342 -0.0389 2.3770 -0.5680 
-1.9497 0.9876 0.0000 -1.4342 -0.0384 2.3771 -0.5579 
-1.9498 0.9875 0.0000 -1.4343 -0.0379 2.3772 -0.5478 
-1.9498 0.9875 0.0000 -1.4343 -0.0374 2.3772 -0.5378 
-1.9498 0.9875 0.0000 -1.4344 -0.0370 2.3773 -0.5279 
-1.9498 0.9875 0.0000 -1.4344 -0.0365 2.3773 -0.5180 
-1.9499 0.9875 0.0000 -1.4345 -0.0360 2.3774 -0.5081 
-1.9499 0.9874 0.0000 -1.4345 -0.0355 2.3774 -0.4984 
-1.9499 0.9874 0.0000 -1.4346 -0.0351 2.3774 -0.4886 
-1.9500 0.9874 0.0000 -1.4346 -0.0346 2.3775 -0.4789 
-1.9500 0.9874 0.0000 -1.4347 -0.0341 2.3775 -0.4692 
-1.9500 0.9874 0.0000 -1.4347 -0.0336 2.3775 -0.4595 
-1.9500 0.9873 0.0000 -1.4347 -0.0332 2.3776 -0.4499 
-1.9501 0.9873 0.0000 -1.4348 -0.0327 2.3776 -0.4402 
-1.9501 0.9873 0.0000 -1.4348 -0.0322 2.3776 -0.4306 
-1.9501 0.9873 0.0000 -1.4348 -0.0317 2.3777 -0.4210 
-1.9502 0.9873 0.0000 -1.4349 -0.0313 2.3777 -0.4114 
-1.9502 0.9873 0.0000 -1.4349 -0.0308 2.3777 -0.4018 
-1.9502 0.9872 0.0000 -1.4349 -0.0303 2.3777 -0.3923 
-1.9503 0.9872 0.0000 -1.4350 -0.0299 2.3777 -0.3827 
-1.9503 0.9872 0.0000 -1.4350 -0.0294 2.3778 -0.3731 
-1.9503 0.9872 0.0000 -1.4350 -0.0289 2.3778 -0.3636 
-1.9503 0.9872 0.0000 -1.4351 -0.0284 2.3778 -0.3540 
-1.9504 0.9872 0.0000 -1.4351 -0.0280 2.3778 -0.3444 
-1.9504 0.9872 0.0000 -1.4351 -0.0275 2.3778 -0.3348 
-1.9504 0.9871 0.0000 -1.4351 -0.0270 2.3778 -0.3252 
-1.9505 0.9871 0.0000 -1.4352 -0.0266 2.3778 -0.3156 
-1.9505 0.9871 0.0000 -1.4352 -0.0261 2.3779 -0.3060 
-1.9505 0.9871 0.0000 -1.4352 -0.0256 2.3779 -0.2964 
-1.9506 0.9871 0.0000 -1.4353 -0.0251 2.3779 -0.2867 
-1.9506 0.9871 0.0000 -1.4353 -0.0246 2.3779 -0.2770 
-1.9506 0.9871 0.0000 -1.4353 -0.0242 2.3779 -0.2673 
-1.9507 0.9871 0.0000 -1.4353 -0.0237 2.3779 -0.2576 
-1.9507 0.9870 0.0000 -1.4354 -0.0232 2.3779 -0.2478 
-1.9507 0.9870 0.0000 -1.4354 -0.0227 2.3779 -0.2380 
-1.9507 0.9870 0.0000 -1.4354 -0.0222 2.3779 -0.2282 
-1.9508 0.9870 0.0000 -1.4354 -0.0217 2.3779 -0.2183 
-1.9508 0.9870 0.0000 -1.4355 -0.0212 2.3779 -0.2084 
-1.9508 0.9870 0.0000 -1.4355 -0.0207 2.3779 -0.1984 
-1.9509 0.9870 0.0000 -1.4355 -0.0202 2.3779 -0.1884 
-1.9509 0.9870 0.0000 -1.4355 -0.0197 2.3779 -0.1783 
-1.9509 0.9869 0.0000 -1.4356 -0.0192 2.3779 -0.1682 
-1.9510 0.9869 0.0000 -1.4356 -0.0187 2.3779 -0.1579 
-1.9510 0.9869 0.0000 -1.4356 -0.0181 2.3779 -0.1477 
-1.9511 0.9869 0.0000 -1.4356 -0.0176 2.3779 -0.1373 
-1.9511 0.9869 0.0000 -1.4357 -0.0171 2.3779 -0.1269 
-1.9511 0.9869 0.0000 -1.4357 -0.0165 2.3779 -0.1164 
-1.9512 0.9869 0.0000 -1.4357 -0.0160 2.3778 -0.1058 
-1.9512 0.9869 0.0000 -1.4357 -0.0154 2.3778 -0.0952 
-1.9512 0.9868 0.0000 -1.4357 -0.0148 2.3778 -0.0845 
-1.9513 0.9868 0.0000 -1.4357 -0.0142 2.3778 -0.0736 
-1.9513 0.9868 0.0000 -1.4358 -0.0137 2.3777 -0.0628 
-1.9514 0.9868 0.0000 -1.4358 -0.0131 2.3777 -0.0518 
-1.9514 0.9868 0.0000 -1.4358 -0.0125 2.3776 -0.0408 
-1.9514 0.9868 0.0000 -1.4358 -0.0118 2.3776 -0.0298 
-1.9515 0.9868 0.0000 -1.4358 -0.0112 2.3775 -0.0186 
-1.9515 0.9868 0.0000 -1.4358 -0.0106 2.3775 -0.0075 
-1.9516 0.9867 0.0000 -1.4358 -0.0099 2.3774 0.0037 
-1.9516 0.9867 0.0000 -1.4359 -0.0093 2.3774 0.0148 
-1.9516 0.9867 0.0000 -1.4359 -0.0087 2.3773 0.0259 
-1.9517 0.9867 0.0000 -1.4359 -0.0080 2.3772 0.0370 
-1.9517 0.9867 0.0000 -1.4359 -0.0073 2.3772 0.0481 
-1.9518 0.9867 0.0000 -1.4359 -0.0067 2.3771 0.0590 
-1.9518 0.9867 0.0000 -1.4359 -0.0060 2.3770 0.0698 
-1.9518 0.9867 0.0000 -1.4359 -0.0053 2.3769 0.0805 
-1.9519 0.9867 0.0000 -1.4359 -0.0047 2.3769 0.0910 
-1.9519 0.9867 0.0000 -1.4359 -0.0040 2.3768 0.1013 
-1.9519 0.9866 0.0000 -1.4359 -0.0034 2.3767 0.1114 
-1.9520 0.9866 0.0000 -1.4359 -0.0027 2.3766 0.1212 
-1.9520 0.9866 0.0000 -1.4359 -0.0021 2.3766 0.1307 
-1.9520 0.9866 0.0000 -1.4359 -0.0015 2.3765 0.1399 
-1.9521 0.9866 0.0000 -1.4359 -0.0009 2.3764 0.1489 
-1.9521 0.9866 0.0000 -1.4359 -0.0003 2.3764 0.1575 
-1.9521 0.9866 0.0000 -1.4359 0.0003 2.3763 0.1657 
-1.9521 0.9866 0.0000 -1.4359 0.0009 2.3763 0.1736 
-1.9521 0.9866 0.0000 -1.4359 0.0014 2.3762 0.1812 
-1.9522 0.9866 0.0000 -1.4359 0.0019 2.3762 0.1884 
-1.9522 0.9866 0.0000 -1.4359 0.0024 2.3761 0.1952 
-1.9522 0.9866 0.0000 -1.4359 0.0029 2.3761 0.2018 
-1.9522 0.9866 0.0000 -1.4359 0.0033 2.3761 0.2080 
-1.9522 0.9866 0.0000 -1.4359 0.0038 2.3761 0.2139 
-1.9522 0.9866 0.0000 -1.4359 0.0042 2.3761 0.2195 
-1.9522 0.9866 0.0000 -1.4359 0.0046 2.3761 0.2248 
-1.9522 0.9866 0.0000 -1.4359 0.0050 2.3761 0.2299 
-1.9522 0.9866 0.0000 -1.4359 0.0054 2.3761 0.2348 
-1.9522 0.9866 0.0000 -1.4359 0.0057 2.3761 0.2394 
-1.9522 0.9866 0.0000 -1.4359 0.0061 2.3762 0.2439 
-1.9522 0.9866 0.0000 -1.4359 0.0064 2.3762 0.2481 
-1.9522 0.9866 0.0000 -1.4359 0.0067 2.3762 0.2522 
-1.9522 0.9866 0.0000 -1.4359 0.0070 2.3763 0.2562 
-1.9522 0.9866 0.0000 -1.4359 0.0073 2.3763 0.2600 
-1.9522 0.9866 0.0000 -1.4359 0.0075 2.3764 0.2637 
-1.9522 0.9866 0.0000 -1.4359 0.0078 2.3764 0.2673 
-1.9522 0.9866 0.0000 -1.4360 0.0081 2.3765 0.2708 
-1.9522 0.9866 0.0000 -1.4360 0.0083 2.3766 0.2743 
-1.9522 0.9866 0.0000 -1.4360 0.0086 2.3766 0.2777 
-1.9522 0.9866 0.0000 -1.4360 0.0088 2.3767 0.2810 
-1.9522 0.9866 0.0000 -1.4360 0.0090 2.3768 0.2843 
-1.9522 0.9866 0.0000 -1.4360 0.0093 2.3769 0.2876 
-1.9522 0.9866 0.0000 -1.4360 0.0095 2.3770 0.2908 
-1.9521 0.9866 0.0000 -1.4361 0.0097 2.3771 0.2940 
-1.9521 0.9866 0.0000 -1.4361 0.0099 2.3771 0.2972 
-1.9521 0.9866 0.0000 -1.4361 0.0101 2.3772 0.3004 
-1.9521 0.9866 0.0000 -1.4361 0.0104 2.3773 0.3036 
-1.9521 0.9866 0.0000 -1.4361 0.0106 2.3774 0.3067 
-1.9521 0.9866 0.0000 -1.4361 0.0108 2.3775 0.3099 
-1.9521 0.9866 0.0000 -1.4362 0.0110 2.3777 0.3131 
-1.9521 0.9866 0.0000 -1.4362 0.0112 2.3778 0.3163 
-1.9521 0.9866 0.0000 -1.4362 0.0114 2.3779 0.3195 
-1.9521 0.9866 0.0000 -1.4362 0.0116 2.3780 0.3227 
-1.9520 0.9866 0.0000 -1.4362 0.0118 2.3781 0.3260 
-1.9520 0.9866 0.0000 -1.4362 0.0120 2.3782 0.3292 
-1.9520 0.9866 0.0000 -1.4363 0.0122 2.3784 0.3325 
-1.9520 0.9866 0.0000 -1.4363 0.0124 2.3785 0.3358 
-1.9520 0.9866 0.0000 -1.4363 0.0126 2.3786 0.3391 
-1.9520 0.9866 0.0000 -1.4363 0.0128 2.3788 0.3424 
-1.9520 0.9866 0.0000 -1.4363 0.0130 2.3789 0.3458 
-1.9520 0.9866 0.0000 -1.4363 0.0132 2.3790 0.3491 
-1.9520 0.9866 0.0000 -1.4363 0.0134 2.3792 0.3525 
-1.9519 0.9866 0.0000 -1.4364 0.0137 2.3793 0.3559 
-1.9519 0.9866 0.0000 -1.4364 0.0139 2.3795 0.3594 
-1.9519 0.9866 0.0000 -1.4364 0.0141 2.3797 0.3628 
-1.9519 0.9867 0.0000 -1.4364 0.0143 2.3798 0.3663 
-1.9519 0.9867 0.0000 -1.4364 0.0145 2.3800 0.3698 
-1.9519 0.9867 0.0000 -1.4364 0.0147 2.3802 0.3733 
-1.9519 0.9867 0.0000 -1.4364 0.0149 2.3804 0.3768 
-1.9519 0.9867 0.0000 -1.4364 0.0151 2.3806 0.3803 
-1.9519 0.9867 0.0000 -1.4364 0.0153 2.3808 0.3838 
-1.9518 0.9867 0.0000 -1.4364 0.0156 2.3809 0.3873 
-1.9518 0.9867 0.0000 -1.4364 0.0158 2.3811 0.3907 
-1.9518 0.9868 0.0000 -1.4364 0.0160 2.3814 0.3942 
-1.9518 0.9868 0.0000 -1.4364 0.0162 2.3816 0.3976 
-1.9518 0.9868 0.0000 -1.4364 0.0164 2.3818 0.4009 
-1.9518 0.9868 0.0000 -1.4364 0.0166 2.3820 0.4042 
-1.9518 0.9868 0.0000 -1.4364 0.0168 2.3822 0.4075 
-1.9518 0.9869 0.0000 -1.4364 0.0170 2.3824 0.4107 
-1.9518 0.9869 0.0000 -1.4363 0.0172 2.3826 0.4138 
-1.9518 0.9869 0.0000 -1.4363 0.0174 2.3829 0.4168 
-1.9517 0.9869 0.0000 -1.4363 0.0176 2.3831 0.4196 
-1.9517 0.9869 0.0000 -1.4363 0.0177 2.3833 0.4224 
-1.9517 0.9870 0.0000 -1.4363 0.0179 2.3835 0.4251 
-1.9517 0.9870 0.0000 -1.4362 0.0181 2.3837 0.4276 
-1.9517 0.9870 0.0000 -1.4362 0.0182 2.3839 0.4299 
-1.9517 0.9870 0.0000 -1.4362 0.0184 2.3841 0.4321 
-1.9517 0.9871 0.0000 -1.4362 0.0185 2.3843 0.4342 
-1.9517 0.9871 0.0000 -1.4361 0.0186 2.3844 0.4361 
-1.9517 0.9871 0.0000 -1.4361 0.0187 2.3846 0.4378 
-1.9517 0.9871 0.0000 -1.4361 0.0189 2.3848 0.4394 
-1.9517 0.9872 0.0000 -1.4361 0.0189 2.3849 0.4408 
-1.9517 0.9872 0.0000 -1.4360 0.0190 2.3850 0.4421 
-1.9517 0.9872 0.0000 -1.4360 0.0191 2.3852 0.4432 
-1.9516 0.9872 0.0000 -1.4360 0.0192 2.3853 0.4441 
-1.9516 0.9872 0.0000 -1.4359 0.0192 2.3853 0.4450 
-1.9516 0.9872 0.0000 -1.4359 0.0193 2.3854 0.4456 
-1.9516 0.9873 0.0000 -1.4359 0.0193 2.3855 0.4462 
-1.9516 0.9873 0.0000 -1.4359 0.0194 2.3855 0.4467 
-1.9516 0.9873 0.0000 -1.4359 0.0194 2.3856 0.4470 
-1.9516 0.9873 0.0000 -1.4358 0.0194 2.3856 0.4473 
-1.9516 0.9873 0.0000 -1.4358 0.0195 2.3856 0.4475 
-1.9516 0.9873 0.0000 -1.4358 0.0195 2.3857 0.4476 
-1.9516 0.9873 0.0000 -1.4358 0.0195 2.3857 0.4476 
-1.9516 0.9873 0.0000 -1.4358 0.0195 2.3857 0.4476 
-1.9516 0.9873 0.0000 -1.4358 0.0195 2.3856 0.4476 
-1.9516 0.9873 0.0000 -1.4358 0.0195 2.3856 0.4475 
-1.9516 0.9873 0.0000 -1.4358 0.0195 2.3856 0.4473 
-1.9516 0.9873 0.0000 -1.4357 0.0195 2.3856 0.4472 
-1.9516 0.9873 0.0000 -1.4357 0.0195 2.3855 0.4470 
-1.9516 0.9873 0.0000 -1.4357 0.0195 2.3855 0.4468 
-1.9516 0.9873 0.0000 -1.4357 0.0195 2.3854 0.4466 
-1.9516 0.9873 0.0000 -1.4357 0.0195 2.3854 0.4464 
-1.9516 0.9873 0.0000 -1.4357 0.0195 2.3853 0.4462 
-1.9516 0.9873 0.0000 -1.4357 0.0194 2.3853 0.4460 
-1.9516 0.9873 0.0000 -1.4357 0.0194 2.3852 0.4458 
-1.9516 0.9873 0.0000 -1.4357 0.0194 2.3851 0.4455 
-1.9516 0.9873 0.0000 -1.4357 0.0194 2.3851 0.4453 
-1.9516 0.9873 0.0000 -1.4357 0.0194 2.3850 0.4451 
-1.9516 0.9873 0.0000 -1.4357 0.0194 2.3849 0.4449 
-1.9516 0.9873 0.0000 -1.4357 0.0194 2.3849 0.4447 
-1.9516 0.9873 0.0000 -1.4357 0.0194 2.3848 0.4445 
-1.9516 0.9873 0.0000 -1.4357 0.0194 2.3847 0.4443 
-1.9516 0.9873 0.0000 -1.4358 0.0194 2.3846 0.4441 
-1.9516 0.9873 0.0000 -1.4358 0.0193 2.3846 0.4440 
-1.9516 0.9873 0.0000 -1.4358 0.0193 2.3845 0.4438 
-1.9516 0.9873 0.0000 -1.4358 0.0193 2.3844 0.4436 
-1.9516 0.9873 0.0000 -1.4358 0.0193 2.3843 0.4435 
-1.9516 0.9873 0.0000 -1.4358 0.0193 2.3842 0.4433 
-1.9516 0.9872 0.0000 -1.4358 0.0193 2.3842 0.4432 
-1.9516 0.9872 0.0000 -1.4358 0.0193 2.3841 0.4431 
-1.9516 0.9872 0.0000 -1.4358 0.0193 2.3840 0.4429 
-1.9516 0.9872 0.0000 -1.4358 0.0193 2.3839 0.4428 
-1.9516 0.9872 0.0000 -1.4358 0.0193 2.3838 0.4427 
-1.9516 0.9872 0.0000 -1.4358 0.0193 2.3838 0.4426 
-1.9516 0.9872 0.0000 -1.4358 0.0193 2.3837 0.4425 
-1.9516 0.9872 0.0000 -1.4358 0.0193 2.3836 0.4424 
-1.9516 0.9872 0.0000 -1.4359 0.0192 2.3835 0.4423 
-1.9516 0.9872 0.0000 -1.4359 0.0192 2.3834 0.4422 
-1.9516 0.9872 0.0000 -1.4359 0.0192 2.3834 0.4421 
-1.9516 0.9872 0.0000 -1.4359 0.0192 2.3833 0.4420 
-1.9516 0.9872 0.0000 -1.4359 0.0192 2.3832 0.4419 
-1.9516 0.9871 0.0000 -1.4359 0.0192 2.3831 0.4418 
-1.9516 0.9871 0.0000 -1.4359 0.0192 2.3830 0.4417 
-1.9516 0.9871 0.0000 -1.4359 0.0192 2.3830 0.4416 
-1.9516 0.9871 0.0000 -1.4359 0.0192 2.3829 0.4416 
-1.9516 0.9871 0.0000 -1.4359 0.0192 2.3828 0.4415 
-1.9516 0.9871 0.0000 -1.4359 0.0192 2.3827 0.4414 
-1.9516 0.9871 0.0000 -1.4360 0.0192 2.3826 0.4413 
-1.9516 0.9871 0.0000 -1.4360 0.0192 2.3826 0.4413 
-1.9516 0.9871 0.0000 -1.4360 0.0192 2.3825 0.4412 
-1.9516 0.9871 0.0000 -1.4360 0.0192 2.3824 0.4411 
-1.9516 0.9871 0.0000 -1.4360 0.0192 2.3823 0.4411 
-1.9516 0.9871 0.0000 -1.4360 0.0192 2.3822 0.4410 
-1.9516 0.9870 0.0000 -1.4360 0.0192 2.3822 0.4409 
-1.9516 0.9870 0.0000 -1.4360 0.0192 2.3821 0.4409 
-1.9516 0.9870 0.0000 -1.4360 0.0192 2.3820 0.4408 
-1.9516 0.9870 0.0000 -1.4360 0.0192 2.3819 0.4407 
-1.9516 0.9870 0.0000 -1.4360 0.0192 2.3818 0.4407 
-1.9516 0.9870 0.0000 -1.4361 0.0192 2.3818 0.4406 
-1.9516 0.9870 0.0000 -1.4361 0.0191 2.3817 0.4406 
-1.9516 0.9870 0.0000 -1.4361 0.0191 2.3816 0.4405 
-1.9516 0.9870 0.0000 -1.4361 0.0191 2.3815 0.4404 
-1.9516 0.9870 0.0000 -1.4361 0.0191 2.3814 0.4404 
-1.9516 0.9870 0.0000 -1.4361 0.0191 2.3814 0.4403 
-1.9516 0.9870 0.0000 -1.4361 0.0191 2.3813 0.4402 
-1.9516 0.9869 0.0000 -1.4361 0.0191 2.3812 0.4402 
-1.9516 0.9869 0.0000 -1.4361 0.0191 2.3811 0.4401 
-1.9516 0.9869 0.0000 -1.4361 0.0191 2.3810 0.4401 
-1.9516 0.9869 0.0000 -1.4361 0.0191 2.3810 0.4400 
-1.9516 0.9869 0.0000 -1.4362 0.0191 2.3809 0.4399 
