-2.1910 -0.5225 0.0000 -2.1783 0.0303 1.7156 -1.4172 
-2.1909 -0.5224 0.0000 -2.1784 0.0303 1.7156 -1.4172 
-2.1909 -0.5224 0.0000 -2.1784 0.0303 1.7157 -1.4172 
-2.1908 -0.5223 0.0000 -2.1784 0.0303 1.7157 -1.4171 
-2.1908 -0.5222 0.0000 -2.1784 0.0303 1.7157 -1.4171 
-2.1907 -0.5222 0.0000 -2.1785 0.0302 1.7157 -1.4171 
-2.1907 -0.5221 0.0000 -2.1785 0.0302 1.7158 -1.4171 
-2.1906 -0.5221 0.0000 -2.1785 0.0302 1.7158 -1.4170 
-2.1906 -0.5220 0.0000 -2.1785 0.0302 1.7158 -1.4170 
-2.1905 -0.5220 0.0000 -2.1786 0.0302 1.7158 -1.4170 
-2.1904 -0.5219 0.0000 -2.1786 0.0302 1.7158 -1.4170 
-2.1904 -0.5219 0.0000 -2.1786 0.0302 1.7159 -1.4169 
-2.1903 -0.5218 0.0000 -2.1787 0.0302 1.7159 -1.4169 
-2.1903 -0.5218 0.0000 -2.1787 0.0301 1.7159 -1.4169 
-2.1902 -0.5217 0.0000 -2.1787 0.0301 1.7159 -1.4169 
-2.1902 -0.5216 0.0000 -2.1787 0.0301 1.7160 -1.4168 
-2.1901 -0.5216 0.0000 -2.1788 0.0301 1.7160 -1.4168 
-2.1901 -0.5215 0.0000 -2.1788 0.0301 1.7160 -1.4168 
-2.1900 -0.5215 0.0000 -2.1788 0.0301 1.7160 -1.4168 
-2.1900 -0.5214 0.0000 -2.1789 0.0301 1.7160 -1.4168 
-2.1899 -0.5214 0.0000 -2.1789 0.0300 1.7161 -1.4167 
-2.1899 -0.5213 0.0000 -2.1789 0.0300 1.7161 -1.4167 
-2.1898 -0.5213 0.0000 -2.1789 0.0300 1.7161 -1.4167 
-2.1898 -0.5212 0.0000 -2.1790 0.0300 1.7161 -1.4167 
-2.1897 -0.5212 0.0000 -2.1790 0.0300 1.7162 -1.4166 
-2.1897 -0.5211 0.0000 -2.1790 0.0300 1.7162 -1.4166 
-2.1896 -0.5210 0.0000 -2.1791 0.0300 1.7162 -1.4166 
-2.1896 -0.5210 0.0000 -2.1791 0.0300 1.7162 -1.4166 
-2.1895 -0.5209 0.0000 -2.1791 0.0299 1.7162 -1.4165 
-2.1895 -0.5209 0.0000 -2.1791 0.0299 1.7163 -1.4165 
-2.1894 -0.5208 0.0000 -2.1792 0.0299 1.7163 -1.4165 
-2.1894 -0.5208 0.0000 -2.1792 0.0299 1.7163 -1.4165 
-2.1893 -0.5207 0.0000 -2.1792 0.0299 1.7163 -1.4164 
-2.1893 -0.5207 0.0000 -2.1793 0.0299 1.7164 -1.4164 
-2.1892 -0.5206 0.0000 -2.1793 0.0299 1.7164 -1.4164 
-2.1892 -0.5206 0.0000 -2.1793 0.0299 1.7164 -1.4164 
-2.1891 -0.5205 0.0000 -2.1793 0.0298 1.7164 -1.4164 
-2.1890 -0.5204 0.0000 -2.1794 0.0298 1.7164 -1.4163 
-2.1890 -0.5204 0.0000 -2.1794 0.0298 1.7165 -1.4163 
-2.1889 -0.5203 0.0000 -2.1794 0.0298 1.7165 -1.4163 
-2.1889 -0.5203 0.0000 -2.1795 0.0298 1.7165 -1.4163 
-2.1888 -0.5202 0.0000 -2.1795 0.0298 1.7165 -1.4162 
-2.1888 -0.5202 0.0000 -2.1795 0.0298 1.7166 -1.4162 
-2.1887 -0.5201 0.0000 -2.1795 0.0297 1.7166 -1.4162 
-2.1887 -0.5201 0.0000 -2.1796 0.0297 1.7166 -1.4162 
-2.1886 -0.5200 0.0000 -2.1796 0.0297 1.7166 -1.4161 
-2.1886 -0.5200 0.0000 -2.1796 0.0297 1.7166 -1.4161 
-2.1885 -0.5199 0.0000 -2.1797 0.0297 1.7167 -1.4161 
-2.1885 -0.5198 0.0000 -2.1797 0.0297 1.7167 -1.4161 
-2.1884 -0.5198 0.0000 -2.1797 0.0297 1.7167 -1.4160 
-2.1884 -0.5197 0.0000 -2.1797 0.0297 1.7167 -1.4160 
-2.1883 -0.5197 0.0000 -2.1798 0.0296 1.7167 -1.4160 
-2.1883 -0.5196 0.0000 -2.1798 0.0296 1.7168 -1.4160 
-2.1882 -0.5196 0.0000 -2.1798 0.0296 1.7168 -1.4160 
-2.1882 -0.5195 0.0000 -2.1799 0.0296 1.7168 -1.4159 
-2.1881 -0.5195 0.0000 -2.1799 0.0296 1.7168 -1.4159 
-2.1881 -0.5194 0.0000 -2.1799 0.0296 1.7169 -1.4159 
-2.1880 -0.5194 0.0000 -2.1799 0.0296 1.7169 -1.4159 
-2.1880 -0.5193 0.0000 -2.1800 0.0296 1.7169 -1.4158 
-2.1879 -0.5192 0.0000 -2.1800 0.0295 1.7169 -1.4158 
-2.1879 -0.5192 0.0000 -2.1800 0.0295 1.7169 -1.4158 
-2.1878 -0.5191 0.0000 -2.1801 0.0295 1.7170 -1.4158 
-2.1878 -0.5191 0.0000 -2.1801 0.0295 1.7170 -1.4157 
-2.1877 -0.5190 0.0000 -2.1801 0.0295 1.7170 -1.4157 
-2.1877 -0.5190 0.0000 -2.1801 0.0295 1.7170 -1.4157 
-2.1876 -0.5189 0.0000 -2.1802 0.0295 1.7170 -1.4157 
-2.1876 -0.5189 0.0000 -2.1802 0.0295 1.7171 -1.4157 
-2.1875 -0.5188 0.0000 -2.1802 0.0294 1.7171 -1.4156 
-2.1874 -0.5188 0.0000 -2.1803 0.0294 1.7171 -1.4156 
-2.1874 -0.5187 0.0000 -2.1803 0.0294 1.7171 -1.4156 
-2.1873 -0.5187 0.0000 -2.1803 0.0294 1.7171 -1.4156 
-2.1873 -0.5186 0.0000 -2.1803 0.0294 1.7171 -1.4156 
-2.1872 -0.5186 0.0000 -2.1804 0.0294 1.7171 -1.4155 
-2.1872 -0.5186 0.0000 -2.1804 0.0294 1.7171 -1.4155 
-2.1872 -0.5185 0.0000 -2.1804 0.0294 1.7172 -1.4155 
-2.1871 -0.5185 0.0000 -2.1805 0.0293 1.7172 -1.4155 
-2.1871 -0.5185 0.0000 -2.1805 0.0293 1.7172 -1.4155 
-2.1870 -0.5184 0.0000 -2.1805 0.0293 1.7171 -1.4155 
-2.1870 -0.5184 0.0000 -2.1806 0.0293 1.7171 -1.4155 
-2.1869 -0.5184 0.0000 -2.1806 0.0293 1.7171 -1.4155 
-2.1869 -0.5184 0.0000 -2.1806 0.0293 1.7171 -1.4155 
-2.1868 -0.5184 0.0000 -2.1807 0.0293 1.7171 -1.4155 
-2.1868 -0.5184 0.0000 -2.1807 0.0293 1.7170 -1.4155 
-2.1867 -0.5184 0.0000 -2.1807 0.0293 1.7170 -1.4155 
-2.1867 -0.5185 0.0000 -2.1808 0.0292 1.7169 -1.4155 
-2.1867 -0.5185 0.0000 -2.1808 0.0292 1.7169 -1.4155 
-2.1866 -0.5186 0.0000 -2.1809 0.0292 1.7168 -1.4156 
-2.1866 -0.5186 0.0000 -2.1809 0.0292 1.7167 -1.4156 
-2.1865 -0.5187 0.0000 -2.1810 0.0292 1.7166 -1.4156 
-2.1865 -0.5188 0.0000 -2.1810 0.0292 1.7164 -1.4157 
-2.1864 -0.5190 0.0000 -2.1811 0.0292 1.7163 -1.4157 
-2.1864 -0.5191 0.0000 -2.1811 0.0292 1.7161 -1.4158 
-2.1864 -0.5193 0.0000 -2.1812 0.0292 1.7159 -1.4159 
-2.1863 -0.5195 0.0000 -2.1813 0.0292 1.7157 -1.4159 
-2.1863 -0.5197 0.0000 -2.1814 0.0292 1.7154 -1.4160 
-2.1862 -0.5200 0.0000 -2.1814 0.0292 1.7152 -1.4161 
-2.1861 -0.5203 0.0000 -2.1815 0.0292 1.7149 -1.4162 
-2.1860 -0.5206 0.0000 -2.1817 0.0292 1.7145 -1.4163 
-2.1859 -0.5210 0.0000 -2.1818 0.0292 1.7142 -1.4165 
-2.1858 -0.5214 0.0000 -2.1819 0.0292 1.7138 -1.4166 
-2.1857 -0.5218 0.0000 -2.1821 0.0292 1.7134 -1.4167 
-2.1855 -0.5222 0.0000 -2.1822 0.0292 1.7129 -1.4168 
-2.1853 -0.5227 0.0000 -2.1824 0.0292 1.7125 -1.4169 
-2.1851 -0.5232 0.0000 -2.1826 0.0292 1.7120 -1.4169 
-2.1848 -0.5237 0.0000 -2.1828 0.0291 1.7115 -1.4170 
-2.1845 -0.5242 0.0000 -2.1831 0.0291 1.7110 -1.4170 
-2.1841 -0.5247 0.0000 -2.1833 0.0291 1.7106 -1.4169 
-2.1836 -0.5251 0.0000 -2.1836 0.0290 1.7102 -1.4168 
-2.1831 -0.5255 0.0000 -2.1839 0.0290 1.7098 -1.4167 
-2.1824 -0.5259 0.0000 -2.1843 0.0289 1.7095 -1.4164 
-2.1817 -0.5261 0.0000 -2.1846 0.0288 1.7093 -1.4160 
-2.1808 -0.5263 0.0000 -2.1850 0.0287 1.7092 -1.4155 
-2.1798 -0.5262 0.0000 -2.1855 0.0286 1.7093 -1.4148 
-2.1786 -0.5260 0.0000 -2.1859 0.0284 1.7095 -1.4140 
-2.1773 -0.5256 0.0000 -2.1864 0.0282 1.7100 -1.4130 
-2.1758 -0.5249 0.0000 -2.1869 0.0280 1.7107 -1.4118 
-2.1741 -0.5239 0.0000 -2.1874 0.0278 1.7117 -1.4103 
-2.1723 -0.5227 0.0000 -2.1880 0.0275 1.7130 -1.4086 
-2.1702 -0.5210 0.0000 -2.1885 0.0272 1.7146 -1.4066 
-2.1680 -0.5190 0.0000 -2.1891 0.0268 1.7167 -1.4043 
-2.1656 -0.5166 0.0000 -2.1897 0.0264 1.7191 -1.4018 
-2.1630 -0.5138 0.0000 -2.1902 0.0260 1.7219 -1.3990 
-2.1603 -0.5105 0.0000 -2.1908 0.0255 1.7251 -1.3959 
-2.1574 -0.5068 0.0000 -2.1914 0.0250 1.7288 -1.3925 
-2.1543 -0.5027 0.0000 -2.1919 0.0244 1.7328 -1.3888 
-2.1511 -0.4981 0.0000 -2.1925 0.0239 1.7373 -1.3849 
-2.1478 -0.4931 0.0000 -2.1930 0.0233 1.7422 -1.3807 
-2.1443 -0.4877 0.0000 -2.1934 0.0226 1.7475 -1.3763 
-2.1408 -0.4820 0.0000 -2.1939 0.0219 1.7531 -1.3717 
-2.1372 -0.4759 0.0000 -2.1943 0.0213 1.7590 -1.3669 
-2.1336 -0.4695 0.0000 -2.1947 0.0206 1.7653 -1.3620 
-2.1299 -0.4628 0.0000 -2.1951 0.0198 1.7718 -1.3569 
-2.1262 -0.4559 0.0000 -2.1954 0.0191 1.7786 -1.3517 
-2.1225 -0.4487 0.0000 -2.1957 0.0183 1.7856 -1.3464 
-2.1188 -0.4413 0.0000 -2.1960 0.0176 1.7928 -1.3410 
-2.1151 -0.4338 0.0000 -2.1963 0.0168 1.8001 -1.3356 
-2.1114 -0.4261 0.0000 -2.1965 0.0161 1.8076 -1.3301 
-2.1077 -0.4183 0.0000 -2.1967 0.0153 1.8152 -1.3245 
-2.1041 -0.4104 0.0000 -2.1968 0.0145 1.8229 -1.3190 
-2.1005 -0.4024 0.0000 -2.1970 0.0138 1.8307 -1.3134 
-2.0969 -0.3943 0.0000 -2.1971 0.0130 1.8385 -1.3079 
-2.0934 -0.3862 0.0000 -2.1973 0.0122 1.8464 -1.3023 
-2.0899 -0.3781 0.0000 -2.1974 0.0115 1.8543 -1.2967 
-2.0864 -0.3699 0.0000 -2.1975 0.0107 1.8623 -1.2912 
-2.0830 -0.3617 0.0000 -2.1975 0.0100 1.8703 -1.2857 
-2.0797 -0.3535 0.0000 -2.1976 0.0092 1.8783 -1.2802 
-2.0763 -0.3453 0.0000 -2.1977 0.0085 1.8863 -1.2747 
-2.0730 -0.3371 0.0000 -2.1978 0.0077 1.8943 -1.2693 
-2.0697 -0.3289 0.0000 -2.1979 0.0070 1.9023 -1.2638 
-2.0665 -0.3207 0.0000 -2.1979 0.0062 1.9104 -1.2584 
-2.0633 -0.3125 0.0000 -2.1980 0.0055 1.9184 -1.2530 
-2.0601 -0.3043 0.0000 -2.1981 0.0048 1.9265 -1.2477 
-2.0570 -0.2961 0.0000 -2.1982 0.0041 1.9345 -1.2423 
-2.0539 -0.2879 0.0000 -2.1983 0.0033 1.9426 -1.2370 
-2.0507 -0.2797 0.0000 -2.1984 0.0026 1.9507 -1.2317 
-2.0477 -0.2715 0.0000 -2.1986 0.0019 1.9588 -1.2264 
-2.0446 -0.2633 0.0000 -2.1987 0.0012 1.9669 -1.2211 
-2.0416 -0.2551 0.0000 -2.1989 0.0004 1.9750 -1.2158 
-2.0385 -0.2468 0.0000 -2.1990 -0.0003 1.9832 -1.2106 
-2.0355 -0.2385 0.0000 -2.1992 -0.0010 1.9914 -1.2053 
-2.0325 -0.2302 0.0000 -2.1995 -0.0017 1.9997 -1.2001 
-2.0295 -0.2219 0.0000 -2.1997 -0.0025 2.0080 -1.1948 
-2.0265 -0.2135 0.0000 -2.1999 -0.0032 2.0163 -1.1896 
-2.0236 -0.2051 0.0000 -2.2002 -0.0040 2.0247 -1.1844 
-2.0206 -0.1966 0.0000 -2.2005 -0.0047 2.0332 -1.1792 
-2.0177 -0.1880 0.0000 -2.2008 -0.0055 2.0417 -1.1740 
-2.0147 -0.1793 0.0000 -2.2011 -0.0062 2.0503 -1.1688 
-2.0118 -0.1706 0.0000 -2.2014 -0.0070 2.0590 -1.1636 
-2.0089 -0.1617 0.0000 -2.2017 -0.0078 2.0678 -1.1585 
-2.0060 -0.1527 0.0000 -2.2020 -0.0086 2.0766 -1.1533 
-2.0031 -0.1436 0.0000 -2.2023 -0.0094 2.0856 -1.1482 
-2.0003 -0.1343 0.0000 -2.2026 -0.0102 2.0946 -1.1432 
-1.9974 -0.1249 0.0000 -2.2028 -0.0110 2.1037 -1.1382 
-1.9946 -0.1153 0.0000 -2.2030 -0.0119 2.1130 -1.1332 
-1.9918 -0.1055 0.0000 -2.2031 -0.0127 2.1223 -1.1283 
-1.9891 -0.0955 0.0000 -2.2032 -0.0136 2.1317 -1.1235 
-1.9864 -0.0853 0.0000 -2.2031 -0.0145 2.1412 -1.1188 
-1.9838 -0.0749 0.0000 -2.2029 -0.0154 2.1507 -1.1142 
-1.9813 -0.0642 0.0000 -2.2026 -0.0164 2.1603 -1.1098 
-1.9788 -0.0532 0.0000 -2.2021 -0.0173 2.1699 -1.1055 
-1.9764 -0.0421 0.0000 -2.2014 -0.0183 2.1795 -1.1013 
-1.9741 -0.0306 0.0000 -2.2005 -0.0193 2.1891 -1.0974 
-1.9719 -0.0189 0.0000 -2.1993 -0.0203 2.1987 -1.0937 
-1.9698 -0.0070 0.0000 -2.1978 -0.0213 2.2081 -1.0902 
-1.9678 0.0051 0.0000 -2.1960 -0.0224 2.2175 -1.0870 
-1.9660 0.0174 0.0000 -2.1938 -0.0234 2.2266 -1.0841 
-1.9643 0.0300 0.0000 -2.1913 -0.0245 2.2356 -1.0814 
-1.9628 0.0426 0.0000 -2.1884 -0.0255 2.2443 -1.0791 
-1.9614 0.0554 0.0000 -2.1850 -0.0266 2.2527 -1.0771 
-1.9601 0.0682 0.0000 -2.1813 -0.0276 2.2608 -1.0754 
-1.9590 0.0811 0.0000 -2.1772 -0.0287 2.2685 -1.0740 
-1.9581 0.0940 0.0000 -2.1726 -0.0297 2.2759 -1.0729 
-1.9573 0.1068 0.0000 -2.1677 -0.0307 2.2828 -1.0721 
-1.9566 0.1196 0.0000 -2.1624 -0.0317 2.2894 -1.0715 
-1.9560 0.1322 0.0000 -2.1568 -0.0327 2.2955 -1.0713 
-1.9556 0.1447 0.0000 -2.1508 -0.0337 2.3012 -1.0712 
-1.9552 0.1569 0.0000 -2.1446 -0.0346 2.3065 -1.0714 
-1.9550 0.1690 0.0000 -2.1381 -0.0355 2.3114 -1.0717 
-1.9548 0.1809 0.0000 -2.1314 -0.0364 2.3159 -1.0722 
-1.9547 0.1925 0.0000 -2.1245 -0.0372 2.3201 -1.0728 
-1.9546 0.2039 0.0000 -2.1174 -0.0380 2.3239 -1.0735 
-1.9545 0.2150 0.0000 -2.1103 -0.0388 2.3275 -1.0742 
-1.9545 0.2259 0.0000 -2.1030 -0.0396 2.3307 -1.0751 
-1.9545 0.2366 0.0000 -2.0957 -0.0403 2.3337 -1.0759 
-1.9545 0.2470 0.0000 -2.0883 -0.0411 2.3365 -1.0768 
-1.9545 0.2573 0.0000 -2.0809 -0.0418 2.3392 -1.0777 
-1.9545 0.2673 0.0000 -2.0735 -0.0424 2.3416 -1.0786 
-1.9545 0.2772 0.0000 -2.0661 -0.0431 2.3439 -1.0795 
-1.9545 0.2869 0.0000 -2.0587 -0.0437 2.3461 -1.0803 
-1.9545 0.2965 0.0000 -2.0513 -0.0444 2.3482 -1.0811 
-1.9545 0.3059 0.0000 -2.0439 -0.0450 2.3502 -1.0819 
-1.9544 0.3151 0.0000 -2.0366 -0.0456 2.3521 -1.0827 
-1.9544 0.3243 0.0000 -2.0292 -0.0462 2.3540 -1.0834 
-1.9543 0.3334 0.0000 -2.0220 -0.0468 2.3558 -1.0841 
-1.9542 0.3424 0.0000 -2.0147 -0.0473 2.3576 -1.0848 
-1.9541 0.3513 0.0000 -2.0075 -0.0479 2.3593 -1.0854 
-1.9540 0.3601 0.0000 -2.0003 -0.0485 2.3610 -1.0860 
-1.9538 0.3689 0.0000 -1.9931 -0.0490 2.3628 -1.0865 
-1.9537 0.3777 0.0000 -1.9859 -0.0496 2.3645 -1.0871 
-1.9535 0.3864 0.0000 -1.9788 -0.0501 2.3661 -1.0876 
-1.9533 0.3951 0.0000 -1.9716 -0.0507 2.3678 -1.0881 
-1.9531 0.4038 0.0000 -1.9645 -0.0512 2.3695 -1.0886 
-1.9529 0.4124 0.0000 -1.9574 -0.0518 2.3712 -1.0890 
-1.9527 0.4211 0.0000 -1.9503 -0.0523 2.3729 -1.0894 
-1.9525 0.4297 0.0000 -1.9432 -0.0528 2.3746 -1.0899 
-1.9523 0.4383 0.0000 -1.9361 -0.0534 2.3762 -1.0903 
-1.9520 0.4470 0.0000 -1.9290 -0.0539 2.3779 -1.0906 
-1.9518 0.4556 0.0000 -1.9218 -0.0544 2.3797 -1.0910 
-1.9515 0.4643 0.0000 -1.9147 -0.0549 2.3814 -1.0914 
-1.9513 0.4730 0.0000 -1.9076 -0.0555 2.3831 -1.0918 
-1.9510 0.4817 0.0000 -1.9004 -0.0560 2.3848 -1.0921 
-1.9508 0.4904 0.0000 -1.8932 -0.0565 2.3865 -1.0925 
-1.9505 0.4992 0.0000 -1.8860 -0.0570 2.3883 -1.0928 
-1.9502 0.5080 0.0000 -1.8787 -0.0575 2.3900 -1.0932 
-1.9499 0.5168 0.0000 -1.8715 -0.0581 2.3918 -1.0935 
-1.9497 0.5257 0.0000 -1.8642 -0.0586 2.3936 -1.0938 
-1.9494 0.5346 0.0000 -1.8568 -0.0591 2.3953 -1.0942 
-1.9491 0.5435 0.0000 -1.8495 -0.0596 2.3971 -1.0945 
-1.9488 0.5525 0.0000 -1.8421 -0.0601 2.3989 -1.0949 
-1.9485 0.5615 0.0000 -1.8346 -0.0606 2.4007 -1.0952 
-1.9482 0.5706 0.0000 -1.8271 -0.0611 2.4025 -1.0956 
-1.9479 0.5797 0.0000 -1.8196 -0.0616 2.4044 -1.0959 
-1.9476 0.5888 0.0000 -1.8120 -0.0621 2.4062 -1.0963 
-1.9474 0.5980 0.0000 -1.8044 -0.0625 2.4080 -1.0966 
-1.9471 0.6072 0.0000 -1.7967 -0.0630 2.4098 -1.0970 
-1.9468 0.6164 0.0000 -1.7891 -0.0635 2.4117 -1.0974 
-1.9465 0.6257 0.0000 -1.7814 -0.0639 2.4135 -1.0977 
-1.9462 0.6349 0.0000 -1.7736 -0.0644 2.4153 -1.0981 
-1.9459 0.6442 0.0000 -1.7658 -0.0648 2.4171 -1.0985 
-1.9456 0.6535 0.0000 -1.7581 -0.0652 2.4189 -1.0989 
-1.9453 0.6627 0.0000 -1.7503 -0.0656 2.4207 -1.0992 
-1.9450 0.6719 0.0000 -1.7425 -0.0660 2.4225 -1.0996 
-1.9447 0.6811 0.0000 -1.7348 -0.0664 2.4242 -1.1000 
-1.9444 0.6902 0.0000 -1.7270 -0.0667 2.4260 -1.1004 
-1.9442 0.6992 0.0000 -1.7193 -0.0670 2.4276 -1.1008 
-1.9439 0.7081 0.0000 -1.7117 -0.0673 2.4293 -1.1011 
-1.9436 0.7169 0.0000 -1.7042 -0.0676 2.4309 -1.1015 
-1.9433 0.7255 0.0000 -1.6968 -0.0679 2.4325 -1.1019 
-1.9431 0.7339 0.0000 -1.6895 -0.0681 2.4340 -1.1022 
-1.9428 0.7421 0.0000 -1.6823 -0.0683 2.4354 -1.1026 
-1.9426 0.7501 0.0000 -1.6753 -0.0684 2.4368 -1.1029 
-1.9424 0.7578 0.0000 -1.6685 -0.0686 2.4381 -1.1032 
-1.9421 0.7652 0.0000 -1.6620 -0.0687 2.4393 -1.1035 
-1.9419 0.7722 0.0000 -1.6556 -0.0688 2.4404 -1.1038 
-1.9417 0.7789 0.0000 -1.6495 -0.0688 2.4414 -1.1040 
-1.9415 0.7853 0.0000 -1.6437 -0.0688 2.4424 -1.1043 
-1.9413 0.7913 0.0000 -1.6382 -0.0688 2.4432 -1.1045 
-1.9412 0.7969 0.0000 -1.6330 -0.0687 2.4439 -1.1046 
-1.9410 0.8020 0.0000 -1.6281 -0.0687 2.4446 -1.1048 
-1.9408 0.8068 0.0000 -1.6235 -0.0686 2.4451 -1.1049 
-1.9407 0.8112 0.0000 -1.6193 -0.0685 2.4456 -1.1049 
-1.9405 0.8152 0.0000 -1.6153 -0.0683 2.4459 -1.1050 
-1.9404 0.8188 0.0000 -1.6117 -0.0682 2.4462 -1.1050 
-1.9403 0.8220 0.0000 -1.6084 -0.0680 2.4464 -1.1050 
-1.9402 0.8248 0.0000 -1.6053 -0.0678 2.4465 -1.1049 
-1.9401 0.8274 0.0000 -1.6026 -0.0677 2.4465 -1.1048 
-1.9400 0.8296 0.0000 -1.6001 -0.0675 2.4464 -1.1047 
-1.9399 0.8315 0.0000 -1.5978 -0.0673 2.4463 -1.1046 
-1.9398 0.8332 0.0000 -1.5958 -0.0671 2.4462 -1.1044 
-1.9397 0.8347 0.0000 -1.5940 -0.0669 2.4460 -1.1043 
-1.9397 0.8359 0.0000 -1.5923 -0.0667 2.4457 -1.1041 
-1.9396 0.8370 0.0000 -1.5908 -0.0665 2.4454 -1.1039 
-1.9395 0.8379 0.0000 -1.5895 -0.0664 2.4451 -1.1036 
-1.9394 0.8386 0.0000 -1.5883 -0.0662 2.4448 -1.1034 
-1.9394 0.8393 0.0000 -1.5872 -0.0660 2.4444 -1.1031 
-1.9393 0.8398 0.0000 -1.5862 -0.0659 2.4441 -1.1028 
-1.9392 0.8403 0.0000 -1.5853 -0.0657 2.4437 -1.1026 
-1.9392 0.8406 0.0000 -1.5844 -0.0656 2.4433 -1.1023 
-1.9391 0.8410 0.0000 -1.5836 -0.0655 2.4429 -1.1020 
-1.9390 0.8413 0.0000 -1.5829 -0.0653 2.4425 -1.1017 
-1.9390 0.8416 0.0000 -1.5822 -0.0652 2.4421 -1.1014 
-1.9389 0.8419 0.0000 -1.5815 -0.0651 2.4417 -1.1011 
-1.9388 0.8421 0.0000 -1.5808 -0.0650 2.4413 -1.1007 
-1.9388 0.8424 0.0000 -1.5801 -0.0650 2.4410 -1.1004 
-1.9387 0.8426 0.0000 -1.5795 -0.0649 2.4406 -1.1001 
-1.9386 0.8429 0.0000 -1.5788 -0.0648 2.4402 -1.0998 
-1.9385 0.8432 0.0000 -1.5782 -0.0648 2.4399 -1.0995 
-1.9385 0.8435 0.0000 -1.5775 -0.0647 2.4395 -1.0992 
-1.9384 0.8438 0.0000 -1.5769 -0.0646 2.4392 -1.0989 
-1.9383 0.8441 0.0000 -1.5762 -0.0646 2.4388 -1.0985 
-1.9382 0.8445 0.0000 -1.5755 -0.0646 2.4385 -1.0982 
-1.9381 0.8448 0.0000 -1.5748 -0.0645 2.4382 -1.0979 
-1.9380 0.8452 0.0000 -1.5741 -0.0645 2.4378 -1.0976 
-1.9380 0.8457 0.0000 -1.5734 -0.0645 2.4375 -1.0973 
-1.9379 0.8461 0.0000 -1.5727 -0.0645 2.4372 -1.0970 
-1.9378 0.8466 0.0000 -1.5719 -0.0645 2.4369 -1.0967 
-1.9377 0.8470 0.0000 -1.5712 -0.0645 2.4366 -1.0964 
-1.9376 0.8475 0.0000 -1.5704 -0.0644 2.4364 -1.0961 
-1.9375 0.8481 0.0000 -1.5696 -0.0644 2.4361 -1.0958 
-1.9374 0.8486 0.0000 -1.5688 -0.0644 2.4358 -1.0956 
-1.9373 0.8492 0.0000 -1.5680 -0.0644 2.4355 -1.0953 
-1.9373 0.8498 0.0000 -1.5672 -0.0645 2.4353 -1.0950 
-1.9372 0.8504 0.0000 -1.5663 -0.0645 2.4350 -1.0947 
-1.9371 0.8510 0.0000 -1.5655 -0.0645 2.4348 -1.0945 
-1.9370 0.8516 0.0000 -1.5646 -0.0645 2.4345 -1.0942 
-1.9369 0.8523 0.0000 -1.5637 -0.0645 2.4343 -1.0939 
-1.9368 0.8530 0.0000 -1.5628 -0.0645 2.4341 -1.0937 
-1.9367 0.8536 0.0000 -1.5619 -0.0645 2.4338 -1.0934 
-1.9366 0.8543 0.0000 -1.5610 -0.0645 2.4336 -1.0932 
-1.9365 0.8551 0.0000 -1.5601 -0.0646 2.4334 -1.0930 
-1.9364 0.8558 0.0000 -1.5592 -0.0646 2.4332 -1.0927 
-1.9363 0.8565 0.0000 -1.5582 -0.0646 2.4329 -1.0925 
-1.9362 0.8573 0.0000 -1.5573 -0.0646 2.4327 -1.0923 
-1.9361 0.8580 0.0000 -1.5563 -0.0646 2.4325 -1.0921 
-1.9360 0.8588 0.0000 -1.5553 -0.0646 2.4323 -1.0919 
-1.9359 0.8596 0.0000 -1.5544 -0.0647 2.4321 -1.0917 
-1.9358 0.8604 0.0000 -1.5534 -0.0647 2.4319 -1.0915 
-1.9356 0.8612 0.0000 -1.5524 -0.0647 2.4317 -1.0914 
-1.9355 0.8620 0.0000 -1.5514 -0.0647 2.4315 -1.0912 
-1.9354 0.8629 0.0000 -1.5504 -0.0647 2.4313 -1.0911 
-1.9353 0.8637 0.0000 -1.5494 -0.0648 2.4312 -1.0909 
-1.9352 0.8645 0.0000 -1.5484 -0.0648 2.4310 -1.0908 
-1.9351 0.8654 0.0000 -1.5474 -0.0648 2.4308 -1.0907 
-1.9350 0.8662 0.0000 -1.5464 -0.0648 2.4307 -1.0906 
-1.9349 0.8671 0.0000 -1.5454 -0.0648 2.4305 -1.0905 
-1.9348 0.8680 0.0000 -1.5444 -0.0649 2.4303 -1.0905 
-1.9347 0.8688 0.0000 -1.5434 -0.0649 2.4302 -1.0904 
-1.9346 0.8697 0.0000 -1.5423 -0.0649 2.4300 -1.0904 
-1.9345 0.8706 0.0000 -1.5413 -0.0649 2.4299 -1.0903 
-1.9344 0.8715 0.0000 -1.5403 -0.0649 2.4298 -1.0903 
-1.9343 0.8723 0.0000 -1.5393 -0.0649 2.4296 -1.0903 
-1.9342 0.8732 0.0000 -1.5384 -0.0649 2.4295 -1.0904 
-1.9341 0.8741 0.0000 -1.5374 -0.0650 2.4294 -1.0904 
-1.9340 0.8750 0.0000 -1.5364 -0.0650 2.4293 -1.0905 
-1.9339 0.8758 0.0000 -1.5355 -0.0650 2.4292 -1.0905 
-1.9338 0.8767 0.0000 -1.5345 -0.0650 2.4291 -1.0906 
-1.9337 0.8775 0.0000 -1.5336 -0.0650 2.4290 -1.0907 
-1.9336 0.8783 0.0000 -1.5327 -0.0650 2.4289 -1.0908 
-1.9335 0.8792 0.0000 -1.5318 -0.0650 2.4288 -1.0910 
-1.9334 0.8800 0.0000 -1.5310 -0.0650 2.4287 -1.0911 
-1.9333 0.8808 0.0000 -1.5301 -0.0650 2.4287 -1.0913 
-1.9333 0.8816 0.0000 -1.5293 -0.0650 2.4286 -1.0914 
-1.9332 0.8823 0.0000 -1.5285 -0.0650 2.4285 -1.0916 
-1.9331 0.8830 0.0000 -1.5277 -0.0650 2.4285 -1.0918 
-1.9330 0.8838 0.0000 -1.5270 -0.0650 2.4284 -1.0920 
-1.9330 0.8845 0.0000 -1.5263 -0.0650 2.4284 -1.0922 
-1.9329 0.8851 0.0000 -1.5256 -0.0649 2.4284 -1.0924 
-1.9328 0.8858 0.0000 -1.5249 -0.0649 2.4283 -1.0926 
-1.9328 0.8864 0.0000 -1.5243 -0.0649 2.4283 -1.0928 
-1.9327 0.8870 0.0000 -1.5237 -0.0649 2.4283 -1.0931 
-1.9327 0.8876 0.0000 -1.5232 -0.0649 2.4282 -1.0933 
-1.9326 0.8881 0.0000 -1.5226 -0.0649 2.4282 -1.0935 
-1.9326 0.8887 0.0000 -1.5221 -0.0648 2.4282 -1.0937 
-1.9326 0.8892 0.0000 -1.5216 -0.0648 2.4282 -1.0939 
-1.9325 0.8896 0.0000 -1.5212 -0.0648 2.4281 -1.0941 
-1.9325 0.8901 0.0000 -1.5208 -0.0648 2.4281 -1.0943 
-1.9325 0.8905 0.0000 -1.5204 -0.0648 2.4281 -1.0945 
-1.9324 0.8909 0.0000 -1.5200 -0.0647 2.4281 -1.0947 
-1.9324 0.8913 0.0000 -1.5197 -0.0647 2.4280 -1.0949 
-1.9324 0.8916 0.0000 -1.5193 -0.0647 2.4280 -1.0950 
-1.9324 0.8920 0.0000 -1.5190 -0.0647 2.4280 -1.0952 
-1.9323 0.8923 0.0000 -1.5187 -0.0646 2.4279 -1.0953 
-1.9323 0.8926 0.0000 -1.5184 -0.0646 2.4279 -1.0955 
-1.9323 0.8929 0.0000 -1.5182 -0.0646 2.4279 -1.0956 
-1.9323 0.8931 0.0000 -1.5179 -0.0646 2.4278 -1.0957 
-1.9323 0.8934 0.0000 -1.5177 -0.0646 2.4278 -1.0958 
-1.9323 0.8936 0.0000 -1.5175 -0.0645 2.4278 -1.0959 
-1.9323 0.8939 0.0000 -1.5173 -0.0645 2.4277 -1.0960 
-1.9323 0.8941 0.0000 -1.5171 -0.0645 2.4277 -1.0961 
-1.9323 0.8943 0.0000 -1.5169 -0.0645 2.4276 -1.0961 
-1.9323 0.8945 0.0000 -1.5167 -0.0644 2.4276 -1.0962 
-1.9322 0.8947 0.0000 -1.5166 -0.0644 2.4275 -1.0962 
-1.9322 0.8948 0.0000 -1.5164 -0.0644 2.4275 -1.0963 
-1.9322 0.8950 0.0000 -1.5162 -0.0644 2.4274 -1.0963 
-1.9322 0.8952 0.0000 -1.5161 -0.0643 2.4274 -1.0963 
-1.9322 0.8953 0.0000 -1.5159 -0.0643 2.4273 -1.0963 
-1.9322 0.8955 0.0000 -1.5158 -0.0643 2.4272 -1.0963 
-1.9322 0.8957 0.0000 -1.5156 -0.0643 2.4272 -1.0963 
-1.9322 0.8958 0.0000 -1.5155 -0.0643 2.4271 -1.0963 
-1.9322 0.8960 0.0000 -1.5153 -0.0642 2.4270 -1.0963 
-1.9322 0.8961 0.0000 -1.5152 -0.0642 2.4270 -1.0963 
-1.9322 0.8962 0.0000 -1.5150 -0.0642 2.4269 -1.0963 
-1.9322 0.8964 0.0000 -1.5149 -0.0642 2.4268 -1.0962 
-1.9322 0.8965 0.0000 -1.5147 -0.0642 2.4267 -1.0962 
-1.9322 0.8966 0.0000 -1.5146 -0.0641 2.4267 -1.0962 
-1.9322 0.8968 0.0000 -1.5145 -0.0641 2.4266 -1.0961 
-1.9322 0.8969 0.0000 -1.5143 -0.0641 2.4265 -1.0961 
-1.9322 0.8970 0.0000 -1.5142 -0.0641 2.4264 -1.0960 
-1.9322 0.8972 0.0000 -1.5140 -0.0641 2.4264 -1.0960 
-1.9322 0.8973 0.0000 -1.5139 -0.0640 2.4263 -1.0959 
-1.9322 0.8974 0.0000 -1.5137 -0.0640 2.4262 -1.0959 
-1.9322 0.8976 0.0000 -1.5136 -0.0640 2.4261 -1.0958 
-1.9322 0.8977 0.0000 -1.5135 -0.0640 2.4261 -1.0957 
-1.9322 0.8978 0.0000 -1.5133 -0.0640 2.4260 -1.0957 
-1.9322 0.8980 0.0000 -1.5132 -0.0640 2.4259 -1.0956 
-1.9322 0.8981 0.0000 -1.5130 -0.0639 2.4258 -1.0956 
-1.9322 0.8982 0.0000 -1.5129 -0.0639 2.4257 -1.0955 
-1.9322 0.8983 0.0000 -1.5128 -0.0639 2.4257 -1.0954 
-1.9322 0.8985 0.0000 -1.5126 -0.0639 2.4256 -1.0954 
-1.9322 0.8986 0.0000 -1.5125 -0.0639 2.4255 -1.0953 
-1.9322 0.8987 0.0000 -1.5123 -0.0638 2.4254 -1.0952 
-1.9322 0.8989 0.0000 -1.5122 -0.0638 2.4253 -1.0952 
-1.9322 0.8990 0.0000 -1.5120 -0.0638 2.4253 -1.0951 
-1.9322 0.8991 0.0000 -1.5119 -0.0638 2.4252 -1.0950 
-1.9322 0.8992 0.0000 -1.5118 -0.0638 2.4251 -1.0949 
-1.9322 0.8994 0.0000 -1.5116 -0.0637 2.4250 -1.0949 
-1.9322 0.8995 0.0000 -1.5115 -0.0637 2.4249 -1.0948 
-1.9322 0.8996 0.0000 -1.5113 -0.0637 2.4249 -1.0947 
-1.9322 0.8997 0.0000 -1.5112 -0.0637 2.4248 -1.0947 
-1.9322 0.8999 0.0000 -1.5111 -0.0637 2.4247 -1.0946 
-1.9322 0.9000 0.0000 -1.5109 -0.0637 2.4246 -1.0945 
-1.9321 0.9001 0.0000 -1.5108 -0.0636 2.4246 -1.0945 
-1.9321 0.9002 0.0000 -1.5106 -0.0636 2.4245 -1.0944 
-1.9321 0.9004 0.0000 -1.5105 -0.0636 2.4244 -1.0943 
-1.9321 0.9005 0.0000 -1.5103 -0.0636 2.4243 -1.0942 
-1.9321 0.9006 0.0000 -1.5102 -0.0636 2.4243 -1.0942 
-1.9321 0.9008 0.0000 -1.5101 -0.0635 2.4242 -1.0941 
-1.9321 0.9009 0.0000 -1.5099 -0.0635 2.4241 -1.0940 
-1.9321 0.9010 0.0000 -1.5098 -0.0635 2.4241 -1.0940 
-1.9321 0.9011 0.0000 -1.5096 -0.0635 2.4240 -1.0939 
-1.9321 0.9013 0.0000 -1.5095 -0.0635 2.4239 -1.0938 
-1.9321 0.9014 0.0000 -1.5094 -0.0634 2.4239 -1.0938 
-1.9321 0.9015 0.0000 -1.5092 -0.0634 2.4238 -1.0937 
-1.9321 0.9016 0.0000 -1.5091 -0.0634 2.4237 -1.0936 
-1.9321 0.9018 0.0000 -1.5090 -0.0634 2.4237 -1.0936 
-1.9321 0.9019 0.0000 -1.5088 -0.0634 2.4236 -1.0935 
-1.9321 0.9020 0.0000 -1.5087 -0.0633 2.4235 -1.0934 
-1.9321 0.9021 0.0000 -1.5086 -0.0633 2.4235 -1.0934 
-1.9321 0.9023 0.0000 -1.5084 -0.0633 2.4234 -1.0933 
-1.9321 0.9024 0.0000 -1.5083 -0.0633 2.4233 -1.0932 
-1.9321 0.9025 0.0000 -1.5082 -0.0633 2.4233 -1.0932 
-1.9321 0.9026 0.0000 -1.5080 -0.0632 2.4232 -1.0931 
-1.9321 0.9027 0.0000 -1.5079 -0.0632 2.4232 -1.0930 
-1.9321 0.9029 0.0000 -1.5078 -0.0632 2.4231 -1.0930 
-1.9321 0.9030 0.0000 -1.5076 -0.0632 2.4231 -1.0929 
-1.9321 0.9031 0.0000 -1.5075 -0.0632 2.4230 -1.0929 
-1.9321 0.9032 0.0000 -1.5074 -0.0631 2.4230 -1.0928 
-1.9321 0.9034 0.0000 -1.5073 -0.0631 2.4229 -1.0927 
-1.9321 0.9035 0.0000 -1.5071 -0.0631 2.4229 -1.0927 
-1.9321 0.9036 0.0000 -1.5070 -0.0631 2.4228 -1.0926 
-1.9321 0.9037 0.0000 -1.5069 -0.0631 2.4228 -1.0926 
-1.9321 0.9038 0.0000 -1.5068 -0.0630 2.4228 -1.0925 
-1.9321 0.9040 0.0000 -1.5067 -0.0630 2.4227 -1.0924 
-1.9321 0.9041 0.0000 -1.5065 -0.0630 2.4227 -1.0924 
-1.9321 0.9042 0.0000 -1.5064 -0.0630 2.4227 -1.0923 
-1.9321 0.9043 0.0000 -1.5063 -0.0629 2.4226 -1.0923 
-1.9321 0.9044 0.0000 -1.5062 -0.0629 2.4226 -1.0922 
-1.9321 0.9046 0.0000 -1.5061 -0.0629 2.4226 -1.0922 
-1.9321 0.9047 0.0000 -1.5060 -0.0629 2.4225 -1.0921 
-1.9321 0.9048 0.0000 -1.5058 -0.0628 2.4225 -1.0921 
-1.9321 0.9049 0.0000 -1.5057 -0.0628 2.4225 -1.0920 
-1.9321 0.9050 0.0000 -1.5056 -0.0628 2.4225 -1.0920 
-1.9321 0.9052 0.0000 -1.5055 -0.0628 2.4225 -1.0920 
-1.9320 0.9053 0.0000 -1.5054 -0.0628 2.4225 -1.0919 
-1.9320 0.9054 0.0000 -1.5053 -0.0627 2.4225 -1.0919 
-1.9320 0.9055 0.0000 -1.5052 -0.0627 2.4225 -1.0918 
-1.9320 0.9056 0.0000 -1.5051 -0.0627 2.4225 -1.0918 
-1.9320 0.9057 0.0000 -1.5050 -0.0627 2.4225 -1.0917 
-1.9320 0.9059 0.0000 -1.5049 -0.0626 2.4225 -1.0917 
-1.9320 0.9060 0.0000 -1.5048 -0.0626 2.4225 -1.0917 
-1.9320 0.9061 0.0000 -1.5047 -0.0626 2.4225 -1.0916 
-1.9320 0.9062 0.0000 -1.5046 -0.0626 2.4225 -1.0916 
-1.9320 0.9063 0.0000 -1.5045 -0.0625 2.4225 -1.0916 
-1.9320 0.9064 0.0000 -1.5044 -0.0625 2.4226 -1.0915 
-1.9320 0.9066 0.0000 -1.5044 -0.0625 2.4226 -1.0915 
-1.9320 0.9067 0.0000 -1.5043 -0.0624 2.4226 -1.0915 
-1.9320 0.9068 0.0000 -1.5042 -0.0624 2.4227 -1.0915 
-1.9320 0.9069 0.0000 -1.5041 -0.0624 2.4227 -1.0914 
-1.9320 0.9070 0.0000 -1.5040 -0.0624 2.4228 -1.0914 
-1.9320 0.9071 0.0000 -1.5040 -0.0623 2.4228 -1.0914 
-1.9320 0.9073 0.0000 -1.5039 -0.0623 2.4229 -1.0914 
-1.9320 0.9074 0.0000 -1.5038 -0.0623 2.4229 -1.0914 
-1.9320 0.9075 0.0000 -1.5037 -0.0623 2.4230 -1.0914 
-1.9320 0.9076 0.0000 -1.5037 -0.0622 2.4231 -1.0913 
-1.9320 0.9077 0.0000 -1.5036 -0.0622 2.4231 -1.0913 
-1.9320 0.9079 0.0000 -1.5035 -0.0622 2.4232 -1.0913 
-1.9320 0.9080 0.0000 -1.5035 -0.0621 2.4233 -1.0913 
-1.9320 0.9081 0.0000 -1.5034 -0.0621 2.4234 -1.0913 
-1.9320 0.9082 0.0000 -1.5034 -0.0621 2.4235 -1.0913 
-1.9320 0.9083 0.0000 -1.5033 -0.0621 2.4236 -1.0913 
-1.9320 0.9085 0.0000 -1.5033 -0.0620 2.4237 -1.0913 
-1.9320 0.9086 0.0000 -1.5032 -0.0620 2.4238 -1.0913 
-1.9320 0.9087 0.0000 -1.5032 -0.0620 2.4239 -1.0913 
-1.9320 0.9088 0.0000 -1.5031 -0.0620 2.4241 -1.0913 
-1.9320 0.9090 0.0000 -1.5031 -0.0619 2.4242 -1.0913 
-1.9321 0.9091 0.0000 -1.5030 -0.0619 2.4243 -1.0914 
-1.9321 0.9092 0.0000 -1.5030 -0.0619 2.4245 -1.0914 
-1.9321 0.9093 0.0000 -1.5030 -0.0618 2.4246 -1.0914 
-1.9321 0.9095 0.0000 -1.5029 -0.0618 2.4248 -1.0914 
-1.9321 0.9096 0.0000 -1.5029 -0.0618 2.4249 -1.0914 
-1.9321 0.9097 0.0000 -1.5029 -0.0618 2.4251 -1.0914 
-1.9321 0.9099 0.0000 -1.5028 -0.0617 2.4252 -1.0915 
-1.9321 0.9100 0.0000 -1.5028 -0.0617 2.4254 -1.0915 
-1.9321 0.9102 0.0000 -1.5028 -0.0617 2.4256 -1.0915 
-1.9321 0.9103 0.0000 -1.5028 -0.0617 2.4258 -1.0915 
-1.9321 0.9104 0.0000 -1.5027 -0.0616 2.4260 -1.0916 
-1.9321 0.9106 0.0000 -1.5027 -0.0616 2.4261 -1.0916 
-1.9321 0.9107 0.0000 -1.5027 -0.0616 2.4263 -1.0916 
-1.9321 0.9109 0.0000 -1.5027 -0.0616 2.4265 -1.0917 
-1.9321 0.9110 0.0000 -1.5027 -0.0615 2.4267 -1.0917 
-1.9321 0.9112 0.0000 -1.5026 -0.0615 2.4270 -1.0917 
-1.9321 0.9113 0.0000 -1.5026 -0.0615 2.4272 -1.0918 
-1.9321 0.9115 0.0000 -1.5026 -0.0615 2.4274 -1.0918 
-1.9321 0.9116 0.0000 -1.5026 -0.0615 2.4276 -1.0919 
-1.9321 0.9118 0.0000 -1.5026 -0.0614 2.4278 -1.0919 
-1.9321 0.9119 0.0000 -1.5026 -0.0614 2.4280 -1.0919 
-1.9321 0.9121 0.0000 -1.5025 -0.0614 2.4283 -1.0920 
-1.9321 0.9123 0.0000 -1.5025 -0.0614 2.4285 -1.0920 
-1.9321 0.9124 0.0000 -1.5025 -0.0614 2.4287 -1.0921 
-1.9321 0.9126 0.0000 -1.5025 -0.0614 2.4290 -1.0921 
-1.9322 0.9128 0.0000 -1.5025 -0.0613 2.4292 -1.0921 
-1.9322 0.9130 0.0000 -1.5025 -0.0613 2.4294 -1.0922 
-1.9322 0.9131 0.0000 -1.5025 -0.0613 2.4297 -1.0922 
-1.9322 0.9133 0.0000 -1.5024 -0.0613 2.4299 -1.0923 
-1.9322 0.9135 0.0000 -1.5024 -0.0613 2.4302 -1.0923 
-1.9322 0.9137 0.0000 -1.5024 -0.0613 2.4304 -1.0924 
-1.9322 0.9139 0.0000 -1.5024 -0.0613 2.4306 -1.0924 
-1.9322 0.9141 0.0000 -1.5024 -0.0612 2.4309 -1.0924 
-1.9322 0.9143 0.0000 -1.5023 -0.0612 2.4311 -1.0925 
-1.9322 0.9145 0.0000 -1.5023 -0.0612 2.4313 -1.0925 
-1.9322 0.9147 0.0000 -1.5023 -0.0612 2.4316 -1.0926 
-1.9322 0.9149 0.0000 -1.5023 -0.0612 2.4318 -1.0926 
-1.9322 0.9151 0.0000 -1.5022 -0.0612 2.4321 -1.0926 
-1.9322 0.9153 0.0000 -1.5022 -0.0612 2.4323 -1.0927 
-1.9322 0.9155 0.0000 -1.5022 -0.0612 2.4325 -1.0927 
-1.9322 0.9157 0.0000 -1.5021 -0.0612 2.4327 -1.0927 
-1.9323 0.9159 0.0000 -1.5021 -0.0612 2.4330 -1.0927 
-1.9323 0.9161 0.0000 -1.5020 -0.0612 2.4332 -1.0928 
-1.9323 0.9164 0.0000 -1.5020 -0.0612 2.4334 -1.0928 
-1.9323 0.9166 0.0000 -1.5019 -0.0612 2.4336 -1.0928 
-1.9323 0.9168 0.0000 -1.5019 -0.0612 2.4338 -1.0928 
-1.9323 0.9170 0.0000 -1.5018 -0.0612 2.4340 -1.0929 
-1.9323 0.9173 0.0000 -1.5018 -0.0612 2.4342 -1.0929 
-1.9323 0.9175 0.0000 -1.5017 -0.0612 2.4344 -1.0929 
-1.9323 0.9177 0.0000 -1.5016 -0.0612 2.4346 -1.0929 
-1.9323 0.9180 0.0000 -1.5016 -0.0612 2.4348 -1.0929 
-1.9323 0.9182 0.0000 -1.5015 -0.0612 2.4350 -1.0929 
-1.9323 0.9184 0.0000 -1.5014 -0.0613 2.4352 -1.0929 
-1.9323 0.9187 0.0000 -1.5014 -0.0613 2.4353 -1.0929 
-1.9323 0.9189 0.0000 -1.5013 -0.0613 2.4355 -1.0929 
-1.9323 0.9192 0.0000 -1.5012 -0.0613 2.4357 -1.0929 
-1.9323 0.9194 0.0000 -1.5011 -0.0613 2.4358 -1.0929 
-1.9324 0.9197 0.0000 -1.5010 -0.0613 2.4360 -1.0929 
-1.9324 0.9199 0.0000 -1.5009 -0.0613 2.4361 -1.0929 
-1.9324 0.9202 0.0000 -1.5008 -0.0613 2.4363 -1.0929 
-1.9324 0.9204 0.0000 -1.5007 -0.0614 2.4364 -1.0929 
-1.9324 0.9207 0.0000 -1.5006 -0.0614 2.4365 -1.0929 
-1.9324 0.9209 0.0000 -1.5005 -0.0614 2.4367 -1.0928 
-1.9324 0.9212 0.0000 -1.5004 -0.0614 2.4368 -1.0928 
-1.9324 0.9214 0.0000 -1.5003 -0.0614 2.4369 -1.0928 
-1.9324 0.9217 0.0000 -1.5002 -0.0614 2.4370 -1.0928 
-1.9324 0.9219 0.0000 -1.5001 -0.0615 2.4371 -1.0928 
-1.9324 0.9222 0.0000 -1.4999 -0.0615 2.4372 -1.0927 
-1.9324 0.9224 0.0000 -1.4998 -0.0615 2.4373 -1.0927 
-1.9324 0.9227 0.0000 -1.4997 -0.0615 2.4374 -1.0927 
-1.9324 0.9230 0.0000 -1.4996 -0.0615 2.4375 -1.0926 
-1.9324 0.9232 0.0000 -1.4994 -0.0615 2.4376 -1.0926 
-1.9324 0.9235 0.0000 -1.4993 -0.0616 2.4376 -1.0925 
-1.9324 0.9237 0.0000 -1.4992 -0.0616 2.4377 -1.0925 
-1.9324 0.9240 0.0000 -1.4990 -0.0616 2.4378 -1.0925 
-1.9324 0.9243 0.0000 -1.4989 -0.0616 2.4379 -1.0924 
-1.9324 0.9245 0.0000 -1.4987 -0.0617 2.4379 -1.0924 
-1.9324 0.9248 0.0000 -1.4986 -0.0617 2.4380 -1.0923 
-1.9325 0.9251 0.0000 -1.4984 -0.0617 2.4380 -1.0923 
-1.9325 0.9253 0.0000 -1.4983 -0.0617 2.4381 -1.0922 
-1.9325 0.9256 0.0000 -1.4981 -0.0617 2.4381 -1.0922 
-1.9325 0.9259 0.0000 -1.4980 -0.0618 2.4381 -1.0921 
-1.9325 0.9261 0.0000 -1.4978 -0.0618 2.4382 -1.0920 
-1.9325 0.9264 0.0000 -1.4977 -0.0618 2.4382 -1.0920 
-1.9325 0.9266 0.0000 -1.4975 -0.0618 2.4382 -1.0919 
-1.9325 0.9269 0.0000 -1.4974 -0.0619 2.4383 -1.0919 
-1.9325 0.9272 0.0000 -1.4972 -0.0619 2.4383 -1.0918 
-1.9325 0.9274 0.0000 -1.4970 -0.0619 2.4383 -1.0917 
-1.9325 0.9277 0.0000 -1.4969 -0.0619 2.4383 -1.0917 
-1.9325 0.9280 0.0000 -1.4967 -0.0620 2.4383 -1.0916 
-1.9325 0.9282 0.0000 -1.4965 -0.0620 2.4383 -1.0915 
-1.9325 0.9285 0.0000 -1.4963 -0.0620 2.4383 -1.0915 
-1.9325 0.9288 0.0000 -1.4962 -0.0620 2.4383 -1.0914 
-1.9325 0.9290 0.0000 -1.4960 -0.0621 2.4383 -1.0913 
-1.9325 0.9293 0.0000 -1.4958 -0.0621 2.4383 -1.0912 
-1.9325 0.9296 0.0000 -1.4956 -0.0621 2.4383 -1.0912 
-1.9325 0.9298 0.0000 -1.4955 -0.0621 2.4383 -1.0911 
-1.9325 0.9301 0.0000 -1.4953 -0.0622 2.4383 -1.0910 
-1.9325 0.9304 0.0000 -1.4951 -0.0622 2.4383 -1.0909 
-1.9325 0.9306 0.0000 -1.4949 -0.0622 2.4382 -1.0909 
-1.9325 0.9309 0.0000 -1.4947 -0.0622 2.4382 -1.0908 
-1.9325 0.9312 0.0000 -1.4946 -0.0623 2.4382 -1.0907 
-1.9325 0.9314 0.0000 -1.4944 -0.0623 2.4382 -1.0906 
-1.9325 0.9317 0.0000 -1.4942 -0.0623 2.4382 -1.0905 
-1.9325 0.9319 0.0000 -1.4940 -0.0623 2.4381 -1.0904 
-1.9325 0.9322 0.0000 -1.4938 -0.0624 2.4381 -1.0904 
-1.9325 0.9325 0.0000 -1.4936 -0.0624 2.4381 -1.0903 
-1.9325 0.9327 0.0000 -1.4934 -0.0624 2.4380 -1.0902 
-1.9325 0.9330 0.0000 -1.4933 -0.0624 2.4380 -1.0901 
-1.9325 0.9333 0.0000 -1.4931 -0.0625 2.4380 -1.0900 
-1.9325 0.9335 0.0000 -1.4929 -0.0625 2.4379 -1.0899 
-1.9325 0.9338 0.0000 -1.4927 -0.0625 2.4379 -1.0899 
-1.9325 0.9341 0.0000 -1.4925 -0.0626 2.4378 -1.0898 
-1.9325 0.9343 0.0000 -1.4923 -0.0626 2.4378 -1.0897 
-1.9325 0.9346 0.0000 -1.4921 -0.0626 2.4378 -1.0896 
-1.9325 0.9348 0.0000 -1.4919 -0.0626 2.4377 -1.0895 
-1.9325 0.9351 0.0000 -1.4917 -0.0627 2.4377 -1.0894 
-1.9325 0.9354 0.0000 -1.4915 -0.0627 2.4376 -1.0893 
-1.9325 0.9356 0.0000 -1.4913 -0.0627 2.4376 -1.0892 
-1.9325 0.9359 0.0000 -1.4911 -0.0627 2.4375 -1.0891 
-1.9326 0.9362 0.0000 -1.4909 -0.0628 2.4375 -1.0891 
-1.9326 0.9364 0.0000 -1.4907 -0.0628 2.4374 -1.0890 
-1.9326 0.9367 0.0000 -1.4905 -0.0628 2.4374 -1.0889 
-1.9326 0.9369 0.0000 -1.4903 -0.0628 2.4373 -1.0888 
-1.9326 0.9372 0.0000 -1.4902 -0.0629 2.4373 -1.0887 
-1.9326 0.9375 0.0000 -1.4900 -0.0629 2.4372 -1.0886 
-1.9326 0.9377 0.0000 -1.4898 -0.0629 2.4371 -1.0885 
-1.9326 0.9380 0.0000 -1.4896 -0.0629 2.4371 -1.0884 
-1.9326 0.9382 0.0000 -1.4894 -0.0630 2.4370 -1.0883 
-1.9326 0.9385 0.0000 -1.4892 -0.0630 2.4370 -1.0882 
-1.9326 0.9388 0.0000 -1.4890 -0.0630 2.4369 -1.0881 
-1.9326 0.9390 0.0000 -1.4888 -0.0630 2.4368 -1.0880 
-1.9326 0.9393 0.0000 -1.4886 -0.0631 2.4368 -1.0880 
-1.9326 0.9395 0.0000 -1.4884 -0.0631 2.4367 -1.0879 
-1.9326 0.9398 0.0000 -1.4882 -0.0631 2.4367 -1.0878 
-1.9326 0.9401 0.0000 -1.4880 -0.0631 2.4366 -1.0877 
-1.9326 0.9403 0.0000 -1.4878 -0.0632 2.4365 -1.0876 
-1.9326 0.9406 0.0000 -1.4876 -0.0632 2.4365 -1.0875 
-1.9326 0.9409 0.0000 -1.4873 -0.0632 2.4364 -1.0874 
-1.9326 0.9411 0.0000 -1.4871 -0.0632 2.4363 -1.0873 
-1.9326 0.9414 0.0000 -1.4869 -0.0633 2.4363 -1.0872 
-1.9326 0.9416 0.0000 -1.4867 -0.0633 2.4362 -1.0871 
-1.9326 0.9419 0.0000 -1.4865 -0.0633 2.4362 -1.0871 
-1.9326 0.9422 0.0000 -1.4863 -0.0633 2.4361 -1.0870 
-1.9326 0.9424 0.0000 -1.4861 -0.0634 2.4360 -1.0869 
-1.9326 0.9427 0.0000 -1.4859 -0.0634 2.4360 -1.0868 
-1.9326 0.9430 0.0000 -1.4857 -0.0634 2.4359 -1.0867 
-1.9326 0.9432 0.0000 -1.4855 -0.0634 2.4358 -1.0867 
-1.9326 0.9435 0.0000 -1.4853 -0.0634 2.4358 -1.0866 
-1.9326 0.9438 0.0000 -1.4851 -0.0635 2.4357 -1.0865 
-1.9326 0.9440 0.0000 -1.4849 -0.0635 2.4356 -1.0864 
-1.9326 0.9443 0.0000 -1.4847 -0.0635 2.4356 -1.0864 
-1.9326 0.9446 0.0000 -1.4845 -0.0635 2.4355 -1.0863 
-1.9326 0.9448 0.0000 -1.4842 -0.0635 2.4354 -1.0863 
-1.9326 0.9451 0.0000 -1.4840 -0.0635 2.4354 -1.0862 
-1.9326 0.9454 0.0000 -1.4838 -0.0635 2.4353 -1.0862 
-1.9326 0.9457 0.0000 -1.4836 -0.0636 2.4352 -1.0861 
-1.9326 0.9459 0.0000 -1.4834 -0.0636 2.4352 -1.0861 
-1.9326 0.9462 0.0000 -1.4832 -0.0636 2.4351 -1.0861 
-1.9326 0.9465 0.0000 -1.4829 -0.0636 2.4350 -1.0860 
-1.9326 0.9468 0.0000 -1.4827 -0.0636 2.4350 -1.0860 
-1.9326 0.9471 0.0000 -1.4825 -0.0636 2.4349 -1.0860 
-1.9326 0.9474 0.0000 -1.4823 -0.0636 2.4348 -1.0860 
-1.9326 0.9477 0.0000 -1.4820 -0.0635 2.4348 -1.0860 
-1.9326 0.9480 0.0000 -1.4818 -0.0635 2.4347 -1.0860 
-1.9326 0.9483 0.0000 -1.4816 -0.0635 2.4346 -1.0861 
-1.9326 0.9486 0.0000 -1.4813 -0.0635 2.4346 -1.0861 
-1.9326 0.9489 0.0000 -1.4811 -0.0634 2.4345 -1.0862 
-1.9326 0.9492 0.0000 -1.4809 -0.0634 2.4345 -1.0862 
-1.9326 0.9495 0.0000 -1.4806 -0.0633 2.4344 -1.0863 
-1.9326 0.9499 0.0000 -1.4804 -0.0633 2.4343 -1.0864 
-1.9326 0.9502 0.0000 -1.4801 -0.0632 2.4343 -1.0865 
-1.9327 0.9506 0.0000 -1.4798 -0.0631 2.4342 -1.0866 
-1.9327 0.9509 0.0000 -1.4796 -0.0631 2.4342 -1.0868 
-1.9327 0.9513 0.0000 -1.4793 -0.0630 2.4341 -1.0869 
-1.9327 0.9516 0.0000 -1.4790 -0.0629 2.4341 -1.0871 
-1.9327 0.9520 0.0000 -1.4788 -0.0627 2.4340 -1.0873 
-1.9327 0.9524 0.0000 -1.4785 -0.0626 2.4340 -1.0875 
-1.9327 0.9528 0.0000 -1.4782 -0.0625 2.4339 -1.0877 
-1.9327 0.9532 0.0000 -1.4779 -0.0623 2.4339 -1.0879 
-1.9327 0.9536 0.0000 -1.4776 -0.0621 2.4339 -1.0882 
-1.9327 0.9540 0.0000 -1.4773 -0.0619 2.4338 -1.0884 
-1.9328 0.9544 0.0000 -1.4770 -0.0617 2.4338 -1.0887 
-1.9328 0.9548 0.0000 -1.4767 -0.0615 2.4338 -1.0889 
-1.9328 0.9553 0.0000 -1.4764 -0.0613 2.4338 -1.0892 
-1.9328 0.9557 0.0000 -1.4761 -0.0610 2.4337 -1.0895 
-1.9328 0.9561 0.0000 -1.4758 -0.0607 2.4337 -1.0898 
-1.9328 0.9566 0.0000 -1.4754 -0.0605 2.4337 -1.0901 
-1.9329 0.9571 0.0000 -1.4751 -0.0601 2.4337 -1.0904 
-1.9329 0.9575 0.0000 -1.4748 -0.0598 2.4337 -1.0907 
-1.9329 0.9580 0.0000 -1.4744 -0.0595 2.4337 -1.0910 
-1.9329 0.9585 0.0000 -1.4741 -0.0591 2.4337 -1.0913 
-1.9330 0.9589 0.0000 -1.4738 -0.0587 2.4337 -1.0915 
-1.9330 0.9594 0.0000 -1.4735 -0.0583 2.4337 -1.0918 
-1.9330 0.9599 0.0000 -1.4731 -0.0579 2.4337 -1.0920 
-1.9330 0.9604 0.0000 -1.4728 -0.0575 2.4338 -1.0923 
-1.9331 0.9608 0.0000 -1.4725 -0.0571 2.4338 -1.0925 
-1.9331 0.9613 0.0000 -1.4722 -0.0566 2.4338 -1.0926 
-1.9331 0.9618 0.0000 -1.4718 -0.0562 2.4338 -1.0928 
-1.9332 0.9622 0.0000 -1.4715 -0.0557 2.4339 -1.0929 
-1.9332 0.9627 0.0000 -1.4712 -0.0552 2.4339 -1.0930 
-1.9332 0.9631 0.0000 -1.4709 -0.0547 2.4339 -1.0930 
-1.9333 0.9636 0.0000 -1.4706 -0.0542 2.4339 -1.0930 
-1.9333 0.9640 0.0000 -1.4703 -0.0538 2.4340 -1.0930 
-1.9333 0.9644 0.0000 -1.4701 -0.0533 2.4340 -1.0929 
-1.9334 0.9648 0.0000 -1.4698 -0.0528 2.4340 -1.0928 
-1.9334 0.9652 0.0000 -1.4695 -0.0523 2.4341 -1.0926 
-1.9334 0.9656 0.0000 -1.4693 -0.0518 2.4341 -1.0924 
-1.9335 0.9660 0.0000 -1.4690 -0.0513 2.4341 -1.0922 
-1.9335 0.9663 0.0000 -1.4688 -0.0508 2.4342 -1.0919 
-1.9335 0.9667 0.0000 -1.4686 -0.0504 2.4342 -1.0916 
-1.9336 0.9670 0.0000 -1.4683 -0.0499 2.4342 -1.0913 
-1.9336 0.9673 0.0000 -1.4681 -0.0494 2.4343 -1.0909 
-1.9336 0.9676 0.0000 -1.4679 -0.0490 2.4343 -1.0904 
-1.9337 0.9679 0.0000 -1.4677 -0.0486 2.4343 -1.0900 
-1.9337 0.9682 0.0000 -1.4675 -0.0481 2.4344 -1.0895 
-1.9337 0.9685 0.0000 -1.4674 -0.0477 2.4344 -1.0889 
-1.9338 0.9687 0.0000 -1.4672 -0.0473 2.4344 -1.0884 
-1.9338 0.9690 0.0000 -1.4670 -0.0469 2.4344 -1.0878 
-1.9338 0.9692 0.0000 -1.4669 -0.0465 2.4344 -1.0872 
-1.9339 0.9694 0.0000 -1.4667 -0.0461 2.4345 -1.0865 
-1.9339 0.9696 0.0000 -1.4666 -0.0457 2.4345 -1.0859 
-1.9339 0.9698 0.0000 -1.4665 -0.0454 2.4345 -1.0852 
-1.9340 0.9700 0.0000 -1.4663 -0.0450 2.4345 -1.0845 
-1.9340 0.9702 0.0000 -1.4662 -0.0447 2.4345 -1.0838 
-1.9340 0.9704 0.0000 -1.4661 -0.0444 2.4345 -1.0831 
-1.9340 0.9705 0.0000 -1.4660 -0.0440 2.4345 -1.0823 
-1.9341 0.9707 0.0000 -1.4659 -0.0437 2.4345 -1.0816 
-1.9341 0.9709 0.0000 -1.4658 -0.0434 2.4345 -1.0808 
-1.9341 0.9710 0.0000 -1.4657 -0.0431 2.4345 -1.0800 
-1.9341 0.9711 0.0000 -1.4656 -0.0428 2.4345 -1.0793 
-1.9342 0.9713 0.0000 -1.4655 -0.0426 2.4345 -1.0785 
-1.9342 0.9714 0.0000 -1.4654 -0.0423 2.4345 -1.0777 
-1.9342 0.9715 0.0000 -1.4654 -0.0420 2.4345 -1.0769 
-1.9342 0.9716 0.0000 -1.4653 -0.0418 2.4345 -1.0761 
-1.9343 0.9717 0.0000 -1.4652 -0.0415 2.4345 -1.0753 
-1.9343 0.9718 0.0000 -1.4651 -0.0413 2.4345 -1.0745 
-1.9343 0.9719 0.0000 -1.4651 -0.0411 2.4345 -1.0737 
-1.9343 0.9720 0.0000 -1.4650 -0.0408 2.4344 -1.0729 
-1.9344 0.9721 0.0000 -1.4649 -0.0406 2.4344 -1.0721 
-1.9344 0.9722 0.0000 -1.4649 -0.0404 2.4344 -1.0713 
-1.9344 0.9722 0.0000 -1.4648 -0.0402 2.4344 -1.0705 
-1.9344 0.9723 0.0000 -1.4648 -0.0399 2.4344 -1.0697 
-1.9344 0.9724 0.0000 -1.4647 -0.0397 2.4344 -1.0689 
-1.9345 0.9725 0.0000 -1.4647 -0.0395 2.4343 -1.0680 
-1.9345 0.9725 0.0000 -1.4646 -0.0393 2.4343 -1.0672 
-1.9345 0.9726 0.0000 -1.4646 -0.0391 2.4343 -1.0663 
-1.9345 0.9727 0.0000 -1.4645 -0.0389 2.4343 -1.0655 
-1.9345 0.9727 0.0000 -1.4645 -0.0387 2.4342 -1.0646 
-1.9346 0.9728 0.0000 -1.4644 -0.0385 2.4342 -1.0636 
-1.9346 0.9728 0.0000 -1.4644 -0.0384 2.4342 -1.0627 
-1.9346 0.9729 0.0000 -1.4643 -0.0382 2.4341 -1.0617 
-1.9346 0.9730 0.0000 -1.4643 -0.0380 2.4341 -1.0606 
-1.9346 0.9730 0.0000 -1.4642 -0.0378 2.4341 -1.0595 
-1.9347 0.9731 0.0000 -1.4642 -0.0376 2.4341 -1.0583 
-1.9347 0.9731 0.0000 -1.4642 -0.0374 2.4340 -1.0570 
-1.9347 0.9732 0.0000 -1.4641 -0.0372 2.4340 -1.0556 
-1.9347 0.9732 0.0000 -1.4641 -0.0370 2.4340 -1.0541 
-1.9347 0.9732 0.0000 -1.4641 -0.0368 2.4339 -1.0525 
-1.9348 0.9733 0.0000 -1.4640 -0.0366 2.4339 -1.0507 
-1.9348 0.9733 0.0000 -1.4640 -0.0364 2.4339 -1.0488 
-1.9348 0.9734 0.0000 -1.4640 -0.0361 2.4338 -1.0467 
-1.9348 0.9734 0.0000 -1.4639 -0.0359 2.4338 -1.0443 
-1.9348 0.9734 0.0000 -1.4639 -0.0357 2.4338 -1.0418 
-1.9348 0.9735 0.0000 -1.4639 -0.0355 2.4337 -1.0390 
-1.9349 0.9735 0.0000 -1.4639 -0.0353 2.4337 -1.0360 
-1.9349 0.9735 0.0000 -1.4639 -0.0350 2.4337 -1.0327 
-1.9349 0.9735 0.0000 -1.4638 -0.0348 2.4336 -1.0291 
-1.9349 0.9736 0.0000 -1.4638 -0.0345 2.4336 -1.0251 
-1.9349 0.9736 0.0000 -1.4638 -0.0343 2.4336 -1.0208 
-1.9349 0.9736 0.0000 -1.4638 -0.0340 2.4335 -1.0162 
-1.9350 0.9736 0.0000 -1.4638 -0.0338 2.4335 -1.0112 
-1.9350 0.9736 0.0000 -1.4638 -0.0335 2.4335 -1.0059 
-1.9350 0.9736 0.0000 -1.4638 -0.0333 2.4335 -1.0001 
-1.9350 0.9736 0.0000 -1.4638 -0.0330 2.4334 -0.9940 
-1.9350 0.9736 0.0000 -1.4638 -0.0328 2.4334 -0.9875 
-1.9350 0.9736 0.0000 -1.4638 -0.0325 2.4334 -0.9806 
-1.9351 0.9736 0.0000 -1.4638 -0.0322 2.4334 -0.9733 
-1.9351 0.9736 0.0000 -1.4639 -0.0320 2.4333 -0.9657 
-1.9351 0.9736 0.0000 -1.4639 -0.0317 2.4333 -0.9577 
-1.9351 0.9736 0.0000 -1.4639 -0.0315 2.4333 -0.9494 
-1.9351 0.9736 0.0000 -1.4639 -0.0312 2.4333 -0.9408 
-1.9351 0.9736 0.0000 -1.4640 -0.0310 2.4333 -0.9319 
-1.9351 0.9736 0.0000 -1.4640 -0.0307 2.4332 -0.9228 
-1.9351 0.9736 0.0000 -1.4640 -0.0305 2.4332 -0.9134 
-1.9351 0.9735 0.0000 -1.4641 -0.0303 2.4332 -0.9038 
-1.9351 0.9735 0.0000 -1.4641 -0.0301 2.4332 -0.8941 
-1.9352 0.9735 0.0000 -1.4641 -0.0299 2.4332 -0.8841 
-1.9352 0.9735 0.0000 -1.4642 -0.0296 2.4332 -0.8741 
-1.9352 0.9734 0.0000 -1.4642 -0.0294 2.4331 -0.8640 
-1.9352 0.9734 0.0000 -1.4643 -0.0293 2.4331 -0.8537 
-1.9352 0.9734 0.0000 -1.4643 -0.0291 2.4331 -0.8434 
-1.9352 0.9734 0.0000 -1.4643 -0.0289 2.4331 -0.8331 
-1.9352 0.9733 0.0000 -1.4644 -0.0287 2.4331 -0.8228 
-1.9352 0.9733 0.0000 -1.4644 -0.0285 2.4331 -0.8124 
-1.9352 0.9733 0.0000 -1.4645 -0.0284 2.4331 -0.8021 
-1.9352 0.9733 0.0000 -1.4645 -0.0282 2.4330 -0.7917 
-1.9352 0.9732 0.0000 -1.4646 -0.0281 2.4330 -0.7814 
-1.9352 0.9732 0.0000 -1.4646 -0.0280 2.4330 -0.7712 
-1.9352 0.9732 0.0000 -1.4646 -0.0278 2.4330 -0.7610 
-1.9352 0.9731 0.0000 -1.4647 -0.0277 2.4330 -0.7508 
-1.9352 0.9731 0.0000 -1.4647 -0.0276 2.4330 -0.7407 
-1.9352 0.9731 0.0000 -1.4648 -0.0274 2.4330 -0.7306 
-1.9352 0.9731 0.0000 -1.4648 -0.0273 2.4329 -0.7206 
-1.9353 0.9730 0.0000 -1.4649 -0.0272 2.4329 -0.7107 
-1.9353 0.9730 0.0000 -1.4649 -0.0271 2.4329 -0.7008 
-1.9353 0.9730 0.0000 -1.4649 -0.0270 2.4329 -0.6910 
-1.9353 0.9729 0.0000 -1.4650 -0.0269 2.4329 -0.6812 
-1.9353 0.9729 0.0000 -1.4650 -0.0268 2.4329 -0.6715 
-1.9353 0.9729 0.0000 -1.4651 -0.0267 2.4329 -0.6618 
-1.9353 0.9729 0.0000 -1.4651 -0.0266 2.4328 -0.6522 
-1.9353 0.9728 0.0000 -1.4651 -0.0265 2.4328 -0.6426 
-1.9353 0.9728 0.0000 -1.4652 -0.0265 2.4328 -0.6331 
-1.9353 0.9728 0.0000 -1.4652 -0.0264 2.4328 -0.6236 
-1.9353 0.9728 0.0000 -1.4652 -0.0263 2.4328 -0.6142 
-1.9353 0.9727 0.0000 -1.4653 -0.0262 2.4327 -0.6048 
-1.9353 0.9727 0.0000 -1.4653 -0.0261 2.4327 -0.5954 
-1.9353 0.9727 0.0000 -1.4654 -0.0261 2.4327 -0.5861 
-1.9353 0.9727 0.0000 -1.4654 -0.0260 2.4327 -0.5768 
-1.9353 0.9726 0.0000 -1.4654 -0.0259 2.4327 -0.5674 
-1.9353 0.9726 0.0000 -1.4655 -0.0259 2.4327 -0.5582 
-1.9353 0.9726 0.0000 -1.4655 -0.0258 2.4326 -0.5489 
-1.9353 0.9726 0.0000 -1.4655 -0.0257 2.4326 -0.5396 
-1.9353 0.9726 0.0000 -1.4656 -0.0257 2.4326 -0.5304 
-1.9353 0.9725 0.0000 -1.4656 -0.0256 2.4326 -0.5211 
-1.9353 0.9725 0.0000 -1.4656 -0.0255 2.4325 -0.5118 
-1.9353 0.9725 0.0000 -1.4657 -0.0255 2.4325 -0.5026 
-1.9353 0.9725 0.0000 -1.4657 -0.0254 2.4325 -0.4933 
-1.9353 0.9724 0.0000 -1.4657 -0.0253 2.4325 -0.4839 
-1.9353 0.9724 0.0000 -1.4658 -0.0253 2.4325 -0.4746 
-1.9353 0.9724 0.0000 -1.4658 -0.0252 2.4324 -0.4652 
-1.9353 0.9724 0.0000 -1.4658 -0.0251 2.4324 -0.4558 
-1.9353 0.9723 0.0000 -1.4659 -0.0251 2.4324 -0.4464 
-1.9353 0.9723 0.0000 -1.4659 -0.0250 2.4324 -0.4369 
-1.9353 0.9723 0.0000 -1.4659 -0.0250 2.4323 -0.4273 
-1.9353 0.9723 0.0000 -1.4660 -0.0249 2.4323 -0.4177 
-1.9353 0.9723 0.0000 -1.4660 -0.0248 2.4323 -0.4080 
-1.9353 0.9722 0.0000 -1.4661 -0.0248 2.4323 -0.3982 
-1.9353 0.9722 0.0000 -1.4661 -0.0247 2.4322 -0.3883 
-1.9352 0.9722 0.0000 -1.4661 -0.0247 2.4322 -0.3784 
-1.9352 0.9722 0.0000 -1.4662 -0.0246 2.4322 -0.3683 
-1.9352 0.9721 0.0000 -1.4662 -0.0245 2.4322 -0.3582 
-1.9352 0.9721 0.0000 -1.4662 -0.0245 2.4321 -0.3479 
-1.9352 0.9721 0.0000 -1.4663 -0.0244 2.4321 -0.3375 
-1.9352 0.9721 0.0000 -1.4663 -0.0243 2.4321 -0.3269 
-1.9352 0.9720 0.0000 -1.4664 -0.0243 2.4320 -0.3163 
-1.9351 0.9720 0.0000 -1.4664 -0.0242 2.4320 -0.3054 
-1.9351 0.9720 0.0000 -1.4664 -0.0241 2.4320 -0.2945 
-1.9351 0.9720 0.0000 -1.4665 -0.0241 2.4319 -0.2834 
-1.9351 0.9719 0.0000 -1.4665 -0.0240 2.4319 -0.2721 
-1.9350 0.9719 0.0000 -1.4666 -0.0239 2.4319 -0.2607 
-1.9350 0.9719 0.0000 -1.4666 -0.0238 2.4319 -0.2492 
-1.9350 0.9718 0.0000 -1.4667 -0.0238 2.4318 -0.2376 
-1.9349 0.9718 0.0000 -1.4667 -0.0237 2.4318 -0.2258 
-1.9349 0.9718 0.0000 -1.4667 -0.0236 2.4318 -0.2140 
-1.9349 0.9718 0.0000 -1.4668 -0.0235 2.4317 -0.2020 
-1.9348 0.9717 0.0000 -1.4668 -0.0234 2.4317 -0.1900 
-1.9348 0.9717 0.0000 -1.4669 -0.0233 2.4317 -0.1780 
-1.9348 0.9717 0.0000 -1.4669 -0.0232 2.4317 -0.1660 
-1.9347 0.9717 0.0000 -1.4670 -0.0230 2.4316 -0.1540 
-1.9347 0.9716 0.0000 -1.4670 -0.0229 2.4316 -0.1420 
-1.9346 0.9716 0.0000 -1.4670 -0.0228 2.4316 -0.1301 
-1.9346 0.9716 0.0000 -1.4671 -0.0227 2.4316 -0.1183 
-1.9346 0.9716 0.0000 -1.4671 -0.0225 2.4316 -0.1067 
-1.9345 0.9715 0.0000 -1.4671 -0.0224 2.4316 -0.0953 
-1.9345 0.9715 0.0000 -1.4672 -0.0222 2.4315 -0.0840 
-1.9345 0.9715 0.0000 -1.4672 -0.0221 2.4315 -0.0730 
-1.9344 0.9715 0.0000 -1.4672 -0.0219 2.4315 -0.0622 
-1.9344 0.9715 0.0000 -1.4673 -0.0218 2.4315 -0.0517 
-1.9344 0.9714 0.0000 -1.4673 -0.0216 2.4315 -0.0414 
-1.9344 0.9714 0.0000 -1.4673 -0.0215 2.4315 -0.0314 
-1.9343 0.9714 0.0000 -1.4673 -0.0213 2.4315 -0.0217 
-1.9343 0.9714 0.0000 -1.4673 -0.0211 2.4316 -0.0124 
-1.9343 0.9714 0.0000 -1.4674 -0.0210 2.4316 -0.0032 
-1.9343 0.9714 0.0000 -1.4674 -0.0208 2.4316 0.0056 
-1.9343 0.9714 0.0000 -1.4674 -0.0206 2.4316 0.0142 
-1.9343 0.9714 0.0000 -1.4674 -0.0205 2.4316 0.0224 
-1.9343 0.9714 0.0000 -1.4674 -0.0203 2.4316 0.0305 
-1.9343 0.9714 0.0000 -1.4674 -0.0201 2.4316 0.0383 
-1.9343 0.9714 0.0000 -1.4674 -0.0200 2.4317 0.0459 
-1.9343 0.9714 0.0000 -1.4674 -0.0198 2.4317 0.0533 
-1.9343 0.9714 0.0000 -1.4674 -0.0196 2.4317 0.0605 
-1.9343 0.9714 0.0000 -1.4674 -0.0195 2.4317 0.0675 
-1.9343 0.9714 0.0000 -1.4674 -0.0193 2.4318 0.0744 
-1.9343 0.9714 0.0000 -1.4674 -0.0191 2.4318 0.0811 
-1.9343 0.9714 0.0000 -1.4674 -0.0190 2.4318 0.0877 
-1.9344 0.9714 0.0000 -1.4674 -0.0188 2.4318 0.0941 
-1.9344 0.9714 0.0000 -1.4674 -0.0186 2.4319 0.1005 
-1.9344 0.9714 0.0000 -1.4674 -0.0185 2.4319 0.1067 
-1.9344 0.9714 0.0000 -1.4674 -0.0183 2.4319 0.1129 
-1.9344 0.9714 0.0000 -1.4674 -0.0182 2.4319 0.1190 
-1.9345 0.9714 0.0000 -1.4674 -0.0180 2.4320 0.1251 
-1.9345 0.9714 0.0000 -1.4674 -0.0178 2.4320 0.1311 
-1.9345 0.9714 0.0000 -1.4674 -0.0177 2.4320 0.1370 
-1.9345 0.9714 0.0000 -1.4674 -0.0175 2.4321 0.1429 
-1.9346 0.9714 0.0000 -1.4674 -0.0174 2.4321 0.1488 
-1.9346 0.9714 0.0000 -1.4674 -0.0172 2.4321 0.1546 
-1.9346 0.9714 0.0000 -1.4674 -0.0170 2.4321 0.1604 
-1.9346 0.9714 0.0000 -1.4674 -0.0169 2.4322 0.1662 
-1.9347 0.9715 0.0000 -1.4673 -0.0167 2.4322 0.1720 
-1.9347 0.9715 0.0000 -1.4673 -0.0166 2.4322 0.1778 
-1.9347 0.9715 0.0000 -1.4673 -0.0164 2.4323 0.1836 
-1.9347 0.9715 0.0000 -1.4673 -0.0163 2.4323 0.1894 
-1.9348 0.9715 0.0000 -1.4673 -0.0161 2.4323 0.1952 
-1.9348 0.9715 0.0000 -1.4673 -0.0159 2.4324 0.2010 
-1.9348 0.9715 0.0000 -1.4673 -0.0158 2.4324 0.2069 
-1.9349 0.9715 0.0000 -1.4673 -0.0156 2.4324 0.2127 
-1.9349 0.9715 0.0000 -1.4672 -0.0155 2.4325 0.2186 
-1.9349 0.9716 0.0000 -1.4672 -0.0153 2.4325 0.2244 
-1.9350 0.9716 0.0000 -1.4672 -0.0151 2.4326 0.2303 
-1.9350 0.9716 0.0000 -1.4672 -0.0150 2.4326 0.2363 
-1.9350 0.9716 0.0000 -1.4672 -0.0148 2.4326 0.2422 
-1.9351 0.9716 0.0000 -1.4671 -0.0146 2.4327 0.2482 
-1.9351 0.9716 0.0000 -1.4671 -0.0145 2.4327 0.2543 
-1.9351 0.9717 0.0000 -1.4671 -0.0143 2.4328 0.2603 
-1.9352 0.9717 0.0000 -1.4670 -0.0141 2.4328 0.2664 
-1.9352 0.9717 0.0000 -1.4670 -0.0140 2.4329 0.2725 
-1.9352 0.9717 0.0000 -1.4670 -0.0138 2.4329 0.2786 
-1.9353 0.9717 0.0000 -1.4669 -0.0136 2.4330 0.2848 
-1.9353 0.9718 0.0000 -1.4669 -0.0134 2.4330 0.2910 
-1.9353 0.9718 0.0000 -1.4668 -0.0133 2.4331 0.2972 
-1.9354 0.9718 0.0000 -1.4668 -0.0131 2.4331 0.3035 
-1.9354 0.9719 0.0000 -1.4667 -0.0129 2.4332 0.3097 
-1.9354 0.9719 0.0000 -1.4667 -0.0127 2.4333 0.3160 
-1.9355 0.9719 0.0000 -1.4666 -0.0125 2.4333 0.3222 
-1.9355 0.9720 0.0000 -1.4666 -0.0123 2.4334 0.3284 
-1.9355 0.9720 0.0000 -1.4665 -0.0122 2.4335 0.3346 
-1.9356 0.9721 0.0000 -1.4664 -0.0120 2.4335 0.3408 
-1.9356 0.9721 0.0000 -1.4663 -0.0118 2.4336 0.3469 
-1.9356 0.9722 0.0000 -1.4662 -0.0116 2.4337 0.3529 
-1.9356 0.9722 0.0000 -1.4662 -0.0114 2.4338 0.3589 
-1.9357 0.9723 0.0000 -1.4661 -0.0112 2.4339 0.3647 
-1.9357 0.9724 0.0000 -1.4660 -0.0111 2.4340 0.3704 
-1.9357 0.9724 0.0000 -1.4659 -0.0109 2.4341 0.3760 
-1.9358 0.9725 0.0000 -1.4658 -0.0107 2.4341 0.3814 
-1.9358 0.9725 0.0000 -1.4657 -0.0105 2.4342 0.3866 
-1.9358 0.9726 0.0000 -1.4655 -0.0104 2.4343 0.3915 
-1.9358 0.9727 0.0000 -1.4654 -0.0102 2.4344 0.3963 
-1.9359 0.9728 0.0000 -1.4653 -0.0101 2.4345 0.4008 
-1.9359 0.9728 0.0000 -1.4652 -0.0099 2.4346 0.4050 
-1.9359 0.9729 0.0000 -1.4651 -0.0098 2.4347 0.4090 
-1.9359 0.9730 0.0000 -1.4650 -0.0097 2.4348 0.4126 
-1.9359 0.9730 0.0000 -1.4649 -0.0095 2.4349 0.4160 
-1.9360 0.9731 0.0000 -1.4647 -0.0094 2.4350 0.4191 
-1.9360 0.9732 0.0000 -1.4646 -0.0093 2.4351 0.4219 
-1.9360 0.9732 0.0000 -1.4645 -0.0092 2.4351 0.4243 
-1.9360 0.9733 0.0000 -1.4644 -0.0092 2.4352 0.4266 
-1.9360 0.9733 0.0000 -1.4643 -0.0091 2.4353 0.4285 
-1.9360 0.9734 0.0000 -1.4642 -0.0090 2.4354 0.4302 
-1.9360 0.9735 0.0000 -1.4641 -0.0090 2.4354 0.4316 
-1.9360 0.9735 0.0000 -1.4640 -0.0089 2.4355 0.4329 
-1.9360 0.9736 0.0000 -1.4640 -0.0089 2.4356 0.4339 
-1.9360 0.9736 0.0000 -1.4639 -0.0088 2.4356 0.4347 
-1.9360 0.9736 0.0000 -1.4638 -0.0088 2.4357 0.4354 
-1.9360 0.9737 0.0000 -1.4637 -0.0088 2.4357 0.4359 
-1.9360 0.9737 0.0000 -1.4637 -0.0087 2.4358 0.4363 
-1.9360 0.9737 0.0000 -1.4636 -0.0087 2.4358 0.4366 
-1.9360 0.9738 0.0000 -1.4636 -0.0087 2.4358 0.4368 
-1.9360 0.9738 0.0000 -1.4635 -0.0087 2.4359 0.4370 
-1.9360 0.9738 0.0000 -1.4635 -0.0087 2.4359 0.4370 
-1.9360 0.9738 0.0000 -1.4634 -0.0087 2.4359 0.4371 
-1.9360 0.9739 0.0000 -1.4634 -0.0087 2.4360 0.4370 
-1.9360 0.9739 0.0000 -1.4634 -0.0087 2.4360 0.4370 
-1.9360 0.9739 0.0000 -1.4633 -0.0087 2.4360 0.4369 
-1.9360 0.9739 0.0000 -1.4633 -0.0087 2.4360 0.4368 
-1.9360 0.9739 0.0000 -1.4633 -0.0087 2.4360 0.4367 
-1.9360 0.9739 0.0000 -1.4633 -0.0087 2.4360 0.4366 
-1.9360 0.9739 0.0000 -1.4633 -0.0087 2.4361 0.4364 
-1.9360 0.9739 0.0000 -1.4632 -0.0087 2.4361 0.4363 
-1.9360 0.9739 0.0000 -1.4632 -0.0087 2.4361 0.4362 
-1.9360 0.9740 0.0000 -1.4632 -0.0087 2.4361 0.4361 
-1.9360 0.9740 0.0000 -1.4632 -0.0087 2.4361 0.4360 
-1.9360 0.9740 0.0000 -1.4632 -0.0087 2.4361 0.4359 
-1.9360 0.9740 0.0000 -1.4632 -0.0087 2.4361 0.4358 
-1.9360 0.9740 0.0000 -1.4632 -0.0087 2.4361 0.4357 
-1.9360 0.9740 0.0000 -1.4631 -0.0087 2.4361 0.4357 
-1.9360 0.9740 0.0000 -1.4631 -0.0088 2.4361 0.4356 
-1.9360 0.9740 0.0000 -1.4631 -0.0088 2.4362 0.4355 
-1.9360 0.9740 0.0000 -1.4631 -0.0088 2.4362 0.4355 
-1.9360 0.9740 0.0000 -1.4631 -0.0088 2.4362 0.4355 
-1.9360 0.9740 0.0000 -1.4631 -0.0088 2.4362 0.4354 
-1.9360 0.9740 0.0000 -1.4631 -0.0088 2.4362 0.4354 
-1.9360 0.9740 0.0000 -1.4631 -0.0088 2.4362 0.4354 
-1.9360 0.9740 0.0000 -1.4631 -0.0088 2.4362 0.4354 
-1.9360 0.9740 0.0000 -1.4631 -0.0088 2.4362 0.4354 
-1.9360 0.9740 0.0000 -1.4631 -0.0088 2.4362 0.4354 
-1.9360 0.9740 0.0000 -1.4631 -0.0088 2.4362 0.4354 
-1.9360 0.9740 0.0000 -1.4631 -0.0088 2.4362 0.4354 
-1.9360 0.9740 0.0000 -1.4631 -0.0088 2.4362 0.4355 
-1.9360 0.9740 0.0000 -1.4631 -0.0088 2.4362 0.4355 
-1.9360 0.9740 0.0000 -1.4630 -0.0088 2.4362 0.4355 
-1.9360 0.9740 0.0000 -1.4630 -0.0088 2.4362 0.4355 
-1.9360 0.9740 0.0000 -1.4630 -0.0088 2.4362 0.4356 
-1.9360 0.9740 0.0000 -1.4630 -0.0089 2.4362 0.4356 
-1.9360 0.9740 0.0000 -1.4630 -0.0089 2.4362 0.4357 
-1.9360 0.9740 0.0000 -1.4630 -0.0089 2.4362 0.4357 
-1.9360 0.9740 0.0000 -1.4630 -0.0089 2.4362 0.4357 
-1.9360 0.9740 0.0000 -1.4630 -0.0089 2.4362 0.4358 
-1.9360 0.9740 0.0000 -1.4630 -0.0089 2.4362 0.4358 
-1.9360 0.9740 0.0000 -1.4630 -0.0089 2.4363 0.4359 
-1.9360 0.9740 0.0000 -1.4630 -0.0089 2.4363 0.4359 
-1.9360 0.9740 0.0000 -1.4630 -0.0089 2.4363 0.4360 
-1.9360 0.9740 0.0000 -1.4630 -0.0089 2.4363 0.4360 
-1.9360 0.9740 0.0000 -1.4630 -0.0089 2.4363 0.4361 
-1.9360 0.9740 0.0000 -1.4630 -0.0089 2.4363 0.4361 
-1.9360 0.9740 0.0000 -1.4630 -0.0089 2.4363 0.4362 
-1.9360 0.9740 0.0000 -1.4630 -0.0089 2.4363 0.4362 
-1.9360 0.9740 0.0000 -1.4630 -0.0089 2.4363 0.4363 
-1.9360 0.9740 0.0000 -1.4630 -0.0089 2.4363 0.4364 
-1.9360 0.9740 0.0000 -1.4630 -0.0089 2.4363 0.4364 
-1.9360 0.9740 0.0000 -1.4630 -0.0089 2.4363 0.4365 
-1.9360 0.9740 0.0000 -1.4630 -0.0089 2.4363 0.4365 
-1.9360 0.9740 0.0000 -1.4630 -0.0090 2.4363 0.4366 
-1.9360 0.9740 0.0000 -1.4630 -0.0090 2.4363 0.4366 
-1.9360 0.9740 0.0000 -1.4630 -0.0090 2.4363 0.4367 
-1.9360 0.9740 0.0000 -1.4629 -0.0090 2.4363 0.4367 
-1.9360 0.9740 0.0000 -1.4629 -0.0090 2.4363 0.4368 
-1.9360 0.9740 0.0000 -1.4629 -0.0090 2.4363 0.4369 
-1.9360 0.9740 0.0000 -1.4629 -0.0090 2.4363 0.4369 
-1.9360 0.9740 0.0000 -1.4629 -0.0090 2.4363 0.4370 
-1.9360 0.9740 0.0000 -1.4629 -0.0090 2.4363 0.4370 
-1.9360 0.9740 0.0000 -1.4629 -0.0090 2.4363 0.4371 
-1.9360 0.9740 0.0000 -1.4629 -0.0090 2.4363 0.4371 
-1.9360 0.9740 0.0000 -1.4629 -0.0090 2.4363 0.4372 
-1.9360 0.9740 0.0000 -1.4629 -0.0090 2.4364 0.4372 
-1.9360 0.9740 0.0000 -1.4629 -0.0090 2.4364 0.4373 
-1.9360 0.9740 0.0000 -1.4629 -0.0090 2.4364 0.4374 
-1.9360 0.9740 0.0000 -1.4629 -0.0090 2.4364 0.4374 
-1.9360 0.9740 0.0000 -1.4629 -0.0090 2.4364 0.4375 
-1.9360 0.9740 0.0000 -1.4629 -0.0090 2.4364 0.4375 
-1.9360 0.9740 0.0000 -1.4629 -0.0090 2.4364 0.4376 
-1.9360 0.9740 0.0000 -1.4629 -0.0091 2.4364 0.4376 
-1.9360 0.9740 0.0000 -1.4629 -0.0091 2.4364 0.4377 
-1.9360 0.9740 0.0000 -1.4629 -0.0091 2.4364 0.4378 
-1.9360 0.9740 0.0000 -1.4629 -0.0091 2.4364 0.4378 
-1.9360 0.9740 0.0000 -1.4629 -0.0091 2.4364 0.4379 
-1.9360 0.9740 0.0000 -1.4629 -0.0091 2.4364 0.4379 
-1.9360 0.9740 0.0000 -1.4629 -0.0091 2.4364 0.4380 
-1.9360 0.9740 0.0000 -1.4629 -0.0091 2.4364 0.4380 
-1.9360 0.9740 0.0000 -1.4629 -0.0091 2.4364 0.4381 
-1.9360 0.9740 0.0000 -1.4629 -0.0091 2.4364 0.4382 
-1.9360 0.9740 0.0000 -1.4628 -0.0091 2.4364 0.4382 
-1.9360 0.9740 0.0000 -1.4628 -0.0091 2.4364 0.4383 
-1.9360 0.9740 0.0000 -1.4628 -0.0091 2.4364 0.4383 
-1.9360 0.9740 0.0000 -1.4628 -0.0091 2.4364 0.4384 
-1.9360 0.9740 0.0000 -1.4628 -0.0091 2.4364 0.4384 
-1.9360 0.9740 0.0000 -1.4628 -0.0091 2.4364 0.4385 
-1.9360 0.9740 0.0000 -1.4628 -0.0091 2.4364 0.4386 
-1.9360 0.9740 0.0000 -1.4628 -0.0091 2.4364 0.4386 
-1.9360 0.9740 0.0000 -1.4628 -0.0091 2.4364 0.4387 
-1.9360 0.9740 0.0000 -1.4628 -0.0091 2.4365 0.4387 
-1.9360 0.9740 0.0000 -1.4628 -0.0092 2.4365 0.4388 
-1.9360 0.9740 0.0000 -1.4628 -0.0092 2.4365 0.4388 
-1.9360 0.9740 0.0000 -1.4628 -0.0092 2.4365 0.4389 
-1.9360 0.9740 0.0000 -1.4628 -0.0092 2.4365 0.4389 
-1.9360 0.9740 0.0000 -1.4628 -0.0092 2.4365 0.4390 
-1.9360 0.9740 0.0000 -1.4628 -0.0092 2.4365 0.4391 
