-2.18929 -0.517738 -0.000620247 -2.1832 0.0302536 1.71539 -1.41643 
-2.18929 -0.517737 -0.000613008 -2.1832 0.0302529 1.71539 -1.41643 
-2.18928 -0.517737 -0.000609667 -2.1832 0.0302531 1.71539 -1.41643 
-2.18929 -0.51774 -0.000613008 -2.1832 0.030253 1.71539 -1.41643 
-2.18929 -0.517738 -0.000614957 -2.1832 0.0302536 1.71539 -1.41643 
-2.18929 -0.517742 -0.000611338 -2.1832 0.0302537 1.71539 -1.41643 
-2.18929 -0.517741 -0.000610628 -2.1832 0.0302522 1.71539 -1.41643 
-2.18929 -0.517738 -0.000611338 -2.1832 0.0302522 1.71539 -1.41643 
-2.18929 -0.51774 -0.000613008 -2.1832 0.0302536 1.71539 -1.41642 
-2.18929 -0.517738 -0.000613008 -2.1832 0.0302546 1.71539 -1.41643 
-2.18929 -0.517737 -0.000614957 -2.1832 0.0302563 1.71539 -1.41643 
-2.18929 -0.51774 -0.000611338 -2.1832 0.030253 1.71539 -1.41643 
-2.18929 -0.517738 -0.000613008 -2.1832 0.0302561 1.71539 -1.41642 
-2.18929 -0.517738 -0.000613008 -2.1832 0.0302539 1.71539 -1.41643 
-2.18929 -0.517737 -0.000609207 -2.1832 0.0302542 1.71539 -1.41643 
-2.18929 -0.51774 -0.000609667 -2.1832 0.0302561 1.71539 -1.41643 
-2.18929 -0.51774 -0.000613008 -2.1832 0.0302537 1.71539 -1.41643 
-2.18929 -0.517741 -0.000611338 -2.1832 0.0302539 1.71539 -1.41643 
-2.18929 -0.51774 -0.000609667 -2.1832 0.0302537 1.71539 -1.41643 
-2.18929 -0.51774 -0.000613008 -2.1832 0.0302529 1.71539 -1.41642 
-2.18929 -0.517738 -0.000613008 -2.1832 0.0302545 1.71539 -1.41643 
-2.18929 -0.517742 -0.000613008 -2.1832 0.0302555 1.71539 -1.41643 
-2.18929 -0.517738 -0.000609667 -2.1832 0.0302561 1.71539 -1.41643 
-2.18929 -0.517737 -0.000609667 -2.1832 0.0302568 1.71539 -1.41643 
-2.18929 -0.517737 -0.000611364 -2.1832 0.0302533 1.71539 -1.41643 
-2.18929 -0.517738 -0.000618298 -2.1832 0.0302564 1.71539 -1.41643 
-2.18929 -0.517737 -0.000611338 -2.1832 0.0302539 1.71539 -1.41643 
-2.18929 -0.517739 -0.000609667 -2.1832 0.0302537 1.71539 -1.41643 
-2.18929 -0.517735 -0.000609667 -2.1832 0.0302531 1.71539 -1.41643 
-2.18929 -0.517738 -0.000614957 -2.1832 0.0302537 1.71539 -1.41643 
-2.18929 -0.517738 -0.000613008 -2.1832 0.0302537 1.71539 -1.41643 
-2.18929 -0.517738 -0.000610628 -2.1832 0.0302536 1.71539 -1.41643 
-2.18929 -0.517738 -0.000609667 -2.18321 0.0302536 1.71539 -1.41643 
-2.18929 -0.517738 -0.000607719 -2.1832 0.0302536 1.71539 -1.41643 
-2.18929 -0.517737 -0.000613008 -2.1832 0.030253 1.71539 -1.41643 
-2.18929 -0.51774 -0.000613008 -2.1832 0.0302536 1.71539 -1.41642 
-2.18929 -0.517739 -0.000611338 -2.1832 0.0302542 1.71539 -1.41642 
-2.18929 -0.51774 -0.000613008 -2.1832 0.0302536 1.71539 -1.41643 
-2.18929 -0.517737 -0.000618298 -2.1832 0.0302574 1.71539 -1.41643 
-2.18929 -0.517737 -0.000609667 -2.1832 0.030254 1.71539 -1.41642 
-2.18928 -0.517737 -0.000602429 -2.1832 0.0302562 1.71539 -1.41643 
-2.18929 -0.517743 -0.000609667 -2.1832 0.0302539 1.71539 -1.41643 
-2.18929 -0.517738 -0.000618219 -2.1832 0.0302529 1.71539 -1.41643 
-2.18929 -0.51774 -0.000616627 -2.1832 0.0302536 1.71539 -1.41643 
-2.18929 -0.517742 -0.000611338 -2.1832 0.0302536 1.71539 -1.41643 
-2.18929 -0.517737 -0.000612982 -2.1832 0.0302537 1.71539 -1.41643 
-2.18929 -0.51774 -0.000614957 -2.1832 0.0302527 1.71539 -1.41643 
-2.18928 -0.517743 -0.000613008 -2.1832 0.0302545 1.71539 -1.41643 
-2.18929 -0.517737 -0.000609667 -2.1832 0.0302578 1.71539 -1.41643 
-2.18929 -0.517735 -0.000613008 -2.1832 0.0302533 1.71539 -1.41643 
-2.18929 -0.517741 -0.000614957 -2.1832 0.0302529 1.71539 -1.41643 
-2.18929 -0.517741 -0.000614957 -2.1832 0.0302544 1.71539 -1.41643 
-2.18929 -0.517737 -0.000610391 -2.1832 0.0302563 1.71539 -1.41643 
-2.18929 -0.517738 -0.000613008 -2.1832 0.0302533 1.71539 -1.41643 
-2.18928 -0.517735 -0.000611338 -2.1832 0.030253 1.71539 -1.41643 
-2.18929 -0.517738 -0.000614957 -2.1832 0.0302568 1.71539 -1.41643 
-2.18929 -0.517742 -0.000613008 -2.1832 0.0302561 1.71539 -1.41643 
-2.18928 -0.517738 -0.000613008 -2.1832 0.0302529 1.71539 -1.41643 
-2.18929 -0.51774 -0.000614957 -2.1832 0.0302533 1.71539 -1.41643 
-2.18929 -0.517738 -0.000616627 -2.1832 0.0302531 1.71539 -1.41643 
-2.18929 -0.517738 -0.000614957 -2.1832 0.0302541 1.71539 -1.41643 
-2.18929 -0.517737 -0.000609667 -2.1832 0.0302578 1.71539 -1.41643 
-2.18928 -0.517743 -0.000611338 -2.1832 0.0302552 1.71539 -1.41643 
-2.18929 -0.517737 -0.000611338 -2.1832 0.0302536 1.71539 -1.41643 
-2.18929 -0.51774 -0.000609667 -2.1832 0.030253 1.71539 -1.41643 
-2.18928 -0.517738 -0.000613008 -2.1832 0.0302529 1.71539 -1.41642 
-2.18929 -0.517739 -0.000613008 -2.1832 0.0302536 1.71539 -1.41643 
-2.18929 -0.517738 -0.000614957 -2.1832 0.0302571 1.71539 -1.41643 
-2.18929 -0.517737 -0.000614957 -2.1832 0.0302556 1.71539 -1.41643 
-2.18929 -0.517736 -0.000613008 -2.1832 0.0302579 1.71539 -1.41643 
-2.18929 -0.517741 -0.000613008 -2.1832 0.030254 1.71539 -1.41642 
-2.18929 -0.517737 -0.000611338 -2.1832 0.0302555 1.71539 -1.41643 
-2.18929 -0.517738 -0.000609667 -2.1832 0.0302536 1.71539 -1.41643 
-2.18929 -0.517738 -0.000616627 -2.1832 0.030253 1.71539 -1.41643 
-2.18929 -0.517737 -0.000609666 -2.1832 0.0302529 1.71539 -1.41643 
-2.18929 -0.517735 -0.000611338 -2.1832 0.0302542 1.71539 -1.41643 
-2.18929 -0.51774 -0.000614957 -2.1832 0.030254 1.71539 -1.41643 
-2.18929 -0.517742 -0.000614957 -2.1832 0.0302533 1.71539 -1.41643 
-2.18929 -0.51774 -0.000613008 -2.1832 0.0302536 1.71539 -1.41643 
-2.18929 -0.51774 -0.000614957 -2.1832 0.0302529 1.71539 -1.41643 
-2.18929 -0.517737 -0.000613008 -2.1832 0.0302543 1.71539 -1.41643 
-2.18929 -0.51774 -0.000609667 -2.1832 0.0302536 1.71539 -1.41643 
-2.18929 -0.517741 -0.000611338 -2.1832 0.0302554 1.71539 -1.41642 
-2.18929 -0.517737 -0.000611338 -2.1832 0.030253 1.71539 -1.41643 
-2.18929 -0.517737 -0.000616627 -2.1832 0.0302542 1.71539 -1.41643 
-2.18929 -0.517738 -0.000613008 -2.1832 0.0302578 1.71539 -1.41643 
-2.18929 -0.517737 -0.000611338 -2.1832 0.030253 1.71539 -1.41642 
-2.18929 -0.517738 -0.000614957 -2.1832 0.0302554 1.71539 -1.41643 
-2.18929 -0.517735 -0.000614957 -2.1832 0.0302539 1.71539 -1.41643 
-2.18929 -0.517737 -0.000611338 -2.1832 0.0302533 1.71539 -1.41643 
-2.18929 -0.517739 -0.000611338 -2.1832 0.0302529 1.71539 -1.41643 
-2.1893 -0.517735 -0.000614954 -2.1832 0.0302531 1.71539 -1.41643 
-2.1893 -0.517737 -0.000621917 -2.1832 0.0302524 1.71539 -1.41643 
-2.1893 -0.517737 -0.000616627 -2.1832 0.0302537 1.71539 -1.41643 
-2.18929 -0.517737 -0.000614957 -2.1832 0.0302536 1.71539 -1.41643 
-2.18929 -0.517739 -0.000609667 -2.1832 0.030253 1.71539 -1.41643 
-2.1893 -0.517737 -0.000620247 -2.18319 0.0302536 1.71539 -1.41643 
-2.18931 -0.517735 -0.000633036 -2.1832 0.0302555 1.71539 -1.41643 
-2.1893 -0.517737 -0.000622891 -2.1832 0.0302533 1.71539 -1.41643 
-2.1893 -0.517737 -0.000625541 -2.18319 0.0302548 1.71539 -1.41643 
-2.18931 -0.517735 -0.00063321 -2.1832 0.030253 1.7154 -1.41643 
-2.18932 -0.517737 -0.0006376 -2.1832 0.0302516 1.7154 -1.41643 
-2.18932 -0.517738 -0.000637363 -2.1832 0.0302522 1.7154 -1.41643 
-2.18931 -0.517741 -0.000635955 -2.18319 0.0302522 1.71539 -1.41643 
-2.18931 -0.517737 -0.000632073 -2.18321 0.0302523 1.71539 -1.41643 
-2.1893 -0.517737 -0.000635692 -2.1832 0.030253 1.71539 -1.41643 
-2.1893 -0.51774 -0.000634022 -2.18321 0.0302529 1.71539 -1.41643 
-2.1893 -0.517733 -0.000625113 -2.1832 0.0302516 1.71538 -1.41643 
-2.1893 -0.517737 -0.000628732 -2.18321 0.0302516 1.71539 -1.41643 
-2.18929 -0.517733 -0.000624876 -2.18321 0.0302568 1.71539 -1.41643 
-2.18929 -0.517733 -0.000619744 -2.18321 0.0302554 1.71539 -1.41643 
-2.18929 -0.517735 -0.000625086 -2.1832 0.0302572 1.71539 -1.41642 
-2.18929 -0.517732 -0.000619507 -2.1832 0.0302522 1.71539 -1.41643 
-2.18932 -0.517735 -0.0006304 -2.18321 0.0302533 1.71539 -1.41643 
-2.18933 -0.517735 -0.000658048 -2.1832 0.0302511 1.71539 -1.41643 
-2.18933 -0.51773 -0.000653327 -2.18321 0.0302505 1.71539 -1.41643 
-2.18931 -0.51773 -0.000637218 -2.18321 0.0302517 1.71539 -1.41643 
-2.18931 -0.517728 -0.000640559 -2.18321 0.0302516 1.7154 -1.41643 
-2.18934 -0.517725 -0.000659087 -2.18321 0.030251 1.71539 -1.41643 
-2.18934 -0.517721 -0.000665191 -2.18321 0.0302517 1.71539 -1.41642 
-2.18932 -0.517721 -0.000649035 -2.1832 0.0302504 1.7154 -1.41643 
-2.18931 -0.517723 -0.000643754 -2.1832 0.0302516 1.71539 -1.41643 
-2.18933 -0.517721 -0.000653282 -2.1832 0.030251 1.71539 -1.41643 
-2.18933 -0.517725 -0.000657953 -2.18321 0.030251 1.71539 -1.41643 
-2.18933 -0.517717 -0.00065099 -2.18321 0.0302514 1.71539 -1.41643 
-2.18933 -0.517721 -0.000652427 -2.1832 0.0302508 1.71539 -1.41643 
-2.18933 -0.517726 -0.000656283 -2.18321 0.0302516 1.71539 -1.41643 
-2.18933 -0.517724 -0.000654334 -2.18322 0.030251 1.71538 -1.41643 
-2.18932 -0.517726 -0.000652663 -2.18321 0.0302517 1.71539 -1.41643 
-2.18932 -0.517725 -0.000647373 -2.18322 0.030251 1.71538 -1.41642 
-2.18933 -0.517723 -0.000648334 -2.18322 0.0302548 1.71538 -1.41642 
-2.18933 -0.517725 -0.000655573 -2.18322 0.0302516 1.71538 -1.41643 
-2.18932 -0.517721 -0.000647374 -2.18322 0.0302536 1.71538 -1.41643 
-2.18931 -0.51772 -0.000631928 -2.18324 0.0302522 1.71538 -1.41643 
-2.18931 -0.517721 -0.000642689 -2.18324 0.0302527 1.71538 -1.41643 
-2.18932 -0.517726 -0.000645848 -2.18324 0.0302523 1.71538 -1.41642 
-2.18932 -0.517725 -0.000644178 -2.18324 0.0302516 1.71538 -1.41643 
-2.18932 -0.517721 -0.000642744 -2.18324 0.0302516 1.71538 -1.41642 
-2.18933 -0.517724 -0.000654242 -2.18324 0.0302554 1.71538 -1.41642 
-2.18932 -0.517727 -0.000650992 -2.18324 0.0302533 1.71538 -1.41643 
-2.18931 -0.517728 -0.000637458 -2.18323 0.0302537 1.71538 -1.41643 
-2.18932 -0.51773 -0.000640559 -2.18323 0.0302529 1.71538 -1.41643 
-2.18933 -0.517726 -0.000649471 -2.18323 0.0302522 1.71538 -1.41643 
-2.18932 -0.517726 -0.000644419 -2.18323 0.0302523 1.71538 -1.41643 
-2.1893 -0.517726 -0.000633609 -2.18323 0.0302522 1.71538 -1.41643 
-2.18931 -0.517726 -0.000635269 -2.18323 0.0302552 1.71538 -1.41643 
-2.18931 -0.517726 -0.000629979 -2.18324 0.0302522 1.71538 -1.41643 
-2.1893 -0.517723 -0.000631928 -2.18325 0.0302544 1.71538 -1.41643 
-2.1893 -0.517725 -0.000631928 -2.18325 0.030253 1.71538 -1.41643 
-2.1893 -0.517718 -0.000625196 -2.18325 0.0302526 1.71538 -1.41643 
-2.1893 -0.517708 -0.000623445 -2.18326 0.0302526 1.71537 -1.41642 
-2.1893 -0.517696 -0.000630482 -2.18327 0.030252 1.71538 -1.41643 
-2.18932 -0.517692 -0.000644149 -2.18328 0.0302497 1.71537 -1.41642 
-2.18933 -0.517696 -0.000645848 -2.18329 0.030251 1.71537 -1.41643 
-2.18932 -0.517672 -0.000640559 -2.1833 0.0302478 1.71537 -1.41643 
-2.18932 -0.51767 -0.000644178 -2.18331 0.0302494 1.71537 -1.41643 
-2.18931 -0.517655 -0.000637218 -2.18333 0.030251 1.71536 -1.41642 
-2.18927 -0.517632 -0.000608186 -2.18334 0.0302531 1.71535 -1.41643 
-2.18929 -0.51762 -0.000610804 -2.18333 0.0302464 1.71535 -1.41643 
-2.18929 -0.517621 -0.000636376 -2.18334 0.0302513 1.71534 -1.41643 
-2.18926 -0.517595 -0.000596829 -2.18335 0.0302504 1.71534 -1.41643 
-2.18911 -0.517587 -0.000573917 -2.18336 0.0302474 1.71534 -1.41644 
-2.1889 -0.517574 -0.000565321 -2.18339 0.0302474 1.71532 -1.41643 
-2.18865 -0.517511 -0.000477312 -2.18347 0.030251 1.7153 -1.41643 
-2.1882 -0.517427 -0.000430695 -2.18368 0.0302496 1.7153 -1.41643 
-2.18762 -0.517358 -0.000390702 -2.18404 0.0302509 1.7153 -1.41643 
-2.18696 -0.517276 -0.000366883 -2.18464 0.0302512 1.7153 -1.41643 
-2.18602 -0.517153 -0.00034183 -2.18555 0.0302533 1.7153 -1.41643 
-2.18479 -0.516986 -0.000345409 -2.1867 0.0302505 1.7153 -1.41642 
-2.18344 -0.516789 -0.000332699 -2.18801 0.0302513 1.71531 -1.41642 
-2.18193 -0.516514 -0.000308387 -2.18965 0.0302519 1.71531 -1.41641 
-2.18027 -0.516161 -0.000307059 -2.19149 0.0302516 1.71531 -1.4164 
-2.17862 -0.51569 -0.000296629 -2.19346 0.0302513 1.71532 -1.4164 
-2.17689 -0.515041 -0.000275787 -2.19544 0.0302513 1.71533 -1.4164 
-2.17504 -0.514181 -0.000277873 -2.19726 0.0302539 1.71534 -1.41639 
-2.17329 -0.513204 -0.000263984 -2.19901 0.0302533 1.71534 -1.41636 
-2.17141 -0.512006 -0.000258057 -2.20079 0.0302519 1.71536 -1.41625 
-2.16967 -0.510655 -0.000263248 -2.20246 0.0302526 1.71537 -1.41558 
-2.16818 -0.509174 -0.000234207 -2.20397 0.0302539 1.71537 -1.41472 
-2.16646 -0.507399 -0.000233017 -2.20546 0.0302533 1.71538 -1.41372 
-2.16481 -0.505509 -0.000221415 -2.20687 0.0302533 1.71539 -1.4126 
-2.16301 -0.503494 -0.000214526 -2.20809 0.0302526 1.7154 -1.41153 
-2.16111 -0.501357 -0.000205896 -2.209 0.0302545 1.71542 -1.41054 
-2.15911 -0.499034 -0.000173248 -2.20952 0.0302576 1.71542 -1.40958 
-2.15692 -0.496685 -0.00017298 -2.20981 0.0302606 1.71546 -1.4086 
-2.1545 -0.493939 -0.000178125 -2.20983 0.0302711 1.71623 -1.40719 
-2.15204 -0.491149 -0.000175995 -2.20982 0.0302805 1.71783 -1.40574 
-2.14951 -0.488136 -0.000178125 -2.20983 0.0302804 1.71997 -1.4038 
-2.14687 -0.485034 -0.000167454 -2.20982 0.0302905 1.72308 -1.4007 
-2.14416 -0.481921 -0.0001575 -2.2098 0.0302954 1.72695 -1.39674 
-2.14149 -0.478863 -0.000156765 -2.20982 0.0303021 1.73178 -1.39221 
-2.1387 -0.475825 -0.000152373 -2.20986 0.030305 1.73785 -1.38783 
-2.13589 -0.472822 -0.000153807 -2.20987 0.0303024 1.74487 -1.38396 
-2.13304 -0.469747 -0.000153007 -2.20987 0.0303136 1.75234 -1.37977 
-2.1299 -0.466385 -0.00016062 -2.20988 0.0303133 1.7606 -1.3753 
-2.12674 -0.462561 -0.000165034 -2.20987 0.0303178 1.76892 -1.37137 
-2.1238 -0.458616 -0.00016837 -2.20988 0.0303137 1.77694 -1.36789 
-2.12081 -0.45432 -0.000156993 -2.21003 0.030322 1.78617 -1.365 
-2.11775 -0.449843 -0.000147624 -2.2101 0.0303337 1.79469 -1.36135 
-2.11477 -0.445479 -0.000164267 -2.2101 0.0303433 1.80293 -1.35745 
-2.11182 -0.440648 -0.000157849 -2.21009 0.0303608 1.81109 -1.35339 
-2.10889 -0.435078 -0.0001582 -2.21016 0.030407 1.81917 -1.34921 
-2.10627 -0.429294 -0.000174465 -2.2102 0.0305302 1.82707 -1.34498 
-2.10387 -0.423724 -0.000167555 -2.21017 0.0306263 1.8342 -1.3403 
-2.10113 -0.417424 -0.000180146 -2.21018 0.0307116 1.84216 -1.33506 
-2.09857 -0.411034 -0.000172647 -2.21017 0.0308828 1.8488 -1.33052 
-2.09616 -0.404229 -0.000175458 -2.21019 0.0310657 1.85511 -1.32635 
-2.09366 -0.397146 -0.000156141 -2.21019 0.0312506 1.8625 -1.32227 
-2.09095 -0.390341 -0.00014951 -2.21016 0.0312996 1.86939 -1.31873 
-2.0884 -0.383438 -0.000170085 -2.21015 0.0313321 1.87607 -1.31539 
-2.08582 -0.375715 -0.000163138 -2.21015 0.0313905 1.88357 -1.31193 
-2.08316 -0.368367 -0.000162899 -2.21013 0.0314309 1.89071 -1.30823 
-2.08062 -0.361189 -0.000173264 -2.21015 0.031441 1.89855 -1.30382 
-2.07808 -0.352835 -0.000177767 -2.21016 0.0314415 1.90715 -1.2978 
-2.07572 -0.344945 -0.000178633 -2.21015 0.0314372 1.91483 -1.2925 
-2.07347 -0.337936 -0.00017649 -2.21015 0.0314378 1.92226 -1.28857 
-2.07128 -0.330209 -0.000187106 -2.21014 0.0314409 1.93001 -1.28523 
-2.06914 -0.321735 -0.000169648 -2.2102 0.0314463 1.93915 -1.28176 
-2.06703 -0.314409 -0.000166255 -2.21017 0.0314421 1.94747 -1.2797 
-2.0648 -0.306818 -0.000176517 -2.21015 0.0314536 1.95611 -1.27817 
-2.06272 -0.298426 -0.00017649 -2.21015 0.0314703 1.96529 -1.27674 
-2.06066 -0.29074 -0.000174583 -2.21015 0.0315242 1.97409 -1.27554 
-2.05836 -0.282594 -0.000178073 -2.21017 0.0315923 1.98427 -1.27412 
-2.05621 -0.273931 -0.000184963 -2.21014 0.0316745 1.99372 -1.27196 
-2.05431 -0.265433 -0.000176495 -2.21011 0.0317188 2.00328 -1.26904 
-2.05231 -0.257448 -0.000183225 -2.21004 0.0317509 2.0122 -1.26566 
-2.05037 -0.248701 -0.000184976 -2.21012 0.0317575 2.02153 -1.26144 
-2.04832 -0.239856 -0.000191787 -2.21005 0.0317588 2.02972 -1.25724 
-2.04636 -0.231633 -0.000185959 -2.21 0.031771 2.03781 -1.25389 
-2.04442 -0.222815 -0.000202893 -2.20999 0.0317939 2.0454 -1.25054 
-2.04266 -0.213985 -0.000181225 -2.21 0.0318286 2.05277 -1.24772 
-2.04071 -0.205758 -0.000186569 -2.20998 0.0318608 2.06041 -1.2449 
-2.03884 -0.196987 -0.000183543 -2.20994 0.0318784 2.06752 -1.24198 
-2.03699 -0.188531 -0.000178161 -2.20992 0.0318948 2.07418 -1.23919 
-2.03473 -0.17963 -0.00018136 -2.20975 0.0319348 2.08149 -1.2359 
-2.03245 -0.170607 -0.000193847 -2.20946 0.0319551 2.08795 -1.23235 
-2.03029 -0.161994 -0.00018654 -2.20933 0.0319605 2.09509 -1.22838 
-2.02812 -0.154392 -0.000191473 -2.20927 0.0319553 2.10221 -1.22391 
-2.02576 -0.146089 -0.00020513 -2.20918 0.0319496 2.10923 -1.219 
-2.02347 -0.137468 -0.000196657 -2.20914 0.0319441 2.11647 -1.21482 
-2.02115 -0.129543 -0.000200276 -2.20897 0.0319451 2.12344 -1.21139 
-2.01894 -0.121595 -0.000206026 -2.20872 0.0319451 2.13041 -1.20871 
-2.01681 -0.113077 -0.000196657 -2.20868 0.0319383 2.13827 -1.20583 
-2.01472 -0.105504 -0.00019708 -2.20858 0.0319328 2.14552 -1.20319 
-2.01256 -0.0978527 -0.000191909 -2.20829 0.0319352 2.15304 -1.20089 
-2.01037 -0.0894608 -0.000198751 -2.20794 0.0319345 2.16053 -1.19853 
-2.00812 -0.0810702 -0.000188713 -2.20743 0.0319422 2.16788 -1.19612 
-2.00587 -0.0735786 -0.000205976 -2.20695 0.0319377 2.17612 -1.19364 
-2.00367 -0.0655643 -0.000189424 -2.20654 0.0319404 2.18427 -1.19098 
-2.00147 -0.0579913 -0.000199871 -2.20619 0.0319425 2.19187 -1.18829 
-1.99903 -0.050302 -0.00019708 -2.20566 0.031933 2.20038 -1.18444 
-1.9966 -0.0429044 -0.000214444 -2.20502 0.0319345 2.20832 -1.18054 
-1.99438 -0.0353332 -0.000205566 -2.20466 0.0319311 2.21668 -1.17717 
-1.992 -0.0279363 -0.00021238 -2.20432 0.0319305 2.22493 -1.17382 
-1.98974 -0.0209604 -0.000201131 -2.20386 0.0319261 2.23291 -1.17068 
-1.98736 -0.0131837 -0.000205566 -2.20333 0.0319253 2.24038 -1.16806 
-1.98526 -0.00579963 -0.000198505 -2.20278 0.0319221 2.24667 -1.16506 
-1.98308 0.00110569 -0.000214012 -2.2023 0.031924 2.2536 -1.16193 
-1.9811 0.00790102 -0.000203896 -2.20183 0.0319148 2.25996 -1.15855 
-1.97926 0.0149624 -0.000222498 -2.20142 0.0319157 2.26507 -1.15568 
-1.97745 0.0223453 -0.00019925 -2.20095 0.031909 2.26998 -1.15216 
-1.97563 0.0288873 -0.000226155 -2.20039 0.0319017 2.27409 -1.1484 
-1.97398 0.0353889 -0.000214457 -2.1996 0.0318873 2.27656 -1.14413 
-1.97226 0.0426575 -0.000221995 -2.19865 0.0318704 2.27789 -1.13968 
-1.97052 0.0493071 -0.000221297 -2.19757 0.0318633 2.27838 -1.13636 
-1.96856 0.0562544 -0.000217243 -2.19605 0.0318653 2.27842 -1.13337 
-1.96656 0.0637574 -0.000225733 -2.19421 0.0318611 2.27844 -1.13088 
-1.96476 0.0710129 -0.000207183 -2.19238 0.0318591 2.27846 -1.12857 
-1.96256 0.0785416 -0.000220511 -2.19006 0.031855 2.2785 -1.1254 
-1.96007 0.0870906 -0.000212385 -2.18691 0.0318477 2.27869 -1.12168 
-1.9579 0.0951381 -0.000228287 -2.18392 0.0318454 2.27901 -1.11829 
-1.95581 0.102922 -0.000214056 -2.18059 0.0318261 2.27944 -1.11465 
-1.9537 0.110389 -0.000234637 -2.177 0.0317351 2.27992 -1.11106 
-1.9517 0.11859 -0.000211499 -2.17337 0.0315345 2.28029 -1.10748 
-1.94971 0.126444 -0.000227826 -2.1698 0.0314219 2.28061 -1.1041 
-1.94767 0.134178 -0.000224563 -2.16567 0.0314059 2.28085 -1.10131 
-1.9457 0.142269 -0.000233153 -2.16148 0.031407 2.28106 -1.09954 
-1.94389 0.150373 -0.000240954 -2.15746 0.0314076 2.28117 -1.09873 
-1.94197 0.158275 -0.000237838 -2.15311 0.0314088 2.28122 -1.09841 
-1.94006 0.166106 -0.000244229 -2.14877 0.0314088 2.28135 -1.09823 
-1.93816 0.174624 -0.00022894 -2.14459 0.0314082 2.2816 -1.09811 
-1.93609 0.182639 -0.000230599 -2.14034 0.0314076 2.28187 -1.09809 
-1.93394 0.190304 -0.000220452 -2.13599 0.0314015 2.28279 -1.09809 
-1.93167 0.198687 -0.000239471 -2.1318 0.0313936 2.28518 -1.0981 
-1.92943 0.206418 -0.000231023 -2.12817 0.0313659 2.28925 -1.09809 
-1.92687 0.214293 -0.000246319 -2.12465 0.0312714 2.29614 -1.0981 
-1.92452 0.222317 -0.000239508 -2.12179 0.0310514 2.30417 -1.0981 
-1.92238 0.229694 -0.000255269 -2.1196 0.0308363 2.31272 -1.09811 
-1.91999 0.237477 -0.000247962 -2.11725 0.0306944 2.32368 -1.09811 
-1.91771 0.244907 -0.000251044 -2.11535 0.0307001 2.33582 -1.09811 
-1.91545 0.252816 -0.00025165 -2.11401 0.0306997 2.34832 -1.09811 
-1.91312 0.260125 -0.000244584 -2.11292 0.0307061 2.36111 -1.09811 
-1.9107 0.26691 -0.000251179 -2.11199 0.0307164 2.37425 -1.09811 
-1.90842 0.273779 -0.00024303 -2.11134 0.0307332 2.38607 -1.09811 
-1.90599 0.281097 -0.000253138 -2.11076 0.0307547 2.39743 -1.0981 
-1.90366 0.287728 -0.000249095 -2.1102 0.0308176 2.40779 -1.09808 
-1.90156 0.293709 -0.000270105 -2.10978 0.0309378 2.41755 -1.098 
-1.89964 0.300382 -0.000267168 -2.10919 0.0310097 2.42621 -1.09753 
-1.89791 0.307102 -0.000267168 -2.10841 0.0310356 2.43382 -1.09649 
-1.89646 0.313125 -0.00028186 -2.10717 0.0310509 2.43951 -1.09495 
-1.89515 0.319232 -0.00028007 -2.10526 0.0310561 2.44504 -1.09284 
-1.894 0.325953 -0.000286767 -2.1029 0.0310548 2.45051 -1.0908 
-1.89298 0.332748 -0.000300539 -2.10026 0.0310523 2.45488 -1.08877 
-1.89195 0.339537 -0.000305516 -2.09699 0.0310489 2.45842 -1.08685 
-1.89082 0.347461 -0.000303847 -2.09221 0.0310488 2.46139 -1.08529 
-1.88999 0.35508 -0.000314003 -2.08748 0.0310462 2.46329 -1.0844 
-1.88923 0.362752 -0.000332071 -2.08216 0.0310449 2.46432 -1.08386 
-1.88855 0.370096 -0.000349902 -2.07598 0.0310401 2.46456 -1.08356 
-1.88799 0.377755 -0.000355404 -2.06968 0.0310414 2.46458 -1.08337 
-1.88742 0.386553 -0.000357074 -2.06263 0.03104 2.46458 -1.08326 
-1.88688 0.394915 -0.000353455 -2.05482 0.0310304 2.46458 -1.08321 
-1.88645 0.403755 -0.00035742 -2.04638 0.0310248 2.46458 -1.08319 
-1.88613 0.413488 -0.00036027 -2.03783 0.0310177 2.46458 -1.08318 
-1.88588 0.42258 -0.000373628 -2.02861 0.0310094 2.46458 -1.08318 
-1.88579 0.432448 -0.000393775 -2.01919 0.031 2.46458 -1.08318 
-1.88578 0.442739 -0.000408653 -2.0099 0.0309639 2.46458 -1.08318 
-1.8858 0.452353 -0.000461388 -2.00007 0.0309611 2.46458 -1.08318 
-1.88593 0.463078 -0.000535196 -1.99049 0.0309566 2.46458 -1.08319 
-1.88601 0.472759 -0.000541957 -1.98128 0.0309016 2.46458 -1.08318 
-1.88609 0.482903 -0.000564091 -1.97137 0.0308661 2.46458 -1.08318 
-1.88621 0.493735 -0.000572181 -1.96203 0.0308073 2.46458 -1.08319 
-1.88628 0.503518 -0.00057896 -1.95241 0.0306781 2.46458 -1.08318 
-1.88639 0.514133 -0.000593334 -1.94277 0.0306534 2.46458 -1.08319 
-1.88648 0.523725 -0.000605593 -1.9339 0.0306377 2.46458 -1.08319 
-1.88659 0.534604 -0.000616207 -1.92295 0.0305791 2.46458 -1.08319 
-1.88673 0.5452 -0.000639928 -1.91324 0.0304479 2.46458 -1.08319 
-1.8868 0.554524 -0.000715639 -1.90351 0.0302698 2.46458 -1.08319 
-1.88698 0.563754 -0.00071473 -1.89406 0.0301898 2.46457 -1.08319 
-1.88711 0.572436 -0.000729886 -1.88544 0.0301174 2.46458 -1.08319 
-1.88724 0.580893 -0.00073938 -1.87581 0.029974 2.46458 -1.08319 
-1.88741 0.589256 -0.000757989 -1.86657 0.0299072 2.46458 -1.08319 
-1.8876 0.597921 -0.000788378 -1.85759 0.0298248 2.46457 -1.08319 
-1.8878 0.605265 -0.000840545 -1.84892 0.0296517 2.46457 -1.08319 
-1.88812 0.613019 -0.000873114 -1.83979 0.0294745 2.46457 -1.0832 
-1.88853 0.620735 -0.000898367 -1.83168 0.0292704 2.46457 -1.0832 
-1.88907 0.627771 -0.000924157 -1.82361 0.0290067 2.46458 -1.0832 
-1.88973 0.634409 -0.000975178 -1.81547 0.0286417 2.46457 -1.0832 
-1.89052 0.641109 -0.000986108 -1.80817 0.0281732 2.46457 -1.0832 
-1.89148 0.648232 -0.000994558 -1.80087 0.0276254 2.46457 -1.0832 
-1.89248 0.654689 -0.00100826 -1.79356 0.0270969 2.46457 -1.0832 
-1.89347 0.660674 -0.00101849 -1.78651 0.026625 2.46457 -1.0832 
-1.89453 0.667222 -0.0010177 -1.77954 0.0261186 2.46457 -1.0832 
-1.89549 0.673786 -0.00101466 -1.77283 0.025616 2.46457 -1.08321 
-1.8963 0.679484 -0.00102016 -1.7665 0.0250234 2.46457 -1.08321 
-1.89702 0.685085 -0.00103008 -1.75988 0.0242471 2.46457 -1.08321 
-1.89769 0.69081 -0.00104982 -1.75355 0.0233504 2.46457 -1.0832 
-1.89832 0.697029 -0.00106913 -1.74716 0.0222808 2.46457 -1.0832 
-1.89889 0.702578 -0.00108457 -1.74124 0.0208807 2.46457 -1.08321 
-1.89945 0.707764 -0.00110078 -1.73513 0.0192725 2.46457 -1.0832 
-1.90001 0.712645 -0.00110801 -1.72934 0.0176029 2.46457 -1.0832 
-1.90064 0.717943 -0.0011469 -1.72336 0.0153875 2.46457 -1.0832 
-1.9013 0.723373 -0.00117705 -1.71752 0.0130672 2.46457 -1.0832 
-1.90195 0.728258 -0.00118254 -1.71201 0.0111975 2.46456 -1.0832 
-1.90264 0.733085 -0.00118737 -1.70622 0.0095259 2.46457 -1.0832 
-1.90338 0.73779 -0.00119206 -1.70041 0.00802329 2.46456 -1.0832 
-1.9042 0.742398 -0.00121236 -1.69477 0.00674928 2.46456 -1.0832 
-1.90516 0.747505 -0.00121762 -1.68897 0.0053625 2.46455 -1.0832 
-1.9061 0.752537 -0.00122927 -1.68321 0.00332805 2.46455 -1.0832 
-1.90702 0.757021 -0.00123832 -1.67777 0.000573017 2.46455 -1.0832 
-1.908 0.761234 -0.00124003 -1.67221 -0.00272888 2.46455 -1.0832 
-1.90913 0.765924 -0.00123623 -1.66578 -0.0070539 2.46454 -1.0832 
-1.91019 0.770684 -0.00123623 -1.65965 -0.0110702 2.46454 -1.08319 
-1.91116 0.775623 -0.00123506 -1.65378 -0.0145342 2.46454 -1.08319 
-1.9121 0.780329 -0.00123947 -1.64811 -0.0177452 2.46453 -1.08319 
-1.91304 0.784782 -0.00122801 -1.64227 -0.0210073 2.46452 -1.08319 
-1.91389 0.78912 -0.0012215 -1.63635 -0.0241406 2.46452 -1.08319 
-1.91457 0.793617 -0.00123095 -1.6304 -0.0267523 2.46452 -1.08318 
-1.91513 0.798393 -0.00123193 -1.62481 -0.0284706 2.46452 -1.08319 
-1.91558 0.802926 -0.00123513 -1.61972 -0.0294755 2.46451 -1.08319 
-1.91598 0.807465 -0.00122984 -1.61445 -0.0299747 2.4645 -1.08319 
-1.91633 0.81171 -0.00123513 -1.60926 -0.0300704 2.46449 -1.08319 
-1.91666 0.815748 -0.00124836 -1.60435 -0.0302277 2.46448 -1.0832 
-1.91707 0.820091 -0.00125444 -1.59953 -0.0304822 2.46448 -1.08319 
-1.91752 0.824546 -0.0012564 -1.59513 -0.0308103 2.46448 -1.08319 
-1.91793 0.828712 -0.00127072 -1.59113 -0.0312289 2.46448 -1.08319 
-1.91838 0.832735 -0.00130797 -1.58723 -0.0318269 2.46447 -1.08319 
-1.91889 0.836471 -0.00134039 -1.5834 -0.0324805 2.46447 -1.08319 
-1.91944 0.839952 -0.00133668 -1.57964 -0.0329481 2.46447 -1.08319 
-1.92 0.843599 -0.00133429 -1.57575 -0.0333906 2.46447 -1.0832 
-1.92052 0.84727 -0.00133444 -1.57209 -0.0340188 2.46447 -1.0832 
-1.921 0.850984 -0.00134628 -1.56862 -0.0346705 2.46447 -1.0832 
-1.9215 0.854569 -0.00134268 -1.56527 -0.0354348 2.46447 -1.0832 
-1.92197 0.857904 -0.00133906 -1.56201 -0.0366238 2.46447 -1.08321 
-1.92236 0.860764 -0.00134289 -1.55898 -0.0382841 2.46447 -1.08321 
-1.9227 0.863333 -0.00134288 -1.55596 -0.0401805 2.46446 -1.0832 
-1.92298 0.865952 -0.00135117 -1.55284 -0.0424944 2.46444 -1.08319 
-1.92323 0.868458 -0.00134451 -1.54981 -0.0448206 2.46444 -1.0832 
-1.92339 0.870837 -0.0013433 -1.54696 -0.0468728 2.46444 -1.0832 
-1.92349 0.872986 -0.00134983 -1.54446 -0.0489152 2.46443 -1.0832 
-1.92358 0.87489 -0.00135075 -1.54224 -0.0505775 2.46443 -1.0832 
-1.92367 0.876654 -0.00134094 -1.54007 -0.0517854 2.46441 -1.08319 
-1.92368 0.878096 -0.00133385 -1.53823 -0.0522482 2.46414 -1.0832 
-1.92367 0.879085 -0.00132891 -1.53693 -0.052281 2.46386 -1.0832 
-1.92368 0.879742 -0.00133665 -1.53597 -0.052291 2.46386 -1.0832 
-1.92372 0.880182 -0.00135436 -1.53529 -0.0523303 2.46385 -1.0832 
-1.92377 0.880429 -0.0013704 -1.53493 -0.0524077 2.46385 -1.0832 
-1.92388 0.880579 -0.00139624 -1.53479 -0.0524455 2.46385 -1.0832 
-1.9241 0.880701 -0.0013902 -1.53479 -0.0524682 2.46385 -1.0832 
-1.9243 0.880866 -0.00139549 -1.53479 -0.052491 2.46385 -1.0832 
-1.92448 0.881134 -0.00139744 -1.53479 -0.052527 2.46385 -1.0832 
-1.92465 0.881509 -0.00139744 -1.53478 -0.0525712 2.46385 -1.0832 
-1.92478 0.881989 -0.00139382 -1.53476 -0.0526828 2.46385 -1.0832 
-1.92487 0.882541 -0.0013902 -1.53476 -0.0527718 2.46385 -1.0832 
-1.92494 0.883193 -0.00139911 -1.53475 -0.0528013 2.46386 -1.08319 
-1.92506 0.883881 -0.00139701 -1.53475 -0.0528212 2.46386 -1.0832 
-1.92517 0.884601 -0.0014023 -1.53474 -0.0528487 2.46386 -1.0832 
-1.92531 0.885373 -0.00140302 -1.5347 -0.0528678 2.46386 -1.0832 
-1.92552 0.886212 -0.0014034 -1.53455 -0.0528706 2.46386 -1.0832 
-1.92572 0.887101 -0.00139827 -1.53428 -0.0528751 2.46386 -1.0832 
-1.9259 0.888064 -0.00139826 -1.53386 -0.0528754 2.46387 -1.0832 
-1.92611 0.889126 -0.00140126 -1.53321 -0.0528802 2.46387 -1.0832 
-1.92634 0.890202 -0.00139826 -1.53234 -0.0528777 2.46387 -1.0832 
-1.92655 0.891484 -0.00140021 -1.53106 -0.0528854 2.46387 -1.08321 
-1.92673 0.892829 -0.00139826 -1.52945 -0.0528959 2.46387 -1.0832 
-1.92689 0.894389 -0.00139659 -1.52738 -0.0529042 2.46387 -1.08321 
-1.92701 0.896159 -0.00140188 -1.52493 -0.0529144 2.46387 -1.08321 
-1.9271 0.89786 -0.00140771 -1.52259 -0.0529205 2.46386 -1.0832 
-1.92723 0.899743 -0.00140032 -1.52014 -0.0529339 2.46386 -1.08321 
-1.92729 0.901521 -0.00140285 -1.51797 -0.0529626 2.46386 -1.08321 
-1.92735 0.903168 -0.001405 -1.51609 -0.052993 2.46385 -1.08322 
-1.92742 0.904587 -0.00140702 -1.51451 -0.0530312 2.46385 -1.08323 
-1.92749 0.905822 -0.001405 -1.51315 -0.0530534 2.46385 -1.08322 
-1.92758 0.906684 -0.00141153 -1.51218 -0.0530624 2.46385 -1.08322 
-1.92774 0.907214 -0.00140901 -1.51159 -0.0530726 2.46384 -1.08322 
-1.92796 0.907517 -0.00140827 -1.51122 -0.0530816 2.46385 -1.08322 
-1.92825 0.907603 -0.00141554 -1.51104 -0.0531058 2.46384 -1.08323 
-1.92858 0.907582 -0.00141629 -1.51096 -0.0531356 2.46384 -1.08323 
-1.92892 0.907584 -0.00140794 -1.51087 -0.0532062 2.46384 -1.08324 
-1.92927 0.907574 -0.00140785 -1.51083 -0.0533488 2.46384 -1.08326 
-1.9296 0.907563 -0.00140427 -1.51081 -0.0535462 2.46383 -1.08328 
-1.92982 0.907578 -0.00140298 -1.51082 -0.0537534 2.46379 -1.0833 
-1.93009 0.907587 -0.00139894 -1.51082 -0.0541165 2.46375 -1.08332 
-1.93029 0.907572 -0.00139811 -1.51082 -0.054455 2.46364 -1.08339 
-1.93041 0.907579 -0.0013913 -1.51082 -0.0547124 2.46346 -1.08347 
-1.93047 0.907581 -0.00139339 -1.51082 -0.0548186 2.46343 -1.08348 
-1.93052 0.907567 -0.00138643 -1.51082 -0.0548739 2.46341 -1.08349 
-1.93052 0.907586 -0.00137811 -1.51083 -0.0549373 2.46331 -1.08351 
-1.93052 0.907593 -0.00137365 -1.51085 -0.055001 2.46316 -1.08355 
-1.93053 0.907585 -0.00137965 -1.51085 -0.0550849 2.46292 -1.08368 
-1.93056 0.907591 -0.0013732 -1.51085 -0.0551938 2.46269 -1.08395 
-1.93057 0.907606 -0.00137003 -1.51091 -0.0552994 2.46258 -1.08422 
-1.93057 0.907599 -0.00137778 -1.511 -0.0554012 2.46244 -1.08442 
-1.9306 0.907608 -0.00138214 -1.51112 -0.0555407 2.46217 -1.08464 
-1.93066 0.907603 -0.00137685 -1.51132 -0.0556931 2.46203 -1.08489 
-1.93068 0.907604 -0.00137436 -1.51153 -0.055776 2.46201 -1.08509 
-1.93073 0.907603 -0.00138547 -1.51181 -0.0558036 2.46195 -1.08513 
-1.93084 0.9076 -0.00138019 -1.5121 -0.0558566 2.46186 -1.08517 
-1.93097 0.9076 -0.00137852 -1.51238 -0.0558984 2.46183 -1.08522 
-1.93105 0.907599 -0.00137684 -1.51261 -0.0559031 2.46182 -1.08523 
-1.93109 0.907604 -0.00137699 -1.5128 -0.0559048 2.46182 -1.08525 
-1.93114 0.907603 -0.00137851 -1.51301 -0.0559484 2.46181 -1.08532 
-1.93121 0.907599 -0.00137419 -1.51325 -0.0560246 2.46177 -1.08579 
-1.93125 0.907602 -0.00137828 -1.51351 -0.0560525 2.46169 -1.08627 
-1.93127 0.907598 -0.00137274 -1.51375 -0.0561183 2.46149 -1.08668 
-1.93126 0.907602 -0.0013568 -1.51393 -0.0561524 2.46138 -1.08705 
-1.93125 0.907597 -0.00134204 -1.51406 -0.0561639 2.46138 -1.08711 
-1.93125 0.907585 -0.00134766 -1.51407 -0.0561769 2.46138 -1.08714 
-1.93127 0.907581 -0.00134821 -1.51405 -0.0561896 2.46138 -1.08717 
-1.93126 0.907584 -0.00134404 -1.51406 -0.0561907 2.46138 -1.08718 
-1.93124 0.907576 -0.0013307 -1.51406 -0.0561945 2.46138 -1.08719 
-1.93124 0.907557 -0.0013232 -1.51406 -0.0562003 2.46138 -1.08721 
-1.93124 0.907571 -0.0013238 -1.51408 -0.0562144 2.46137 -1.08725 
-1.93125 0.907569 -0.00132681 -1.51411 -0.0562343 2.46137 -1.08738 
-1.93126 0.907559 -0.00133168 -1.51412 -0.0562526 2.46135 -1.08762 
-1.93126 0.907564 -0.00133168 -1.51415 -0.0562572 2.46133 -1.08774 
-1.93127 0.907562 -0.0013339 -1.51421 -0.0562687 2.46132 -1.08778 
-1.93127 0.907559 -0.00133214 -1.51421 -0.056277 2.46132 -1.08784 
-1.93128 0.907555 -0.00133335 -1.51422 -0.0562831 2.46131 -1.08786 
-1.93128 0.907556 -0.00134017 -1.51424 -0.0562858 2.4613 -1.08788 
-1.93128 0.907554 -0.00133313 -1.51428 -0.0562853 2.46128 -1.08789 
-1.93128 0.90754 -0.00133012 -1.51431 -0.0562898 2.46127 -1.0879 
-1.93129 0.907542 -0.00133654 -1.51435 -0.0562901 2.4612 -1.0879 
-1.93131 0.907541 -0.0013325 -1.51446 -0.0562901 2.46093 -1.08791 
-1.93129 0.907544 -0.00132156 -1.51463 -0.0562895 2.46078 -1.08791 
-1.93128 0.907544 -0.0013132 -1.5148 -0.0562901 2.46077 -1.08791 
-1.93129 0.907548 -0.00131623 -1.51501 -0.0562884 2.46075 -1.08791 
-1.9313 0.907544 -0.00132376 -1.51525 -0.0562875 2.46075 -1.0879 
-1.93133 0.907544 -0.00132909 -1.51548 -0.0562883 2.46074 -1.08791 
-1.93135 0.907537 -0.0013321 -1.51578 -0.0562876 2.46073 -1.0879 
-1.93141 0.907517 -0.00133696 -1.51612 -0.0562863 2.46073 -1.0879 
-1.9315 0.907523 -0.00133335 -1.51646 -0.0562863 2.46074 -1.0879 
-1.93155 0.907524 -0.0013323 -1.51681 -0.0562869 2.46074 -1.0879 
-1.93159 0.907518 -0.00133522 -1.51708 -0.0562856 2.46074 -1.0879 
-1.93164 0.907521 -0.00133626 -1.51723 -0.056285 2.46074 -1.0879 
-1.9317 0.907525 -0.00133071 -1.51735 -0.0562856 2.46074 -1.08791 
-1.93173 0.907521 -0.00133063 -1.51736 -0.0562844 2.46075 -1.0879 
-1.93175 0.907476 -0.00132849 -1.51731 -0.0562844 2.46076 -1.08791 
-1.93178 0.90742 -0.00133016 -1.51725 -0.0562833 2.46076 -1.0879 
-1.93181 0.907421 -0.00132849 -1.51717 -0.0562844 2.46077 -1.0879 
-1.93186 0.907421 -0.00133016 -1.51716 -0.0562846 2.46077 -1.0879 
-1.93193 0.907423 -0.00133282 -1.51715 -0.0562827 2.46077 -1.0879 
-1.93201 0.907456 -0.00133293 -1.51718 -0.0562837 2.46076 -1.0879 
-1.93215 0.907492 -0.00132754 -1.5172 -0.0562836 2.46076 -1.0879 
-1.93224 0.907487 -0.00133023 -1.51722 -0.0562837 2.46075 -1.0879 
-1.93234 0.907499 -0.00133016 -1.51723 -0.0562832 2.46076 -1.08789 
-1.93242 0.907504 -0.00133016 -1.51723 -0.0562785 2.46077 -1.0879 
-1.93248 0.907508 -0.00132486 -1.51723 -0.0562786 2.46076 -1.08789 
-1.93251 0.907546 -0.00132433 -1.51724 -0.0562813 2.46076 -1.08789 
-1.93253 0.907597 -0.00132529 -1.51724 -0.0562786 2.46076 -1.0879 
-1.93255 0.907635 -0.00132696 -1.51724 -0.0562836 2.46076 -1.08789 
-1.93256 0.907685 -0.0013168 -1.51726 -0.0562786 2.46076 -1.0879 
-1.93255 0.907762 -0.0013068 -1.51726 -0.0562771 2.46076 -1.08789 
-1.93257 0.907858 -0.0013157 -1.51726 -0.0562757 2.46076 -1.08789 
-1.93261 0.907989 -0.00131403 -1.51726 -0.0562771 2.46077 -1.08789 
-1.93261 0.908146 -0.00130866 -1.51725 -0.0562757 2.46077 -1.08789 
-1.93262 0.908338 -0.0013097 -1.51725 -0.0562757 2.46076 -1.08788 
-1.93266 0.908571 -0.00131482 -1.51727 -0.0562765 2.46076 -1.08789 
-1.9327 0.908828 -0.00131208 -1.51726 -0.0562757 2.46077 -1.08789 
-1.93272 0.909078 -0.00131208 -1.51725 -0.0562744 2.46077 -1.08789 
-1.93277 0.909327 -0.00130679 -1.51726 -0.0562757 2.46077 -1.08788 
-1.93284 0.909608 -0.00131403 -1.51726 -0.0562756 2.46077 -1.08789 
-1.93292 0.90987 -0.00131403 -1.51725 -0.0562751 2.46077 -1.08788 
-1.93298 0.910096 -0.00131402 -1.51725 -0.0562738 2.46078 -1.08789 
-1.93303 0.910291 -0.00130995 -1.51725 -0.0562756 2.46078 -1.08789 
-1.93309 0.910457 -0.00131208 -1.51723 -0.0562732 2.4608 -1.08788 
-1.93316 0.91059 -0.0013097 -1.51719 -0.0562678 2.4608 -1.08788 
-1.93323 0.910751 -0.00131379 -1.5172 -0.0562691 2.4608 -1.08788 
-1.93333 0.910941 -0.00130863 -1.51719 -0.056269 2.46081 -1.08788 
-1.93343 0.911154 -0.00131111 -1.51719 -0.0562671 2.4608 -1.08788 
-1.93349 0.911428 -0.00129805 -1.51717 -0.0562659 2.46081 -1.08788 
-1.93354 0.911745 -0.00128723 -1.51711 -0.0562642 2.46083 -1.08788 
-1.93356 0.91213 -0.00127701 -1.51699 -0.0562597 2.46083 -1.08788 
-1.9336 0.912626 -0.00128134 -1.51679 -0.0562584 2.46084 -1.08787 
-1.93369 0.913161 -0.00127693 -1.51653 -0.0562591 2.46086 -1.08787 
-1.93375 0.913702 -0.00127375 -1.51621 -0.0562535 2.4609 -1.08786 
-1.9338 0.914297 -0.00127415 -1.51584 -0.0562524 2.46119 -1.08787 
-1.93384 0.914895 -0.00125302 -1.5154 -0.0562518 2.46129 -1.08787 
-1.93386 0.915407 -0.00123329 -1.51496 -0.056241 2.4613 -1.08786 
-1.93385 0.915938 -0.00120508 -1.51435 -0.0562322 2.46132 -1.08785 
-1.93385 0.916473 -0.0011639 -1.51367 -0.0562274 2.46132 -1.08785 
-1.93384 0.916957 -0.00114935 -1.51309 -0.056228 2.46132 -1.08785 
-1.93383 0.917298 -0.00113671 -1.51275 -0.0562287 2.46132 -1.08785 
-1.93384 0.917515 -0.00113428 -1.51258 -0.0562249 2.46133 -1.08785 
-1.93385 0.917652 -0.00114203 -1.51256 -0.0562232 2.46132 -1.08785 
-1.93387 0.917758 -0.00114066 -1.51256 -0.0562226 2.46132 -1.08785 
-1.93388 0.917824 -0.00114666 -1.51256 -0.056222 2.46132 -1.08785 
-1.93389 0.917911 -0.00114884 -1.51256 -0.0562232 2.46132 -1.08785 
-1.93395 0.918014 -0.00114355 -1.51256 -0.056222 2.46132 -1.08785 
-1.93397 0.918118 -0.00114065 -1.51256 -0.0562174 2.46131 -1.08785 
-1.93397 0.918276 -0.0011416 -1.51256 -0.0562153 2.46131 -1.08785 
-1.93399 0.918459 -0.00114689 -1.51256 -0.0562172 2.46132 -1.08784 
-1.93403 0.918699 -0.00114689 -1.51256 -0.0562159 2.46132 -1.08785 
-1.93407 0.918967 -0.00114522 -1.51256 -0.0562125 2.46132 -1.08784 
-1.93411 0.919296 -0.00114522 -1.51255 -0.0562038 2.46131 -1.08784 
-1.93417 0.919687 -0.00114522 -1.51255 -0.0562038 2.46132 -1.08783 
-1.93425 0.92017 -0.00112837 -1.51241 -0.0561901 2.4614 -1.08782 
-1.93425 0.920804 -0.00111501 -1.51195 -0.0561881 2.46164 -1.08782 
-1.93425 0.921511 -0.00111345 -1.51143 -0.0561814 2.46165 -1.08782 
-1.93426 0.922099 -0.00111766 -1.51104 -0.0561814 2.46166 -1.08781 
-1.93425 0.922642 -0.00110311 -1.5107 -0.0561767 2.46167 -1.08782 
-1.93425 0.923112 -0.00109839 -1.51034 -0.0561759 2.46168 -1.08781 
-1.93428 0.923504 -0.00109839 -1.51004 -0.0561677 2.46168 -1.08781 
-1.93429 0.9238 -0.00109406 -1.50982 -0.0561616 2.46168 -1.0878 
-1.93429 0.924034 -0.00108539 -1.50962 -0.0561629 2.46167 -1.0878 
-1.93428 0.924157 -0.00108042 -1.50952 -0.0561628 2.46166 -1.0878 
-1.93429 0.924234 -0.00108199 -1.50951 -0.0561637 2.46167 -1.0878 
-1.93428 0.924311 -0.00107739 -1.50942 -0.0561597 2.46167 -1.0878 
-1.93429 0.924432 -0.00108074 -1.50932 -0.0561635 2.46167 -1.0878 
-1.93428 0.924549 -0.00107617 -1.50925 -0.0561637 2.46167 -1.0878 
-1.93427 0.924677 -0.00107073 -1.50918 -0.0561603 2.46166 -1.0878 
-1.93429 0.924899 -0.00107663 -1.50913 -0.0561607 2.46167 -1.0878 
-1.93428 0.925251 -0.00106947 -1.50883 -0.0561636 2.46168 -1.0878 
-1.93426 0.925632 -0.00105668 -1.50842 -0.0561637 2.46166 -1.0878 
-1.93425 0.926022 -0.00106156 -1.50816 -0.0561575 2.46166 -1.0878 
-1.93427 0.926475 -0.00106156 -1.50791 -0.0561586 2.46166 -1.0878 
-1.93427 0.927064 -0.00106323 -1.50754 -0.0561587 2.4617 -1.08779 
-1.93423 0.927632 -0.00105243 -1.50686 -0.0561593 2.46166 -1.08779 
-1.9342 0.928031 -0.00105094 -1.50643 -0.0561605 2.46164 -1.08779 
-1.93422 0.92837 -0.00105003 -1.50618 -0.05616 2.46166 -1.0878 
-1.93419 0.928599 -0.00104062 -1.50598 -0.0561608 2.46164 -1.08779 
-1.93415 0.928733 -0.00104239 -1.5059 -0.0561625 2.46165 -1.08779 
-1.93418 0.928861 -0.00104724 -1.5058 -0.0561602 2.46164 -1.08779 
-1.93419 0.928993 -0.00104196 -1.50572 -0.0561606 2.46163 -1.08779 
-1.93414 0.929106 -0.0010359 -1.50568 -0.0561614 2.46163 -1.08779 
-1.93411 0.92928 -0.00103893 -1.50563 -0.0561614 2.46163 -1.08779 
-1.93414 0.92958 -0.00104644 -1.50558 -0.056162 2.46161 -1.08779 
-1.93415 0.929941 -0.0010388 -1.50553 -0.0561616 2.46163 -1.08779 
-1.93406 0.930356 -0.00102808 -1.50532 -0.0561673 2.46162 -1.08779 
-1.93399 0.930769 -0.00102975 -1.50503 -0.0561674 2.46162 -1.08779 
-1.93398 0.931174 -0.00102975 -1.50482 -0.0561644 2.46162 -1.08779 
-1.93401 0.931626 -0.00104462 -1.5046 -0.0561656 2.46162 -1.0878 
-1.93404 0.932142 -0.00106103 -1.50425 -0.0561693 2.46163 -1.0878 
-1.93404 0.932608 -0.00105823 -1.50385 -0.0561687 2.46162 -1.08779 
-1.93404 0.93302 -0.00106761 -1.50352 -0.0561687 2.46161 -1.0878 
-1.93409 0.933399 -0.0010638 -1.50328 -0.0561674 2.46163 -1.08779 
-1.93411 0.933779 -0.00106061 -1.50294 -0.056168 2.46162 -1.08779 
-1.93411 0.934153 -0.0010659 -1.5026 -0.0561687 2.4616 -1.08779 
-1.93418 0.934528 -0.0010759 -1.50239 -0.0561674 2.4616 -1.0878 
-1.93423 0.934966 -0.00104936 -1.50217 -0.056166 2.46161 -1.0878 
-1.93419 0.935569 -0.00104894 -1.5018 -0.0561693 2.46161 -1.08779 
-1.93418 0.936232 -0.00104274 -1.50144 -0.0561699 2.46161 -1.0878 
-1.93418 0.936959 -0.00103569 -1.50104 -0.0561654 2.46163 -1.0878 
-1.93413 0.937779 -0.000963918 -1.50041 -0.0561622 2.4616 -1.0878 
-1.93398 0.938647 -0.000997558 -1.49977 -0.0561678 2.4616 -1.0878 
-1.93402 0.939585 -0.00100751 -1.49922 -0.0561667 2.46162 -1.08779 
-1.93406 0.940772 -0.0010056 -1.49831 -0.0561667 2.46162 -1.0878 
-1.93409 0.942028 -0.00100489 -1.49718 -0.0561654 2.46158 -1.08779 
-1.93411 0.943218 -0.00100195 -1.4963 -0.056166 2.46157 -1.0878 
-1.93415 0.944368 -0.00100272 -1.49564 -0.0561598 2.46159 -1.08779 
-1.93419 0.945694 -0.00099864 -1.49466 -0.0561576 2.46159 -1.08779 
-1.93421 0.947157 -0.0009935 -1.49334 -0.0561575 2.46157 -1.0878 
-1.93421 0.948572 -0.000995453 -1.49215 -0.0561575 2.46154 -1.0878 
-1.93422 0.949932 -0.00100847 -1.49112 -0.0561581 2.46145 -1.0878 
-1.93427 0.95114 -0.00100031 -1.49031 -0.0561581 2.46139 -1.08779 
-1.9343 0.952171 -0.000997939 -1.48953 -0.0561562 2.46139 -1.08779 
-1.93428 0.953099 -0.000993077 -1.48875 -0.0561587 2.46139 -1.08779 
-1.93428 0.953723 -0.0009903 -1.48821 -0.0561567 2.46138 -1.08779 
-1.9343 0.954096 -0.000994388 -1.48802 -0.0561494 2.46134 -1.08779 
-1.9343 0.954307 -0.000998784 -1.48801 -0.0561514 2.4613 -1.08779 
-1.93433 0.95447 -0.00100174 -1.48792 -0.0561514 2.46131 -1.08779 
-1.93439 0.95464 -0.000993496 -1.48779 -0.056125 2.46131 -1.08778 
-1.9344 0.954809 -0.00098501 -1.48765 -0.0561108 2.46131 -1.08778 
-1.93438 0.954963 -0.000982961 -1.48753 -0.0561096 2.4613 -1.08778 
-1.93441 0.955171 -0.000988724 -1.48745 -0.0560992 2.4613 -1.08777 
-1.93442 0.955554 -0.000975291 -1.48726 -0.0560882 2.46132 -1.08776 
-1.9344 0.956071 -0.000976238 -1.48685 -0.056082 2.46131 -1.08775 
-1.93442 0.956682 -0.000983908 -1.4865 -0.0560844 2.46133 -1.08775 
-1.93441 0.95736 -0.000978617 -1.48604 -0.0560808 2.46134 -1.08775 
-1.9344 0.958136 -0.000973761 -1.48547 -0.0560797 2.46132 -1.08775 
-1.93442 0.958978 -0.000978619 -1.48496 -0.0560724 2.46134 -1.08775 
-1.93442 0.959948 -0.000988068 -1.48426 -0.0560642 2.46134 -1.08775 
-1.93443 0.960883 -0.000983908 -1.48349 -0.0560634 2.4613 -1.08775 
-1.93442 0.961791 -0.000978303 -1.48289 -0.0560601 2.46131 -1.08775 
-1.93442 0.962669 -0.000975423 -1.48231 -0.0560558 2.46133 -1.08774 
-1.93443 0.963504 -0.00097154 -1.48163 -0.0560504 2.46131 -1.08775 
-1.93443 0.964331 -0.000973744 -1.48101 -0.056045 2.46132 -1.08774 
-1.93442 0.96518 -0.000972227 -1.48031 -0.0560325 2.46132 -1.08773 
-1.93442 0.966106 -0.000974057 -1.4796 -0.056002 2.46128 -1.08763 
-1.93449 0.967024 -0.00102627 -1.47916 -0.0560046 2.46123 -1.08751 
-1.93478 0.967954 -0.00107535 -1.47892 -0.0560044 2.46098 -1.08751 
-1.93524 0.968657 -0.00102507 -1.47838 -0.0559963 2.46103 -1.0875 
-1.93548 0.968658 -0.00100392 -1.47748 -0.055999 2.46096 -1.0875 
-1.93567 0.968927 -0.00102638 -1.47681 -0.0559963 2.46096 -1.0875 
-1.93587 0.969259 -0.00102435 -1.47643 -0.0559976 2.46095 -1.0875 
-1.93604 0.969624 -0.00100849 -1.47631 -0.0559976 2.46097 -1.0875 
-1.93606 0.969611 -0.00099297 -1.47608 -0.0559982 2.46093 -1.0875 
-1.93599 0.969724 -0.00098818 -1.47593 -0.0559976 2.46086 -1.0875 
-1.93594 0.96977 -0.000957852 -1.47588 -0.055997 2.46076 -1.0875 
-1.93583 0.969788 -0.000960969 -1.47588 -0.055997 2.46064 -1.08749 
-1.93574 0.969817 -0.000957158 -1.47588 -0.0559916 2.46048 -1.08747 
-1.93575 0.969837 -0.00096264 -1.47588 -0.0559859 2.46037 -1.08743 
-1.93576 0.969863 -0.000959296 -1.47588 -0.0559708 2.46024 -1.08741 
-1.93577 0.969878 -0.000966232 -1.47588 -0.055901 2.46017 -1.08734 
-1.93581 0.969927 -0.000966719 -1.47587 -0.0557143 2.46017 -1.08717 
-1.93585 0.969969 -0.000960969 -1.47587 -0.0554819 2.46016 -1.08702 
-1.93588 0.970019 -0.000964588 -1.47585 -0.055151 2.46016 -1.08687 
-1.93591 0.970056 -0.000959296 -1.47584 -0.054823 2.46016 -1.08673 
-1.93593 0.970086 -0.00095735 -1.47582 -0.0546039 2.46015 -1.08665 
-1.93595 0.970122 -0.000964588 -1.47579 -0.0544256 2.46009 -1.0864 
-1.93596 0.970144 -0.000959299 -1.47574 -0.0543092 2.45991 -1.08596 
-1.93596 0.970173 -0.000964588 -1.47568 -0.0542684 2.45973 -1.08567 
-1.93597 0.970226 -0.000964588 -1.47559 -0.0541731 2.45953 -1.08537 
-1.93599 0.970275 -0.00095735 -1.47546 -0.0540442 2.45929 -1.08513 
-1.93599 0.970316 -0.000956826 -1.47534 -0.0538894 2.45902 -1.08489 
-1.93599 0.970364 -0.00096018 -1.47521 -0.0536185 2.45869 -1.08434 
-1.936 0.970393 -0.000958801 -1.47504 -0.0532698 2.45811 -1.08343 
-1.936 0.970449 -0.000960889 -1.47484 -0.0528629 2.45753 -1.08225 
-1.936 0.970482 -0.000954181 -1.47472 -0.0523762 2.45714 -1.08099 
-1.93598 0.970479 -0.000949288 -1.47468 -0.0521065 2.45686 -1.0799 
-1.93598 0.97048 -0.000949708 -1.47464 -0.0519686 2.45667 -1.07903 
-1.93599 0.970486 -0.000944488 -1.47464 -0.0516831 2.45662 -1.07766 
-1.93598 0.97048 -0.00094499 -1.47463 -0.0514841 2.4565 -1.07587 
-1.93598 0.970477 -0.000936505 -1.47461 -0.0514483 2.45636 -1.07399 
-1.93598 0.970476 -0.000936928 -1.47461 -0.0513366 2.45635 -1.072 
-1.93599 0.970475 -0.000942218 -1.47461 -0.0511411 2.45634 -1.06852 
-1.93598 0.970481 -0.000931178 -1.47461 -0.0511103 2.4563 -1.06391 
-1.93597 0.97047 -0.000927341 -1.47461 -0.0511154 2.45614 -1.05934 
-1.93599 0.970456 -0.000928659 -1.4746 -0.0511068 2.45603 -1.05527 
-1.93604 0.97046 -0.000935826 -1.47458 -0.051047 2.45603 -1.05146 
-1.93613 0.970459 -0.000935826 -1.47458 -0.0509706 2.45603 -1.04725 
-1.9362 0.970457 -0.000932207 -1.47458 -0.0509001 2.45602 -1.04295 
-1.93625 0.970455 -0.000939167 -1.47458 -0.0507418 2.45603 -1.03836 
-1.93632 0.970459 -0.000936142 -1.47457 -0.0506034 2.45603 -1.03313 
-1.93636 0.97046 -0.000935826 -1.47458 -0.0505184 2.45603 -1.02726 
-1.93638 0.970458 -0.000938693 -1.47458 -0.0504926 2.45603 -1.02005 
-1.93646 0.970457 -0.000939021 -1.47458 -0.0504767 2.45603 -1.01296 
-1.93654 0.970453 -0.000929051 -1.47458 -0.0504231 2.45603 -1.0061 
-1.93655 0.970458 -0.000924857 -1.47459 -0.0503376 2.45603 -0.999 
-1.93656 0.970455 -0.000920526 -1.47459 -0.0501531 2.45603 -0.991659 
-1.93656 0.970453 -0.000931105 -1.47459 -0.050065 2.45602 -0.983079 
-1.93656 0.970453 -0.000922895 -1.4746 -0.0500624 2.45601 -0.974479 
-1.93655 0.970449 -0.000905626 -1.47461 -0.0500168 2.456 -0.966699 
-1.93655 0.970446 -0.000874215 -1.47461 -0.0499089 2.45599 -0.958337 
-1.93655 0.970443 -0.00087996 -1.47462 -0.0498492 2.45598 -0.949973 
-1.93661 0.970445 -0.000893323 -1.47462 -0.0497913 2.45597 -0.941166 
-1.9367 0.970441 -0.000889984 -1.47462 -0.049759 2.45597 -0.932029 
-1.9368 0.970428 -0.000884694 -1.47464 -0.0496402 2.45596 -0.922891 
-1.93686 0.970427 -0.000888035 -1.47464 -0.0494033 2.45596 -0.913521 
-1.93693 0.970427 -0.000898464 -1.47464 -0.0492833 2.45595 -0.903165 
-1.93705 0.970424 -0.000892206 -1.47464 -0.04927 2.45594 -0.893057 
-1.93717 0.970421 -0.000881075 -1.47464 -0.0492075 2.45594 -0.883091 
-1.9372 0.970419 -0.000884658 -1.47464 -0.0490414 2.45594 -0.873138 
-1.93726 0.970414 -0.00089917 -1.47464 -0.0490136 2.45593 -0.862233 
-1.93741 0.970409 -0.000886296 -1.47464 -0.0489691 2.45593 -0.852868 
-1.93753 0.970409 -0.000881498 -1.47464 -0.0487359 2.45593 -0.842494 
-1.93765 0.970406 -0.000894836 -1.47464 -0.0486697 2.45592 -0.83125 
-1.93784 0.970401 -0.000881114 -1.47464 -0.0486636 2.45591 -0.82058 
-1.93794 0.970392 -0.000884918 -1.47463 -0.0486349 2.45577 -0.810922 
-1.93801 0.970347 -0.000883168 -1.47464 -0.048633 2.45537 -0.800444 
-1.93803 0.970315 -0.000881499 -1.47464 -0.0486204 2.45516 -0.789696 
-1.93803 0.970292 -0.000864527 -1.47464 -0.0485901 2.45496 -0.778333 
-1.93801 0.970269 -0.000863425 -1.47464 -0.0485329 2.45478 -0.76718 
-1.93802 0.970243 -0.000868715 -1.47463 -0.0485225 2.4546 -0.756163 
-1.93801 0.970227 -0.000845485 -1.47463 -0.0484806 2.45454 -0.744401 
-1.93796 0.970232 -0.00083425 -1.47463 -0.0483994 2.45454 -0.732361 
-1.93796 0.970232 -0.000843148 -1.47463 -0.0483247 2.45454 -0.719616 
-1.93801 0.97023 -0.000856076 -1.47463 -0.0483325 2.45453 -0.706907 
-1.93805 0.970232 -0.00085679 -1.47463 -0.0483187 2.45453 -0.694261 
-1.93808 0.970228 -0.000863695 -1.47463 -0.0483201 2.45452 -0.681708 
-1.93808 0.970226 -0.000849116 -1.47463 -0.0483252 2.45451 -0.669313 
-1.93803 0.970226 -0.000837475 -1.47463 -0.0483214 2.4545 -0.657104 
-1.93798 0.970219 -0.000831122 -1.47463 -0.0483227 2.45442 -0.645 
-1.93797 0.970204 -0.000834663 -1.47463 -0.0483227 2.45434 -0.631913 
-1.938 0.9702 -0.000844818 -1.47463 -0.0483126 2.45432 -0.62113 
-1.93808 0.970193 -0.000841767 -1.47463 -0.0482643 2.45429 -0.610446 
-1.93818 0.970184 -0.000850154 -1.47463 -0.0482175 2.45421 -0.597936 
-1.93823 0.970146 -0.000836659 -1.47463 -0.0481984 2.45392 -0.586394 
-1.93824 0.970086 -0.000848005 -1.47463 -0.0481181 2.45349 -0.575144 
-1.93832 0.970014 -0.000844395 -1.47462 -0.0480624 2.45296 -0.564876 
-1.93839 0.969957 -0.000844204 -1.47463 -0.0479512 2.45254 -0.555431 
-1.93853 0.969948 -0.000848014 -1.47462 -0.047632 2.45246 -0.545856 
-1.93878 0.969944 -0.000848252 -1.47463 -0.0469656 2.45244 -0.536356 
-1.93909 0.969938 -0.000834279 -1.47462 -0.0460285 2.45242 -0.526289 
-1.93934 0.969936 -0.000832714 -1.47461 -0.0451556 2.45243 -0.516405 
-1.93952 0.969929 -0.000832004 -1.47462 -0.0446281 2.45243 -0.50602 
-1.9396 0.969931 -0.000832415 -1.47462 -0.0444875 2.45243 -0.496677 
-1.93962 0.969934 -0.000839952 -1.4746 -0.0444906 2.45244 -0.488051 
-1.93967 0.969935 -0.000848014 -1.4746 -0.0444947 2.45242 -0.480694 
-1.93977 0.969937 -0.000852881 -1.47461 -0.0445012 2.45241 -0.473645 
-1.9399 0.969936 -0.000854406 -1.4746 -0.0444921 2.45241 -0.46835 
-1.94003 0.969936 -0.000841409 -1.47461 -0.0444743 2.4524 -0.463266 
-1.94008 0.969938 -0.000841054 -1.4746 -0.0443558 2.4524 -0.457832 
-1.9401 0.969935 -0.000844395 -1.4746 -0.0442796 2.45239 -0.451226 
-1.9401 0.969936 -0.000848017 -1.4746 -0.0442784 2.45231 -0.443433 
-1.94011 0.969904 -0.00084954 -1.4746 -0.044278 2.45197 -0.433856 
-1.94013 0.969861 -0.000855066 -1.4746 -0.0442774 2.45153 -0.423128 
-1.94017 0.969808 -0.00086289 -1.4746 -0.0442819 2.45116 -0.411539 
-1.94025 0.969781 -0.000861221 -1.4746 -0.0442825 2.45089 -0.399926 
-1.94032 0.969756 -0.000859272 -1.4746 -0.0442767 2.45072 -0.388472 
-1.94039 0.969727 -0.000864562 -1.47461 -0.0442707 2.45051 -0.377043 
-1.94055 0.969658 -0.000866087 -1.47461 -0.0442764 2.44987 -0.364654 
-1.9407 0.969553 -0.000859381 -1.47461 -0.0442764 2.44916 -0.352635 
-1.9408 0.969501 -0.000868641 -1.47461 -0.0442796 2.44874 -0.340281 
-1.94089 0.969499 -0.000867758 -1.47461 -0.0442846 2.44869 -0.329379 
-1.94099 0.969487 -0.000857694 -1.47461 -0.0442733 2.44867 -0.319744 
-1.94105 0.96949 -0.000857602 -1.47461 -0.0442671 2.44866 -0.309019 
-1.94105 0.969489 -0.000857563 -1.47461 -0.0442729 2.44867 -0.298463 
-1.94111 0.969493 -0.000868468 -1.47461 -0.0442723 2.44866 -0.288467 
-1.94128 0.96949 -0.000868784 -1.47461 -0.0442716 2.44866 -0.277801 
-1.94149 0.969479 -0.000874573 -1.47461 -0.0442684 2.44865 -0.267167 
-1.94177 0.969472 -0.00085718 -1.47461 -0.0442558 2.44865 -0.256577 
-1.94203 0.969477 -0.000855931 -1.47462 -0.0442534 2.44862 -0.245318 
-1.94226 0.969458 -0.000853062 -1.47461 -0.0442473 2.4486 -0.234274 
-1.94248 0.969456 -0.000845527 -1.47462 -0.0442196 2.44858 -0.22422 
-1.94269 0.969451 -0.00084354 -1.47462 -0.0441903 2.44851 -0.213657 
-1.94283 0.969423 -0.000841054 -1.47463 -0.0441949 2.44832 -0.203626 
-1.94293 0.969393 -0.000841054 -1.47464 -0.0441904 2.44812 -0.194669 
-1.94301 0.969365 -0.00083591 -1.47465 -0.0441573 2.44789 -0.186255 
-1.94309 0.96933 -0.0008412 -1.47466 -0.0441209 2.44766 -0.1772 
-1.9432 0.969301 -0.00083591 -1.47465 -0.0440541 2.44749 -0.168875 
-1.9433 0.969299 -0.000834663 -1.47466 -0.043985 2.44738 -0.159776 
-1.94339 0.969273 -0.000828808 -1.47466 -0.0439774 2.44726 -0.151574 
-1.94347 0.969236 -0.000831555 -1.47467 -0.0438943 2.44699 -0.144442 
-1.94358 0.969203 -0.000804849 -1.47467 -0.0436422 2.44677 -0.137323 
-1.94361 0.9692 -0.000731861 -1.47467 -0.0432761 2.44676 -0.130265 
-1.94355 0.969197 -0.000718165 -1.47468 -0.0429105 2.44671 -0.121981 
-1.94349 0.969158 -0.000709193 -1.47469 -0.0428363 2.44649 -0.113949 
-1.94339 0.969128 -0.000693557 -1.4747 -0.0428135 2.44618 -0.107236 
-1.94331 0.969072 -0.000693201 -1.4747 -0.0427494 2.44577 -0.10019 
-1.94325 0.969036 -0.000685149 -1.4747 -0.0427427 2.44545 -0.0932232 
-1.94315 0.969 -0.00066275 -1.47471 -0.0427293 2.44517 -0.0868269 
-1.94299 0.968968 -0.000633872 -1.47473 -0.0427216 2.44492 -0.0796472 
-1.94282 0.968938 -0.000583879 -1.47474 -0.0426934 2.44472 -0.0734607 
-1.94258 0.968868 -0.000589697 -1.47483 -0.04265 2.44454 -0.0672501 
-1.94231 0.968783 -0.000590171 -1.47496 -0.0424693 2.44449 -0.0602011 
-1.9421 0.968761 -0.000563821 -1.47501 -0.0423328 2.44447 -0.0530561 
-1.94179 0.968733 -0.000569652 -1.47507 -0.0422071 2.44444 -0.0449924 
-1.94146 0.968653 -0.000558205 -1.47521 -0.0421861 2.44441 -0.0367023 
-1.94114 0.968588 -0.000574702 -1.47532 -0.0421642 2.44439 -0.0296845 
-1.94089 0.968485 -0.000569557 -1.47551 -0.0421272 2.44437 -0.0224642 
-1.94069 0.968396 -0.000561071 -1.47569 -0.0420624 2.44436 -0.015461 
-1.94052 0.96839 -0.000564691 -1.4757 -0.0419985 2.44436 -0.00868408 
-1.94042 0.968376 -0.000556205 -1.47573 -0.0419143 2.44435 -0.00147519 
-1.94035 0.968343 -0.000547273 -1.47578 -0.0418114 2.44434 0.00507151 
-1.94023 0.968327 -0.000516306 -1.47579 -0.0415906 2.44434 0.0108056 
-1.94003 0.968324 -0.000521475 -1.47581 -0.0413789 2.44433 0.0171871 
-1.93989 0.968304 -0.000537207 -1.47583 -0.0413736 2.44432 0.0236002 
-1.93987 0.968302 -0.000532733 -1.47583 -0.0413698 2.44432 0.0291582 
-1.93986 0.968302 -0.000527867 -1.47584 -0.0413705 2.44432 0.0347748 
-1.93982 0.968277 -0.000500888 -1.47587 -0.0413626 2.44431 0.03969 
-1.9397 0.968239 -0.000500775 -1.47595 -0.0413305 2.44431 0.0442423 
-1.93963 0.968196 -0.000497866 -1.47601 -0.0412821 2.44431 0.0484161 
-1.93959 0.968183 -0.000472219 -1.47604 -0.0411458 2.44431 0.053158 
-1.93949 0.96818 -0.000467933 -1.47605 -0.0410174 2.4443 0.0578444 
-1.93938 0.968159 -0.000472009 -1.47609 -0.0408407 2.44429 0.0625862 
-1.93933 0.968124 -0.000475217 -1.47615 -0.0407845 2.44428 0.0674002 
-1.93934 0.968092 -0.000479143 -1.47621 -0.0407591 2.44428 0.0721975 
-1.93937 0.968066 -0.000482015 -1.47624 -0.0406827 2.44427 0.0775381 
-1.93939 0.968054 -0.000469919 -1.47626 -0.040487 2.44427 0.0829711 
-1.93932 0.968026 -0.000455821 -1.47633 -0.0403347 2.44428 0.0874578 
-1.93924 0.967998 -0.00046562 -1.47638 -0.0402093 2.44428 0.0917133 
-1.93924 0.967989 -0.000463951 -1.47639 -0.0402021 2.44428 0.0957529 
-1.93924 0.967978 -0.000462002 -1.47642 -0.0401698 2.44428 0.0993206 
-1.93924 0.967964 -0.000463951 -1.47644 -0.0400385 2.44427 0.102933 
-1.93922 0.967958 -0.000461998 -1.47646 -0.0399762 2.44428 0.107062 
-1.9392 0.967936 -0.000461574 -1.47649 -0.0399564 2.44428 0.112035 
-1.93921 0.967931 -0.000461886 -1.4765 -0.0399439 2.44427 0.117405 
-1.93921 0.967898 -0.000461017 -1.47656 -0.0399282 2.44427 0.122159 
-1.93918 0.967809 -0.000458806 -1.47673 -0.0399172 2.44427 0.125776 
-1.93916 0.967672 -0.000455465 -1.477 -0.0398696 2.44427 0.129471 
-1.93913 0.967498 -0.000449083 -1.47734 -0.0398477 2.44428 0.133599 
-1.93909 0.967354 -0.000441474 -1.47761 -0.039825 2.44428 0.137014 
-1.93905 0.967242 -0.000447972 -1.47781 -0.0397795 2.44428 0.139666 
-1.93906 0.967153 -0.000451313 -1.47798 -0.0396903 2.44428 0.142573 
-1.9391 0.967046 -0.000452838 -1.47819 -0.0395572 2.44428 0.145283 
-1.93915 0.966925 -0.000459652 -1.47842 -0.0393431 2.44428 0.148337 
-1.93923 0.966838 -0.000466676 -1.47858 -0.0391897 2.44427 0.151736 
-1.93932 0.96676 -0.000461364 -1.47874 -0.039026 2.44428 0.154904 
-1.93938 0.966664 -0.000468649 -1.47892 -0.0387103 2.44428 0.15777 
-1.93947 0.966586 -0.000477722 -1.47906 -0.0382242 2.44428 0.161065 
-1.93957 0.966551 -0.00047578 -1.47912 -0.0378617 2.44428 0.164172 
-1.93964 0.966549 -0.000472752 -1.47913 -0.0373327 2.44429 0.166681 
-1.93967 0.966552 -0.000474107 -1.47909 -0.0364645 2.44431 0.170462 
-1.93968 0.966559 -0.000474107 -1.47906 -0.0355894 2.44432 0.174792 
-1.93966 0.966561 -0.000475777 -1.47906 -0.0349245 2.44432 0.179093 
-1.93966 0.966564 -0.000473383 -1.47906 -0.0343052 2.44433 0.184374 
-1.93962 0.966559 -0.00045501 -1.47907 -0.0337463 2.44432 0.190919 
-1.9395 0.966562 -0.000457704 -1.47909 -0.03351 2.44431 0.197241 
-1.9394 0.966556 -0.000466045 -1.47911 -0.0334985 2.4443 0.203022 
-1.93941 0.966557 -0.00047099 -1.4791 -0.0334836 2.44432 0.208036 
-1.93943 0.966561 -0.00046924 -1.47909 -0.0334267 2.44432 0.213537 
-1.9394 0.966559 -0.000453481 -1.4791 -0.0332528 2.44431 0.219036 
-1.93931 0.966547 -0.000441972 -1.47915 -0.0330677 2.4443 0.225048 
-1.93921 0.966523 -0.000444776 -1.47922 -0.0330323 2.4443 0.231021 
-1.93911 0.966486 -0.000446933 -1.47928 -0.0330158 2.4443 0.237147 
-1.93906 0.966477 -0.000429832 -1.4793 -0.032886 2.4443 0.242611 
-1.93898 0.966464 -0.00043403 -1.47932 -0.032732 2.44429 0.247802 
-1.9389 0.966456 -0.00043324 -1.47934 -0.0326694 2.4443 0.253278 
-1.93883 0.966444 -0.000418722 -1.47938 -0.0325722 2.4443 0.259174 
-1.93873 0.966428 -0.000412396 -1.47941 -0.0323912 2.44431 0.265835 
-1.93865 0.966426 -0.000409475 -1.4794 -0.0323449 2.44431 0.273022 
-1.93855 0.966427 -0.000406426 -1.47941 -0.0323256 2.44431 0.279161 
-1.93847 0.966422 -0.000404478 -1.47941 -0.0322309 2.44431 0.284592 
-1.93842 0.966422 -0.000396002 -1.47941 -0.0319819 2.4443 0.290802 
-1.93833 0.966426 -0.00039493 -1.47942 -0.0316874 2.44431 0.297489 
-1.93826 0.966425 -0.000391552 -1.47942 -0.0314202 2.44431 0.304396 
-1.93819 0.966428 -0.000383564 -1.47942 -0.0312579 2.44432 0.311549 
-1.93809 0.966424 -0.000380829 -1.47943 -0.0312049 2.44431 0.318379 
-1.93805 0.96641 -0.000382452 -1.47946 -0.0311478 2.44431 0.324137 
-1.93803 0.966383 -0.000370244 -1.47949 -0.0310657 2.44431 0.329927 
-1.93795 0.966382 -0.000368272 -1.4795 -0.0309888 2.44431 0.336426 
-1.93788 0.966379 -0.000371882 -1.47951 -0.0308374 2.44431 0.343191 
-1.93784 0.966381 -0.000355977 -1.47951 -0.0306287 2.44431 0.351151 
-1.93776 0.966389 -0.000339508 -1.47944 -0.0305317 2.44437 0.35877 
-1.93758 0.966576 -0.000313591 -1.4791 -0.0305112 2.4445 0.364487 
-1.93747 0.966881 -0.000312575 -1.47863 -0.0304367 2.44507 0.369758 
-1.93741 0.967303 -0.000294587 -1.47802 -0.0301449 2.44573 0.374974 
-1.93728 0.967655 -0.000264933 -1.47734 -0.0295076 2.446 0.380481 
-1.9371 0.968074 -0.000277638 -1.47655 -0.0287435 2.44614 0.386175 
-1.93691 0.968645 -0.000289227 -1.47551 -0.0281301 2.44623 0.392475 
-1.93679 0.969106 -0.000289174 -1.47459 -0.0275996 2.44627 0.399051 
-1.93671 0.969461 -0.000278661 -1.47392 -0.027144 2.44647 0.405052 
-1.93653 0.969864 -0.00027543 -1.4733 -0.0265165 2.44733 0.411633 
-1.93636 0.970266 -0.000288898 -1.47283 -0.0255957 2.4487 0.419427 
-1.93625 0.970663 -0.000270255 -1.47232 -0.0249365 2.45004 0.42754 
-1.93606 0.971163 -0.000269152 -1.47157 -0.0247041 2.45105 0.43529 
-1.93588 0.971665 -0.000281717 -1.47068 -0.0244767 2.4513 0.442138 
-1.9358 0.972155 -0.000283624 -1.46976 -0.0243047 2.4512 0.44878 
-1.93576 0.972246 -0.000306892 -1.46959 -0.0243498 2.4511 0.451003 
-1.9358 0.972217 -0.000310019 -1.46957 -0.0243124 2.45099 0.451028 
-1.93582 0.97222 -0.000308494 -1.46956 -0.0242635 2.45099 0.45105 
-1.93582 0.972215 -0.000305153 -1.46956 -0.0242576 2.45099 0.451077 
-1.93583 0.972218 -0.000308494 -1.46956 -0.0241358 2.451 0.451291 
-1.93585 0.972215 -0.000304916 -1.46955 -0.0237757 2.451 0.451885 
-1.93585 0.972218 -0.000308482 -1.46955 -0.023567 2.451 0.452315 
-1.93587 0.972217 -0.000310443 -1.46955 -0.0235288 2.451 0.452425 
-1.93589 0.972217 -0.000306824 -1.46955 -0.0233137 2.45101 0.452686 
-1.93589 0.972213 -0.000318573 -1.46955 -0.0230815 2.45101 0.453143 
-1.93593 0.972218 -0.000310019 -1.46955 -0.023022 2.45102 0.453354 
-1.93592 0.972222 -0.000309559 -1.46954 -0.0229506 2.45103 0.453415 
-1.93592 0.972218 -0.000311347 -1.46955 -0.0227816 2.45103 0.45365 
-1.93595 0.972216 -0.00031169 -1.46954 -0.0226545 2.45103 0.453797 
-1.93595 0.97222 -0.000308813 -1.46955 -0.0226198 2.45103 0.453807 
-1.93595 0.972218 -0.000310625 -1.46954 -0.0225596 2.45103 0.45384 
-1.93596 0.97222 -0.000308494 -1.46955 -0.0224176 2.45104 0.453888 
-1.93596 0.972222 -0.000306824 -1.46954 -0.0223245 2.45104 0.453888 
-1.93596 0.972224 -0.000308732 -1.46955 -0.0222985 2.45104 0.453886 
-1.93596 0.972224 -0.00030685 -1.46955 -0.0222756 2.45104 0.453885 
-1.93596 0.972231 -0.000308731 -1.46955 -0.0222648 2.45104 0.453888 
-1.93599 0.972224 -0.000307774 -1.46954 -0.022237 2.45104 0.453888 
-1.93598 0.972225 -0.000306929 -1.46955 -0.0222357 2.45104 0.453883 
-1.93598 0.972224 -0.000306826 -1.46954 -0.022235 2.45104 0.453888 
-1.93598 0.972231 -0.000307284 -1.46954 -0.0222327 2.45105 0.453886 
-1.93597 0.972228 -0.00030777 -1.46954 -0.0222356 2.45104 0.453883 
-1.93597 0.972235 -0.000310651 -1.46954 -0.0222389 2.45104 0.453882 
-1.93597 0.972234 -0.000308532 -1.46954 -0.0222383 2.45104 0.453886 
-1.93596 0.972232 -0.000308732 -1.46954 -0.0222453 2.45104 0.453885 
-1.93596 0.972234 -0.00031144 -1.46954 -0.0222567 2.45104 0.453883 
-1.93597 0.97223 -0.000310009 -1.46954 -0.0222647 2.45104 0.453879 
-1.93595 0.972224 -0.000313636 -1.46954 -0.0222844 2.45103 0.453874 
-1.93593 0.972213 -0.000319388 -1.46954 -0.0223458 2.45103 0.453843 
-1.93593 0.972186 -0.000326832 -1.46954 -0.0227101 2.45102 0.453707 
-1.93588 0.972159 -0.000323226 -1.46954 -0.0233078 2.451 0.453145 
-1.93584 0.972126 -0.000324896 -1.46954 -0.0235318 2.45099 0.452489 
-1.93582 0.972099 -0.000323226 -1.46954 -0.0235849 2.45096 0.451985 
-1.93577 0.972087 -0.000328516 -1.46954 -0.0239422 2.45094 0.451208 
-1.93567 0.971958 -0.000378666 -1.46961 -0.024977 2.45075 0.450334 
-1.93566 0.971948 -0.000419173 -1.4696 -0.0256505 2.4507 0.450166 
-1.93564 0.971934 -0.000419866 -1.4696 -0.0258835 2.45069 0.450084 
-1.93565 0.971932 -0.000422971 -1.4696 -0.0258794 2.45069 0.450083 
-1.93565 0.97194 -0.000419355 -1.4696 -0.0258815 2.45069 0.450083 
-1.93564 0.971938 -0.000422093 -1.46961 -0.0258825 2.45069 0.45008 
-1.93564 0.971934 -0.000416097 -1.4696 -0.0258838 2.45069 0.450085 
-1.93564 0.97193 -0.000421604 -1.4696 -0.0258876 2.45069 0.450078 
-1.93565 0.971922 -0.00042255 -1.4696 -0.0258857 2.45069 0.450071 
-1.93566 0.971911 -0.000424394 -1.46961 -0.0258882 2.45069 0.450074 
-1.93565 0.971904 -0.000424499 -1.4696 -0.0258902 2.45069 0.45007 
-1.93565 0.971899 -0.00042229 -1.4696 -0.0258902 2.45069 0.45007 
-1.93564 0.971891 -0.00042088 -1.4696 -0.0258982 2.45069 0.450062 
-1.93563 0.971884 -0.00042442 -1.46961 -0.0259014 2.45068 0.450054 
-1.93564 0.971874 -0.000420801 -1.46961 -0.0259067 2.45068 0.45005 
-1.93564 0.971861 -0.00042713 -1.4696 -0.0259133 2.45068 0.450043 
-1.93563 0.971852 -0.00042088 -1.46961 -0.02592 2.45067 0.450024 
-1.93562 0.971841 -0.000420772 -1.46961 -0.025926 2.45067 0.450029 
-1.93563 0.97181 -0.000420643 -1.46961 -0.0259251 2.45067 0.450032 
-1.93562 0.971786 -0.000417053 -1.46961 -0.0259245 2.45066 0.450029 
-1.93561 0.971795 -0.000424039 -1.46961 -0.0259257 2.45066 0.45003 
-1.93563 0.97179 -0.000424498 -1.46961 -0.0259232 2.45067 0.450034 
-1.93561 0.971788 -0.000422549 -1.46961 -0.0259251 2.45066 0.450032 
-1.93562 0.971784 -0.000424499 -1.46961 -0.0259257 2.45066 0.450029 
-1.93562 0.971782 -0.000422312 -1.46962 -0.0259245 2.45066 0.450031 
-1.93561 0.971782 -0.00042255 -1.46962 -0.0259257 2.45066 0.450032 
-1.93563 0.971782 -0.000418749 -1.46961 -0.0259251 2.45066 0.450037 
-1.93561 0.971787 -0.000420879 -1.46962 -0.0259251 2.45066 0.450027 
-1.93562 0.971783 -0.000421837 -1.46961 -0.0259251 2.45066 0.450033 
-1.93562 0.971785 -0.00042184 -1.46961 -0.0259251 2.45066 0.450033 
-1.93561 0.971783 -0.00042247 -1.46961 -0.0259257 2.45066 0.450032 
-1.93562 0.971787 -0.000421814 -1.46961 -0.0259245 2.45066 0.450033 
-1.93561 0.971787 -0.000422524 -1.46961 -0.0259251 2.45066 0.450029 
-1.93562 0.971785 -0.000418963 -1.46961 -0.0259245 2.45066 0.450029 
-1.93562 0.971788 -0.000417182 -1.46961 -0.0259245 2.45066 0.450034 
-1.93561 0.971787 -0.000416343 -1.46962 -0.0259245 2.45066 0.450034 
-1.93562 0.971785 -0.00042085 -1.46962 -0.0259232 2.45066 0.450031 
-1.93561 0.971783 -0.000422542 -1.46962 -0.0259251 2.45066 0.450033 
-1.93562 0.971783 -0.00041921 -1.46961 -0.0259277 2.45066 0.45003 
-1.93562 0.971785 -0.00042255 -1.46961 -0.0259245 2.45066 0.450034 
-1.93562 0.971786 -0.000420142 -1.46961 -0.0259245 2.45066 0.450031 
-1.93562 0.971782 -0.000421761 -1.46961 -0.0259238 2.45066 0.450037 
-1.93562 0.971785 -0.000420564 -1.46962 -0.0259257 2.45066 0.450029 
-1.93562 0.971782 -0.000420879 -1.46961 -0.0259245 2.45066 0.450034 
-1.93562 0.971782 -0.000422542 -1.46962 -0.0259232 2.45066 0.450034 
-1.93561 0.971784 -0.000421761 -1.46961 -0.0259245 2.45066 0.450029 
-1.93562 0.971785 -0.000419209 -1.46962 -0.0259245 2.45066 0.450029 
-1.93561 0.971784 -0.000417261 -1.46961 -0.0259251 2.45066 0.450035 
-1.93562 0.971784 -0.000418497 -1.46961 -0.0259238 2.45066 0.450034 
-1.93562 0.971778 -0.000422524 -1.46962 -0.0259238 2.45066 0.450032 
-1.93562 0.971778 -0.000419182 -1.46961 -0.0259245 2.45066 0.450033 
-1.93562 0.97178 -0.00042449 -1.46962 -0.0259245 2.45066 0.450032 
-1.93561 0.97178 -0.000418749 -1.46961 -0.0259262 2.45066 0.450028 
-1.93561 0.971783 -0.000418891 -1.46961 -0.0259245 2.45066 0.45003 
-1.93561 0.971781 -0.0004208 -1.46962 -0.0259245 2.45066 0.450027 
