-2.18894 -0.518722 -0.000575651 -2.17939 0.0297399 1.71643 -1.4167 
-2.18894 -0.51872 -0.00057398 -2.1794 0.0297385 1.71643 -1.4167 
-2.18894 -0.51872 -0.000575651 -2.17939 0.0297393 1.71643 -1.4167 
-2.18894 -0.518723 -0.0005776 -2.17939 0.0297399 1.71643 -1.4167 
-2.18894 -0.51872 -0.0005776 -2.17939 0.0297405 1.71643 -1.41671 
-2.18894 -0.51872 -0.00057398 -2.17939 0.0297379 1.71643 -1.4167 
-2.18894 -0.518722 -0.00057398 -2.17939 0.0297399 1.71643 -1.41671 
-2.18894 -0.51872 -0.000575651 -2.17939 0.0297393 1.71643 -1.4167 
-2.18894 -0.518723 -0.000575651 -2.17939 0.0297393 1.71643 -1.4167 
-2.18894 -0.51872 -0.0005776 -2.17939 0.0297385 1.71643 -1.41671 
-2.18894 -0.518718 -0.00057398 -2.17939 0.0297393 1.71643 -1.4167 
-2.18894 -0.518722 -0.000570361 -2.17939 0.0297399 1.71643 -1.41671 
-2.18894 -0.518722 -0.00057398 -2.17939 0.0297399 1.71643 -1.4167 
-2.18894 -0.51872 -0.000575651 -2.17939 0.0297393 1.71643 -1.4167 
-2.18894 -0.518722 -0.000575651 -2.1794 0.0297399 1.71643 -1.4167 
-2.18894 -0.518722 -0.0005776 -2.17939 0.0297379 1.71643 -1.4167 
-2.18894 -0.51872 -0.00057231 -2.17939 0.0297385 1.71643 -1.4167 
-2.18894 -0.518722 -0.00057398 -2.17939 0.0297399 1.71643 -1.41671 
-2.18894 -0.518723 -0.000575651 -2.17939 0.0297385 1.71643 -1.4167 
-2.18894 -0.51872 -0.00057398 -2.17939 0.0297385 1.71643 -1.4167 
-2.18894 -0.518722 -0.00057231 -2.17939 0.0297405 1.71643 -1.4167 
-2.18894 -0.51872 -0.000575651 -2.17939 0.0297399 1.71643 -1.4167 
-2.18894 -0.51872 -0.0005776 -2.17939 0.0297399 1.71643 -1.4167 
-2.18894 -0.518722 -0.000575651 -2.17939 0.0297405 1.71643 -1.4167 
-2.18894 -0.518718 -0.000575651 -2.17939 0.0297412 1.71643 -1.4167 
-2.18894 -0.51872 -0.00057231 -2.17939 0.0297399 1.71643 -1.4167 
-2.18894 -0.518722 -0.00057398 -2.17939 0.0297393 1.71643 -1.4167 
-2.18894 -0.51872 -0.000575651 -2.17939 0.0297399 1.71643 -1.4167 
-2.18894 -0.518718 -0.000570361 -2.17939 0.0297373 1.71643 -1.4167 
-2.18894 -0.518718 -0.00057231 -2.17939 0.0297385 1.71643 -1.4167 
-2.18894 -0.51872 -0.00057398 -2.17939 0.0297399 1.71643 -1.4167 
-2.18894 -0.518718 -0.00057398 -2.17939 0.0297399 1.71643 -1.4167 
-2.18894 -0.518722 -0.00057398 -2.17939 0.0297399 1.71643 -1.41671 
-2.18894 -0.51872 -0.000575651 -2.17939 0.0297405 1.71643 -1.41671 
-2.18894 -0.518718 -0.00057398 -2.17939 0.0297399 1.71643 -1.4167 
-2.18894 -0.518718 -0.000575651 -2.17939 0.0297379 1.71643 -1.4167 
-2.18894 -0.518718 -0.00057398 -2.17939 0.0297399 1.71643 -1.4167 
-2.18894 -0.518723 -0.00057231 -2.17939 0.0297385 1.71643 -1.4167 
-2.18894 -0.51872 -0.000575651 -2.17939 0.0297385 1.71643 -1.4167 
-2.18894 -0.51872 -0.00057398 -2.17939 0.0297393 1.71643 -1.4167 
-2.18894 -0.518722 -0.00057398 -2.1794 0.0297405 1.71643 -1.4167 
-2.18894 -0.518718 -0.00057398 -2.1794 0.0297393 1.71643 -1.41671 
-2.18894 -0.518718 -0.000575651 -2.17939 0.0297385 1.71643 -1.4167 
-2.18894 -0.518722 -0.00057398 -2.17939 0.0297405 1.71643 -1.4167 
-2.18894 -0.518723 -0.000575651 -2.17939 0.0297405 1.71643 -1.41671 
-2.18894 -0.51872 -0.00057231 -2.17939 0.0297379 1.71643 -1.41671 
-2.18894 -0.518722 -0.00057231 -2.1794 0.0297399 1.71643 -1.4167 
-2.18894 -0.51872 -0.00057231 -2.17939 0.0297393 1.71643 -1.41671 
-2.18894 -0.518722 -0.00057398 -2.1794 0.0297399 1.71643 -1.4167 
-2.18894 -0.51872 -0.00057231 -2.17939 0.0297393 1.71643 -1.4167 
-2.18894 -0.518722 -0.000575651 -2.17939 0.0297399 1.71643 -1.41671 
-2.18894 -0.518718 -0.00057231 -2.17939 0.0297399 1.71643 -1.41671 
-2.18894 -0.518718 -0.000577599 -2.1794 0.0297385 1.71643 -1.4167 
-2.18894 -0.518723 -0.000575651 -2.17939 0.0297393 1.71643 -1.4167 
-2.18894 -0.51872 -0.000575651 -2.17939 0.0297399 1.71643 -1.4167 
-2.18894 -0.518718 -0.00057398 -2.17939 0.0297405 1.71643 -1.4167 
-2.18894 -0.518722 -0.0005776 -2.17939 0.0297393 1.71643 -1.4167 
-2.18894 -0.51872 -0.0005776 -2.17939 0.0297393 1.71643 -1.4167 
-2.18894 -0.51872 -0.00057398 -2.17939 0.0297399 1.71643 -1.4167 
-2.18894 -0.518722 -0.000575651 -2.17939 0.0297393 1.71643 -1.4167 
-2.18894 -0.518718 -0.00057398 -2.17939 0.0297393 1.71643 -1.4167 
-2.18894 -0.518722 -0.0005776 -2.17939 0.0297393 1.71643 -1.41671 
-2.18894 -0.51872 -0.000575651 -2.17939 0.0297385 1.71643 -1.4167 
-2.18894 -0.518722 -0.0005776 -2.17939 0.0297385 1.71643 -1.41671 
-2.18894 -0.51872 -0.000575651 -2.1794 0.0297393 1.71643 -1.41671 
-2.18894 -0.518722 -0.00057231 -2.17939 0.0297385 1.71643 -1.4167 
-2.18894 -0.51872 -0.000575651 -2.17939 0.0297385 1.71643 -1.4167 
-2.18894 -0.518718 -0.00057231 -2.17939 0.0297393 1.71643 -1.4167 
-2.18894 -0.51872 -0.000575651 -2.17939 0.0297405 1.71643 -1.4167 
-2.18894 -0.51872 -0.00057398 -2.1794 0.0297393 1.71643 -1.4167 
-2.18894 -0.518718 -0.000575651 -2.17939 0.0297393 1.71643 -1.41671 
-2.18894 -0.51872 -0.00057398 -2.17939 0.0297393 1.71643 -1.4167 
-2.18894 -0.51872 -0.000570361 -2.17939 0.0297405 1.71643 -1.4167 
-2.18894 -0.51872 -0.000575651 -2.17939 0.0297385 1.71643 -1.4167 
-2.18894 -0.518722 -0.0005776 -2.1794 0.0297399 1.71643 -1.4167 
-2.18894 -0.518718 -0.0005776 -2.17939 0.0297393 1.71643 -1.4167 
-2.18894 -0.51872 -0.00057231 -2.17939 0.0297379 1.71643 -1.4167 
-2.18894 -0.518722 -0.00057398 -2.1794 0.0297385 1.71643 -1.4167 
-2.18894 -0.51872 -0.0005776 -2.17939 0.0297393 1.71643 -1.4167 
-2.18894 -0.518722 -0.000575651 -2.17939 0.0297393 1.71643 -1.41671 
-2.18894 -0.518718 -0.00057231 -2.17939 0.0297405 1.71643 -1.41671 
-2.18894 -0.518718 -0.00057302 -2.17939 0.0297405 1.71643 -1.4167 
-2.18894 -0.51872 -0.000575651 -2.17939 0.0297399 1.71643 -1.4167 
-2.18894 -0.518718 -0.00057398 -2.17939 0.0297385 1.71643 -1.4167 
-2.18894 -0.51872 -0.000570361 -2.17939 0.0297399 1.71643 -1.4167 
-2.18894 -0.51872 -0.00057398 -2.17939 0.0297405 1.71643 -1.4167 
-2.18894 -0.518718 -0.0005776 -2.17939 0.0297405 1.71643 -1.4167 
-2.18894 -0.518722 -0.00057231 -2.17939 0.0297385 1.71643 -1.4167 
-2.18894 -0.518722 -0.00057398 -2.17939 0.0297399 1.71643 -1.4167 
-2.18894 -0.518718 -0.000568691 -2.17939 0.0297393 1.71643 -1.4167 
-2.18894 -0.518718 -0.000570361 -2.17939 0.0297412 1.71643 -1.4167 
-2.18894 -0.51872 -0.00057398 -2.17939 0.0297384 1.71643 -1.4167 
-2.18894 -0.518718 -0.00057398 -2.1794 0.0297385 1.71643 -1.4167 
-2.18894 -0.518722 -0.0005776 -2.17939 0.0297384 1.71643 -1.41671 
-2.18894 -0.518718 -0.0005776 -2.17939 0.0297399 1.71643 -1.41671 
-2.18894 -0.518714 -0.00058094 -2.17939 0.0297379 1.71643 -1.4167 
-2.18894 -0.518718 -0.00057927 -2.17939 0.0297379 1.71643 -1.4167 
-2.18894 -0.51872 -0.0005776 -2.17939 0.0297385 1.71643 -1.4167 
-2.18894 -0.518718 -0.00057398 -2.17939 0.0297405 1.71643 -1.41671 
-2.18894 -0.518718 -0.000575651 -2.17939 0.0297385 1.71643 -1.4167 
-2.18894 -0.518718 -0.00057573 -2.17939 0.0297385 1.71643 -1.41671 
-2.18894 -0.518718 -0.00057927 -2.17939 0.0297384 1.71643 -1.4167 
-2.18894 -0.51872 -0.0005776 -2.17939 0.0297379 1.71643 -1.4167 
-2.18894 -0.518716 -0.00057398 -2.17939 0.0297385 1.71643 -1.41671 
-2.18894 -0.518718 -0.0005776 -2.17939 0.0297393 1.71643 -1.4167 
-2.18894 -0.518718 -0.000575651 -2.1794 0.0297373 1.71643 -1.4167 
-2.18895 -0.518716 -0.00058094 -2.17939 0.0297341 1.71643 -1.4167 
-2.18894 -0.518716 -0.0005776 -2.17939 0.0297373 1.71643 -1.4167 
-2.18894 -0.518714 -0.00057927 -2.17939 0.0297378 1.71643 -1.4167 
-2.18894 -0.518714 -0.00057398 -2.17939 0.0297379 1.71643 -1.4167 
-2.18894 -0.518718 -0.00057927 -2.17938 0.0297373 1.71643 -1.4167 
-2.18895 -0.51872 -0.000588179 -2.17937 0.0297385 1.71644 -1.4167 
-2.18894 -0.518716 -0.000582917 -2.17938 0.0297393 1.71644 -1.41671 
-2.18894 -0.518722 -0.0005776 -2.17938 0.0297375 1.71644 -1.4167 
-2.18894 -0.51872 -0.00057927 -2.17938 0.0297379 1.71644 -1.4167 
-2.18894 -0.518722 -0.000582889 -2.17938 0.0297385 1.71644 -1.4167 
-2.18894 -0.518722 -0.000584639 -2.17938 0.0297379 1.71644 -1.4167 
-2.18894 -0.518718 -0.000582892 -2.17938 0.0297385 1.71644 -1.4167 
-2.18894 -0.51872 -0.00058094 -2.17938 0.0297379 1.71644 -1.4167 
-2.18894 -0.51872 -0.00058094 -2.17938 0.0297379 1.71644 -1.4167 
-2.18894 -0.518716 -0.000583071 -2.17939 0.0297379 1.71644 -1.41671 
-2.18894 -0.518713 -0.00057231 -2.17938 0.0297385 1.71644 -1.4167 
-2.18894 -0.518718 -0.000568691 -2.17939 0.0297385 1.71644 -1.4167 
-2.18893 -0.518713 -0.000564992 -2.1794 0.0297385 1.71644 -1.41671 
-2.18893 -0.518714 -0.00056702 -2.1794 0.0297379 1.71644 -1.4167 
-2.18893 -0.518714 -0.000570361 -2.1794 0.0297393 1.71644 -1.4167 
-2.18894 -0.518713 -0.00056702 -2.1794 0.0297379 1.71644 -1.41671 
-2.18894 -0.518714 -0.00057398 -2.1794 0.0297393 1.71643 -1.4167 
-2.18894 -0.518714 -0.000575651 -2.17939 0.0297375 1.71644 -1.41671 
-2.18894 -0.518716 -0.000575651 -2.1794 0.0297399 1.71643 -1.41671 
-2.18894 -0.518714 -0.00058456 -2.1794 0.0297393 1.71644 -1.4167 
-2.18894 -0.518714 -0.000588179 -2.1794 0.0297347 1.71644 -1.4167 
-2.18894 -0.518716 -0.000580941 -2.17939 0.0297393 1.71643 -1.4167 
-2.18894 -0.518714 -0.00057231 -2.17939 0.0297385 1.71643 -1.4167 
-2.18894 -0.518718 -0.00057231 -2.1794 0.0297393 1.71643 -1.4167 
-2.18894 -0.518713 -0.00057927 -2.17941 0.0297379 1.71643 -1.4167 
-2.18894 -0.518709 -0.00057927 -2.17942 0.0297385 1.71643 -1.4167 
-2.18894 -0.518714 -0.000575572 -2.17942 0.0297379 1.71643 -1.4167 
-2.18893 -0.518714 -0.000570361 -2.17942 0.029737 1.71643 -1.4167 
-2.18894 -0.518713 -0.000575651 -2.17942 0.0297379 1.71643 -1.4167 
-2.18894 -0.518713 -0.00058094 -2.17942 0.0297354 1.71643 -1.41671 
-2.18894 -0.518709 -0.00057398 -2.17942 0.0297354 1.71643 -1.41671 
-2.18893 -0.518704 -0.000557648 -2.17942 0.0297373 1.71643 -1.41671 
-2.18893 -0.518701 -0.000560244 -2.17943 0.0297334 1.71643 -1.4167 
-2.18894 -0.518706 -0.000575402 -2.17943 0.0297335 1.71643 -1.41671 
-2.18893 -0.518702 -0.000572284 -2.17946 0.029735 1.71643 -1.41671 
-2.18892 -0.518689 -0.000551334 -2.17946 0.0297337 1.71643 -1.41671 
-2.18892 -0.518692 -0.000558535 -2.17945 0.0297358 1.71643 -1.41671 
-2.18893 -0.518694 -0.000569114 -2.17945 0.0297346 1.71643 -1.41671 
-2.18892 -0.518678 -0.000555097 -2.17949 0.0297346 1.71642 -1.41671 
-2.1889 -0.518644 -0.000530591 -2.17952 0.0297325 1.71642 -1.41671 
-2.1889 -0.518631 -0.000534749 -2.17951 0.029734 1.71642 -1.41671 
-2.18891 -0.518643 -0.000557815 -2.1795 0.0297323 1.71642 -1.41671 
-2.18892 -0.518636 -0.00057159 -2.17954 0.0297339 1.71641 -1.41671 
-2.18891 -0.518596 -0.000546575 -2.17957 0.0297329 1.71641 -1.41671 
-2.1889 -0.518592 -0.000531209 -2.17957 0.0297378 1.71642 -1.41671 
-2.18881 -0.518593 -0.000539303 -2.17955 0.0293159 1.71683 -1.41671 
-2.1888 -0.518591 -0.000548978 -2.17947 0.0284327 1.71778 -1.41671 
-2.18876 -0.518589 -0.000530459 -2.17938 0.0276659 1.71884 -1.41671 
-2.18858 -0.518589 -0.000496772 -2.17935 0.0273821 1.71924 -1.41671 
-2.18824 -0.518547 -0.000451421 -2.17937 0.0273257 1.71925 -1.41671 
-2.18798 -0.518517 -0.00045254 -2.17937 0.0272936 1.71926 -1.4167 
-2.18779 -0.518504 -0.000443605 -2.17944 0.0272829 1.71925 -1.4167 
-2.18756 -0.518396 -0.000373652 -2.17965 0.0272579 1.71926 -1.41669 
-2.1872 -0.518156 -0.000340265 -2.17991 0.0271573 1.71927 -1.41667 
-2.18659 -0.517791 -0.000316129 -2.18034 0.0271114 1.71926 -1.41668 
-2.18548 -0.517238 -0.000279335 -2.18097 0.0270244 1.71928 -1.41666 
-2.18407 -0.516457 -0.000287069 -2.18156 0.0266848 1.71935 -1.41663 
-2.18269 -0.51545 -0.00027049 -2.18209 0.0261639 1.71958 -1.41649 
-2.18113 -0.514232 -0.000204129 -2.18264 0.0255592 1.71995 -1.41608 
-2.17926 -0.512741 -0.00019766 -2.18318 0.0246537 1.72081 -1.41545 
-2.17731 -0.511059 -0.000186666 -2.18389 0.0233877 1.72224 -1.41448 
-2.17521 -0.509245 -0.000172025 -2.1847 0.0219748 1.72392 -1.41352 
-2.17283 -0.50718 -0.000123324 -2.18552 0.0204065 1.72558 -1.41221 
-2.17013 -0.504908 -8.08394e-05 -2.1864 0.0192525 1.72713 -1.4101 
-2.1672 -0.502509 -8.33535e-05 -2.18728 0.0184094 1.72911 -1.40731 
-2.16407 -0.49997 -6.11696e-05 -2.18818 0.0176859 1.73167 -1.40494 
-2.16069 -0.497306 -5.24975e-05 -2.18916 0.0170629 1.7351 -1.40217 
-2.15739 -0.494561 -6.43207e-05 -2.19029 0.0165119 1.74031 -1.39903 
-2.15377 -0.491463 -5.94575e-05 -2.19176 0.0160732 1.74737 -1.39567 
-2.14996 -0.48788 -6.64177e-05 -2.19331 0.0157382 1.75516 -1.39251 
-2.14626 -0.48422 -4.34541e-05 -2.19471 0.0155073 1.76358 -1.38935 
-2.14226 -0.480147 7.90605e-06 -2.19601 0.0154542 1.77258 -1.38549 
-2.13788 -0.475989 1.76505e-05 -2.19733 0.0154504 1.7825 -1.38053 
-2.13345 -0.47199 1.21054e-05 -2.19867 0.0154028 1.79196 -1.37532 
-2.12869 -0.4675 1.76662e-06 -2.19981 0.0152233 1.80092 -1.37082 
-2.12386 -0.462395 -1.82345e-06 -2.20078 0.0151333 1.80903 -1.36679 
-2.11922 -0.456903 2.33115e-06 -2.20159 0.0151274 1.8159 -1.36213 
-2.11421 -0.450884 1.66714e-05 -2.20247 0.0151136 1.82316 -1.35535 
-2.10901 -0.444853 1.05678e-05 -2.20309 0.0150715 1.82927 -1.34756 
-2.10388 -0.438283 -2.24253e-06 -2.20326 0.0149625 1.83433 -1.33822 
-2.09877 -0.430625 -7.11314e-06 -2.20327 0.0148303 1.83911 -1.32829 
-2.09363 -0.422867 1.71552e-05 -2.20324 0.0146997 1.84347 -1.31877 
-2.08821 -0.41531 3.63881e-05 -2.20319 0.0146709 1.84727 -1.30869 
-2.08281 -0.407264 1.64811e-05 -2.20321 0.0145943 1.85107 -1.29801 
-2.07713 -0.398268 6.77354e-06 -2.20322 0.014433 1.85553 -1.28682 
-2.07142 -0.38964 5.05978e-06 -2.20322 0.0143123 1.86105 -1.27588 
-2.0659 -0.380631 1.10289e-05 -2.20322 0.0141476 1.86697 -1.26624 
-2.05986 -0.370903 2.69286e-05 -2.2032 0.0138886 1.8736 -1.25636 
-2.05395 -0.362096 1.63593e-05 -2.20317 0.0136245 1.88101 -1.24815 
-2.04796 -0.351836 -1.41684e-05 -2.20316 0.0134082 1.88974 -1.23997 
-2.04219 -0.341629 1.30507e-05 -2.20317 0.0132194 1.89971 -1.23175 
-2.03617 -0.331511 3.96221e-05 -2.20315 0.0129787 1.91031 -1.22358 
-2.03015 -0.320833 -6.1611e-06 -2.20311 0.0127657 1.92128 -1.2152 
-2.02403 -0.310388 1.0587e-06 -2.20292 0.012529 1.93321 -1.20724 
-2.01793 -0.298936 -2.43565e-05 -2.20292 0.012128 1.94639 -1.19942 
-2.01223 -0.288061 5.69781e-06 -2.20272 0.0114826 1.95906 -1.19229 
-2.00608 -0.27659 1.73872e-05 -2.2024 0.0106254 1.9725 -1.18458 
-1.99973 -0.263959 -2.55622e-05 -2.20222 0.00959066 1.98747 -1.1766 
-1.99426 -0.252891 -5.06597e-07 -2.20194 0.00834312 2.00097 -1.17046 
-1.98864 -0.240113 -3.13946e-05 -2.20157 0.0069444 2.0148 -1.16417 
-1.98318 -0.228229 2.95072e-05 -2.20124 0.0057919 2.02876 -1.15715 
-1.97769 -0.215691 -4.75333e-05 -2.20083 0.00463479 2.04168 -1.15007 
-1.97244 -0.203457 -3.55927e-05 -2.19998 0.0032044 2.05429 -1.14144 
-1.96723 -0.189973 -6.73404e-05 -2.19916 0.00128229 2.06637 -1.13271 
-1.96235 -0.177374 -3.83048e-05 -2.19796 -0.000957026 2.07687 -1.12449 
-1.95717 -0.163551 -4.97288e-05 -2.19649 -0.00375984 2.08583 -1.11646 
-1.95231 -0.150688 -4.30777e-05 -2.19456 -0.00708446 2.09399 -1.10855 
-1.94764 -0.137129 -7.21531e-05 -2.19265 -0.0101893 2.10153 -1.10006 
-1.94308 -0.123865 -8.40587e-05 -2.19022 -0.0130241 2.10845 -1.09166 
-1.9386 -0.109406 -0.000109089 -2.18748 -0.0153237 2.11516 -1.08334 
-1.93467 -0.0966085 -7.35189e-05 -2.18438 -0.0174765 2.12093 -1.07574 
-1.93065 -0.0824639 -0.000114319 -2.18077 -0.0198086 2.12587 -1.06841 
-1.92692 -0.0687091 -0.000121157 -2.17671 -0.022368 2.13132 -1.06057 
-1.92344 -0.0539645 -0.000162183 -2.17258 -0.0255428 2.13736 -1.05453 
-1.92081 -0.0412947 -0.000169852 -2.16847 -0.0287164 2.14279 -1.05049 
-1.91795 -0.0239995 -0.000233709 -2.1625 -0.0336327 2.14988 -1.04576 
-1.91626 -0.0100036 -0.000207237 -2.15724 -0.0384796 2.15584 -1.04294 
-1.91497 0.00432918 -0.000251895 -2.15117 -0.0442773 2.16173 -1.04057 
-1.91411 0.0195072 -0.000260089 -2.1449 -0.0503061 2.16751 -1.03878 
-1.91387 0.0337564 -0.000273246 -2.13827 -0.0560398 2.17433 -1.03755 
-1.91385 0.0491877 -0.000302811 -2.13144 -0.0608834 2.18153 -1.03706 
-1.91414 0.0635467 -0.000470455 -2.12433 -0.0647976 2.18794 -1.03704 
-1.91474 0.0787655 -0.000507855 -2.11717 -0.0673435 2.19424 -1.03704 
-1.91549 0.0927035 -0.000511828 -2.11007 -0.0684361 2.19947 -1.03704 
-1.91639 0.107435 -0.000543009 -2.10224 -0.068759 2.20401 -1.03705 
-1.91723 0.122295 -0.00054809 -2.09467 -0.0688071 2.20819 -1.03705 
-1.91821 0.135945 -0.000595757 -2.08733 -0.0689272 2.21267 -1.03706 
-1.91896 0.150273 -0.000641636 -2.08006 -0.0692761 2.21736 -1.03709 
-1.91997 0.164302 -0.00064328 -2.07236 -0.0700766 2.22175 -1.03712 
-1.92083 0.179404 -0.000652649 -2.06495 -0.0714675 2.22601 -1.03715 
-1.92181 0.193382 -0.000674134 -2.05724 -0.0733876 2.23056 -1.03726 
-1.92283 0.209051 -0.000705265 -2.04904 -0.0763844 2.23545 -1.03742 
-1.92373 0.222505 -0.000768294 -2.0417 -0.0801933 2.23933 -1.03778 
-1.92509 0.237066 -0.00076639 -2.03378 -0.085458 2.24344 -1.03846 
-1.92632 0.251241 -0.000761525 -2.02586 -0.0912784 2.24835 -1.03899 
-1.92775 0.26466 -0.000788953 -2.01845 -0.0968833 2.25439 -1.03941 
-1.92907 0.278033 -0.000789185 -2.01123 -0.102873 2.26052 -1.04015 
-1.93084 0.292084 -0.000794474 -2.00293 -0.109416 2.26673 -1.04121 
-1.93252 0.305681 -0.000797666 -1.99487 -0.115379 2.27232 -1.04245 
-1.93435 0.318334 -0.000791433 -1.98677 -0.120995 2.27731 -1.0438 
-1.93629 0.331236 -0.000792804 -1.97825 -0.126242 2.28144 -1.04509 
-1.93823 0.342828 -0.000802539 -1.96992 -0.13043 2.28536 -1.04659 
-1.94045 0.354788 -0.000802814 -1.96135 -0.133801 2.28991 -1.04864 
-1.94279 0.366515 -0.000832601 -1.95257 -0.13627 2.29484 -1.05128 
-1.94534 0.377419 -0.00084986 -1.94347 -0.137754 2.29918 -1.05568 
-1.94815 0.388865 -0.000854234 -1.93455 -0.138264 2.3025 -1.06194 
-1.95111 0.399078 -0.000860339 -1.92503 -0.138286 2.3055 -1.06891 
-1.95424 0.410065 -0.000865616 -1.91531 -0.138284 2.30821 -1.07608 
-1.9572 0.419869 -0.000838617 -1.90609 -0.13828 2.31054 -1.08307 
-1.96012 0.429873 -0.000844328 -1.89594 -0.138271 2.31264 -1.08979 
-1.96283 0.440696 -0.000837113 -1.88576 -0.138267 2.31381 -1.09606 
-1.96516 0.450031 -0.000823774 -1.87569 -0.138267 2.31407 -1.10201 
-1.96738 0.460513 -0.000844505 -1.86498 -0.138266 2.31408 -1.10759 
-1.96946 0.470865 -0.000833926 -1.8546 -0.13827 2.31408 -1.11184 
-1.97121 0.480754 -0.000837968 -1.84392 -0.138269 2.31408 -1.11585 
-1.97269 0.491814 -0.000836817 -1.8336 -0.138271 2.31408 -1.11948 
-1.97385 0.501922 -0.000842823 -1.82317 -0.138271 2.31409 -1.12227 
-1.97481 0.512273 -0.000846454 -1.8131 -0.138279 2.31409 -1.12411 
-1.97552 0.523146 -0.000851925 -1.8029 -0.138278 2.31409 -1.12577 
-1.97597 0.533549 -0.00085661 -1.79225 -0.138278 2.3141 -1.1268 
-1.97629 0.544588 -0.000852359 -1.78229 -0.138285 2.3141 -1.12729 
-1.97636 0.55514 -0.00085132 -1.77175 -0.138294 2.3141 -1.1279 
-1.97632 0.566576 -0.00083603 -1.76117 -0.138309 2.3141 -1.12907 
-1.97623 0.577541 -0.000822644 -1.75103 -0.138308 2.31411 -1.13123 
-1.97613 0.588336 -0.00081882 -1.74068 -0.138315 2.31411 -1.13488 
-1.97604 0.599801 -0.000818794 -1.73061 -0.13831 2.31412 -1.13965 
-1.97594 0.610314 -0.000805627 -1.72039 -0.138304 2.31412 -1.14441 
-1.9758 0.621805 -0.000782916 -1.71018 -0.138293 2.31412 -1.14838 
-1.97554 0.632277 -0.000737304 -1.70016 -0.138291 2.31413 -1.15088 
-1.97521 0.642681 -0.000683749 -1.69029 -0.138281 2.31413 -1.15252 
-1.97464 0.653615 -0.000655058 -1.68001 -0.138274 2.31413 -1.15331 
-1.97397 0.662233 -0.00063356 -1.67112 -0.138274 2.31413 -1.15349 
-1.97285 0.674826 -0.000619889 -1.65893 -0.138269 2.31413 -1.15352 
-1.97167 0.684262 -0.000596882 -1.64899 -0.13826 2.31413 -1.15351 
-1.97039 0.693357 -0.000571749 -1.63943 -0.138241 2.31413 -1.15351 
-1.96884 0.703012 -0.000520171 -1.62959 -0.138232 2.31413 -1.15352 
-1.96708 0.711433 -0.000528846 -1.61996 -0.138223 2.31413 -1.15351 
-1.96534 0.719624 -0.000518962 -1.61073 -0.138212 2.31413 -1.15352 
-1.96336 0.728227 -0.00051299 -1.60158 -0.138182 2.31413 -1.15351 
-1.9613 0.735843 -0.0005077 -1.59272 -0.138098 2.31413 -1.1535 
-1.95926 0.743376 -0.000510224 -1.58379 -0.137994 2.31413 -1.15347 
-1.95739 0.750955 -0.000524806 -1.57576 -0.137906 2.31413 -1.15345 
-1.95552 0.758191 -0.000501427 -1.56796 -0.13774 2.31413 -1.15336 
-1.95374 0.764867 -0.000513135 -1.56026 -0.137413 2.31413 -1.15293 
-1.95213 0.771911 -0.000508847 -1.55305 -0.137065 2.31413 -1.15215 
-1.9506 0.778958 -0.000506598 -1.54668 -0.136728 2.31413 -1.15107 
-1.94916 0.785319 -0.000514097 -1.54076 -0.136478 2.31413 -1.14976 
-1.94789 0.791375 -0.000507663 -1.53497 -0.136424 2.31413 -1.14822 
-1.94676 0.797904 -0.000502979 -1.52943 -0.136331 2.31413 -1.14641 
-1.94578 0.803935 -0.000509936 -1.52503 -0.13617 2.31413 -1.14475 
-1.94484 0.809607 -0.000504649 -1.52104 -0.135956 2.31414 -1.14298 
-1.94398 0.81473 -0.000500138 -1.51732 -0.135665 2.31414 -1.14063 
-1.94319 0.819763 -0.000469023 -1.51383 -0.135389 2.31414 -1.13809 
-1.94237 0.824869 -0.000467027 -1.51092 -0.135065 2.31415 -1.13538 
-1.94149 0.829646 -0.000464169 -1.50865 -0.134622 2.31418 -1.13208 
-1.94057 0.833859 -0.000464169 -1.50693 -0.134018 2.31435 -1.12847 
-1.93964 0.837612 -0.000459763 -1.50548 -0.133548 2.31489 -1.12397 
-1.93877 0.840958 -0.000446527 -1.50426 -0.133405 2.31533 -1.11991 
-1.9379 0.844253 -0.00044314 -1.50327 -0.133383 2.3159 -1.11591 
-1.93706 0.847309 -0.000432287 -1.50272 -0.133372 2.3171 -1.11178 
-1.93621 0.850059 -0.00043629 -1.50256 -0.13337 2.31911 -1.10787 
-1.93534 0.852731 -0.000433815 -1.50258 -0.133369 2.322 -1.10328 
-1.9345 0.85521 -0.00041621 -1.50259 -0.133373 2.32614 -1.09937 
-1.93368 0.857543 -0.000418786 -1.5026 -0.133353 2.33185 -1.09667 
-1.93283 0.859917 -0.000411734 -1.5026 -0.133271 2.33881 -1.09363 
-1.93206 0.8619 -0.000413911 -1.5026 -0.133201 2.34532 -1.09135 
-1.93137 0.863639 -0.00041392 -1.50259 -0.13312 2.35158 -1.08949 
-1.93069 0.865349 -0.000400754 -1.5026 -0.132987 2.35734 -1.08713 
-1.93003 0.866939 -0.000392651 -1.50259 -0.13281 2.36151 -1.08488 
-1.92943 0.868395 -0.000383064 -1.50259 -0.132426 2.36456 -1.08217 
-1.92877 0.869848 -0.000361917 -1.50259 -0.131867 2.36676 -1.07901 
-1.92806 0.871164 -0.000360011 -1.5026 -0.131047 2.36739 -1.07557 
-1.92735 0.872362 -0.000366128 -1.50261 -0.130021 2.36739 -1.07128 
-1.92663 0.873505 -0.000352366 -1.50262 -0.129359 2.36739 -1.06606 
-1.92592 0.874545 -0.000338895 -1.50265 -0.129159 2.3674 -1.06044 
-1.92525 0.87546 -0.000342511 -1.5027 -0.129132 2.3674 -1.05481 
-1.92471 0.876144 -0.000342523 -1.50281 -0.12914 2.3674 -1.05009 
-1.92422 0.87673 -0.000351178 -1.50295 -0.129151 2.3674 -1.0461 
-1.92384 0.877257 -0.000368713 -1.50304 -0.129149 2.36741 -1.04387 
-1.92357 0.877737 -0.000360584 -1.50308 -0.129148 2.36741 -1.04275 
-1.92334 0.878159 -0.000362491 -1.50314 -0.129141 2.36741 -1.04239 
-1.92315 0.878523 -0.000364954 -1.5032 -0.129141 2.36742 -1.0422 
-1.92305 0.878815 -0.00035946 -1.50327 -0.129144 2.36742 -1.04209 
-1.92293 0.879125 -0.000358664 -1.50336 -0.12914 2.36742 -1.04206 
-1.92281 0.879396 -0.000360583 -1.50349 -0.129138 2.36743 -1.04201 
-1.92271 0.87961 -0.000355293 -1.50356 -0.129139 2.36743 -1.04193 
-1.92253 0.879917 -0.000356245 -1.5036 -0.12914 2.36743 -1.0418 
-1.9224 0.880202 -0.000352102 -1.50362 -0.129133 2.36744 -1.04169 
-1.92232 0.880486 -0.000358634 -1.50362 -0.129136 2.36745 -1.04152 
-1.92228 0.880775 -0.000356424 -1.50362 -0.129132 2.36746 -1.04137 
-1.92224 0.881113 -0.000355899 -1.50362 -0.129131 2.36747 -1.04118 
-1.92224 0.88149 -0.000366397 -1.50362 -0.129119 2.36749 -1.04087 
-1.9223 0.881927 -0.00038518 -1.50362 -0.129101 2.36751 -1.0401 
-1.92233 0.882391 -0.000391466 -1.50362 -0.129103 2.36757 -1.03904 
-1.92236 0.882874 -0.000401591 -1.50362 -0.129096 2.36785 -1.03781 
-1.9224 0.883392 -0.000409931 -1.50362 -0.129093 2.36813 -1.03607 
-1.92245 0.883949 -0.000411183 -1.50362 -0.129096 2.36824 -1.03438 
-1.92248 0.884512 -0.000420128 -1.50361 -0.129095 2.36836 -1.0333 
-1.92255 0.885117 -0.000421007 -1.50361 -0.129086 2.36893 -1.03245 
-1.92263 0.885734 -0.000429108 -1.50358 -0.129089 2.37014 -1.03141 
-1.92271 0.886379 -0.000432267 -1.50357 -0.129092 2.37172 -1.03038 
-1.9228 0.887112 -0.000437172 -1.50357 -0.129087 2.37364 -1.02944 
-1.92293 0.887817 -0.000456766 -1.50357 -0.129077 2.37546 -1.02832 
-1.92312 0.888522 -0.000463039 -1.50357 -0.129068 2.37731 -1.02698 
-1.92329 0.889143 -0.000479733 -1.50356 -0.129068 2.37868 -1.02583 
-1.92354 0.889835 -0.000512095 -1.50356 -0.129062 2.37953 -1.02479 
-1.92379 0.890511 -0.000507944 -1.50341 -0.129039 2.37963 -1.0241 
-1.92406 0.891082 -0.000529519 -1.5033 -0.129033 2.37963 -1.02369 
-1.92444 0.89149 -0.000531631 -1.5033 -0.129022 2.37963 -1.02355 
-1.92486 0.891816 -0.000530681 -1.5033 -0.128978 2.37963 -1.02353 
-1.92529 0.892048 -0.000526765 -1.5033 -0.128802 2.37963 -1.02347 
-1.92572 0.892186 -0.000526448 -1.50329 -0.128481 2.37962 -1.02331 
-1.92614 0.892263 -0.000521646 -1.50329 -0.127977 2.37963 -1.02317 
-1.92657 0.8923 -0.000529648 -1.5033 -0.127139 2.37962 -1.02301 
-1.92711 0.892327 -0.00054322 -1.5033 -0.125884 2.37962 -1.02273 
-1.92766 0.89236 -0.000529961 -1.50327 -0.1245 2.37963 -1.02259 
-1.9281 0.892381 -0.000526947 -1.50324 -0.123075 2.37964 -1.02258 
-1.92849 0.892384 -0.000526765 -1.50312 -0.121878 2.37964 -1.02257 
-1.92882 0.892416 -0.00051634 -1.50301 -0.121044 2.37964 -1.02257 
-1.92908 0.892567 -0.000518424 -1.50298 -0.120568 2.37964 -1.02257 
-1.92931 0.892732 -0.000515083 -1.50297 -0.120395 2.37964 -1.02257 
-1.92948 0.892908 -0.000504469 -1.50296 -0.120357 2.37964 -1.02258 
-1.92961 0.893224 -0.000512033 -1.5029 -0.120286 2.37965 -1.02257 
-1.92973 0.893596 -0.000506743 -1.5028 -0.120246 2.37966 -1.02257 
-1.92978 0.894 -0.000507982 -1.5026 -0.120228 2.3797 -1.02257 
-1.9298 0.894627 -0.000498076 -1.50213 -0.120135 2.37999 -1.02257 
-1.92979 0.895273 -0.000497156 -1.50154 -0.119903 2.3809 -1.02257 
-1.9298 0.8959 -0.000487 -1.50092 -0.11963 2.38264 -1.02257 
-1.92978 0.896512 -0.00047611 -1.50035 -0.119323 2.38534 -1.02257 
-1.92978 0.896946 -0.000476775 -1.49996 -0.1189 2.38889 -1.02257 
-1.9298 0.897129 -0.00047948 -1.49987 -0.118597 2.39305 -1.02257 
-1.9298 0.897118 -0.000481176 -1.49984 -0.118327 2.39643 -1.02257 
-1.92982 0.897074 -0.000481177 -1.4997 -0.117821 2.39957 -1.02257 
-1.92989 0.89708 -0.000484056 -1.4995 -0.117335 2.4014 -1.02257 
-1.92998 0.897076 -0.000480297 -1.49947 -0.11711 2.40167 -1.02257 
-1.93 0.897134 -0.000472306 -1.49949 -0.117007 2.40167 -1.02257 
-1.93 0.89715 -0.000472717 -1.49952 -0.116785 2.40167 -1.02257 
-1.93001 0.897128 -0.000463077 -1.49951 -0.116487 2.40167 -1.02257 
-1.93001 0.897143 -0.000440559 -1.49952 -0.116096 2.40167 -1.02257 
-1.93001 0.897168 -0.000408769 -1.49954 -0.115939 2.40167 -1.02258 
-1.93 0.897147 -0.00039852 -1.49954 -0.115878 2.40167 -1.02258 
-1.93003 0.897103 -0.000407418 -1.49952 -0.11575 2.40168 -1.02259 
-1.93015 0.897097 -0.000405325 -1.49954 -0.115721 2.40168 -1.0226 
-1.93031 0.897135 -0.000412998 -1.49955 -0.115727 2.40167 -1.02263 
-1.93055 0.89714 -0.000410642 -1.4996 -0.115732 2.40168 -1.02272 
-1.9308 0.897143 -0.000428041 -1.49964 -0.115739 2.40168 -1.02315 
-1.93116 0.89711 -0.000428802 -1.49965 -0.115754 2.40167 -1.02407 
-1.93157 0.897095 -0.000422409 -1.49966 -0.115761 2.40168 -1.02569 
-1.93188 0.897137 -0.000427898 -1.49966 -0.115756 2.40167 -1.02786 
-1.9322 0.897124 -0.000436739 -1.49971 -0.11577 2.40167 -1.0294 
-1.93261 0.897008 -0.000429793 -1.4997 -0.11577 2.40168 -1.0308 
-1.93295 0.897022 -0.000394813 -1.4997 -0.115769 2.40167 -1.03202 
-1.93315 0.897092 -0.000410614 -1.49979 -0.115771 2.40166 -1.03291 
-1.9333 0.897068 -0.000379162 -1.49997 -0.115769 2.40166 -1.03367 
-1.93322 0.897075 -0.000346057 -1.50013 -0.115766 2.40165 -1.03406 
-1.93306 0.897076 -0.000303624 -1.50026 -0.115758 2.40166 -1.03406 
-1.93281 0.897082 -0.000249399 -1.5003 -0.115746 2.40166 -1.03404 
-1.93242 0.897075 -0.000249172 -1.50029 -0.115725 2.40166 -1.03401 
-1.93202 0.897048 -0.000250188 -1.50029 -0.115713 2.40166 -1.03399 
-1.93168 0.897051 -0.000246963 -1.50029 -0.115676 2.40166 -1.03391 
-1.93145 0.897053 -0.000250361 -1.50028 -0.115576 2.40166 -1.03362 
-1.9313 0.897071 -0.000236243 -1.50028 -0.115524 2.40166 -1.03334 
-1.93118 0.897108 -0.000238296 -1.5003 -0.115466 2.40166 -1.03331 
-1.93117 0.89708 -0.000236626 -1.50028 -0.115259 2.40166 -1.03322 
-1.9312 0.897071 -0.000245111 -1.50028 -0.115033 2.40166 -1.03306 
-1.93122 0.897194 -0.000255184 -1.50031 -0.114944 2.40166 -1.03305 
-1.93121 0.897338 -0.0002464 -1.50035 -0.114912 2.40166 -1.03305 
-1.93117 0.897413 -0.000230876 -1.50037 -0.114855 2.40166 -1.03305 
-1.9311 0.897491 -0.000188074 -1.50038 -0.114736 2.40166 -1.03305 
-1.93094 0.897629 -0.00015822 -1.50038 -0.114588 2.40166 -1.03305 
-1.93077 0.897756 -0.000163694 -1.5004 -0.114515 2.40166 -1.03304 
-1.93064 0.89789 -0.00016035 -1.50041 -0.114418 2.40166 -1.03303 
-1.93051 0.898097 -0.000153112 -1.50041 -0.114285 2.40166 -1.033 
-1.93038 0.898339 -0.000153889 -1.50042 -0.114279 2.40166 -1.033 
-1.93026 0.898594 -0.000158375 -1.50041 -0.114282 2.40166 -1.033 
-1.93017 0.898894 -0.00015822 -1.50041 -0.114276 2.40166 -1.033 
-1.93011 0.899241 -0.000157155 -1.5004 -0.114271 2.40167 -1.033 
-1.93005 0.899599 -0.000153535 -1.50041 -0.114274 2.40167 -1.033 
-1.93001 0.899944 -0.00016003 -1.50041 -0.114275 2.40166 -1.033 
-1.92998 0.900253 -0.000153536 -1.50041 -0.114274 2.40166 -1.033 
-1.92988 0.900594 -0.000153246 -1.50041 -0.114274 2.40166 -1.033 
-1.92976 0.900877 -0.000150763 -1.50041 -0.114276 2.40167 -1.033 
-1.92968 0.901097 -0.00015765 -1.50041 -0.114277 2.40166 -1.033 
-1.92964 0.901265 -0.000159548 -1.50041 -0.114279 2.40167 -1.033 
-1.92959 0.901367 -0.000158797 -1.50041 -0.114284 2.40167 -1.03301 
-1.92953 0.901424 -0.000157546 -1.50041 -0.114283 2.40167 -1.033 
-1.92949 0.901429 -0.000158006 -1.5004 -0.114281 2.40167 -1.033 
-1.92946 0.901421 -0.000162444 -1.50038 -0.114279 2.40168 -1.033 
-1.92945 0.901426 -0.000158717 -1.50034 -0.114276 2.40169 -1.033 
-1.92943 0.901454 -0.000156203 -1.50035 -0.114273 2.40169 -1.03299 
-1.92941 0.90148 -0.000155641 -1.50035 -0.114275 2.40169 -1.03298 
-1.9294 0.901519 -0.000152045 -1.50035 -0.114274 2.40168 -1.03298 
-1.92936 0.901631 -0.00014646 -1.50034 -0.114265 2.40169 -1.03297 
-1.92926 0.901777 -0.000150763 -1.50034 -0.114256 2.40169 -1.03288 
-1.92916 0.901918 -0.000152433 -1.50034 -0.11426 2.40169 -1.03262 
-1.92908 0.902063 -0.00014404 -1.50034 -0.114259 2.40169 -1.03253 
-1.92897 0.902223 -0.000145618 -1.50034 -0.114257 2.40169 -1.0325 
-1.92885 0.90236 -0.000147567 -1.50034 -0.11424 2.4017 -1.03241 
-1.92878 0.902444 -0.000145855 -1.50034 -0.114239 2.4017 -1.03203 
-1.92873 0.902481 -0.00014783 -1.50033 -0.114238 2.4017 -1.03166 
-1.92867 0.902496 -0.000150672 -1.50032 -0.114229 2.4017 -1.03134 
-1.92862 0.902524 -0.000150514 -1.50028 -0.114222 2.4017 -1.031 
-1.92862 0.902539 -0.000159472 -1.50025 -0.114218 2.4017 -1.03082 
-1.92864 0.902575 -0.000159248 -1.50026 -0.114206 2.4017 -1.03066 
-1.92863 0.902701 -0.000159358 -1.50025 -0.11418 2.40171 -1.03041 
-1.92861 0.902843 -0.000153959 -1.50024 -0.11416 2.40172 -1.03 
-1.92858 0.902996 -0.000154105 -1.50024 -0.11415 2.40172 -1.02951 
-1.92855 0.903201 -0.000147814 -1.50023 -0.114136 2.40172 -1.02911 
-1.92847 0.903448 -0.000145619 -1.50022 -0.114121 2.40173 -1.02879 
-1.92837 0.903687 -0.000145618 -1.50019 -0.114056 2.40175 -1.02833 
-1.92829 0.903918 -0.000145619 -1.50016 -0.114026 2.40175 -1.02784 
-1.92823 0.904107 -0.000147567 -1.50015 -0.114012 2.40176 -1.02764 
-1.9282 0.904283 -0.000145618 -1.50014 -0.113972 2.40177 -1.02745 
-1.92819 0.904447 -0.000153126 -1.5001 -0.113946 2.4018 -1.02725 
-1.92821 0.904531 -0.000162589 -1.5001 -0.113935 2.40202 -1.02719 
-1.92822 0.904589 -0.000162681 -1.50007 -0.113914 2.4025 -1.02715 
-1.92821 0.904646 -0.000162444 -1.5 -0.113881 2.40294 -1.02711 
-1.92818 0.904667 -0.00015201 -1.49994 -0.11383 2.40333 -1.02705 
-1.92815 0.904685 -0.000150763 -1.49991 -0.113785 2.40379 -1.02688 
-1.92811 0.904715 -0.000144662 -1.4999 -0.113732 2.4043 -1.02671 
-1.92807 0.904754 -0.000147567 -1.4999 -0.113656 2.4048 -1.02649 
-1.92806 0.904793 -0.000145618 -1.4999 -0.113629 2.40518 -1.02635 
-1.92806 0.904842 -0.000147567 -1.49988 -0.113598 2.40552 -1.02631 
-1.92802 0.904905 -0.000147567 -1.49986 -0.113528 2.40572 -1.02619 
-1.92799 0.904982 -0.000149777 -1.49986 -0.113489 2.40575 -1.02601 
-1.92799 0.905081 -0.000147646 -1.49985 -0.113459 2.40576 -1.02592 
-1.92799 0.905223 -0.00015209 -1.49985 -0.113395 2.40577 -1.02578 
-1.928 0.9054 -0.000159391 -1.49985 -0.11332 2.40576 -1.02559 
-1.92802 0.905609 -0.000165785 -1.49985 -0.113312 2.40577 -1.02557 
-1.92802 0.905831 -0.000162444 -1.49983 -0.113262 2.40577 -1.02555 
-1.92797 0.906113 -0.000143555 -1.4998 -0.113139 2.40579 -1.0255 
-1.92793 0.906402 -0.000150908 -1.4997 -0.113025 2.40581 -1.02539 
-1.92794 0.906666 -0.000156053 -1.49962 -0.112951 2.40582 -1.02529 
-1.92797 0.906957 -0.000174694 -1.49953 -0.112828 2.40583 -1.02512 
-1.92801 0.90726 -0.000175549 -1.4994 -0.112676 2.40593 -1.02488 
-1.92802 0.907526 -0.000181783 -1.4993 -0.112579 2.40646 -1.02467 
-1.92804 0.907735 -0.000183858 -1.49926 -0.112564 2.40727 -1.02464 
-1.92806 0.907945 -0.000182188 -1.49924 -0.112522 2.40834 -1.02462 
-1.92806 0.908161 -0.000180517 -1.49924 -0.112436 2.40982 -1.02459 
-1.92803 0.908389 -0.000170096 -1.49924 -0.112397 2.41172 -1.02457 
-1.92795 0.908631 -0.000153548 -1.49923 -0.112377 2.41342 -1.02457 
-1.92783 0.908819 -0.000150764 -1.49923 -0.112344 2.41447 -1.02455 
-1.92771 0.908968 -0.000151486 -1.49923 -0.112278 2.41506 -1.02451 
-1.92763 0.909078 -0.000154104 -1.49922 -0.112215 2.41524 -1.02442 
-1.92762 0.909153 -0.000154104 -1.49922 -0.112173 2.41524 -1.02431 
-1.92765 0.909188 -0.000167724 -1.49922 -0.112169 2.41524 -1.0243 
-1.92768 0.90921 -0.000176253 -1.49922 -0.112167 2.41524 -1.0243 
-1.92769 0.909213 -0.000187464 -1.49922 -0.112172 2.41524 -1.0243 
-1.92772 0.90921 -0.000192198 -1.49922 -0.112172 2.41524 -1.0243 
-1.92772 0.909222 -0.000192198 -1.49922 -0.112169 2.41524 -1.0243 
-1.92772 0.909242 -0.000191487 -1.49922 -0.11217 2.41524 -1.0243 
-1.92772 0.909259 -0.000186909 -1.49922 -0.112169 2.41524 -1.0243 
-1.92771 0.909299 -0.0001869 -1.49922 -0.11217 2.41524 -1.0243 
-1.92772 0.909357 -0.000188119 -1.49922 -0.112164 2.41524 -1.0243 
-1.92773 0.909469 -0.000193869 -1.49922 -0.11216 2.41524 -1.02429 
-1.92771 0.909634 -0.000184669 -1.49921 -0.112159 2.41524 -1.0243 
-1.9277 0.909813 -0.000187054 -1.49922 -0.11216 2.41524 -1.0243 
-1.92773 0.910011 -0.000192195 -1.49922 -0.112157 2.41524 -1.0243 
-1.92775 0.910221 -0.000190986 -1.49922 -0.112154 2.41524 -1.0243 
-1.92776 0.910427 -0.000197065 -1.49922 -0.112155 2.41524 -1.0243 
-1.9278 0.910618 -0.00019859 -1.49922 -0.112153 2.41525 -1.0243 
-1.92785 0.910791 -0.00019859 -1.49922 -0.112151 2.41524 -1.0243 
-1.92789 0.910946 -0.000195051 -1.49921 -0.112149 2.41524 -1.0243 
-1.92796 0.911112 -0.000211938 -1.49922 -0.112151 2.41525 -1.0243 
-1.92806 0.911289 -0.000213043 -1.49921 -0.112151 2.41524 -1.0243 
-1.92814 0.911501 -0.000211373 -1.49921 -0.112151 2.41525 -1.0243 
-1.92816 0.911748 -0.000216663 -1.49921 -0.11215 2.41525 -1.0243 
-1.9282 0.911987 -0.000226748 -1.49921 -0.11215 2.41526 -1.0243 
-1.92829 0.912269 -0.000232642 -1.4992 -0.112155 2.41525 -1.0243 
-1.92836 0.912601 -0.000229023 -1.49919 -0.112151 2.41527 -1.0243 
-1.9284 0.912951 -0.000230971 -1.49915 -0.112153 2.41527 -1.0243 
-1.92844 0.913299 -0.000232642 -1.49908 -0.112151 2.41528 -1.0243 
-1.92848 0.91365 -0.000233356 -1.49898 -0.112152 2.41529 -1.0243 
-1.92854 0.913997 -0.000240673 -1.49885 -0.112151 2.41529 -1.0243 
-1.92864 0.914337 -0.00024212 -1.49867 -0.112151 2.4153 -1.0243 
-1.92872 0.91467 -0.000238349 -1.49843 -0.112153 2.41531 -1.0243 
-1.92876 0.91495 -0.000240559 -1.49809 -0.11215 2.41547 -1.0243 
-1.92879 0.915249 -0.000240559 -1.49772 -0.112154 2.41611 -1.02429 
-1.92881 0.915552 -0.0002439 -1.49736 -0.112155 2.41658 -1.0243 
-1.92882 0.915854 -0.000238619 -1.49698 -0.112155 2.41681 -1.0243 
-1.92882 0.916234 -0.000240559 -1.49652 -0.112155 2.41691 -1.0243 
-1.92885 0.916656 -0.000252227 -1.49603 -0.112161 2.41691 -1.02431 
-1.92892 0.917069 -0.000254588 -1.49563 -0.112163 2.41691 -1.02431 
-1.92897 0.917509 -0.000256538 -1.49529 -0.112159 2.41692 -1.02431 
-1.92902 0.917945 -0.000258208 -1.495 -0.11216 2.41692 -1.02432 
-1.92912 0.918316 -0.000256114 -1.4947 -0.112162 2.41709 -1.02432 
-1.9292 0.918692 -0.000261404 -1.49437 -0.112164 2.41744 -1.02432 
-1.92926 0.919016 -0.000257785 -1.49403 -0.112162 2.41759 -1.02432 
-1.92933 0.919297 -0.000261404 -1.49368 -0.112163 2.4176 -1.02432 
-1.92941 0.919551 -0.000252499 -1.49335 -0.112161 2.4176 -1.02432 
-1.92945 0.919797 -0.000252495 -1.49309 -0.112161 2.4176 -1.02432 
-1.92943 0.919998 -0.000242803 -1.49293 -0.112155 2.41759 -1.02433 
-1.92941 0.920201 -0.000242908 -1.49282 -0.112151 2.4176 -1.02433 
-1.92942 0.920443 -0.000239721 -1.49269 -0.112153 2.4176 -1.02433 
-1.92945 0.920715 -0.000239712 -1.49251 -0.112151 2.4176 -1.02433 
-1.92944 0.921013 -0.000243627 -1.49235 -0.112151 2.4176 -1.02433 
-1.92946 0.921358 -0.000250146 -1.49215 -0.112143 2.41761 -1.02433 
-1.9295 0.921689 -0.000239801 -1.49191 -0.112139 2.41761 -1.02432 
-1.9295 0.922019 -0.00022861 -1.4917 -0.112136 2.41761 -1.02433 
-1.92949 0.922319 -0.000221255 -1.49149 -0.112131 2.41761 -1.02433 
-1.92949 0.922579 -0.000228363 -1.49132 -0.112125 2.41761 -1.02433 
-1.92951 0.922801 -0.000230124 -1.4912 -0.112109 2.41761 -1.02433 
-1.92947 0.922915 -0.000207581 -1.49119 -0.112071 2.41761 -1.02432 
-1.92941 0.922999 -0.000193374 -1.49117 -0.112047 2.41762 -1.02432 
-1.92939 0.92309 -0.000197599 -1.49112 -0.112033 2.41762 -1.02432 
-1.92939 0.923176 -0.000192308 -1.49106 -0.112013 2.41762 -1.02432 
-1.92938 0.923253 -0.000190795 -1.49103 -0.112012 2.41762 -1.02433 
-1.92934 0.923367 -0.000184422 -1.49101 -0.11201 2.41762 -1.02433 
-1.92927 0.923522 -0.000173134 -1.49095 -0.111994 2.41763 -1.02433 
-1.92914 0.923705 -0.0001583 -1.49089 -0.111966 2.41762 -1.02432 
-1.92895 0.923944 -0.000153882 -1.49089 -0.111952 2.41762 -1.02433 
-1.92876 0.92426 -0.000155206 -1.49088 -0.111913 2.41762 -1.02433 
-1.92858 0.924666 -0.000140303 -1.49082 -0.111841 2.41763 -1.02432 
-1.92837 0.925221 -0.000143296 -1.49058 -0.111809 2.41764 -1.02432 
-1.92829 0.92589 -0.00017107 -1.49015 -0.111819 2.41765 -1.02433 
-1.92838 0.926612 -0.000177466 -1.4896 -0.111801 2.41765 -1.02433 
-1.92847 0.927419 -0.000170046 -1.489 -0.11177 2.41765 -1.02433 
-1.92849 0.928263 -0.000174125 -1.48835 -0.111728 2.41765 -1.02433 
-1.92853 0.929019 -0.000174127 -1.48781 -0.111692 2.41765 -1.02433 
-1.92857 0.929874 -0.000174126 -1.48731 -0.11163 2.41765 -1.02433 
-1.9286 0.930712 -0.000175799 -1.48675 -0.111547 2.41766 -1.02433 
-1.92864 0.931515 -0.000176059 -1.4862 -0.111499 2.41766 -1.02432 
-1.9287 0.932238 -0.00017591 -1.48569 -0.111425 2.41766 -1.02433 
-1.92875 0.933022 -0.000177466 -1.4851 -0.111318 2.41767 -1.02432 
-1.92881 0.933765 -0.000175796 -1.48455 -0.11121 2.41766 -1.02433 
-1.92887 0.934544 -0.000176861 -1.48402 -0.111139 2.41767 -1.02433 
-1.92889 0.935361 -0.000178015 -1.48342 -0.111069 2.41767 -1.02433 
-1.9289 0.936154 -0.00017591 -1.4829 -0.11089 2.41767 -1.02432 
-1.92889 0.93696 -0.000174126 -1.48235 -0.110678 2.41767 -1.02433 
-1.92887 0.937804 -0.000163691 -1.48176 -0.110489 2.41767 -1.02433 
-1.92884 0.938759 -0.00015395 -1.48108 -0.110333 2.41767 -1.02433 
-1.92883 0.939897 -0.000150763 -1.48011 -0.110206 2.41767 -1.02432 
-1.92885 0.941138 -0.000154113 -1.47897 -0.110134 2.41767 -1.02432 
-1.92885 0.942572 -0.000160919 -1.47757 -0.109991 2.41766 -1.02432 
-1.92891 0.944164 -0.000186226 -1.47632 -0.109775 2.41766 -1.02432 
-1.92908 0.945671 -0.000192622 -1.4754 -0.109612 2.41765 -1.02432 
-1.92927 0.947417 -0.000169478 -1.47423 -0.109438 2.41768 -1.02431 
-1.92934 0.949272 -0.000194253 -1.47289 -0.109104 2.41765 -1.02431 
-1.92949 0.951016 -0.000178001 -1.47205 -0.108677 2.41768 -1.02431 
-1.92955 0.952797 -0.000166746 -1.47097 -0.108257 2.41784 -1.02431 
-1.92948 0.954345 -0.000162021 -1.47002 -0.107685 2.41842 -1.02431 
-1.92943 0.955761 -0.000178645 -1.46927 -0.107158 2.41858 -1.02431 
-1.92946 0.956675 -0.000183775 -1.46868 -0.107098 2.41867 -1.02431 
-1.92946 0.957263 -0.00018383 -1.46827 -0.107051 2.41868 -1.02431 
-1.92947 0.957433 -0.000180517 -1.46821 -0.107028 2.41869 -1.02431 
-1.92948 0.957434 -0.000180754 -1.4682 -0.106996 2.41869 -1.02431 
-1.92947 0.957434 -0.000182188 -1.4682 -0.106926 2.41869 -1.02432 
-1.92947 0.95745 -0.000180517 -1.4682 -0.106917 2.41868 -1.02432 
-1.92946 0.957477 -0.000178568 -1.4682 -0.106921 2.41869 -1.02431 
-1.92946 0.957508 -0.000188434 -1.4682 -0.106922 2.41869 -1.02432 
-1.92947 0.957578 -0.000186341 -1.4682 -0.106923 2.41869 -1.02432 
-1.92945 0.957774 -0.00018874 -1.4682 -0.106926 2.4187 -1.02433 
-1.92945 0.958035 -0.000187054 -1.46818 -0.106925 2.41896 -1.02433 
-1.92945 0.958362 -0.000194292 -1.46819 -0.106931 2.41987 -1.02433 
-1.92947 0.95882 -0.000205431 -1.46818 -0.106928 2.42055 -1.02432 
-1.92954 0.959437 -0.000213044 -1.46818 -0.10692 2.42123 -1.02432 
-1.92954 0.960195 -0.000209398 -1.46818 -0.106923 2.42241 -1.02433 
-1.92952 0.96108 -0.000221953 -1.46818 -0.106929 2.42383 -1.02433 
-1.92958 0.962095 -0.00023947 -1.46818 -0.106929 2.42541 -1.02432 
-1.92969 0.963157 -0.000257185 -1.46819 -0.10692 2.42743 -1.02432 
-1.92975 0.964259 -0.000264987 -1.46819 -0.106919 2.42941 -1.02431 
-1.92978 0.965341 -0.000262074 -1.46815 -0.106906 2.4312 -1.02431 
-1.92978 0.966319 -0.000265623 -1.46814 -0.106895 2.43265 -1.02429 
-1.92976 0.96719 -0.000269004 -1.46809 -0.106906 2.43381 -1.0243 
-1.92977 0.96793 -0.000278425 -1.468 -0.106912 2.43515 -1.02429 
-1.92981 0.96851 -0.000315299 -1.46795 -0.106909 2.43631 -1.0243 
-1.92985 0.969031 -0.000320426 -1.46791 -0.10691 2.43717 -1.0243 
-1.92987 0.9695 -0.000326836 -1.46784 -0.106915 2.43764 -1.0243 
-1.92993 0.969927 -0.000324055 -1.46768 -0.106911 2.43813 -1.0243 
-1.92996 0.970013 -0.000321286 -1.46765 -0.106903 2.43852 -1.0243 
-1.92996 0.970012 -0.000315987 -1.46765 -0.106903 2.43852 -1.0243 
-1.92994 0.970032 -0.000317936 -1.46766 -0.106909 2.43853 -1.0243 
-1.92995 0.970057 -0.000321277 -1.46766 -0.106905 2.43853 -1.0243 
-1.92997 0.970185 -0.000315987 -1.4677 -0.106893 2.43853 -1.02429 
-1.92993 0.970335 -0.000283012 -1.4677 -0.106865 2.43853 -1.02428 
-1.92983 0.970342 -0.000245184 -1.46775 -0.106846 2.43853 -1.02427 
-1.92976 0.970386 -0.00025082 -1.46787 -0.106814 2.43853 -1.02423 
-1.92976 0.970442 -0.000238079 -1.46803 -0.106595 2.43854 -1.02386 
-1.92977 0.970476 -0.000235948 -1.46805 -0.106417 2.43854 -1.02364 
-1.9298 0.970573 -0.000242209 -1.46812 -0.10619 2.43855 -1.0236 
-1.92986 0.97069 -0.000249562 -1.46814 -0.10576 2.43861 -1.02356 
-1.93 0.970776 -0.000243462 -1.46815 -0.105014 2.43875 -1.02356 
-1.93009 0.970878 -0.000242484 -1.46817 -0.104136 2.43876 -1.02356 
-1.93018 0.970914 -0.000232683 -1.46825 -0.102806 2.43876 -1.02356 
-1.93022 0.970909 -0.000212105 -1.46838 -0.101034 2.43877 -1.02357 
-1.93023 0.970909 -0.000220533 -1.4685 -0.0989837 2.43877 -1.02358 
-1.93032 0.970919 -0.000220114 -1.46863 -0.0966254 2.43877 -1.0236 
-1.93042 0.970927 -0.000209498 -1.46879 -0.0940091 2.43877 -1.02361 
-1.93047 0.970925 -0.000210381 -1.46895 -0.0906823 2.43877 -1.0237 
-1.93054 0.970924 -0.000215934 -1.46912 -0.0870271 2.43877 -1.02424 
-1.93064 0.970934 -0.000210381 -1.46923 -0.084011 2.43876 -1.02493 
-1.93075 0.970971 -0.000205947 -1.46928 -0.0814294 2.43876 -1.02548 
-1.93088 0.971016 -0.000193675 -1.46929 -0.0793376 2.43876 -1.02601 
-1.93097 0.971065 -0.000188011 -1.46929 -0.0772479 2.43876 -1.02658 
-1.93104 0.971109 -0.000187984 -1.4693 -0.0754599 2.43876 -1.02698 
-1.93113 0.971154 -0.000184815 -1.4693 -0.073827 2.43876 -1.02738 
-1.93121 0.971175 -0.000178828 -1.4693 -0.072539 2.43876 -1.02801 
-1.93127 0.971215 -0.000178 -1.46929 -0.0711533 2.43876 -1.02889 
-1.93133 0.971242 -0.000174807 -1.46928 -0.0698477 2.43875 -1.02959 
-1.93139 0.971261 -0.000178423 -1.46929 -0.0684824 2.43875 -1.02988 
-1.93149 0.971282 -0.000169514 -1.46929 -0.0670524 2.43875 -1.03014 
-1.93152 0.971295 -0.000165066 -1.46929 -0.0657235 2.43874 -1.03053 
-1.93155 0.971298 -0.000175543 -1.4693 -0.0646049 2.43872 -1.03077 
-1.93162 0.971303 -0.000171951 -1.4693 -0.063921 2.43873 -1.03098 
-1.93165 0.971302 -0.000169938 -1.4693 -0.0635694 2.43872 -1.03104 
-1.93165 0.971312 -0.000168732 -1.4693 -0.0634013 2.43872 -1.03105 
-1.93167 0.971302 -0.000171608 -1.4693 -0.0633115 2.43872 -1.03105 
-1.93168 0.971304 -0.000170192 -1.4693 -0.0632418 2.43872 -1.03106 
-1.9317 0.971304 -0.000166754 -1.4693 -0.0630694 2.43872 -1.03106 
-1.9317 0.971304 -0.000168412 -1.4693 -0.0627617 2.43871 -1.03105 
-1.93172 0.971303 -0.000170083 -1.4693 -0.0622862 2.43871 -1.03105 
-1.93178 0.971305 -0.000168421 -1.46931 -0.0614142 2.43871 -1.03104 
-1.93181 0.971307 -0.000178529 -1.46931 -0.0601689 2.43871 -1.03103 
-1.93189 0.971304 -0.00019579 -1.46932 -0.0584201 2.4387 -1.03102 
-1.93205 0.971298 -0.000188156 -1.46932 -0.0561886 2.43869 -1.03099 
-1.93216 0.971304 -0.000191775 -1.46933 -0.0538653 2.43869 -1.03096 
-1.93224 0.9713 -0.000208496 -1.46933 -0.0517609 2.43869 -1.03095 
-1.93237 0.9713 -0.000206715 -1.46932 -0.0500282 2.43869 -1.03073 
-1.93252 0.971302 -0.000224083 -1.46932 -0.0481727 2.43869 -1.02965 
-1.93272 0.971302 -0.000263819 -1.4693 -0.046476 2.43869 -1.02829 
-1.93299 0.971302 -0.00029472 -1.46929 -0.0449176 2.4387 -1.02705 
-1.93321 0.971302 -0.000292495 -1.46929 -0.0434667 2.43869 -1.02557 
-1.9334 0.971295 -0.000288337 -1.46929 -0.0421846 2.43869 -1.02375 
-1.93356 0.971294 -0.000283037 -1.46929 -0.0408832 2.43869 -1.02196 
-1.93368 0.97129 -0.0002968 -1.46928 -0.0391557 2.43869 -1.01977 
-1.93382 0.971295 -0.000303625 -1.46926 -0.0372228 2.43869 -1.01744 
-1.93393 0.971296 -0.000306824 -1.46924 -0.0356141 2.43869 -1.01543 
-1.93401 0.971301 -0.000310016 -1.46923 -0.0342664 2.43869 -1.01379 
-1.93412 0.971297 -0.000332881 -1.46923 -0.0320483 2.43869 -1.01125 
-1.93423 0.971304 -0.000332813 -1.46917 -0.0300917 2.43869 -1.00768 
-1.93429 0.971348 -0.000330865 -1.46905 -0.0284209 2.43869 -1.0027 
-1.93431 0.971356 -0.000347049 -1.46905 -0.0275015 2.43869 -0.996728 
-1.93436 0.971356 -0.000356844 -1.46905 -0.0270755 2.43869 -0.988884 
-1.93441 0.971358 -0.000353011 -1.46907 -0.0270636 2.43868 -0.979028 
-1.93437 0.971355 -0.000349894 -1.46907 -0.0270646 2.43868 -0.970088 
-1.93436 0.971358 -0.000355421 -1.46906 -0.0270652 2.43868 -0.96073 
-1.93439 0.971358 -0.000368535 -1.46905 -0.0270744 2.43868 -0.951561 
-1.93442 0.971356 -0.000425791 -1.46908 -0.0270806 2.43867 -0.942485 
-1.93453 0.971353 -0.000413414 -1.46907 -0.0270767 2.43866 -0.93432 
-1.93462 0.971346 -0.000411142 -1.46907 -0.0270726 2.43866 -0.925986 
-1.93463 0.971351 -0.000418863 -1.46907 -0.0270773 2.43866 -0.917519 
-1.93466 0.971349 -0.000429715 -1.46906 -0.0270779 2.43866 -0.908412 
-1.93477 0.971345 -0.000438609 -1.46907 -0.0270779 2.43865 -0.89908 
-1.93491 0.971341 -0.000430671 -1.46905 -0.0270737 2.43865 -0.890281 
-1.93504 0.971345 -0.000439954 -1.46906 -0.0270773 2.43863 -0.881252 
-1.93515 0.971329 -0.000434194 -1.46906 -0.0270721 2.43853 -0.872323 
-1.93521 0.971326 -0.000435187 -1.46906 -0.0270773 2.43845 -0.861835 
-1.93523 0.971322 -0.000445235 -1.46906 -0.0270766 2.43843 -0.85233 
-1.93531 0.971322 -0.000449951 -1.46906 -0.0270724 2.43842 -0.842784 
-1.93542 0.971326 -0.000452086 -1.46906 -0.0270786 2.43842 -0.833335 
-1.93554 0.971324 -0.000446363 -1.46906 -0.0270812 2.43841 -0.823245 
-1.9356 0.971319 -0.000451017 -1.46907 -0.0270786 2.43835 -0.813624 
-1.93568 0.971305 -0.000463865 -1.46907 -0.0270792 2.4381 -0.804196 
-1.93581 0.971276 -0.000462868 -1.46907 -0.0270806 2.4378 -0.794461 
-1.93593 0.971278 -0.000457343 -1.46904 -0.0270799 2.43775 -0.784318 
-1.93594 0.971272 -0.000463841 -1.46903 -0.0270799 2.43775 -0.775872 
-1.93598 0.971273 -0.000481121 -1.46904 -0.0270792 2.43773 -0.767782 
-1.93605 0.971272 -0.000477884 -1.46904 -0.0270792 2.43771 -0.760777 
-1.93605 0.97127 -0.00047524 -1.46905 -0.0270806 2.43767 -0.753705 
-1.93607 0.971268 -0.000486633 -1.46905 -0.0270802 2.43764 -0.746222 
-1.93613 0.971261 -0.000497773 -1.46905 -0.0270806 2.43758 -0.738665 
-1.93623 0.971228 -0.000500096 -1.46906 -0.0270792 2.43737 -0.731487 
-1.9363 0.971216 -0.000497139 -1.46905 -0.0270779 2.43726 -0.724619 
-1.93631 0.971218 -0.000499031 -1.46904 -0.0270773 2.43727 -0.717465 
-1.93635 0.971218 -0.00050174 -1.46904 -0.0270786 2.43727 -0.709396 
-1.93639 0.971216 -0.000501057 -1.46904 -0.0270779 2.43727 -0.701552 
-1.93646 0.971218 -0.000515747 -1.46905 -0.0270746 2.43726 -0.693018 
-1.93666 0.971209 -0.000513982 -1.46905 -0.0270694 2.43725 -0.683276 
-1.93681 0.971211 -0.000510931 -1.46905 -0.0270771 2.43726 -0.672636 
-1.93688 0.971213 -0.000524206 -1.46904 -0.0270786 2.43726 -0.662133 
-1.93703 0.971208 -0.000534145 -1.46905 -0.0270773 2.43726 -0.652417 
-1.93722 0.971208 -0.000518437 -1.46905 -0.0270786 2.43725 -0.64323 
-1.93729 0.971198 -0.000522454 -1.46905 -0.0270799 2.43726 -0.634777 
-1.93733 0.971198 -0.00053499 -1.46905 -0.0270754 2.43725 -0.627027 
-1.93748 0.971201 -0.000530529 -1.46905 -0.0270747 2.43725 -0.619528 
-1.93769 0.971199 -0.000513598 -1.46905 -0.02707 2.43724 -0.610863 
-1.93783 0.971198 -0.000518848 -1.46905 -0.0270694 2.43725 -0.602384 
-1.93799 0.971192 -0.000518848 -1.46905 -0.0270686 2.43724 -0.592525 
-1.93818 0.971195 -0.000520518 -1.46905 -0.0270706 2.43724 -0.582215 
-1.93837 0.971191 -0.000520597 -1.46905 -0.02707 2.43723 -0.572844 
-1.93856 0.971187 -0.000513558 -1.46904 -0.02707 2.43723 -0.563717 
-1.93866 0.97119 -0.000514807 -1.46905 -0.0270731 2.43721 -0.555379 
-1.93871 0.971188 -0.000520515 -1.46905 -0.0270706 2.43722 -0.546981 
-1.93873 0.971189 -0.000518848 -1.46905 -0.02707 2.43721 -0.539752 
-1.93875 0.971191 -0.000517148 -1.46905 -0.0270706 2.4372 -0.532423 
-1.93873 0.971189 -0.000512033 -1.46905 -0.0270731 2.43721 -0.524597 
-1.93871 0.971189 -0.000520163 -1.46905 -0.0270812 2.43721 -0.516409 
-1.93873 0.97119 -0.000520517 -1.46905 -0.0270799 2.43721 -0.508266 
-1.93877 0.971192 -0.000540924 -1.46905 -0.0270793 2.43721 -0.500058 
-1.93889 0.971191 -0.000544991 -1.46905 -0.0270806 2.43721 -0.492019 
-1.93902 0.971194 -0.000541642 -1.46904 -0.0270786 2.43721 -0.484185 
-1.93912 0.971192 -0.000550741 -1.46904 -0.0270806 2.43721 -0.474992 
-1.93923 0.971193 -0.000543313 -1.46905 -0.0270799 2.43721 -0.465743 
-1.93934 0.971189 -0.000539693 -1.46905 -0.027076 2.4372 -0.457213 
-1.93941 0.97119 -0.000536497 -1.46904 -0.027076 2.4372 -0.447729 
-1.9394 0.971185 -0.000525881 -1.46905 -0.027074 2.43719 -0.436365 
-1.93935 0.971183 -0.000515229 -1.46904 -0.0270735 2.43719 -0.425235 
-1.93935 0.971179 -0.000526186 -1.46905 -0.0270779 2.43718 -0.413889 
-1.9394 0.971167 -0.00052691 -1.46905 -0.0270767 2.43716 -0.402759 
-1.93942 0.97117 -0.000529924 -1.46905 -0.0270744 2.43714 -0.391612 
-1.93944 0.971164 -0.000535395 -1.46905 -0.0270747 2.43713 -0.380077 
-1.93949 0.97116 -0.000528435 -1.46905 -0.0270767 2.43713 -0.36835 
-1.93948 0.971161 -0.000525476 -1.46905 -0.0270783 2.43713 -0.356871 
-1.93944 0.971157 -0.000499796 -1.46905 -0.0270758 2.43711 -0.344038 
-1.93933 0.971156 -0.000490288 -1.46906 -0.0270738 2.43703 -0.331923 
-1.93919 0.971135 -0.00049396 -1.46906 -0.0270768 2.43673 -0.318773 
-1.93909 0.971121 -0.000492289 -1.46906 -0.0270756 2.43656 -0.305701 
-1.93901 0.971103 -0.000435235 -1.46906 -0.0270712 2.43646 -0.293595 
-1.93885 0.971105 -0.000418417 -1.46907 -0.0270818 2.43642 -0.280071 
-1.93882 0.971105 -0.000422295 -1.46906 -0.0270806 2.43641 -0.267675 
-1.93886 0.971096 -0.000426097 -1.46906 -0.0270782 2.4364 -0.256499 
-1.93889 0.971095 -0.000427162 -1.46907 -0.0270755 2.4364 -0.245398 
-1.93891 0.971103 -0.000423543 -1.46906 -0.0270745 2.43639 -0.233488 
-1.93891 0.971103 -0.000427162 -1.46906 -0.02707 2.4364 -0.221724 
-1.93895 0.971101 -0.000431268 -1.46906 -0.0270712 2.4364 -0.210415 
-1.93898 0.971099 -0.000430358 -1.46906 -0.0270732 2.4364 -0.198711 
-1.93904 0.971101 -0.000438843 -1.46905 -0.0270744 2.4364 -0.187706 
-1.93914 0.971103 -0.000444707 -1.46905 -0.0270706 2.4364 -0.17752 
-1.93927 0.971099 -0.000442607 -1.46906 -0.0270736 2.4364 -0.167007 
-1.93938 0.971099 -0.000447184 -1.46906 -0.0270712 2.43639 -0.156013 
-1.93944 0.9711 -0.000441894 -1.46907 -0.0270719 2.43639 -0.146362 
-1.93944 0.971102 -0.000438707 -1.46907 -0.0270751 2.43639 -0.136828 
-1.93944 0.9711 -0.000443101 -1.46906 -0.0270726 2.43639 -0.127904 
-1.9394 0.971096 -0.000408465 -1.46907 -0.02707 2.43637 -0.117543 
-1.93922 0.971097 -0.000411861 -1.46908 -0.0270712 2.43636 -0.107898 
-1.93913 0.971094 -0.000428678 -1.46908 -0.0270742 2.43636 -0.0983056 
-1.93914 0.971095 -0.000423884 -1.46908 -0.0270762 2.43637 -0.0894375 
-1.93919 0.971095 -0.000437778 -1.46908 -0.0270725 2.43636 -0.0803706 
-1.93925 0.971095 -0.000428696 -1.46908 -0.0270719 2.43636 -0.0719843 
-1.93928 0.971092 -0.000428688 -1.46908 -0.0270687 2.43636 -0.065083 
-1.93927 0.971091 -0.000409172 -1.46909 -0.0270677 2.43635 -0.0574816 
-1.93916 0.971091 -0.000409088 -1.4691 -0.0270667 2.43634 -0.0496712 
-1.93913 0.971089 -0.000423966 -1.46911 -0.0270674 2.43633 -0.0417916 
-1.93919 0.971075 -0.000430781 -1.46911 -0.0270694 2.43633 -0.033945 
-1.9393 0.971069 -0.000432306 -1.46913 -0.0270675 2.43631 -0.0265952 
-1.93941 0.971053 -0.000432315 -1.46915 -0.0270637 2.4363 -0.0192583 
-1.93948 0.971051 -0.000430595 -1.46915 -0.0270694 2.4363 -0.0120182 
-1.93951 0.971047 -0.000429398 -1.46915 -0.027068 2.4363 -0.00537847 
-1.93952 0.971039 -0.000426738 -1.46915 -0.02707 2.43629 0.00132962 
-1.9395 0.971037 -0.000428687 -1.46917 -0.0270693 2.43629 0.00736109 
-1.93951 0.971014 -0.000426738 -1.4692 -0.0270644 2.43629 0.0127315 
-1.9395 0.970998 -0.000423397 -1.46924 -0.0270643 2.43627 0.0183005 
-1.93946 0.970926 -0.000412677 -1.46936 -0.027069 2.43623 0.0246377 
-1.93941 0.970829 -0.000406493 -1.46947 -0.0270642 2.43599 0.0313285 
-1.93937 0.970807 -0.00038529 -1.46948 -0.0270694 2.43584 0.0379859 
-1.93925 0.97078 -0.000397042 -1.46951 -0.0270696 2.43572 0.0434738 
-1.93922 0.970742 -0.000401026 -1.46957 -0.0270674 2.43564 0.048104 
-1.93927 0.9707 -0.000403266 -1.46964 -0.0270679 2.43563 0.0525887 
-1.93927 0.970671 -0.000404223 -1.46969 -0.0270678 2.43561 0.0576347 
-1.93927 0.970639 -0.000406353 -1.46975 -0.0270658 2.43559 0.0623179 
-1.93927 0.970597 -0.000404223 -1.46983 -0.0270692 2.43558 0.0667978 
-1.93929 0.970559 -0.00040659 -1.46988 -0.0270637 2.43557 0.0714464 
-1.93931 0.970555 -0.000405893 -1.46989 -0.0270689 2.43557 0.0766144 
-1.93931 0.970543 -0.000404645 -1.46992 -0.0270656 2.43556 0.0815742 
-1.93931 0.970519 -0.000402617 -1.46996 -0.0270649 2.43556 0.0858471 
-1.93932 0.970528 -0.000410404 -1.46996 -0.0270463 2.43557 0.085899 
-1.93933 0.970532 -0.000402984 -1.46996 -0.0270445 2.43557 0.0859012 
-1.93933 0.970529 -0.000396984 -1.46996 -0.0270412 2.43557 0.0858958 
-1.93933 0.970532 -0.000402274 -1.46996 -0.0270296 2.43558 0.0859118 
-1.93934 0.970529 -0.000398933 -1.46996 -0.0270277 2.43558 0.0859125 
-1.93934 0.970529 -0.000396984 -1.46996 -0.0270251 2.43558 0.0859197 
-1.93935 0.970527 -0.000396984 -1.46996 -0.0270142 2.43558 0.0859247 
-1.93934 0.970529 -0.000395314 -1.46996 -0.02701 2.43558 0.0859325 
-1.93933 0.970529 -0.000391694 -1.46995 -0.0270133 2.43557 0.0859323 
-1.93933 0.970527 -0.000389787 -1.46996 -0.0270104 2.43558 0.0859266 
-1.93934 0.970524 -0.000392929 -1.46995 -0.0269984 2.43558 0.0859421 
-1.93935 0.97052 -0.000395287 -1.46994 -0.0270031 2.43558 0.0859389 
-1.93933 0.97052 -0.000391694 -1.46995 -0.027017 2.43557 0.0859219 
-1.93933 0.970517 -0.000390024 -1.46995 -0.0270139 2.43558 0.0859297 
-1.93935 0.970515 -0.000392696 -1.46994 -0.0270165 2.43558 0.0859255 
-1.93935 0.970515 -0.000400603 -1.46993 -0.0270228 2.43558 0.0859015 
-1.93934 0.970513 -0.000395314 -1.46994 -0.0270511 2.43557 0.0858637 
-1.93932 0.970515 -0.000388327 -1.46994 -0.0270594 2.43556 0.0858495 
-1.93931 0.970515 -0.000389449 -1.46995 -0.0270853 2.43555 0.0858135 
-1.93931 0.97051 -0.000395208 -1.46996 -0.0271195 2.43554 0.0857791 
-1.93931 0.970505 -0.000396711 -1.46997 -0.0271243 2.43554 0.0857699 
-1.93931 0.970503 -0.000389482 -1.46998 -0.0271205 2.43554 0.0857758 
-1.93932 0.970503 -0.000396747 -1.46999 -0.0271295 2.43555 0.0857551 
-1.9393 0.970496 -0.000395305 -1.47001 -0.0271688 2.43553 0.0857067 
-1.9392 0.9704 -0.000392541 -1.47017 -0.0275107 2.43553 0.0848989 
-1.93898 0.970105 -0.000347676 -1.47067 -0.0283935 2.43536 0.0819093 
-1.93852 0.969581 -0.000317323 -1.4716 -0.0284755 2.43507 0.0795163 
-1.93792 0.96888 -0.000337098 -1.4729 -0.0285296 2.43493 0.077452 
-1.93723 0.968 -0.000313326 -1.47454 -0.0285215 2.43493 0.0754879 
-1.93649 0.967054 -0.000313354 -1.47633 -0.0285022 2.43495 0.0752068 
-1.93577 0.966218 -0.000309438 -1.4779 -0.0283784 2.43497 0.0753531 
-1.93526 0.965519 -0.000293727 -1.47918 -0.02768 2.43499 0.0768508 
-1.93489 0.965019 -0.00027397 -1.48011 -0.0262579 2.43503 0.0810016 
-1.93482 0.964841 -0.000286736 -1.48042 -0.0247229 2.43503 0.0867947 
-1.93502 0.964824 -0.000288089 -1.48041 -0.0228212 2.43504 0.0927086 
-1.9353 0.964813 -0.00031199 -1.48039 -0.0205615 2.43505 0.0990638 
-1.93572 0.9648 -0.000351169 -1.48039 -0.0182856 2.43506 0.105729 
-1.93631 0.964815 -0.000370125 -1.48031 -0.0162716 2.43508 0.113419 
-1.937 0.964834 -0.000309485 -1.48019 -0.0146557 2.43528 0.120766 
-1.93749 0.964892 -0.000373725 -1.48016 -0.0134613 2.43535 0.125978 
-1.93811 0.964858 -0.000382048 -1.48015 -0.0128054 2.43533 0.129286 
-1.93877 0.964877 -0.000365922 -1.48008 -0.0121435 2.43535 0.132376 
-1.93936 0.964887 -0.000380638 -1.48007 -0.011337 2.43534 0.135863 
-1.9399 0.964873 -0.000358186 -1.48004 -0.010432 2.43535 0.140171 
-1.94019 0.964907 -0.000284601 -1.47988 -0.00928814 2.43538 0.144868 
-1.94012 0.96506 -0.00027809 -1.47967 -0.00816338 2.43539 0.14918 
-1.94 0.965143 -0.000302525 -1.47954 -0.00783535 2.43539 0.153846 
-1.93992 0.965158 -0.000291946 -1.47954 -0.00783583 2.43539 0.158696 
-1.93981 0.965178 -0.000300855 -1.47954 -0.0078323 2.4354 0.163189 
-1.93974 0.965176 -0.000303094 -1.47955 -0.00783142 2.43539 0.167212 
-1.93973 0.965179 -0.000291959 -1.47952 -0.00783351 2.4354 0.171983 
-1.9397 0.965194 -0.000289816 -1.47951 -0.007831 2.4354 0.176452 
-1.93966 0.965202 -0.000288751 -1.4795 -0.0078167 2.43541 0.181171 
-1.93966 0.965218 -0.000292581 -1.47944 -0.00780925 2.43543 0.187095 
-1.93969 0.965319 -0.000295566 -1.47927 -0.0078105 2.43543 0.193491 
-1.93969 0.96547 -0.000299959 -1.47905 -0.00780731 2.43544 0.199181 
-1.93975 0.965575 -0.000314052 -1.47884 -0.00773684 2.43545 0.205402 
-1.93987 0.96565 -0.000301957 -1.47869 -0.00757356 2.43545 0.213105 
-1.9399 0.965713 -0.00029517 -1.4786 -0.0075122 2.43547 0.220984 
-1.93985 0.965792 -0.000290813 -1.47851 -0.00748488 2.43547 0.228837 
-1.93979 0.965819 -0.000276923 -1.47845 -0.00748742 2.43547 0.237419 
-1.93963 0.965827 -0.000277069 -1.47847 -0.00748002 2.43546 0.244803 
-1.93947 0.965848 -0.000280689 -1.47846 -0.00748327 2.43547 0.252948 
-1.93937 0.965855 -0.00027345 -1.47844 -0.00748195 2.43547 0.261785 
-1.93924 0.965873 -0.000267296 -1.47845 -0.00748388 2.43547 0.270745 
-1.93908 0.965884 -0.000272887 -1.47845 -0.00748266 2.43547 0.279208 
-1.93898 0.965891 -0.000273168 -1.47842 -0.00748292 2.43549 0.287489 
-1.9389 0.965923 -0.000263007 -1.47838 -0.00748266 2.4355 0.296087 
-1.93873 0.965978 -0.000266732 -1.47834 -0.00748449 2.43556 0.304717 
-1.9386 0.966062 -0.000274297 -1.47829 -0.00748449 2.43602 0.313942 
-1.93853 0.966118 -0.000262201 -1.47817 -0.00748387 2.43611 0.322725 
-1.93841 0.966212 -0.000265802 -1.47803 -0.00748582 2.43617 0.331169 
-1.93825 0.966567 -0.000235089 -1.4774 -0.00747631 2.43683 0.339338 
-1.93803 0.967433 -0.000212681 -1.47604 -0.00747007 2.43762 0.348283 
-1.93781 0.968246 -0.000209931 -1.47451 -0.00745308 2.43762 0.357725 
-1.93759 0.968939 -0.000192004 -1.47324 -0.0074334 2.43762 0.366539 
-1.93734 0.96958 -0.000186155 -1.472 -0.00741508 2.43763 0.375828 
-1.93713 0.970286 -0.000196046 -1.47071 -0.00739638 2.43764 0.385089 
-1.93695 0.970971 -0.00017393 -1.46938 -0.00737303 2.43765 0.394863 
-1.93676 0.971711 -0.000167966 -1.468 -0.00725858 2.43768 0.404205 
-1.93658 0.972545 -0.000148574 -1.46643 -0.00699972 2.43769 0.41414 
-1.93638 0.97356 -0.000111302 -1.46454 -0.00677367 2.43768 0.425286 
-1.93613 0.974389 -0.000155812 -1.46308 -0.00675876 2.43756 0.436186 
-1.93602 0.974419 -0.000260353 -1.46297 -0.00699658 2.43745 0.439612 
-1.93616 0.974381 -0.000242601 -1.46297 -0.00698652 2.43742 0.439616 
-1.93619 0.974369 -0.000217848 -1.46297 -0.00695736 2.43742 0.439627 
-1.93619 0.974373 -0.000216467 -1.46297 -0.0068963 2.43743 0.439646 
-1.93622 0.974373 -0.00021802 -1.46296 -0.00683134 2.43744 0.43965 
-1.9362 0.974373 -0.00021802 -1.46296 -0.00683243 2.43744 0.439652 
-1.93623 0.974368 -0.000214679 -1.46297 -0.0068178 2.43744 0.439687 
-1.93622 0.974367 -0.000214679 -1.46296 -0.00672938 2.43745 0.439855 
-1.93623 0.974367 -0.00021802 -1.46296 -0.00669527 2.43744 0.440207 
-1.93622 0.974373 -0.00022086 -1.46296 -0.00669797 2.43744 0.440242 
-1.93622 0.974372 -0.000219969 -1.46296 -0.00669634 2.43744 0.440246 
-1.93623 0.974369 -0.000219216 -1.46296 -0.006696 2.43744 0.440251 
-1.93622 0.974369 -0.000222208 -1.46296 -0.00670158 2.43743 0.440251 
-1.93621 0.97437 -0.000223164 -1.46296 -0.00670826 2.43743 0.440248 
-1.93621 0.97437 -0.000221215 -1.46296 -0.00670756 2.43743 0.440245 
-1.93621 0.974366 -0.00023165 -1.46296 -0.0067287 2.43743 0.440228 
-1.93621 0.974366 -0.000239357 -1.46296 -0.00675847 2.43742 0.440212 
-1.9362 0.974364 -0.000244577 -1.46296 -0.00682514 2.43742 0.440195 
-1.93619 0.974358 -0.000247774 -1.46296 -0.00701802 2.43742 0.440154 
-1.93618 0.974347 -0.000252918 -1.46296 -0.00725219 2.43742 0.439999 
-1.93615 0.974342 -0.000256114 -1.46296 -0.00773319 2.43741 0.439334 
-1.9361 0.974339 -0.000269311 -1.46296 -0.00818156 2.43741 0.438513 
-1.9361 0.974333 -0.000278766 -1.46296 -0.00832632 2.43742 0.438408 
-1.93609 0.974332 -0.000279477 -1.46296 -0.00834759 2.43741 0.438393 
-1.93608 0.974322 -0.000282149 -1.46295 -0.00837282 2.43741 0.438372 
-1.93608 0.974308 -0.000288386 -1.46295 -0.0083831 2.43741 0.438362 
-1.93608 0.974299 -0.000290056 -1.46295 -0.00839429 2.4374 0.438357 
-1.93607 0.97429 -0.000291727 -1.46296 -0.00840551 2.4374 0.438355 
-1.93608 0.97428 -0.000291727 -1.46295 -0.00841937 2.4374 0.438354 
-1.93606 0.974269 -0.000291727 -1.46296 -0.00842924 2.43739 0.438349 
-1.93608 0.974262 -0.000291727 -1.46295 -0.00843296 2.43739 0.438347 
-1.93608 0.974245 -0.000293702 -1.46295 -0.00849162 2.43739 0.438345 
-1.93608 0.97423 -0.000296608 -1.46295 -0.00853462 2.43739 0.438336 
-1.93608 0.974204 -0.000302161 -1.46295 -0.00853413 2.4374 0.438332 
-1.93612 0.974162 -0.000315504 -1.46294 -0.00852882 2.43739 0.438329 
-1.93611 0.974163 -0.000315088 -1.46293 -0.00853075 2.43739 0.438326 
-1.9361 0.974152 -0.000320379 -1.46293 -0.00853136 2.43738 0.438322 
-1.9361 0.97414 -0.000321329 -1.46293 -0.00853269 2.43737 0.438323 
-1.93609 0.974135 -0.000320233 -1.46293 -0.00853474 2.43737 0.438319 
-1.93611 0.974123 -0.000321826 -1.46293 -0.00853269 2.43737 0.438311 
-1.9361 0.974119 -0.000318285 -1.46293 -0.00853523 2.43736 0.438303 
-1.93609 0.97411 -0.000318285 -1.46293 -0.0085415 2.43736 0.438295 
-1.9361 0.974097 -0.000316606 -1.46294 -0.00854002 2.43735 0.438296 
-1.93609 0.974085 -0.000318206 -1.46293 -0.00854196 2.43735 0.438289 
-1.9361 0.974075 -0.000318285 -1.46294 -0.00854328 2.43735 0.438285 
-1.93608 0.974066 -0.000314944 -1.46294 -0.0085527 2.43735 0.438274 
-1.93607 0.974048 -0.000309652 -1.46295 -0.00857042 2.43734 0.438267 
-1.93607 0.974041 -0.000307706 -1.46295 -0.00857722 2.43733 0.43826 
-1.93607 0.97403 -0.000312995 -1.46296 -0.00857827 2.43733 0.438261 
-1.93609 0.974015 -0.000312969 -1.46296 -0.00857862 2.43733 0.438257 
-1.93606 0.974014 -0.000308958 -1.46297 -0.00857935 2.43732 0.43826 
-1.93608 0.974011 -0.000309655 -1.46297 -0.00857615 2.43733 0.438263 
-1.93607 0.974004 -0.000310606 -1.46298 -0.00857742 2.43732 0.438256 
-1.93607 0.974001 -0.000312995 -1.46298 -0.00857813 2.43732 0.438264 
-1.93608 0.974004 -0.000314944 -1.46297 -0.00857874 2.43732 0.438264 
-1.93607 0.973998 -0.000311324 -1.46298 -0.00857681 2.43732 0.43826 
-1.93608 0.973998 -0.000311316 -1.46297 -0.00857681 2.43732 0.438258 
-1.93607 0.973999 -0.000311325 -1.46297 -0.00857813 2.43731 0.438258 
-1.93607 0.973996 -0.000312987 -1.46298 -0.00857681 2.43732 0.438263 
-1.93607 0.973996 -0.000312995 -1.46298 -0.00857874 2.43731 0.438261 
-1.93607 0.973998 -0.000312916 -1.46298 -0.00857742 2.43731 0.438259 
-1.93608 0.973992 -0.000312995 -1.46298 -0.00857813 2.43731 0.438258 
-1.93607 0.973993 -0.000312995 -1.46297 -0.00857813 2.43731 0.43826 
-1.93608 0.973993 -0.000314944 -1.46298 -0.00857742 2.43731 0.438259 
-1.93607 0.973995 -0.000314918 -1.46298 -0.00857813 2.43731 0.438256 
-1.93607 0.973995 -0.000312995 -1.46298 -0.00857681 2.43731 0.438264 
-1.93608 0.973996 -0.000311325 -1.46298 -0.00857742 2.43731 0.438262 
-1.93607 0.973989 -0.000314943 -1.46297 -0.00857813 2.43731 0.438259 
-1.93607 0.973996 -0.000314944 -1.46297 -0.00857742 2.43732 0.438255 
-1.93607 0.973981 -0.000314944 -1.46298 -0.00857874 2.43731 0.438257 
-1.93607 0.973988 -0.000312285 -1.46298 -0.00857874 2.43731 0.438263 
-1.93607 0.973987 -0.000314944 -1.46298 -0.00857874 2.43731 0.438257 
-1.93608 0.973981 -0.000316615 -1.46298 -0.00857742 2.43731 0.438255 
-1.93607 0.973983 -0.000314944 -1.46299 -0.00857874 2.43732 0.438259 
-1.93607 0.973987 -0.000312995 -1.46299 -0.00857935 2.43731 0.43826 
-1.93607 0.973985 -0.000314918 -1.46299 -0.00857742 2.43731 0.438262 
-1.93607 0.973988 -0.000312995 -1.46299 -0.00858006 2.43731 0.438258 
-1.93608 0.973983 -0.000318285 -1.46299 -0.00857742 2.43731 0.438258 
-1.93607 0.973983 -0.000316615 -1.46298 -0.00857742 2.43731 0.438257 
-1.93608 0.973986 -0.000312995 -1.46298 -0.00857813 2.43732 0.438262 
-1.93607 0.973985 -0.000320234 -1.46298 -0.00857813 2.43731 0.438261 
-1.93607 0.973987 -0.000314944 -1.46298 -0.00857742 2.43731 0.438262 
-1.93608 0.973983 -0.000314944 -1.46298 -0.00857742 2.43731 0.438263 
-1.93607 0.973983 -0.000311325 -1.46298 -0.00857935 2.43731 0.438259 
