-2.18885 -0.523925 -0.000531757 -2.1781 0.0294372 1.71686 -1.41607 
-2.18885 -0.523927 -0.000531757 -2.1781 0.0294386 1.71686 -1.41607 
-2.18884 -0.523925 -0.000523805 -2.1781 0.0294372 1.71686 -1.41607 
-2.18885 -0.523927 -0.000528137 -2.1781 0.0294386 1.71686 -1.41608 
-2.18885 -0.523927 -0.000535098 -2.1781 0.0294372 1.71686 -1.41607 
-2.18885 -0.523925 -0.000528137 -2.1781 0.0294372 1.71686 -1.41607 
-2.18885 -0.523927 -0.000528137 -2.1781 0.0294378 1.71686 -1.41607 
-2.18885 -0.523926 -0.000528137 -2.1781 0.0294378 1.71686 -1.41607 
-2.18885 -0.523925 -0.000531757 -2.1781 0.0294378 1.71686 -1.41607 
-2.18885 -0.523929 -0.000526467 -2.1781 0.0294378 1.71686 -1.41607 
-2.18885 -0.523926 -0.000529808 -2.17809 0.0294378 1.71686 -1.41607 
-2.18885 -0.523927 -0.000528137 -2.1781 0.0294372 1.71686 -1.41608 
-2.18885 -0.523927 -0.000526467 -2.1781 0.0294378 1.71686 -1.41608 
-2.18885 -0.523925 -0.000524518 -2.1781 0.0294386 1.71686 -1.41608 
-2.18885 -0.523927 -0.000529808 -2.1781 0.0294378 1.71686 -1.41608 
-2.18885 -0.523926 -0.000529808 -2.17809 0.0294366 1.71686 -1.41607 
-2.18885 -0.523929 -0.000528137 -2.1781 0.0294372 1.71687 -1.41607 
-2.18885 -0.523923 -0.000528137 -2.1781 0.0294386 1.71686 -1.41607 
-2.18885 -0.523927 -0.000528058 -2.1781 0.0294392 1.71686 -1.41607 
-2.18885 -0.523925 -0.000524281 -2.1781 0.0294366 1.71686 -1.41607 
-2.18885 -0.523923 -0.000529808 -2.1781 0.0294378 1.71686 -1.41607 
-2.18885 -0.523927 -0.000528137 -2.1781 0.0294372 1.71686 -1.41607 
-2.18885 -0.523925 -0.000531757 -2.1781 0.0294378 1.71686 -1.41607 
-2.18885 -0.523925 -0.000526467 -2.1781 0.0294386 1.71686 -1.41607 
-2.18885 -0.523927 -0.000528137 -2.1781 0.0294372 1.71686 -1.41607 
-2.18885 -0.523925 -0.000529808 -2.1781 0.0294372 1.71686 -1.41607 
-2.18885 -0.523927 -0.000524336 -2.1781 0.0294378 1.71686 -1.41608 
-2.18885 -0.523925 -0.000528137 -2.1781 0.0294378 1.71686 -1.41607 
-2.18885 -0.523925 -0.000528137 -2.17809 0.0294372 1.71686 -1.41607 
-2.18885 -0.523927 -0.000524518 -2.1781 0.0294372 1.71686 -1.41607 
-2.18885 -0.523927 -0.000528137 -2.17809 0.0294372 1.71686 -1.41607 
-2.18885 -0.523925 -0.000529808 -2.1781 0.0294366 1.71686 -1.41607 
-2.18885 -0.523927 -0.000526467 -2.1781 0.0294378 1.71686 -1.41608 
-2.18885 -0.523925 -0.000526467 -2.1781 0.0294378 1.71686 -1.41607 
-2.18885 -0.523927 -0.000528137 -2.1781 0.0294386 1.71686 -1.41607 
-2.18885 -0.523925 -0.000528137 -2.1781 0.0294386 1.71687 -1.41607 
-2.18885 -0.523927 -0.000528137 -2.1781 0.0294372 1.71686 -1.41608 
-2.18884 -0.523926 -0.000526467 -2.1781 0.0294372 1.71686 -1.41608 
-2.18885 -0.523927 -0.000524518 -2.1781 0.0294378 1.71686 -1.41608 
-2.18885 -0.523927 -0.000526467 -2.1781 0.0294366 1.71686 -1.41607 
-2.18885 -0.523923 -0.000528136 -2.17809 0.0294378 1.71686 -1.41607 
-2.18885 -0.523925 -0.000528137 -2.1781 0.0294372 1.71686 -1.41607 
-2.18885 -0.523927 -0.000524518 -2.1781 0.0294366 1.71686 -1.41608 
-2.18885 -0.523927 -0.000529808 -2.1781 0.0294372 1.71686 -1.41607 
-2.18885 -0.523929 -0.000526467 -2.1781 0.0294378 1.71687 -1.41608 
-2.18885 -0.523929 -0.000528137 -2.1781 0.0294372 1.71686 -1.41607 
-2.18884 -0.523927 -0.000526467 -2.1781 0.0294372 1.71686 -1.41607 
-2.18885 -0.523925 -0.000529808 -2.1781 0.0294378 1.71686 -1.41607 
-2.18885 -0.523927 -0.000528137 -2.1781 0.0294372 1.71686 -1.41608 
-2.18885 -0.523927 -0.000524518 -2.1781 0.0294392 1.71686 -1.41607 
-2.18885 -0.523925 -0.000528137 -2.1781 0.0294372 1.71686 -1.41607 
-2.18885 -0.523929 -0.000528137 -2.1781 0.0294378 1.71686 -1.41607 
-2.18885 -0.523923 -0.000528137 -2.1781 0.0294392 1.71686 -1.41607 
-2.18885 -0.523929 -0.000528137 -2.17809 0.0294372 1.71686 -1.41607 
-2.18885 -0.523925 -0.000524518 -2.1781 0.0294372 1.71686 -1.41607 
-2.18885 -0.523927 -0.000524518 -2.1781 0.0294372 1.71686 -1.41607 
-2.18885 -0.523923 -0.000529808 -2.1781 0.0294372 1.71686 -1.41607 
-2.18885 -0.523928 -0.000531757 -2.1781 0.0294386 1.71686 -1.41607 
-2.18885 -0.523927 -0.000526467 -2.1781 0.0294372 1.71686 -1.41607 
-2.18885 -0.523925 -0.000522848 -2.1781 0.0294372 1.71686 -1.41608 
-2.18885 -0.523923 -0.000528137 -2.1781 0.0294392 1.71687 -1.41607 
-2.18885 -0.523926 -0.000529808 -2.1781 0.0294372 1.71686 -1.41608 
-2.18886 -0.523921 -0.000526467 -2.1781 0.0294372 1.71686 -1.41607 
-2.18885 -0.523925 -0.000533427 -2.1781 0.0294372 1.71686 -1.41607 
-2.18885 -0.523925 -0.000533427 -2.1781 0.0294366 1.71686 -1.41607 
-2.18885 -0.523925 -0.000529808 -2.1781 0.0294372 1.71686 -1.41608 
-2.18885 -0.523922 -0.000529808 -2.1781 0.0294372 1.71686 -1.41608 
-2.18886 -0.523924 -0.000533427 -2.1781 0.0294372 1.71686 -1.41607 
-2.18886 -0.523926 -0.000535098 -2.1781 0.0294366 1.71686 -1.41607 
-2.18886 -0.523923 -0.000535098 -2.1781 0.0294378 1.71686 -1.41607 
-2.18886 -0.523927 -0.000533427 -2.1781 0.029436 1.71686 -1.41607 
-2.18886 -0.523926 -0.000535098 -2.1781 0.0294372 1.71686 -1.41607 
-2.18886 -0.523923 -0.000531757 -2.17809 0.029436 1.71686 -1.41607 
-2.18886 -0.523923 -0.000538717 -2.1781 0.0294372 1.71686 -1.41607 
-2.18887 -0.523923 -0.000540387 -2.1781 0.0294366 1.71686 -1.41607 
-2.18887 -0.523925 -0.000543473 -2.1781 0.029436 1.71686 -1.41607 
-2.18887 -0.523923 -0.000550469 -2.1781 0.0294347 1.71686 -1.41607 
-2.18889 -0.523927 -0.000559731 -2.1781 0.0294328 1.71687 -1.41608 
-2.18889 -0.523927 -0.000563637 -2.17809 0.0294341 1.71687 -1.41607 
-2.18888 -0.523921 -0.000556376 -2.17809 0.0294341 1.71687 -1.41607 
-2.18888 -0.523925 -0.000560707 -2.17809 0.0294334 1.71687 -1.41607 
-2.18888 -0.523927 -0.000560766 -2.17808 0.0294334 1.71687 -1.41607 
-2.18888 -0.523927 -0.000555505 -2.17808 0.0294341 1.71688 -1.41608 
-2.18887 -0.523927 -0.000552574 -2.17808 0.0294328 1.71688 -1.41607 
-2.18889 -0.523927 -0.000562818 -2.17807 0.0294328 1.71688 -1.41607 
-2.1889 -0.523925 -0.000580469 -2.17807 0.029427 1.71688 -1.41607 
-2.1889 -0.523928 -0.000580042 -2.17807 0.0294308 1.71688 -1.41607 
-2.18889 -0.523929 -0.000566122 -2.17807 0.0294328 1.71688 -1.41607 
-2.18889 -0.523924 -0.000569463 -2.17807 0.0294326 1.71688 -1.41607 
-2.18889 -0.523916 -0.000573082 -2.17808 0.0294327 1.71687 -1.41607 
-2.18889 -0.52391 -0.000566122 -2.17808 0.0294283 1.71687 -1.41607 
-2.18889 -0.52391 -0.000573082 -2.17809 0.0294289 1.71688 -1.41607 
-2.1889 -0.523905 -0.000583662 -2.17809 0.0294321 1.71687 -1.41607 
-2.18887 -0.523905 -0.000557213 -2.17811 0.0294315 1.71687 -1.41607 
-2.18885 -0.523903 -0.000528779 -2.17811 0.0294317 1.71687 -1.41607 
-2.18887 -0.523905 -0.000545532 -2.17812 0.0294311 1.71686 -1.41607 
-2.18889 -0.523881 -0.000571557 -2.17812 0.0294252 1.71687 -1.41608 
-2.18888 -0.523845 -0.000561768 -2.17813 0.0294258 1.71687 -1.41607 
-2.18887 -0.523843 -0.000548728 -2.17814 0.0294254 1.71687 -1.41607 
-2.18886 -0.523846 -0.000546779 -2.17816 0.0294267 1.71685 -1.41608 
-2.18884 -0.523816 -0.000516716 -2.17818 0.0294274 1.71685 -1.41608 
-2.18883 -0.523805 -0.000509075 -2.17819 0.029428 1.71686 -1.41607 
-2.18884 -0.523805 -0.000514362 -2.17822 0.0294289 1.71685 -1.41607 
-2.18885 -0.523784 -0.000510717 -2.17822 0.0294318 1.71685 -1.41607 
-2.18884 -0.523785 -0.000537046 -2.17821 0.0293477 1.71698 -1.41607 
-2.18881 -0.523766 -0.000511098 -2.17823 0.029102 1.71788 -1.41605 
-2.18863 -0.523734 -0.00048668 -2.17823 0.0288614 1.71918 -1.41603 
-2.18845 -0.523721 -0.000495716 -2.17823 0.0286364 1.72064 -1.416 
-2.18837 -0.523696 -0.000461753 -2.17825 0.0285144 1.72161 -1.41599 
-2.18802 -0.52355 -0.000361994 -2.17829 0.0285051 1.72164 -1.41598 
-2.18737 -0.523256 -0.000338713 -2.17828 0.0284229 1.72166 -1.4159 
-2.18656 -0.522842 -0.000335398 -2.17829 0.0282421 1.72165 -1.41536 
-2.18557 -0.522232 -0.000318086 -2.17833 0.028029 1.72165 -1.41459 
-2.18437 -0.521428 -0.000288034 -2.17843 0.0277785 1.72166 -1.41364 
-2.18291 -0.520406 -0.000255489 -2.17862 0.0274503 1.72166 -1.41237 
-2.18105 -0.519191 -0.000215184 -2.17901 0.0271773 1.72167 -1.41108 
-2.17884 -0.517771 -0.000215059 -2.1795 0.0268638 1.72171 -1.40965 
-2.17655 -0.516057 -0.000205404 -2.17995 0.0264592 1.72175 -1.40778 
-2.17391 -0.514096 -0.000157401 -2.18056 0.026159 1.72175 -1.40642 
-2.17107 -0.511993 -8.14962e-05 -2.18117 0.0258981 1.72178 -1.40571 
-2.16778 -0.509657 -6.20497e-05 -2.1817 0.0256394 1.72191 -1.40449 
-2.16409 -0.507124 -5.90342e-05 -2.18218 0.0254666 1.72212 -1.40232 
-2.16018 -0.504521 -5.42073e-05 -2.18255 0.0252191 1.72234 -1.39961 
-2.15586 -0.501654 -5.2397e-05 -2.18273 0.0248173 1.7228 -1.39613 
-2.15125 -0.498561 -5.15139e-05 -2.18275 0.0243545 1.72337 -1.39239 
-2.14644 -0.49526 -3.29268e-05 -2.18274 0.0238225 1.72415 -1.38793 
-2.14144 -0.49169 2.32425e-05 -2.18276 0.0232991 1.72523 -1.38196 
-2.13609 -0.487561 2.90633e-05 -2.18276 0.022613 1.72622 -1.3749 
-2.13049 -0.483205 1.69058e-05 -2.18277 0.0214839 1.72719 -1.36874 
-2.12503 -0.478871 1.788e-05 -2.18277 0.0200169 1.72848 -1.36382 
-2.11934 -0.474382 3.27924e-05 -2.18276 0.018467 1.73099 -1.35802 
-2.11345 -0.469843 3.87394e-05 -2.18279 0.0167802 1.73503 -1.3522 
-2.10709 -0.464793 3.58477e-05 -2.18297 0.0149802 1.74143 -1.34618 
-2.10095 -0.459195 1.68135e-05 -2.18322 0.0133378 1.74965 -1.33935 
-2.09486 -0.453439 2.85331e-05 -2.18342 0.0118995 1.75928 -1.33241 
-2.08854 -0.447804 8.70265e-05 -2.18351 0.0106989 1.77035 -1.32627 
-2.08193 -0.442136 8.0394e-05 -2.18359 0.0100831 1.78286 -1.31995 
-2.07539 -0.435948 4.97786e-05 -2.1838 0.00981886 1.79626 -1.31337 
-2.06936 -0.429488 5.99196e-05 -2.18393 0.00957341 1.80942 -1.30728 
-2.063 -0.422735 9.00813e-05 -2.18395 0.00927194 1.82343 -1.29979 
-2.05653 -0.416129 7.0029e-05 -2.18395 0.00889934 1.83735 -1.29113 
-2.0504 -0.408786 5.39515e-05 -2.18394 0.00828668 1.85126 -1.28209 
-2.04437 -0.400362 5.0666e-05 -2.18404 0.00733361 1.86552 -1.27187 
-2.03834 -0.391846 8.8109e-05 -2.18397 0.00597048 1.8788 -1.26039 
-2.03304 -0.384015 7.02645e-05 -2.18398 0.00438519 1.88944 -1.24973 
-2.02775 -0.3748 5.24666e-05 -2.18399 0.00211995 1.89954 -1.23887 
-2.02287 -0.36597 4.99558e-05 -2.1839 -0.000910066 1.90868 -1.2276 
-2.0185 -0.357139 3.23797e-05 -2.18378 -0.00466076 1.91635 -1.21629 
-2.01416 -0.346859 4.09326e-05 -2.18367 -0.00953052 1.92389 -1.20523 
-2.00998 -0.337122 5.91514e-05 -2.18334 -0.0147215 1.93051 -1.19433 
-2.00587 -0.326382 2.87638e-05 -2.18305 -0.020207 1.9376 -1.18438 
-2.00199 -0.315562 3.79618e-05 -2.18271 -0.0256443 1.94517 -1.175 
-1.99828 -0.304752 3.19792e-05 -2.18207 -0.0301904 1.95262 -1.16645 
-1.99483 -0.292814 -4.09138e-05 -2.18126 -0.0334117 1.96071 -1.15768 
-1.99194 -0.282138 -3.23382e-05 -2.18016 -0.0354907 1.96868 -1.15004 
-1.98893 -0.26852 -6.20161e-05 -2.17901 -0.0370403 1.97957 -1.14125 
-1.98671 -0.256856 -1.88539e-05 -2.17795 -0.0379118 1.99037 -1.13434 
-1.98469 -0.243978 -6.46586e-05 -2.17693 -0.03842 2.00183 -1.12883 
-1.98319 -0.23177 -8.77719e-05 -2.17579 -0.0386707 2.01379 -1.12399 
-1.98205 -0.218594 -8.65124e-05 -2.17496 -0.0387875 2.02694 -1.12019 
-1.98136 -0.205978 -0.000103808 -2.17405 -0.0388239 2.04012 -1.1175 
-1.981 -0.192333 -0.00011181 -2.17291 -0.0388379 2.05329 -1.11535 
-1.98098 -0.179233 -0.00017568 -2.17166 -0.0388451 2.06692 -1.11362 
-1.98099 -0.165772 -0.000213739 -2.17013 -0.0388641 2.07932 -1.11252 
-1.98119 -0.152264 -0.00033098 -2.16782 -0.0388737 2.09194 -1.1115 
-1.98149 -0.137627 -0.000363967 -2.16522 -0.0389279 2.105 -1.11076 
-1.98214 -0.123844 -0.000411841 -2.16187 -0.0391061 2.1171 -1.11052 
-1.98275 -0.108696 -0.000460597 -2.15757 -0.0393883 2.12806 -1.11048 
-1.9838 -0.0944082 -0.000475219 -2.15249 -0.0397254 2.13858 -1.11048 
-1.98473 -0.0796164 -0.000556312 -2.14711 -0.0403337 2.14729 -1.11048 
-1.98608 -0.064634 -0.000524404 -2.14049 -0.0416839 2.15489 -1.11048 
-1.9874 -0.0493013 -0.000566031 -2.13272 -0.0440414 2.16076 -1.11048 
-1.98879 -0.0341327 -0.000563917 -2.1246 -0.0467994 2.164 -1.11048 
-1.99032 -0.0188669 -0.000588333 -2.11534 -0.0495904 2.16541 -1.11048 
-1.99186 -0.00239192 -0.000590804 -2.10514 -0.0516812 2.1655 -1.11048 
-1.99337 0.0131947 -0.000610616 -2.09455 -0.0529614 2.16551 -1.11048 
-1.9947 0.0294966 -0.000628035 -2.08316 -0.0537371 2.16551 -1.1105 
-1.99594 0.0461465 -0.000618247 -2.07131 -0.0545169 2.16551 -1.11051 
-1.99699 0.061964 -0.000638582 -2.05905 -0.05566 2.16551 -1.11055 
-1.99786 0.0803836 -0.000660412 -2.04487 -0.0576939 2.16552 -1.11059 
-1.99858 0.0970107 -0.000666193 -2.03162 -0.0603674 2.16554 -1.11062 
-1.99922 0.113065 -0.000673683 -2.01786 -0.0640185 2.16554 -1.11073 
-1.99957 0.129467 -0.000674814 -2.00467 -0.0683448 2.16559 -1.11081 
-1.99996 0.145632 -0.000683155 -1.99072 -0.073518 2.1656 -1.11084 
-2.00019 0.162646 -0.000689996 -1.97593 -0.0797057 2.16562 -1.11084 
-2.00029 0.17949 -0.000666579 -1.96216 -0.0858876 2.16566 -1.11084 
-2.00026 0.195219 -0.000668289 -1.9483 -0.0913876 2.16567 -1.11084 
-2.00016 0.211614 -0.000618438 -1.93473 -0.0958602 2.16569 -1.11084 
-2.00002 0.226835 -0.000610025 -1.92192 -0.0992083 2.16571 -1.11084 
-1.99989 0.242908 -0.000588436 -1.9084 -0.101483 2.16572 -1.11084 
-1.99957 0.258997 -0.000575049 -1.89547 -0.102175 2.16619 -1.11084 
-1.99933 0.273019 -0.000579706 -1.88357 -0.10222 2.16752 -1.11086 
-1.99904 0.288572 -0.000570112 -1.87109 -0.102235 2.17017 -1.11096 
-1.9987 0.303315 -0.000568137 -1.85921 -0.102292 2.17435 -1.11135 
-1.99856 0.317309 -0.000573286 -1.84804 -0.102384 2.17989 -1.1121 
-1.99824 0.331995 -0.00056491 -1.83669 -0.102623 2.18625 -1.11345 
-1.99805 0.346021 -0.000586629 -1.82563 -0.102718 2.1938 -1.1146 
-1.99792 0.36074 -0.000579158 -1.81474 -0.102871 2.20195 -1.1155 
-1.99783 0.374258 -0.000584049 -1.80449 -0.102947 2.21061 -1.11649 
-1.99781 0.388926 -0.000604589 -1.79467 -0.10296 2.2203 -1.11712 
-1.99775 0.402272 -0.00058143 -1.78522 -0.102994 2.22956 -1.11761 
-1.99776 0.416089 -0.000604174 -1.77674 -0.102991 2.23824 -1.11778 
-1.99767 0.429204 -0.000583066 -1.7679 -0.102988 2.2469 -1.11778 
-1.99763 0.443486 -0.00059664 -1.75964 -0.102991 2.25599 -1.11779 
-1.99748 0.45591 -0.000579789 -1.75219 -0.102991 2.26333 -1.11779 
-1.99731 0.469886 -0.000590367 -1.7443 -0.102989 2.27003 -1.11778 
-1.99704 0.482685 -0.000582197 -1.73624 -0.102984 2.27607 -1.11778 
-1.99676 0.495852 -0.000573834 -1.72864 -0.102975 2.28043 -1.11778 
-1.99629 0.508531 -0.000572294 -1.72024 -0.10297 2.28417 -1.11776 
-1.99581 0.522062 -0.000557959 -1.71163 -0.102969 2.28814 -1.11776 
-1.99524 0.533832 -0.000559537 -1.70332 -0.10296 2.29184 -1.11774 
-1.99468 0.547261 -0.000557986 -1.69436 -0.102958 2.29529 -1.11773 
-1.99393 0.559409 -0.000554817 -1.68474 -0.102943 2.29741 -1.11769 
-1.99319 0.572062 -0.000560185 -1.67547 -0.102934 2.29823 -1.11765 
-1.99232 0.583991 -0.000554793 -1.66511 -0.102926 2.29827 -1.11758 
-1.99144 0.597139 -0.000532723 -1.65471 -0.102928 2.29827 -1.1175 
-1.9905 0.60844 -0.000538129 -1.64475 -0.102924 2.29827 -1.11747 
-1.98964 0.621246 -0.000532843 -1.634 -0.102919 2.29827 -1.11744 
-1.98867 0.634172 -0.000540973 -1.62223 -0.102921 2.29828 -1.11741 
-1.98786 0.647439 -0.000539658 -1.61065 -0.102915 2.29828 -1.1174 
-1.98709 0.659205 -0.000537472 -1.5996 -0.102915 2.29828 -1.11734 
-1.98647 0.671475 -0.000540369 -1.58864 -0.102916 2.29828 -1.11721 
-1.9858 0.684127 -0.000542999 -1.57669 -0.102915 2.29828 -1.11713 
-1.98536 0.695744 -0.000547592 -1.56604 -0.102909 2.29828 -1.117 
-1.9849 0.707177 -0.000544947 -1.55548 -0.102908 2.29828 -1.11686 
-1.98443 0.717853 -0.00054299 -1.5452 -0.102894 2.29828 -1.11668 
-1.98387 0.72906 -0.000536466 -1.5353 -0.102884 2.29828 -1.11647 
-1.98317 0.738918 -0.000531136 -1.52543 -0.102871 2.29828 -1.11627 
-1.98241 0.749243 -0.000522246 -1.51609 -0.102857 2.29828 -1.11602 
-1.98155 0.758554 -0.000520628 -1.50736 -0.102846 2.29829 -1.1158 
-1.98055 0.767832 -0.000517935 -1.49801 -0.102807 2.29829 -1.11549 
-1.97947 0.777527 -0.000512592 -1.48942 -0.102756 2.29829 -1.11483 
-1.97839 0.785491 -0.000505869 -1.48176 -0.102749 2.29829 -1.11402 
-1.97725 0.793175 -0.000510188 -1.47395 -0.102746 2.29829 -1.11353 
-1.97608 0.801183 -0.000509321 -1.46689 -0.102737 2.29829 -1.1134 
-1.97478 0.808642 -0.000512715 -1.46027 -0.102724 2.29829 -1.11333 
-1.97345 0.815266 -0.000509825 -1.45378 -0.102708 2.29829 -1.1132 
-1.9721 0.821866 -0.000507203 -1.44759 -0.102683 2.2983 -1.11306 
-1.97073 0.828621 -0.000513558 -1.4421 -0.102653 2.2983 -1.11277 
-1.96935 0.834755 -0.000501453 -1.43707 -0.102618 2.2983 -1.11219 
-1.96792 0.84044 -0.000499104 -1.43199 -0.102525 2.29831 -1.1112 
-1.96656 0.845892 -0.000507353 -1.42722 -0.1025 2.29832 -1.11013 
-1.96526 0.852002 -0.000497103 -1.42255 -0.102473 2.29833 -1.10894 
-1.96399 0.858134 -0.000497164 -1.4183 -0.102375 2.29833 -1.10728 
-1.96284 0.863566 -0.000497156 -1.41443 -0.102294 2.29834 -1.10558 
-1.96173 0.86912 -0.000491948 -1.41033 -0.102101 2.29835 -1.10378 
-1.96074 0.874955 -0.000495484 -1.40636 -0.101801 2.29835 -1.10204 
-1.9599 0.880946 -0.000494671 -1.40303 -0.101529 2.29835 -1.1009 
-1.9591 0.886682 -0.000484241 -1.40013 -0.101282 2.29835 -1.10023 
-1.9584 0.891738 -0.000484228 -1.39753 -0.101042 2.29835 -1.09988 
-1.9578 0.896695 -0.000479083 -1.39499 -0.100732 2.29836 -1.09947 
-1.95726 0.901652 -0.000456083 -1.39282 -0.100407 2.29836 -1.09897 
-1.9567 0.906424 -0.000415094 -1.39117 -0.100143 2.29839 -1.09844 
-1.95607 0.91062 -0.000354847 -1.38998 -0.0997974 2.29904 -1.09772 
-1.95524 0.91433 -0.000344861 -1.38906 -0.0993746 2.29996 -1.09669 
-1.95426 0.917353 -0.000335312 -1.38822 -0.0989771 2.30045 -1.09557 
-1.95308 0.919947 -0.000337789 -1.38741 -0.0985117 2.30055 -1.09444 
-1.95184 0.922076 -0.000312943 -1.38677 -0.0980152 2.30054 -1.09343 
-1.9504 0.923786 -0.000311773 -1.38657 -0.0976205 2.30054 -1.09288 
-1.94884 0.925046 -0.00032014 -1.3866 -0.0973454 2.30054 -1.09276 
-1.94716 0.926063 -0.000299978 -1.3866 -0.0970436 2.30054 -1.09262 
-1.94536 0.926815 -0.000323076 -1.38666 -0.096768 2.30054 -1.09244 
-1.94361 0.92724 -0.000329871 -1.38681 -0.096691 2.30053 -1.09231 
-1.94201 0.927358 -0.000338751 -1.38706 -0.0966916 2.30053 -1.09226 
-1.94042 0.92735 -0.000346725 -1.3874 -0.0966961 2.30052 -1.09227 
-1.93896 0.927327 -0.000330784 -1.38764 -0.0966974 2.30052 -1.09227 
-1.93763 0.927326 -0.000342004 -1.38785 -0.0967001 2.30051 -1.09227 
-1.93634 0.927324 -0.000341549 -1.38824 -0.0967056 2.30049 -1.09227 
-1.93522 0.927301 -0.000346355 -1.38885 -0.0967105 2.30049 -1.09226 
-1.9343 0.927282 -0.000332213 -1.38956 -0.0967053 2.30049 -1.09227 
-1.93343 0.927285 -0.00032829 -1.39056 -0.0967025 2.30048 -1.09226 
-1.93258 0.927288 -0.000332003 -1.39182 -0.0966989 2.30047 -1.09227 
-1.93177 0.927287 -0.000332531 -1.39335 -0.0966942 2.30047 -1.09227 
-1.93102 0.927266 -0.000324903 -1.3951 -0.096697 2.30047 -1.09226 
-1.93031 0.927277 -0.000319717 -1.39681 -0.0966967 2.30047 -1.09227 
-1.92963 0.92728 -0.000323247 -1.39861 -0.0966933 2.30046 -1.09227 
-1.92897 0.927267 -0.000322617 -1.4006 -0.0966992 2.30045 -1.09227 
-1.92833 0.927229 -0.000326677 -1.40256 -0.0966927 2.30045 -1.09226 
-1.92779 0.927182 -0.00035776 -1.40446 -0.0966586 2.30045 -1.09225 
-1.92756 0.927101 -0.0003478 -1.40648 -0.0965084 2.30045 -1.09225 
-1.92753 0.927037 -0.000334289 -1.40814 -0.096457 2.30046 -1.09224 
-1.92744 0.927029 -0.000323336 -1.4095 -0.096436 2.30045 -1.09224 
-1.92731 0.927025 -0.000325466 -1.4106 -0.0963748 2.30045 -1.09224 
-1.92726 0.926964 -0.000329872 -1.4116 -0.0963391 2.30045 -1.09224 
-1.92727 0.926782 -0.000335017 -1.41261 -0.0963403 2.30045 -1.09224 
-1.92727 0.926479 -0.000336688 -1.41378 -0.0963353 2.30045 -1.09225 
-1.92727 0.926075 -0.000335017 -1.41495 -0.0963266 2.30045 -1.09225 
-1.9273 0.925587 -0.000348368 -1.41619 -0.0963155 2.30045 -1.09224 
-1.92734 0.925063 -0.000366826 -1.41751 -0.0962864 2.30045 -1.09224 
-1.92744 0.924407 -0.000374769 -1.41901 -0.0961459 2.30045 -1.09224 
-1.92759 0.923543 -0.000392401 -1.4208 -0.0958622 2.30046 -1.09224 
-1.9278 0.9226 -0.000396877 -1.42253 -0.0954722 2.30046 -1.09224 
-1.92804 0.921684 -0.000397153 -1.42406 -0.094869 2.30046 -1.09225 
-1.92828 0.920864 -0.000405203 -1.42537 -0.0941933 2.30046 -1.09224 
-1.92855 0.920066 -0.000407908 -1.42665 -0.0934515 2.30046 -1.09225 
-1.9288 0.919167 -0.000405741 -1.428 -0.0928633 2.30046 -1.09224 
-1.92903 0.91811 -0.000409927 -1.42956 -0.092393 2.30046 -1.09225 
-1.92932 0.9168 -0.000411182 -1.43144 -0.0919403 2.30046 -1.09224 
-1.9296 0.915278 -0.000404688 -1.43359 -0.0915439 2.30046 -1.09224 
-1.92985 0.91355 -0.000420837 -1.43609 -0.0911059 2.30046 -1.09224 
-1.93018 0.911357 -0.000431763 -1.43903 -0.0905924 2.30047 -1.09224 
-1.93057 0.908375 -0.000434013 -1.44283 -0.0902946 2.30047 -1.09224 
-1.93095 0.904798 -0.000448163 -1.44728 -0.0902536 2.30047 -1.09224 
-1.93134 0.900742 -0.000470414 -1.45233 -0.0902255 2.30048 -1.09225 
-1.93169 0.896522 -0.000485219 -1.45801 -0.0902029 2.30049 -1.09224 
-1.93204 0.892439 -0.000493587 -1.46397 -0.090124 2.30049 -1.09224 
-1.93243 0.888334 -0.000499373 -1.46992 -0.0898935 2.30051 -1.09223 
-1.93287 0.883977 -0.000502895 -1.47595 -0.0896884 2.30051 -1.09224 
-1.93328 0.879566 -0.000502869 -1.48183 -0.0895641 2.30052 -1.09224 
-1.93364 0.875002 -0.000501198 -1.48788 -0.0895397 2.30052 -1.09223 
-1.93396 0.870572 -0.000502869 -1.49427 -0.0895385 2.30052 -1.09224 
-1.93424 0.866479 -0.000496054 -1.50091 -0.0895394 2.30054 -1.09224 
-1.93445 0.863012 -0.000492713 -1.50689 -0.0895324 2.30055 -1.09224 
-1.93463 0.859708 -0.000501159 -1.51266 -0.0895292 2.30057 -1.09224 
-1.9348 0.85636 -0.000503553 -1.51821 -0.0895308 2.30057 -1.09224 
-1.93492 0.853103 -0.000499673 -1.52342 -0.0895301 2.30059 -1.09224 
-1.93506 0.849646 -0.000503971 -1.52895 -0.0895346 2.30066 -1.09224 
-1.9352 0.846396 -0.000503971 -1.53449 -0.0895328 2.3013 -1.09224 
-1.93531 0.843585 -0.000518347 -1.53975 -0.0895295 2.30281 -1.09225 
-1.93546 0.841092 -0.000505641 -1.54493 -0.0895359 2.30621 -1.09224 
-1.93554 0.838795 -0.000504246 -1.55012 -0.0895357 2.31193 -1.09225 
-1.9356 0.836718 -0.000519416 -1.55509 -0.0895369 2.31886 -1.09224 
-1.93572 0.834533 -0.000512458 -1.56052 -0.0895403 2.32842 -1.09225 
-1.93581 0.832319 -0.000514242 -1.56597 -0.0895328 2.34039 -1.09225 
-1.93588 0.829916 -0.000513981 -1.57141 -0.0895334 2.35337 -1.09225 
-1.93595 0.827216 -0.000520297 -1.57697 -0.0895452 2.3671 -1.09225 
-1.93602 0.824253 -0.000523714 -1.58296 -0.08955 2.38117 -1.09225 
-1.93604 0.821068 -0.000513676 -1.58921 -0.0895407 2.39407 -1.09225 
-1.93599 0.818039 -0.00051406 -1.59534 -0.0895368 2.4051 -1.09224 
-1.93602 0.815245 -0.000514163 -1.60142 -0.0895376 2.41489 -1.09225 
-1.93605 0.812641 -0.000525663 -1.60721 -0.0895345 2.42182 -1.09224 
-1.93609 0.81037 -0.000530519 -1.61248 -0.0895291 2.42596 -1.09225 
-1.93616 0.808346 -0.000537644 -1.61722 -0.0895312 2.42789 -1.09225 
-1.93622 0.806666 -0.000523185 -1.62114 -0.0895289 2.42901 -1.09224 
-1.93617 0.805219 -0.000503416 -1.6246 -0.0895306 2.4302 -1.09224 
-1.93602 0.804255 -0.000467535 -1.627 -0.0895237 2.43095 -1.09224 
-1.93578 0.803875 -0.000457645 -1.6283 -0.0894763 2.43136 -1.09224 
-1.93555 0.804023 -0.000446415 -1.62857 -0.0893767 2.432 -1.09224 
-1.93535 0.8043 -0.000412454 -1.62842 -0.0892979 2.43328 -1.09224 
-1.93516 0.804583 -0.000393999 -1.62809 -0.089236 2.43577 -1.09224 
-1.93504 0.804921 -0.000383633 -1.62767 -0.089203 2.4398 -1.09224 
-1.93495 0.805308 -0.00037614 -1.6274 -0.0891816 2.44588 -1.09224 
-1.93491 0.805896 -0.000375182 -1.62722 -0.0891698 2.4538 -1.09224 
-1.9349 0.806735 -0.000377809 -1.62695 -0.0891726 2.46226 -1.09224 
-1.93487 0.807824 -0.000371273 -1.62655 -0.089172 2.47066 -1.09224 
-1.93481 0.80912 -0.000370812 -1.62605 -0.0891724 2.47704 -1.09224 
-1.93477 0.810588 -0.000368365 -1.62545 -0.0891676 2.48045 -1.09224 
-1.93476 0.812419 -0.000369748 -1.62464 -0.0891725 2.48173 -1.09223 
-1.9347 0.814669 -0.000356514 -1.62355 -0.0891756 2.48173 -1.09224 
-1.9346 0.817062 -0.000356242 -1.62228 -0.089176 2.48173 -1.09224 
-1.93453 0.81986 -0.000357779 -1.62057 -0.0891695 2.48174 -1.09224 
-1.93453 0.822939 -0.000363779 -1.61826 -0.0891695 2.48174 -1.09224 
-1.93456 0.826023 -0.000383587 -1.61552 -0.0891708 2.48174 -1.09224 
-1.93466 0.829178 -0.000399765 -1.61207 -0.0891661 2.48174 -1.09223 
-1.9348 0.832104 -0.000418335 -1.60818 -0.0891687 2.48174 -1.09223 
-1.93495 0.834919 -0.00040938 -1.60379 -0.0891751 2.48173 -1.09223 
-1.93497 0.837567 -0.000408784 -1.59914 -0.0891844 2.48173 -1.09224 
-1.93491 0.840159 -0.000406995 -1.59428 -0.0891858 2.48171 -1.09223 
-1.93481 0.842811 -0.000377666 -1.58924 -0.0891905 2.48169 -1.09224 
-1.93461 0.845395 -0.000380768 -1.58457 -0.0892023 2.48167 -1.09223 
-1.93436 0.848134 -0.000377809 -1.57995 -0.0892119 2.48164 -1.09224 
-1.9341 0.850784 -0.000368719 -1.57598 -0.0892166 2.48161 -1.09224 
-1.93381 0.853129 -0.000379864 -1.57287 -0.089217 2.48155 -1.09224 
-1.93356 0.855454 -0.000386363 -1.57002 -0.0892186 2.48129 -1.09223 
-1.93344 0.857351 -0.000384624 -1.56786 -0.0892259 2.48099 -1.09224 
-1.9334 0.859009 -0.000396725 -1.56612 -0.0892222 2.48071 -1.09224 
-1.93347 0.860475 -0.000432817 -1.56463 -0.0892214 2.48038 -1.09224 
-1.93363 0.861713 -0.000489656 -1.56346 -0.0892231 2.4797 -1.09223 
-1.93383 0.862718 -0.000499624 -1.56256 -0.0892218 2.47876 -1.09224 
-1.93409 0.863571 -0.000514973 -1.56165 -0.0892214 2.47828 -1.09223 
-1.9344 0.86425 -0.000514629 -1.56079 -0.0892222 2.478 -1.09224 
-1.93469 0.864763 -0.000517745 -1.56004 -0.0892228 2.4776 -1.09224 
-1.93496 0.865116 -0.000517746 -1.55934 -0.0892241 2.4772 -1.09224 
-1.93512 0.865333 -0.000517032 -1.55868 -0.0892234 2.47702 -1.09224 
-1.93519 0.865459 -0.000523044 -1.55803 -0.0892231 2.47687 -1.09224 
-1.93525 0.865552 -0.000532505 -1.55711 -0.0892246 2.47646 -1.09224 
-1.93526 0.865548 -0.000522044 -1.55625 -0.0892235 2.47577 -1.09223 
-1.93519 0.865581 -0.000498801 -1.55547 -0.0892228 2.47503 -1.09225 
-1.93508 0.865668 -0.00049925 -1.55469 -0.0892233 2.47401 -1.09224 
-1.93505 0.865749 -0.000505038 -1.55382 -0.0892222 2.47189 -1.09224 
-1.93507 0.865854 -0.000496866 -1.55301 -0.0892222 2.46886 -1.09225 
-1.93504 0.86602 -0.000495909 -1.55229 -0.0892238 2.46573 -1.09223 
-1.93499 0.866122 -0.000492713 -1.55174 -0.089217 2.46228 -1.09223 
-1.93503 0.866314 -0.000517811 -1.55084 -0.0892106 2.45584 -1.09223 
-1.93515 0.866512 -0.000520942 -1.55004 -0.0892123 2.45011 -1.09224 
-1.93527 0.86682 -0.000541853 -1.54906 -0.0892108 2.44559 -1.09224 
-1.93539 0.8673 -0.000540502 -1.54761 -0.0892109 2.44205 -1.09224 
-1.93543 0.867803 -0.000530145 -1.54631 -0.0892165 2.44075 -1.09224 
-1.93536 0.868465 -0.000507813 -1.54484 -0.0892359 2.44063 -1.09224 
-1.93516 0.869223 -0.000480317 -1.54311 -0.0892501 2.44067 -1.09225 
-1.9348 0.870036 -0.00046463 -1.54107 -0.0892464 2.44069 -1.09225 
-1.93434 0.870827 -0.00044823 -1.53896 -0.0892484 2.4407 -1.09225 
-1.93379 0.871568 -0.000451404 -1.53696 -0.0892545 2.44073 -1.09224 
-1.93332 0.872216 -0.00045252 -1.53515 -0.0892599 2.44076 -1.09225 
-1.93297 0.872857 -0.000463381 -1.5335 -0.0892647 2.44074 -1.09225 
-1.93274 0.873585 -0.000468552 -1.53209 -0.0892809 2.44073 -1.09226 
-1.93262 0.874305 -0.000467068 -1.53103 -0.0893174 2.44073 -1.09226 
-1.93258 0.874997 -0.000474107 -1.53037 -0.089335 2.44073 -1.09226 
-1.93264 0.875682 -0.000495019 -1.53012 -0.0893747 2.44074 -1.09226 
-1.93271 0.876376 -0.000500057 -1.53007 -0.0893755 2.44074 -1.09226 
-1.93275 0.877011 -0.000508519 -1.53015 -0.0893778 2.44072 -1.09226 
-1.93274 0.877316 -0.000498689 -1.53032 -0.0893787 2.4407 -1.09226 
-1.93267 0.877256 -0.000461464 -1.53034 -0.0893791 2.4407 -1.09227 
-1.93256 0.877059 -0.000425085 -1.53022 -0.089377 2.44073 -1.09227 
-1.93249 0.87698 -0.000414649 -1.53017 -0.0893775 2.44075 -1.09228 
-1.9325 0.877119 -0.000418269 -1.53023 -0.0893818 2.44073 -1.09229 
-1.93251 0.8773 -0.000427178 -1.53034 -0.0893781 2.4407 -1.09228 
-1.93253 0.877314 -0.000432467 -1.53035 -0.0893736 2.44071 -1.09228 
-1.93252 0.87725 -0.000430788 -1.53032 -0.0893768 2.44071 -1.09229 
-1.93246 0.877285 -0.000420788 -1.53032 -0.0893761 2.44071 -1.09229 
-1.93235 0.877726 -0.000380942 -1.53028 -0.0893733 2.44074 -1.09229 
-1.93224 0.878556 -0.000392686 -1.53028 -0.089372 2.44075 -1.09229 
-1.93221 0.879952 -0.000392992 -1.53027 -0.0893663 2.44076 -1.09229 
-1.93222 0.88182 -0.000403426 -1.53009 -0.0893506 2.44082 -1.09228 
-1.93232 0.88396 -0.000426725 -1.52974 -0.0893429 2.44118 -1.09228 
-1.93243 0.886289 -0.000420202 -1.52927 -0.0893461 2.4418 -1.09228 
-1.93242 0.888627 -0.000421872 -1.52835 -0.0893436 2.44239 -1.09228 
-1.93242 0.890915 -0.000413502 -1.52689 -0.0893467 2.44338 -1.09228 
-1.93236 0.892993 -0.00039586 -1.52504 -0.0893515 2.4444 -1.09228 
-1.93223 0.895053 -0.000385303 -1.5226 -0.0893593 2.44502 -1.09228 
-1.932 0.896949 -0.000369752 -1.51972 -0.0893605 2.44509 -1.09229 
-1.93169 0.89854 -0.000379785 -1.51661 -0.0893618 2.44508 -1.09229 
-1.93139 0.899878 -0.000373367 -1.5133 -0.0893672 2.44506 -1.09229 
-1.93107 0.900892 -0.000368077 -1.51018 -0.0893794 2.44504 -1.09229 
-1.93073 0.901451 -0.000368077 -1.50773 -0.0894178 2.445 -1.0923 
-1.93036 0.901607 -0.000368223 -1.50581 -0.0894839 2.44493 -1.0923 
-1.92994 0.90156 -0.000376589 -1.50444 -0.0894933 2.44481 -1.0923 
-1.92961 0.901518 -0.000369751 -1.50356 -0.0895021 2.44471 -1.0923 
-1.9292 0.901533 -0.00035306 -1.50315 -0.089512 2.44446 -1.0923 
-1.92877 0.901561 -0.000377616 -1.50319 -0.0895101 2.44436 -1.0923 
-1.92853 0.901632 -0.000383523 -1.50338 -0.0895114 2.44429 -1.0923 
-1.92841 0.901706 -0.000374614 -1.50382 -0.0895213 2.44391 -1.0923 
-1.92829 0.901814 -0.00038352 -1.50455 -0.0895264 2.44367 -1.0923 
-1.92826 0.901898 -0.000383751 -1.50531 -0.0895257 2.44367 -1.0923 
-1.92828 0.901929 -0.00039998 -1.50611 -0.0895232 2.44367 -1.0923 
-1.92835 0.901918 -0.000416288 -1.50695 -0.0895231 2.44367 -1.0923 
-1.92845 0.901919 -0.000426871 -1.50777 -0.0895196 2.44367 -1.0923 
-1.92851 0.901915 -0.000420139 -1.50855 -0.0895257 2.44368 -1.0923 
-1.92851 0.901919 -0.000415481 -1.50922 -0.0895153 2.44368 -1.0923 
-1.92848 0.901926 -0.000402392 -1.50972 -0.0895103 2.44369 -1.0923 
-1.92846 0.901918 -0.000390593 -1.51019 -0.089512 2.44369 -1.0923 
-1.92842 0.90192 -0.000385726 -1.51061 -0.0895093 2.44369 -1.0923 
-1.92839 0.90194 -0.000390297 -1.51095 -0.0895116 2.44369 -1.0923 
-1.92838 0.901928 -0.000400872 -1.51127 -0.0895126 2.4437 -1.0923 
-1.92845 0.901928 -0.000417561 -1.5115 -0.0895146 2.44369 -1.0923 
-1.92851 0.901943 -0.000418113 -1.51177 -0.0895146 2.44369 -1.0923 
-1.92854 0.901936 -0.000430662 -1.51208 -0.0895126 2.44371 -1.0923 
-1.92861 0.901929 -0.000441863 -1.51227 -0.0895096 2.44371 -1.0923 
-1.92865 0.90195 -0.000432985 -1.51236 -0.0895119 2.44371 -1.09229 
-1.92863 0.901978 -0.000429789 -1.51245 -0.089511 2.44371 -1.0923 
-1.92864 0.901977 -0.00043313 -1.51253 -0.0895094 2.4437 -1.0923 
-1.92869 0.902001 -0.000450411 -1.51264 -0.0895115 2.4437 -1.09229 
-1.92874 0.902057 -0.0004555 -1.51283 -0.0895117 2.44371 -1.09229 
-1.92878 0.902167 -0.000466918 -1.51297 -0.0895077 2.44372 -1.0923 
-1.92884 0.902345 -0.00050163 -1.51302 -0.0895037 2.44371 -1.0923 
-1.92898 0.902607 -0.000504621 -1.51309 -0.0895034 2.44371 -1.0923 
-1.92911 0.902945 -0.000502878 -1.5131 -0.089503 2.44373 -1.0923 
-1.92919 0.903333 -0.000502843 -1.5131 -0.089496 2.44374 -1.09229 
-1.92923 0.903724 -0.000502869 -1.51309 -0.0894893 2.44376 -1.09229 
-1.92926 0.90411 -0.000501922 -1.51309 -0.0894753 2.44381 -1.09229 
-1.92927 0.904456 -0.000504357 -1.51308 -0.0894618 2.44407 -1.09228 
-1.92929 0.904735 -0.000501198 -1.51307 -0.0894536 2.44419 -1.09228 
-1.9293 0.904939 -0.000496089 -1.51307 -0.0894534 2.44422 -1.09229 
-1.92929 0.905078 -0.000490582 -1.51306 -0.0894435 2.44422 -1.09228 
-1.92929 0.905171 -0.000498002 -1.51306 -0.0894321 2.44423 -1.09227 
-1.92931 0.905225 -0.000501314 -1.51304 -0.0894167 2.44425 -1.09227 
-1.92933 0.905246 -0.000501343 -1.51303 -0.0894023 2.44425 -1.09227 
-1.92936 0.905257 -0.000509792 -1.51303 -0.0893988 2.44426 -1.09227 
-1.92945 0.905274 -0.000508159 -1.51302 -0.0894003 2.44427 -1.09227 
-1.92955 0.905295 -0.000508159 -1.51299 -0.0894007 2.44428 -1.09227 
-1.92967 0.905305 -0.00051592 -1.51296 -0.0893978 2.4443 -1.09227 
-1.92982 0.905328 -0.000514559 -1.51295 -0.0893995 2.44432 -1.09227 
-1.93001 0.905383 -0.00051455 -1.51295 -0.0894006 2.44455 -1.09227 
-1.93014 0.905458 -0.000516681 -1.51293 -0.0894006 2.44463 -1.09227 
-1.93025 0.905545 -0.00051509 -1.51294 -0.0893996 2.44465 -1.09227 
-1.93034 0.905661 -0.00050926 -1.51293 -0.0894013 2.44466 -1.09227 
-1.93035 0.905822 -0.000510931 -1.51291 -0.0893931 2.44468 -1.09227 
-1.93034 0.906014 -0.000500749 -1.51281 -0.0893947 2.44477 -1.09227 
-1.93031 0.906242 -0.000492477 -1.51266 -0.0893886 2.44503 -1.09227 
-1.93029 0.906501 -0.00048464 -1.51246 -0.0893918 2.44519 -1.09227 
-1.93028 0.906784 -0.000487755 -1.51225 -0.0893911 2.44526 -1.09227 
-1.9303 0.907114 -0.000493278 -1.51206 -0.0893918 2.44528 -1.09227 
-1.93036 0.907471 -0.000508157 -1.51188 -0.0893911 2.4453 -1.09227 
-1.93042 0.907891 -0.000513378 -1.51166 -0.0893905 2.44534 -1.09227 
-1.93045 0.908272 -0.00051809 -1.51143 -0.0893905 2.44538 -1.09228 
-1.93052 0.908665 -0.000519298 -1.51123 -0.0893911 2.44542 -1.09227 
-1.93059 0.908982 -0.000519416 -1.51111 -0.0893918 2.44547 -1.09227 
-1.93067 0.909239 -0.000518482 -1.51104 -0.0893899 2.44559 -1.09227 
-1.93077 0.909477 -0.000523768 -1.51096 -0.0893899 2.4457 -1.09227 
-1.93086 0.909644 -0.000527757 -1.51095 -0.0893924 2.44574 -1.09227 
-1.93097 0.909745 -0.000528767 -1.51095 -0.0893907 2.44575 -1.09227 
-1.93104 0.909828 -0.000526784 -1.51094 -0.0893924 2.44576 -1.09227 
-1.93108 0.909885 -0.000532623 -1.51095 -0.0893918 2.44577 -1.09227 
-1.93112 0.9099 -0.000527413 -1.51094 -0.0893924 2.44578 -1.09227 
-1.93112 0.909908 -0.000527333 -1.51094 -0.0893904 2.4458 -1.09227 
-1.93111 0.909911 -0.000522558 -1.5109 -0.0893869 2.44582 -1.09227 
-1.93113 0.90992 -0.000524601 -1.51088 -0.0893905 2.44587 -1.09227 
-1.93112 0.909935 -0.000522467 -1.51085 -0.0893832 2.44606 -1.09227 
-1.93112 0.909957 -0.000524137 -1.51083 -0.0893831 2.44621 -1.09227 
-1.93114 0.909994 -0.000533793 -1.51083 -0.0893807 2.44623 -1.09227 
-1.93119 0.910074 -0.000535819 -1.51082 -0.0893836 2.44624 -1.09227 
-1.9312 0.910211 -0.00053244 -1.51082 -0.0893809 2.44625 -1.09227 
-1.93121 0.910372 -0.000534385 -1.5108 -0.0893784 2.44626 -1.09227 
-1.9312 0.910555 -0.000528859 -1.51076 -0.0893688 2.44629 -1.09227 
-1.93119 0.910774 -0.000520373 -1.51069 -0.0893558 2.44629 -1.09227 
-1.93118 0.91104 -0.000518848 -1.51062 -0.0893402 2.44631 -1.09226 
-1.93118 0.911334 -0.000518848 -1.51051 -0.0893317 2.44635 -1.09227 
-1.93117 0.9117 -0.000514061 -1.51033 -0.0893262 2.44646 -1.09227 
-1.93117 0.912152 -0.000511141 -1.51006 -0.0892843 2.44662 -1.09227 
-1.93117 0.912684 -0.000508837 -1.50965 -0.0892061 2.44677 -1.09226 
-1.93117 0.913262 -0.000510786 -1.50917 -0.0892022 2.44693 -1.09226 
-1.93117 0.913831 -0.000508722 -1.50864 -0.089193 2.44713 -1.09226 
-1.93117 0.914406 -0.000505642 -1.5081 -0.0891892 2.44727 -1.09226 
-1.93116 0.914905 -0.000499106 -1.50767 -0.0891872 2.44738 -1.09226 
-1.93115 0.915404 -0.000504394 -1.50723 -0.0891878 2.44756 -1.09226 
-1.93116 0.915935 -0.000500775 -1.50675 -0.0891836 2.44765 -1.09226 
-1.93117 0.916507 -0.000504394 -1.50624 -0.089183 2.44766 -1.09225 
-1.93116 0.917112 -0.000504395 -1.50574 -0.0891759 2.44766 -1.09226 
-1.93117 0.917696 -0.000506148 -1.50532 -0.0891709 2.44766 -1.09226 
-1.93119 0.91828 -0.00050759 -1.50498 -0.0891688 2.44766 -1.09226 
-1.9312 0.918766 -0.00051526 -1.50476 -0.0891655 2.44767 -1.09225 
-1.93122 0.919157 -0.000521784 -1.50465 -0.0891423 2.44767 -1.09226 
-1.93127 0.919476 -0.000517322 -1.50462 -0.089124 2.44767 -1.09226 
-1.93131 0.919751 -0.000519271 -1.50462 -0.0891128 2.44766 -1.09226 
-1.93133 0.920004 -0.000520942 -1.50461 -0.0890814 2.44767 -1.09225 
-1.93139 0.920241 -0.000519618 -1.50461 -0.089068 2.44766 -1.09226 
-1.93143 0.920518 -0.000525808 -1.5046 -0.0890654 2.44766 -1.09225 
-1.93148 0.920813 -0.000522467 -1.50459 -0.0890467 2.44767 -1.09226 
-1.93155 0.921127 -0.000524137 -1.50459 -0.0889931 2.44766 -1.09226 
-1.93158 0.921494 -0.000524137 -1.50459 -0.0889272 2.44766 -1.09225 
-1.93162 0.921865 -0.000525808 -1.50458 -0.0888813 2.44767 -1.09226 
-1.93163 0.922233 -0.000520518 -1.50458 -0.088807 2.44767 -1.09226 
-1.93163 0.922634 -0.000517335 -1.50458 -0.0887191 2.44768 -1.09225 
-1.93162 0.923036 -0.000505418 -1.50452 -0.0885442 2.44779 -1.09225 
-1.93158 0.923445 -0.00049062 -1.50436 -0.088313 2.44802 -1.09225 
-1.93151 0.923861 -0.000484372 -1.50416 -0.0881615 2.44818 -1.09225 
-1.93145 0.92421 -0.000483396 -1.50396 -0.0881318 2.44825 -1.09224 
-1.93143 0.924536 -0.000480532 -1.5038 -0.0880867 2.44826 -1.09224 
-1.93141 0.924881 -0.000474666 -1.50361 -0.0880497 2.44833 -1.09225 
-1.93137 0.925232 -0.000474785 -1.50339 -0.0880415 2.44842 -1.09225 
-1.93137 0.925582 -0.000473825 -1.50319 -0.0880369 2.44843 -1.09224 
-1.93137 0.925989 -0.000469732 -1.50296 -0.0880301 2.44846 -1.09224 
-1.93136 0.926411 -0.000473115 -1.50267 -0.0880204 2.44851 -1.09224 
-1.93136 0.926778 -0.000474785 -1.50244 -0.0880169 2.44852 -1.09224 
-1.93136 0.927126 -0.000471444 -1.50221 -0.088005 2.44854 -1.09225 
-1.93134 0.927471 -0.000462499 -1.50193 -0.0879679 2.44854 -1.09224 
-1.9313 0.927784 -0.000466723 -1.50174 -0.0879401 2.44854 -1.09224 
-1.9313 0.928038 -0.000456607 -1.50157 -0.0878375 2.44857 -1.09224 
-1.93127 0.928183 -0.00045547 -1.50138 -0.087763 2.44856 -1.09224 
-1.93125 0.928268 -0.000455456 -1.50128 -0.0877629 2.44856 -1.09224 
-1.93124 0.928381 -0.000449113 -1.50126 -0.0877568 2.44857 -1.09224 
-1.93123 0.928551 -0.00043812 -1.50117 -0.0877213 2.4486 -1.09224 
-1.93122 0.928757 -0.000407911 -1.50098 -0.0876707 2.44863 -1.09224 
-1.93122 0.928981 -0.0003982 -1.50083 -0.0876653 2.44863 -1.09224 
-1.9312 0.929219 -0.000395646 -1.5007 -0.0876504 2.44863 -1.09224 
-1.9312 0.929477 -0.000383362 -1.50056 -0.0876129 2.44867 -1.09224 
-1.93116 0.929772 -0.000377814 -1.50034 -0.0875889 2.44874 -1.09224 
-1.93112 0.93008 -0.000382708 -1.50011 -0.087583 2.44877 -1.09223 
-1.93111 0.930382 -0.000376152 -1.49992 -0.0875535 2.44877 -1.09223 
-1.93108 0.930708 -0.000374617 -1.49982 -0.087519 2.44881 -1.09224 
-1.93102 0.93096 -0.000377992 -1.49966 -0.0875195 2.44898 -1.09224 
-1.931 0.931111 -0.000378233 -1.49956 -0.0875203 2.44899 -1.09224 
-1.931 0.931246 -0.000374614 -1.49954 -0.0875187 2.44901 -1.09223 
-1.93098 0.931401 -0.000376481 -1.49947 -0.0875222 2.44915 -1.09224 
-1.93098 0.931461 -0.000378233 -1.49944 -0.0875209 2.44923 -1.09224 
-1.93098 0.931509 -0.000376562 -1.49942 -0.0875203 2.44925 -1.09223 
-1.93096 0.931572 -0.000368351 -1.49938 -0.0875209 2.44926 -1.09224 
-1.93092 0.931627 -0.000379638 -1.49935 -0.08752 2.44928 -1.09224 
-1.93093 0.931683 -0.000378233 -1.49933 -0.087519 2.44929 -1.09223 
-1.93095 0.93179 -0.000378943 -1.49929 -0.0875123 2.4493 -1.09224 
-1.93093 0.931996 -0.000384338 -1.49923 -0.0875136 2.44931 -1.09223 
-1.93094 0.932272 -0.000385021 -1.49915 -0.0875116 2.44933 -1.09222 
-1.93097 0.932641 -0.000387547 -1.49901 -0.0874911 2.44938 -1.09222 
-1.93097 0.933127 -0.000392295 -1.49869 -0.0874667 2.44947 -1.09221 
-1.93098 0.933753 -0.000395951 -1.49823 -0.0874691 2.44948 -1.09221 
-1.931 0.934417 -0.000408409 -1.49788 -0.0874592 2.44948 -1.09221 
-1.93105 0.935115 -0.000397831 -1.49756 -0.0874151 2.44951 -1.0922 
-1.93108 0.935874 -0.000399502 -1.49704 -0.0873854 2.44955 -1.0922 
-1.93107 0.93662 -0.000394635 -1.49646 -0.0873835 2.44953 -1.0922 
-1.93107 0.937248 -0.000394635 -1.49602 -0.0873826 2.44954 -1.0922 
-1.93109 0.937806 -0.000397976 -1.49563 -0.0873761 2.44954 -1.0922 
-1.9311 0.938318 -0.00040478 -1.49536 -0.0873695 2.44953 -1.0922 
-1.93112 0.938822 -0.000404365 -1.49524 -0.0873612 2.44955 -1.0922 
-1.93114 0.939352 -0.000404262 -1.49489 -0.0872933 2.44957 -1.09218 
-1.93114 0.939961 -0.000411606 -1.49433 -0.0871982 2.44955 -1.09216 
-1.93119 0.940565 -0.000402786 -1.49386 -0.0871844 2.44956 -1.09216 
-1.9312 0.9412 -0.000403655 -1.4933 -0.0871796 2.44955 -1.09216 
-1.93121 0.941993 -0.000409936 -1.4926 -0.0871755 2.44954 -1.09216 
-1.93123 0.942836 -0.000402697 -1.49184 -0.0871755 2.44954 -1.09215 
-1.9312 0.943778 -0.000389359 -1.49092 -0.0871707 2.44953 -1.09216 
-1.93117 0.94493 -0.000374824 -1.48984 -0.0871713 2.44953 -1.09215 
-1.93112 0.946109 -0.000363774 -1.4887 -0.0871681 2.44953 -1.09216 
-1.93103 0.947472 -0.000366552 -1.48728 -0.0871718 2.44952 -1.09216 
-1.93094 0.949069 -0.000366949 -1.48566 -0.0871733 2.44951 -1.09216 
-1.93088 0.95054 -0.000351951 -1.48433 -0.0871752 2.44951 -1.09215 
-1.93083 0.951997 -0.000350978 -1.48303 -0.0871797 2.44951 -1.09215 
-1.93078 0.953229 -0.00035369 -1.48199 -0.0871765 2.4495 -1.09216 
-1.93074 0.954167 -0.000357361 -1.48133 -0.0871758 2.44951 -1.09215 
-1.93074 0.954691 -0.000363923 -1.48101 -0.0871787 2.44951 -1.09215 
-1.93075 0.954893 -0.00036757 -1.48097 -0.0871794 2.4495 -1.09216 
-1.93075 0.954941 -0.000369251 -1.48097 -0.0871824 2.44949 -1.09216 
-1.93075 0.954943 -0.000369069 -1.48097 -0.0871784 2.44949 -1.09216 
-1.93076 0.954944 -0.000373923 -1.48097 -0.0871803 2.44949 -1.09216 
-1.93078 0.954963 -0.000373935 -1.48097 -0.0871775 2.44948 -1.09215 
-1.93078 0.95506 -0.000373329 -1.48098 -0.0871784 2.44948 -1.09216 
-1.93078 0.955252 -0.000381642 -1.48098 -0.0871788 2.44948 -1.09216 
-1.93078 0.955535 -0.000394063 -1.48098 -0.0871786 2.44949 -1.09215 
-1.93084 0.955898 -0.000403334 -1.48098 -0.0871768 2.44949 -1.09216 
-1.93098 0.956377 -0.000394702 -1.48098 -0.0871745 2.44949 -1.09216 
-1.93111 0.956911 -0.000403227 -1.48098 -0.0871745 2.44949 -1.09216 
-1.93121 0.957507 -0.000406885 -1.48097 -0.0871758 2.44949 -1.09216 
-1.93128 0.958089 -0.000405215 -1.48097 -0.0871759 2.4495 -1.09216 
-1.93129 0.958564 -0.000401595 -1.48092 -0.0871727 2.44954 -1.09215 
-1.93127 0.958901 -0.000399464 -1.48069 -0.0871739 2.44955 -1.09216 
-1.93126 0.959077 -0.000396732 -1.4804 -0.0871771 2.44954 -1.09216 
-1.93127 0.95911 -0.000399098 -1.48024 -0.0871745 2.44953 -1.09216 
-1.93126 0.959106 -0.000394785 -1.48014 -0.0871752 2.44954 -1.09216 
-1.93123 0.959111 -0.000391412 -1.48008 -0.0871758 2.44953 -1.09216 
-1.93124 0.959156 -0.000394598 -1.48009 -0.0871809 2.44953 -1.09216 
-1.93124 0.959235 -0.0003984 -1.48009 -0.0871784 2.44953 -1.09216 
-1.93122 0.959366 -0.0003984 -1.48008 -0.0871798 2.44954 -1.09215 
-1.93124 0.95955 -0.000406872 -1.48008 -0.0871784 2.44954 -1.09215 
-1.93128 0.959777 -0.000405294 -1.48007 -0.0871775 2.44955 -1.09216 
-1.93126 0.960124 -0.000401674 -1.47989 -0.0871771 2.44956 -1.09216 
-1.93124 0.960543 -0.000401595 -1.47952 -0.0871784 2.44956 -1.09215 
-1.93128 0.960993 -0.00041583 -1.47923 -0.0871784 2.44956 -1.09216 
-1.93129 0.961435 -0.000408651 -1.47892 -0.0871782 2.44956 -1.09216 
-1.93128 0.961998 -0.00040849 -1.47851 -0.0871764 2.44955 -1.09215 
-1.93131 0.962545 -0.000413276 -1.47815 -0.0871757 2.44956 -1.09216 
-1.93134 0.963149 -0.000411873 -1.4777 -0.0871745 2.44956 -1.09216 
-1.93135 0.963868 -0.000414802 -1.4771 -0.0871733 2.44955 -1.09215 
-1.93137 0.964748 -0.000414565 -1.47642 -0.087171 2.44955 -1.09215 
-1.93137 0.965783 -0.000413129 -1.47568 -0.0871693 2.44954 -1.09216 
-1.93137 0.967024 -0.000412645 -1.4748 -0.087163 2.44955 -1.09216 
-1.93138 0.968415 -0.000416472 -1.47378 -0.0871561 2.44954 -1.09215 
-1.93145 0.969652 -0.000397517 -1.47265 -0.0871079 2.44995 -1.09216 
-1.93145 0.97004 -0.000384625 -1.47148 -0.0870506 2.45092 -1.09216 
-1.93137 0.97027 -0.000388955 -1.47078 -0.0870549 2.45091 -1.09216 
-1.93136 0.970518 -0.000397151 -1.47063 -0.0870494 2.45091 -1.09216 
-1.93142 0.970705 -0.000398399 -1.47062 -0.0870441 2.45093 -1.09215 
-1.93144 0.970656 -0.000384627 -1.47057 -0.0870414 2.45092 -1.09215 
-1.93141 0.970677 -0.000389914 -1.47053 -0.0870425 2.45092 -1.09216 
-1.93145 0.970719 -0.000390378 -1.47053 -0.0870332 2.45092 -1.09216 
-1.93148 0.970717 -0.000402019 -1.47054 -0.0870317 2.45091 -1.09215 
-1.93151 0.970771 -0.000399688 -1.47054 -0.0870284 2.45091 -1.09216 
-1.93153 0.97085 -0.000399106 -1.47054 -0.0870231 2.45092 -1.09216 
-1.93157 0.970882 -0.000395561 -1.47055 -0.087007 2.45092 -1.09216 
-1.9316 0.970921 -0.000394807 -1.47054 -0.0869938 2.45092 -1.09216 
-1.93162 0.970999 -0.000396966 -1.47055 -0.0869759 2.45093 -1.09216 
-1.93169 0.97106 -0.000391449 -1.47055 -0.0869548 2.45095 -1.09216 
-1.93174 0.971079 -0.000396729 -1.47056 -0.0869228 2.45095 -1.09216 
-1.93182 0.971125 -0.00039144 -1.47056 -0.0868572 2.45097 -1.09216 
-1.93193 0.971154 -0.000396729 -1.47057 -0.0867702 2.45096 -1.09217 
-1.9321 0.971199 -0.000392365 -1.47059 -0.0867316 2.45097 -1.09216 
-1.93225 0.971205 -0.000384624 -1.4706 -0.0867071 2.45098 -1.09217 
-1.93239 0.971229 -0.000383099 -1.47061 -0.0865925 2.45098 -1.09217 
-1.93254 0.97124 -0.000374617 -1.47063 -0.0863348 2.45099 -1.09217 
-1.93264 0.971262 -0.000366564 -1.47065 -0.0860887 2.45099 -1.09217 
-1.93268 0.971255 -0.000352129 -1.47071 -0.0857632 2.451 -1.09217 
-1.93267 0.971255 -0.000352271 -1.47078 -0.08526 2.45105 -1.09218 
-1.93269 0.971251 -0.000352713 -1.47084 -0.0846026 2.45116 -1.09218 
-1.93269 0.971254 -0.000352738 -1.47092 -0.0840751 2.45121 -1.09218 
-1.93269 0.971245 -0.000353217 -1.47098 -0.0836257 2.45125 -1.09218 
-1.9327 0.971247 -0.000351283 -1.47102 -0.083188 2.4513 -1.09218 
-1.93272 0.971251 -0.000352569 -1.47106 -0.082877 2.45138 -1.09218 
-1.93275 0.971249 -0.000352244 -1.47113 -0.0825985 2.45157 -1.09218 
-1.93277 0.971243 -0.000346772 -1.47124 -0.08235 2.45175 -1.09218 
-1.93276 0.971234 -0.000343758 -1.47135 -0.0821217 2.45196 -1.09219 
-1.93276 0.97122 -0.000344427 -1.47143 -0.0819077 2.45219 -1.09218 
-1.93277 0.97121 -0.000345851 -1.47152 -0.0817433 2.45234 -1.09218 
-1.93278 0.971205 -0.000346312 -1.47158 -0.0815803 2.45248 -1.09219 
-1.93282 0.971206 -0.000349021 -1.4716 -0.0814034 2.45257 -1.09218 
-1.93284 0.971212 -0.000342511 -1.47163 -0.0811866 2.45261 -1.09218 
-1.93289 0.971218 -0.000342537 -1.4717 -0.0808413 2.45278 -1.09218 
-1.93295 0.971218 -0.000332618 -1.47181 -0.0804121 2.4531 -1.09219 
-1.93297 0.971211 -0.000331398 -1.47192 -0.0798904 2.45334 -1.09219 
-1.93303 0.971205 -0.000326029 -1.47203 -0.0789177 2.45344 -1.09219 
-1.93308 0.97121 -0.000316534 -1.47212 -0.0774525 2.45348 -1.0922 
-1.9331 0.971193 -0.000327126 -1.47218 -0.0763091 2.45348 -1.09221 
-1.93318 0.971193 -0.00031373 -1.4722 -0.0756113 2.45348 -1.09221 
-1.93323 0.971193 -0.000303751 -1.47224 -0.0748547 2.45348 -1.09222 
-1.93323 0.971181 -0.000302212 -1.4723 -0.0739019 2.45347 -1.09221 
-1.93329 0.971162 -0.000307357 -1.47238 -0.0726443 2.45347 -1.09221 
-1.93337 0.97116 -0.000300542 -1.47243 -0.0707941 2.45345 -1.09221 
-1.93342 0.971152 -0.000308672 -1.47252 -0.068179 2.45345 -1.09221 
-1.93352 0.971113 -0.000313893 -1.47268 -0.0642556 2.45342 -1.0922 
-1.93365 0.971066 -0.000313893 -1.47284 -0.0594773 2.45341 -1.0922 
-1.93372 0.971021 -0.000332296 -1.47292 -0.0539958 2.45331 -1.09219 
-1.93379 0.970998 -0.000374409 -1.47293 -0.0488633 2.45314 -1.09218 
-1.93394 0.970988 -0.000401659 -1.47293 -0.0447562 2.45298 -1.09215 
-1.93411 0.970981 -0.000400351 -1.47293 -0.0417568 2.45291 -1.09186 
-1.93423 0.970964 -0.000408831 -1.47292 -0.0396625 2.45273 -1.09034 
-1.93432 0.970941 -0.000435932 -1.47291 -0.0386297 2.45256 -1.08676 
-1.9344 0.970937 -0.000444243 -1.47291 -0.038602 2.45254 -1.08236 
-1.93442 0.970933 -0.000452728 -1.47292 -0.0386061 2.45251 -1.07782 
-1.93442 0.970934 -0.000479605 -1.47292 -0.038627 2.45247 -1.07367 
-1.93443 0.970916 -0.000492669 -1.47291 -0.0386292 2.45239 -1.07062 
-1.93442 0.970908 -0.000488414 -1.47291 -0.0386298 2.45224 -1.06776 
-1.93442 0.970903 -0.000491042 -1.47291 -0.0386315 2.45223 -1.06536 
-1.93442 0.9709 -0.000487432 -1.47292 -0.0386302 2.45219 -1.06376 
-1.93441 0.970882 -0.00048856 -1.47291 -0.0386286 2.452 -1.06225 
-1.93441 0.97087 -0.000487127 -1.47292 -0.0386279 2.45186 -1.06079 
-1.93441 0.970865 -0.000486891 -1.47293 -0.0386292 2.45185 -1.05974 
-1.93443 0.970867 -0.000495336 -1.47292 -0.0386298 2.45183 -1.05927 
-1.93445 0.970863 -0.000490089 -1.47292 -0.0386301 2.45181 -1.05924 
-1.93443 0.970869 -0.000491756 -1.47292 -0.0386304 2.45181 -1.05924 
-1.93445 0.970863 -0.000487433 -1.47292 -0.0386247 2.45181 -1.05922 
-1.93445 0.970863 -0.000490049 -1.47292 -0.0386247 2.4518 -1.05918 
-1.93447 0.970867 -0.000490086 -1.47292 -0.03862 2.4518 -1.05917 
-1.93446 0.970867 -0.0004816 -1.47292 -0.0386242 2.45179 -1.05917 
-1.93447 0.970867 -0.00048514 -1.47293 -0.0386147 2.45179 -1.05916 
-1.9345 0.970858 -0.000483261 -1.47292 -0.0386049 2.45177 -1.05912 
-1.93453 0.970857 -0.000478405 -1.47292 -0.0385881 2.45176 -1.05891 
-1.93455 0.970855 -0.000465211 -1.47292 -0.0385309 2.45175 -1.05827 
-1.93456 0.970848 -0.000472436 -1.47292 -0.038494 2.45172 -1.05685 
-1.93458 0.970827 -0.000472752 -1.47292 -0.038492 2.45153 -1.05502 
-1.93462 0.970807 -0.000472436 -1.47292 -0.0384751 2.45139 -1.0529 
-1.93468 0.970797 -0.000470496 -1.47293 -0.0384389 2.45135 -1.05017 
-1.93473 0.970774 -0.000470487 -1.47295 -0.0384345 2.45122 -1.04631 
-1.93478 0.970752 -0.00047897 -1.47294 -0.0384303 2.45103 -1.04162 
-1.93489 0.970725 -0.000475632 -1.47295 -0.0384317 2.45085 -1.03662 
-1.93497 0.970703 -0.000473683 -1.47297 -0.0384309 2.4507 -1.03156 
-1.93504 0.970651 -0.000475632 -1.47303 -0.0384336 2.45052 -1.02523 
-1.93507 0.970611 -0.00048216 -1.47306 -0.0384329 2.45031 -1.01871 
-1.93513 0.970567 -0.000484828 -1.47308 -0.0384317 2.45008 -1.01258 
-1.93518 0.970539 -0.000481208 -1.47309 -0.0384336 2.44997 -1.00609 
-1.93522 0.970517 -0.000482248 -1.47314 -0.0384329 2.4499 -0.999257 
-1.93524 0.970482 -0.000480603 -1.47314 -0.0384342 2.44969 -0.992357 
-1.93525 0.97044 -0.000480578 -1.47316 -0.0384348 2.44945 -0.984206 
-1.93524 0.970405 -0.000480958 -1.47322 -0.0384336 2.4494 -0.976173 
-1.93526 0.970383 -0.000490378 -1.47326 -0.0384367 2.44937 -0.968301 
-1.93531 0.970352 -0.000497611 -1.47329 -0.0384423 2.44923 -0.961634 
-1.93534 0.970295 -0.000489662 -1.47336 -0.0384392 2.44907 -0.956152 
-1.93533 0.970229 -0.000483126 -1.47345 -0.0384392 2.44896 -0.950794 
-1.93529 0.970181 -0.000463884 -1.47352 -0.0384421 2.44884 -0.94443 
-1.93522 0.970169 -0.000454295 -1.47352 -0.0384411 2.4487 -0.938756 
-1.93515 0.970156 -0.000445609 -1.47353 -0.0384336 2.44869 -0.933013 
-1.9351 0.970143 -0.000431926 -1.47356 -0.0384355 2.44865 -0.92698 
-1.93502 0.970067 -0.000383316 -1.47364 -0.0384399 2.44837 -0.919263 
-1.93485 0.969965 -0.000369286 -1.47374 -0.0384352 2.44793 -0.911774 
-1.93464 0.96988 -0.000376705 -1.47386 -0.0384416 2.44776 -0.901576 
-1.93454 0.969806 -0.000372404 -1.47399 -0.0384374 2.44769 -0.892781 
-1.93447 0.969604 -0.000358494 -1.47428 -0.0384383 2.44742 -0.8844 
-1.93434 0.969453 -0.000363779 -1.47453 -0.0384409 2.44723 -0.875982 
-1.9343 0.969319 -0.000367607 -1.47478 -0.0384421 2.44712 -0.867296 
-1.93428 0.969113 -0.000355649 -1.47512 -0.0384396 2.44694 -0.858752 
-1.93425 0.968941 -0.000365873 -1.4754 -0.0384392 2.4468 -0.851014 
-1.93427 0.968809 -0.000376772 -1.47565 -0.0384405 2.44675 -0.842525 
-1.93433 0.968671 -0.000385193 -1.47591 -0.0384409 2.44668 -0.833961 
-1.93434 0.968499 -0.000375063 -1.47619 -0.0384415 2.44654 -0.824237 
-1.93429 0.968389 -0.00037217 -1.4764 -0.0384382 2.44646 -0.814827 
-1.9343 0.968256 -0.000378656 -1.47663 -0.0384361 2.44643 -0.805293 
-1.93429 0.968127 -0.00036204 -1.47687 -0.0384369 2.44638 -0.79535 
-1.93422 0.967999 -0.000369069 -1.4771 -0.038446 2.44633 -0.784283 
-1.9342 0.967918 -0.000383591 -1.47725 -0.0384435 2.44631 -0.774229 
-1.93426 0.967831 -0.000383523 -1.47738 -0.0384429 2.4462 -0.764308 
-1.93429 0.967709 -0.000387142 -1.47758 -0.0384429 2.44605 -0.753909 
-1.93433 0.967611 -0.000412198 -1.47775 -0.0384448 2.44603 -0.74274 
-1.93444 0.96759 -0.000404368 -1.47777 -0.0384421 2.44603 -0.732787 
-1.93456 0.967588 -0.000418691 -1.47777 -0.0384435 2.44602 -0.722391 
-1.93473 0.967582 -0.000427309 -1.47778 -0.0384429 2.44601 -0.71225 
-1.93493 0.967571 -0.000430358 -1.47778 -0.0384375 2.44598 -0.701957 
-1.93512 0.967568 -0.000425491 -1.47778 -0.0384368 2.44596 -0.691466 
-1.93522 0.967556 -0.000422805 -1.47779 -0.0384385 2.44595 -0.680538 
-1.9353 0.967555 -0.000432306 -1.47779 -0.0384336 2.44594 -0.669172 
-1.93537 0.967548 -0.000426853 -1.4778 -0.0384348 2.44588 -0.656844 
-1.93537 0.967509 -0.000433553 -1.47782 -0.0384416 2.44562 -0.644696 
-1.93535 0.967438 -0.000418608 -1.47786 -0.0384395 2.44529 -0.633565 
-1.9353 0.967373 -0.000396925 -1.47794 -0.0384387 2.44503 -0.623163 
-1.93526 0.967325 -0.00042039 -1.47801 -0.0384427 2.44493 -0.613158 
-1.9353 0.967286 -0.00042077 -1.47807 -0.0384441 2.44492 -0.604411 
-1.93531 0.967276 -0.000422293 -1.4781 -0.0384441 2.44492 -0.597451 
-1.9353 0.967277 -0.000420165 -1.47808 -0.0384448 2.44493 -0.590474 
-1.9353 0.96728 -0.000427577 -1.47807 -0.0384429 2.44494 -0.584739 
-1.93537 0.967279 -0.000448308 -1.47807 -0.0384339 2.44493 -0.578968 
-1.93548 0.967283 -0.000453799 -1.47807 -0.038435 2.44493 -0.571481 
-1.93561 0.967283 -0.000488235 -1.47808 -0.0384329 2.44492 -0.562862 
-1.93583 0.967267 -0.000515154 -1.47811 -0.0384271 2.44491 -0.552856 
-1.93609 0.967254 -0.00049925 -1.47811 -0.0384243 2.44491 -0.541897 
-1.93628 0.967248 -0.000492752 -1.47812 -0.038416 2.44489 -0.531151 
-1.93647 0.96724 -0.000499911 -1.47812 -0.0384173 2.44479 -0.519551 
-1.93662 0.96721 -0.000491192 -1.47812 -0.0384179 2.44471 -0.507579 
-1.93669 0.96722 -0.000488346 -1.47812 -0.0384153 2.44465 -0.496323 
-1.93668 0.96721 -0.000493527 -1.47812 -0.0384141 2.44457 -0.485583 
-1.93673 0.967218 -0.000517919 -1.47812 -0.0384179 2.44454 -0.474057 
-1.93691 0.967213 -0.000519517 -1.47812 -0.038416 2.44448 -0.462785 
-1.93713 0.967189 -0.000510865 -1.47813 -0.0384064 2.44433 -0.451673 
-1.93732 0.967148 -0.000517746 -1.47813 -0.0384089 2.44395 -0.439801 
-1.93755 0.967058 -0.000522375 -1.47817 -0.0384077 2.44354 -0.427656 
-1.93779 0.966973 -0.000508743 -1.47827 -0.0384064 2.44319 -0.416893 
-1.93798 0.966911 -0.000501048 -1.47832 -0.0384045 2.44304 -0.405594 
-1.93813 0.966908 -0.000508077 -1.47832 -0.0384044 2.44303 -0.393983 
-1.93827 0.966915 -0.00050759 -1.47832 -0.038407 2.44303 -0.383038 
-1.93837 0.966913 -0.0005068 -1.47832 -0.0384029 2.44304 -0.371332 
-1.93838 0.966917 -0.000504631 -1.47833 -0.0384071 2.44304 -0.359343 
-1.93834 0.96692 -0.000498868 -1.47833 -0.0384116 2.44304 -0.347662 
-1.93827 0.96692 -0.000478482 -1.47833 -0.0384089 2.44304 -0.337102 
-1.93812 0.966917 -0.000371751 -1.47836 -0.0384096 2.44304 -0.326515 
-1.93787 0.966904 -0.000394475 -1.47839 -0.0384019 2.44304 -0.315878 
-1.93768 0.966902 -0.000373604 -1.4784 -0.0384035 2.44304 -0.30424 
-1.9375 0.966892 -0.000400489 -1.4784 -0.0384142 2.44305 -0.292663 
-1.9375 0.966894 -0.000426508 -1.47841 -0.0384285 2.44304 -0.282605 
-1.9376 0.966881 -0.000448334 -1.47842 -0.0384227 2.44304 -0.273405 
-1.93779 0.966852 -0.000441689 -1.47846 -0.0384208 2.44303 -0.266181 
-1.93788 0.966762 -0.000431037 -1.47861 -0.0384208 2.44303 -0.260517 
-1.93785 0.966675 -0.000429789 -1.47877 -0.0384215 2.44303 -0.255843 
-1.93782 0.966639 -0.000426593 -1.47883 -0.0384201 2.44303 -0.252277 
-1.93779 0.966632 -0.000409599 -1.47886 -0.0384195 2.44303 -0.249521 
-1.93775 0.966626 -0.000410192 -1.47886 -0.0384091 2.44302 -0.246449 
-1.93771 0.966621 -0.000389514 -1.47887 -0.0384083 2.44301 -0.241535 
-1.93761 0.966608 -0.000347972 -1.4789 -0.0383826 2.44299 -0.234951 
-1.93737 0.966575 -0.000348191 -1.47899 -0.0383562 2.44299 -0.227374 
-1.9373 0.966524 -0.000382088 -1.47905 -0.038355 2.44298 -0.219042 
-1.93735 0.966478 -0.000385193 -1.47913 -0.0383428 2.44297 -0.209935 
-1.93739 0.966412 -0.000377773 -1.47922 -0.0383403 2.44296 -0.198918 
-1.93738 0.966379 -0.000353745 -1.47929 -0.0383335 2.44296 -0.18754 
-1.93729 0.966312 -0.000330004 -1.47941 -0.0383214 2.44296 -0.176333 
-1.93715 0.966186 -0.000330144 -1.47963 -0.0383188 2.44296 -0.16562 
-1.93699 0.966046 -0.000325006 -1.47991 -0.0383171 2.44295 -0.15292 
-1.93688 0.965863 -0.000309683 -1.48023 -0.0382903 2.44295 -0.141663 
-1.93667 0.965656 -0.000286849 -1.48064 -0.0382684 2.44297 -0.129767 
-1.93647 0.965498 -0.000306255 -1.48092 -0.0382658 2.44296 -0.117504 
-1.9363 0.965399 -0.000289892 -1.48109 -0.0382639 2.44297 -0.106158 
-1.93606 0.965367 -0.000268707 -1.48116 -0.0382658 2.44297 -0.0954669 
-1.93576 0.965366 -0.000280265 -1.48115 -0.0382645 2.44297 -0.0846164 
-1.93547 0.965366 -0.000267807 -1.48115 -0.0382602 2.44297 -0.0735056 
-1.93518 0.965363 -0.000257972 -1.48115 -0.0382318 2.44297 -0.0622644 
-1.93493 0.965366 -0.000277518 -1.48115 -0.0382307 2.44298 -0.0501992 
-1.93482 0.965366 -0.000265733 -1.48116 -0.0382303 2.44297 -0.0376833 
-1.93481 0.96536 -0.000250867 -1.48117 -0.0382175 2.44296 -0.0262535 
-1.93479 0.96535 -0.00024025 -1.48118 -0.0382101 2.44297 -0.0141375 
-1.93477 0.965349 -0.000213702 -1.48117 -0.0382025 2.44297 -0.00212628 
-1.93472 0.965351 -0.000212344 -1.48118 -0.0382056 2.44297 0.00772488 
-1.93474 0.965348 -0.000222203 -1.48117 -0.0381971 2.44297 0.0160166 
-1.93484 0.965347 -0.000226218 -1.48117 -0.03817 2.44298 0.0258739 
-1.93492 0.965352 -0.000228599 -1.48116 -0.038044 2.44298 0.035321 
-1.93505 0.965354 -0.000236663 -1.48114 -0.0378641 2.44298 0.04521 
-1.93523 0.96535 -0.000234991 -1.48114 -0.0376623 2.44298 0.0546589 
-1.93542 0.965354 -0.000241085 -1.48113 -0.0374313 2.44298 0.0636419 
-1.93563 0.965352 -0.000240056 -1.48114 -0.037 2.44298 0.0735163 
-1.9358 0.96535 -0.000241806 -1.48114 -0.0364739 2.44298 0.0834582 
-1.93595 0.965357 -0.000253943 -1.48112 -0.0358352 2.44299 0.0924676 
-1.9361 0.965357 -0.000264172 -1.48112 -0.0353167 2.44299 0.101171 
-1.93624 0.965373 -0.000269466 -1.48106 -0.0350138 2.44299 0.109685 
-1.93632 0.965398 -0.000267796 -1.48102 -0.0348465 2.44299 0.118362 
-1.93638 0.965399 -0.000267372 -1.48102 -0.0347859 2.44299 0.12578 
-1.93644 0.965403 -0.00027099 -1.48101 -0.0345386 2.443 0.132768 
-1.93649 0.965405 -0.000269321 -1.481 -0.0341908 2.443 0.139956 
-1.93655 0.965402 -0.00026841 -1.481 -0.0337918 2.443 0.146735 
-1.9366 0.965411 -0.000262082 -1.481 -0.0332038 2.443 0.154491 
-1.93657 0.965409 -0.000253074 -1.481 -0.0324838 2.443 0.161621 
-1.93655 0.965409 -0.000257253 -1.481 -0.0317882 2.443 0.167136 
-1.93657 0.96541 -0.00025931 -1.48099 -0.0309336 2.44301 0.172734 
-1.9366 0.96541 -0.000267796 -1.48098 -0.0301605 2.443 0.178348 
-1.93663 0.965411 -0.000271452 -1.48097 -0.0294875 2.44301 0.183467 
-1.93665 0.965415 -0.000268091 -1.48096 -0.0288347 2.44302 0.189014 
-1.93665 0.965419 -0.000274187 -1.48095 -0.0283584 2.44301 0.194913 
-1.93666 0.965424 -0.000270568 -1.48095 -0.0281357 2.44302 0.200371 
-1.93665 0.965428 -0.000266949 -1.48095 -0.0278722 2.44301 0.205924 
-1.93663 0.965426 -0.000262086 -1.48094 -0.0275418 2.44302 0.212413 
-1.93658 0.965429 -0.000244365 -1.48093 -0.0272798 2.44303 0.219533 
-1.93654 0.965437 -0.000254165 -1.48093 -0.027137 2.44303 0.227131 
-1.93656 0.965438 -0.000252495 -1.48093 -0.0271128 2.44303 0.235155 
-1.93655 0.96544 -0.000252495 -1.48093 -0.0270823 2.44303 0.241653 
-1.93657 0.965445 -0.000256296 -1.48091 -0.0269921 2.44304 0.247754 
-1.93659 0.965461 -0.00025569 -1.48088 -0.0268656 2.44305 0.255018 
-1.93658 0.965488 -0.000255691 -1.48084 -0.02682 2.44305 0.26159 
-1.93658 0.965509 -0.000257089 -1.48079 -0.0267967 2.44305 0.268834 
-1.93657 0.965549 -0.000251063 -1.48071 -0.0267926 2.44306 0.275783 
-1.93658 0.965607 -0.000256837 -1.48062 -0.0267665 2.44306 0.2815 
-1.93658 0.965641 -0.000255663 -1.48054 -0.0266603 2.44308 0.286835 
-1.93659 0.965687 -0.000253534 -1.48047 -0.0265072 2.44308 0.292897 
-1.93658 0.965761 -0.000257098 -1.48032 -0.0263375 2.44309 0.298939 
-1.93659 0.965849 -0.000259231 -1.48014 -0.0261987 2.4431 0.304998 
-1.93661 0.965995 -0.000257361 -1.47989 -0.02617 2.44311 0.311994 
-1.93661 0.966115 -0.00026177 -1.47967 -0.0261637 2.44311 0.31772 
-1.93663 0.966176 -0.000260548 -1.47953 -0.0260938 2.44312 0.322398 
-1.93665 0.966254 -0.000262506 -1.47937 -0.0258953 2.44313 0.327321 
-1.93667 0.966369 -0.000262506 -1.47917 -0.0257714 2.44315 0.332554 
-1.93669 0.966513 -0.000261346 -1.47892 -0.0256621 2.44319 0.337432 
-1.93671 0.966675 -0.000264636 -1.47863 -0.0255342 2.4433 0.342701 
-1.93674 0.966793 -0.00025915 -1.4784 -0.0254322 2.44333 0.348502 
-1.93675 0.966888 -0.000262743 -1.47823 -0.0253695 2.44334 0.354074 
-1.93675 0.966939 -0.000262497 -1.47814 -0.0252779 2.44335 0.359081 
-1.93675 0.966958 -0.000261441 -1.4781 -0.0250546 2.44338 0.363436 
-1.93679 0.966965 -0.000261799 -1.47808 -0.0247644 2.44342 0.368573 
-1.93678 0.967116 -0.000219613 -1.47784 -0.0244881 2.44407 0.373575 
-1.93667 0.967517 -0.000219969 -1.47736 -0.0240702 2.44511 0.378531 
-1.93659 0.967891 -0.000214682 -1.47671 -0.0235337 2.44562 0.383983 
-1.93653 0.968391 -0.000205451 -1.47576 -0.0229115 2.44581 0.390761 
-1.93643 0.96913 -0.000197096 -1.47441 -0.0221622 2.44584 0.396993 
-1.93636 0.969729 -0.000213434 -1.47327 -0.0212209 2.44583 0.402668 
-1.93636 0.970132 -0.000208856 -1.47247 -0.0201793 2.44587 0.408612 
-1.93632 0.970604 -0.000190716 -1.47164 -0.0190526 2.44622 0.413955 
-1.93621 0.971114 -0.000206079 -1.47083 -0.0177213 2.44692 0.419341 
-1.93617 0.971503 -0.00020037 -1.4702 -0.0165501 2.44774 0.425648 
-1.9361 0.971932 -0.000188689 -1.46959 -0.0154921 2.44877 0.432092 
-1.93596 0.97232 -0.000209953 -1.46907 -0.0145832 2.44948 0.437295 
-1.93591 0.97235 -0.000231153 -1.469 -0.0144687 2.44947 0.439902 
-1.93597 0.972348 -0.000230997 -1.469 -0.0144536 2.44949 0.439962 
-1.93598 0.972337 -0.000230548 -1.469 -0.0144164 2.44948 0.439981 
-1.93599 0.972338 -0.000228599 -1.46899 -0.014182 2.44949 0.440037 
-1.93601 0.972339 -0.000225258 -1.46899 -0.0136945 2.44949 0.440176 
-1.93602 0.972337 -0.000226929 -1.46899 -0.0133826 2.44949 0.44021 
-1.93603 0.972333 -0.000230733 -1.46899 -0.0130761 2.4495 0.440247 
-1.93606 0.972329 -0.000228599 -1.46899 -0.0126112 2.4495 0.440338 
-1.93607 0.972327 -0.000237011 -1.46899 -0.0122725 2.4495 0.440361 
-1.93609 0.972325 -0.000231795 -1.469 -0.0121254 2.44949 0.440361 
-1.93612 0.972327 -0.000229664 -1.469 -0.0119529 2.4495 0.440375 
-1.93613 0.972325 -0.000235414 -1.469 -0.0117612 2.4495 0.440369 
-1.93615 0.972324 -0.000233744 -1.469 -0.0117125 2.4495 0.440377 
-1.93615 0.972329 -0.000233744 -1.469 -0.0116915 2.44951 0.440379 
-1.93617 0.972325 -0.000233744 -1.469 -0.0116761 2.44951 0.440376 
-1.93617 0.972327 -0.000235414 -1.46901 -0.0116768 2.4495 0.440377 
-1.93616 0.972326 -0.000233744 -1.46901 -0.0116794 2.44951 0.440373 
-1.93616 0.972323 -0.000238847 -1.46901 -0.011684 2.4495 0.440368 
-1.93616 0.972322 -0.000250281 -1.46901 -0.0116957 2.4495 0.44036 
-1.93615 0.97231 -0.000258513 -1.46902 -0.0117261 2.44949 0.440342 
-1.93614 0.972309 -0.000261049 -1.46902 -0.0117772 2.44948 0.440309 
-1.93614 0.97229 -0.00027202 -1.46902 -0.011881 2.44946 0.440188 
-1.93612 0.972276 -0.000272661 -1.46903 -0.0120708 2.44945 0.439758 
-1.93608 0.972262 -0.000296708 -1.46903 -0.0122636 2.44943 0.439119 
-1.93605 0.972252 -0.000362252 -1.46902 -0.0123247 2.44943 0.438943 
-1.93606 0.972237 -0.000367544 -1.46902 -0.0123263 2.44944 0.438936 
-1.93606 0.972218 -0.000374967 -1.46901 -0.0123253 2.44944 0.438924 
-1.93606 0.972197 -0.000376921 -1.46901 -0.0123298 2.44944 0.438914 
-1.93606 0.972178 -0.000379645 -1.46901 -0.012336 2.44944 0.438907 
-1.93606 0.972158 -0.000379647 -1.469 -0.0123436 2.44944 0.438906 
-1.93605 0.972151 -0.000377978 -1.469 -0.0123511 2.44944 0.438894 
-1.93604 0.972135 -0.000378688 -1.469 -0.0123615 2.44944 0.438888 
-1.93605 0.972113 -0.000385043 -1.46901 -0.0123673 2.44943 0.438885 
-1.93604 0.97209 -0.000388134 -1.46901 -0.0123956 2.44943 0.438865 
-1.93602 0.972055 -0.000389804 -1.46901 -0.0124246 2.44942 0.438836 
-1.93603 0.972035 -0.000391938 -1.46902 -0.0124363 2.44941 0.438817 
-1.936 0.97203 -0.000384597 -1.46903 -0.0124464 2.44941 0.438811 
-1.93599 0.972019 -0.000386647 -1.46904 -0.0124488 2.4494 0.438817 
-1.936 0.972009 -0.000383655 -1.46903 -0.0124469 2.4494 0.438819 
-1.93598 0.972009 -0.000385716 -1.46904 -0.0124494 2.4494 0.438818 
-1.936 0.971996 -0.000385472 -1.46904 -0.0124482 2.44939 0.438821 
-1.93599 0.972001 -0.000383556 -1.46904 -0.0124486 2.44939 0.438816 
-1.93599 0.972 -0.00038558 -1.46905 -0.0124482 2.44939 0.438816 
-1.936 0.971998 -0.000383874 -1.46904 -0.0124475 2.44939 0.438818 
-1.93598 0.971996 -0.000385343 -1.46904 -0.0124464 2.44939 0.438815 
-1.93599 0.972001 -0.00038437 -1.46905 -0.0124463 2.44939 0.438817 
-1.93599 0.971995 -0.00038152 -1.46904 -0.012447 2.44939 0.43882 
-1.93599 0.971996 -0.000386997 -1.46905 -0.012446 2.44939 0.438818 
-1.93599 0.971998 -0.000387709 -1.46904 -0.0124507 2.44939 0.438819 
-1.93598 0.971996 -0.000383577 -1.46904 -0.012448 2.44939 0.438821 
-1.93599 0.971998 -0.000386013 -1.46904 -0.0124486 2.4494 0.438815 
-1.93599 0.971994 -0.000384051 -1.46905 -0.0124489 2.44939 0.43882 
-1.93599 0.971998 -0.000386037 -1.46904 -0.0124463 2.44939 0.43882 
-1.93599 0.971992 -0.000385317 -1.46904 -0.0124478 2.44939 0.438816 
-1.93599 0.971992 -0.000386039 -1.46905 -0.0124509 2.44939 0.438814 
-1.93599 0.971992 -0.00038771 -1.46905 -0.0124488 2.44939 0.438812 
-1.93599 0.971992 -0.000386013 -1.46904 -0.0124509 2.44939 0.438818 
-1.93599 0.971993 -0.000383423 -1.46905 -0.0124509 2.44939 0.438817 
-1.93599 0.971997 -0.000385577 -1.46905 -0.0124458 2.44939 0.438824 
-1.93599 0.971993 -0.00038604 -1.46904 -0.0124511 2.44939 0.438813 
-1.93599 0.971995 -0.000386014 -1.46905 -0.0124503 2.44939 0.438816 
-1.93597 0.972007 -0.000398289 -1.46905 -0.0124494 2.44941 0.438813 
-1.93599 0.971971 -0.000391321 -1.46906 -0.0124522 2.44939 0.438816 
-1.93598 0.971981 -0.00038437 -1.46905 -0.0124505 2.44939 0.438819 
-1.93598 0.971985 -0.00038437 -1.46906 -0.0124523 2.44939 0.438814 
