-2.18891 -0.518861 -0.000548837 -2.18033 0.0305997 1.71645 -1.4161 
-2.18891 -0.51886 -0.000545218 -2.18033 0.0306003 1.71645 -1.41609 
-2.1889 -0.518863 -0.000543548 -2.18033 0.0306003 1.71645 -1.41609 
-2.18891 -0.518863 -0.000548127 -2.18033 0.0305997 1.71645 -1.4161 
-2.1889 -0.518863 -0.000548837 -2.18033 0.0306003 1.71645 -1.41609 
-2.1889 -0.518861 -0.000541599 -2.18033 0.0305997 1.71645 -1.4161 
-2.1889 -0.518861 -0.000543548 -2.18033 0.0306029 1.71645 -1.4161 
-2.1889 -0.518857 -0.000548837 -2.18033 0.0306003 1.71645 -1.41609 
-2.1889 -0.518859 -0.000546889 -2.18033 0.030601 1.71645 -1.41609 
-2.18891 -0.51886 -0.000546889 -2.18033 0.0306003 1.71645 -1.41609 
-2.1889 -0.518861 -0.000546889 -2.18033 0.030601 1.71645 -1.41609 
-2.18891 -0.518862 -0.000550508 -2.18033 0.0305997 1.71645 -1.41609 
-2.1889 -0.518861 -0.000550508 -2.18033 0.0305991 1.71645 -1.41609 
-2.1889 -0.518865 -0.000545218 -2.18033 0.0306003 1.71645 -1.41609 
-2.18891 -0.518861 -0.000545218 -2.18033 0.0305997 1.71645 -1.41609 
-2.1889 -0.518857 -0.000545218 -2.18033 0.0306003 1.71645 -1.4161 
-2.1889 -0.51886 -0.000548837 -2.18033 0.0305991 1.71645 -1.41609 
-2.1889 -0.518858 -0.000546889 -2.18033 0.0306003 1.71645 -1.41609 
-2.1889 -0.518862 -0.000543548 -2.18033 0.0305997 1.71645 -1.41609 
-2.1889 -0.518862 -0.000545218 -2.18033 0.0305997 1.71645 -1.41609 
-2.1889 -0.518861 -0.000546889 -2.18033 0.0305997 1.71645 -1.41609 
-2.1889 -0.518857 -0.000545218 -2.18033 0.030601 1.71645 -1.4161 
-2.1889 -0.518861 -0.000543548 -2.18033 0.0305991 1.71645 -1.4161 
-2.1889 -0.518863 -0.000546178 -2.18033 0.030601 1.71645 -1.4161 
-2.18891 -0.51886 -0.000548837 -2.18033 0.0306003 1.71645 -1.4161 
-2.1889 -0.518861 -0.000546889 -2.18033 0.0305991 1.71645 -1.4161 
-2.18891 -0.518863 -0.000545218 -2.18033 0.0306003 1.71645 -1.41609 
-2.1889 -0.518861 -0.000546889 -2.18033 0.0305997 1.71645 -1.41609 
-2.1889 -0.518861 -0.000546889 -2.18033 0.0305997 1.71645 -1.41609 
-2.1889 -0.518861 -0.000546889 -2.18033 0.0305997 1.71645 -1.41609 
-2.18891 -0.51886 -0.000548837 -2.18033 0.0305997 1.71645 -1.4161 
-2.1889 -0.51886 -0.000545218 -2.18033 0.0306003 1.71645 -1.41609 
-2.18891 -0.518862 -0.000545218 -2.18033 0.0305997 1.71645 -1.41609 
-2.1889 -0.51886 -0.000548837 -2.18033 0.0305991 1.71645 -1.41609 
-2.1889 -0.518863 -0.000545218 -2.18033 0.0306003 1.71645 -1.4161 
-2.18891 -0.518859 -0.000546889 -2.18033 0.0305997 1.71645 -1.41609 
-2.1889 -0.518859 -0.000545218 -2.18033 0.0306003 1.71645 -1.41609 
-2.1889 -0.518861 -0.000546889 -2.18033 0.0305991 1.71645 -1.41609 
-2.1889 -0.518861 -0.000546889 -2.18033 0.0305991 1.71645 -1.4161 
-2.1889 -0.51886 -0.000543548 -2.18033 0.0306001 1.71645 -1.4161 
-2.1889 -0.518863 -0.000546888 -2.18033 0.0306003 1.71645 -1.41609 
-2.1889 -0.518861 -0.000546889 -2.18033 0.0305997 1.71645 -1.4161 
-2.1889 -0.518861 -0.000546889 -2.18033 0.0306003 1.71645 -1.41609 
-2.1889 -0.518863 -0.000546889 -2.18033 0.0305997 1.71645 -1.4161 
-2.1889 -0.51886 -0.000543548 -2.18033 0.0305997 1.71645 -1.4161 
-2.1889 -0.518861 -0.000543548 -2.18033 0.0306003 1.71645 -1.41609 
-2.1889 -0.51886 -0.000545218 -2.18033 0.0305997 1.71645 -1.4161 
-2.1889 -0.518861 -0.000541599 -2.18033 0.0306003 1.71645 -1.41609 
-2.1889 -0.518861 -0.000545218 -2.18033 0.030601 1.71645 -1.41609 
-2.1889 -0.518863 -0.000548837 -2.18033 0.0306016 1.71645 -1.41609 
-2.1889 -0.51886 -0.000545218 -2.18033 0.0306003 1.71645 -1.41609 
-2.1889 -0.518858 -0.000543548 -2.18033 0.0305997 1.71645 -1.41609 
-2.1889 -0.518859 -0.000543548 -2.18033 0.0306003 1.71645 -1.41609 
-2.18891 -0.51886 -0.000546889 -2.18033 0.0306003 1.71645 -1.41609 
-2.1889 -0.51886 -0.000545218 -2.18033 0.030601 1.71645 -1.41609 
-2.1889 -0.51886 -0.000540889 -2.18033 0.030601 1.71645 -1.4161 
-2.1889 -0.51886 -0.000543548 -2.18033 0.0305997 1.71645 -1.41609 
-2.1889 -0.518858 -0.000548837 -2.18033 0.0305991 1.71645 -1.41609 
-2.1889 -0.518863 -0.000546889 -2.18033 0.030601 1.71645 -1.41609 
-2.1889 -0.518861 -0.000545218 -2.18033 0.0306003 1.71645 -1.41609 
-2.1889 -0.518861 -0.000546889 -2.18033 0.0306003 1.71645 -1.4161 
-2.1889 -0.51886 -0.000546889 -2.18033 0.0305997 1.71645 -1.4161 
-2.1889 -0.51886 -0.000543088 -2.18033 0.0305997 1.71645 -1.41609 
-2.1889 -0.518861 -0.000546889 -2.18033 0.0306003 1.71645 -1.4161 
-2.1889 -0.518861 -0.000548837 -2.18033 0.0306003 1.71645 -1.41609 
-2.1889 -0.51886 -0.000546889 -2.18033 0.0305997 1.71645 -1.4161 
-2.1889 -0.518861 -0.000546889 -2.18033 0.0306003 1.71645 -1.4161 
-2.1889 -0.518857 -0.000545218 -2.18033 0.0305991 1.71645 -1.41609 
-2.1889 -0.51886 -0.000546889 -2.18033 0.0305997 1.71645 -1.41609 
-2.1889 -0.518861 -0.000546889 -2.18033 0.0306003 1.71645 -1.41609 
-2.1889 -0.51886 -0.000546889 -2.18033 0.0305997 1.71645 -1.41609 
-2.1889 -0.518863 -0.000544508 -2.18033 0.0305997 1.71645 -1.41609 
-2.1889 -0.518863 -0.000546889 -2.18033 0.0305997 1.71645 -1.41609 
-2.1889 -0.518861 -0.000545218 -2.18033 0.0305997 1.71645 -1.41609 
-2.18891 -0.51886 -0.000552178 -2.18033 0.0305997 1.71645 -1.41609 
-2.18891 -0.518862 -0.000557468 -2.18033 0.0305991 1.71645 -1.41609 
-2.18891 -0.518858 -0.000554127 -2.18033 0.030601 1.71645 -1.41609 
-2.1889 -0.518859 -0.000552178 -2.18033 0.030601 1.71645 -1.41609 
-2.1889 -0.518855 -0.000545218 -2.18033 0.0306003 1.71645 -1.41609 
-2.1889 -0.518861 -0.000546889 -2.18033 0.0306016 1.71645 -1.41609 
-2.1889 -0.518857 -0.000546889 -2.18033 0.0306 1.71645 -1.41609 
-2.1889 -0.518861 -0.000546889 -2.18033 0.0306003 1.71645 -1.4161 
-2.1889 -0.518855 -0.000552152 -2.18033 0.0306003 1.71645 -1.4161 
-2.1889 -0.518858 -0.000548837 -2.18033 0.0306029 1.71646 -1.41609 
-2.18891 -0.518863 -0.000548837 -2.18032 0.0305997 1.71646 -1.41609 
-2.18891 -0.518863 -0.000550508 -2.18031 0.030601 1.71646 -1.41609 
-2.1889 -0.518859 -0.000550508 -2.18031 0.0306016 1.71646 -1.41609 
-2.1889 -0.518863 -0.000550508 -2.18031 0.030601 1.71646 -1.41609 
-2.18891 -0.518863 -0.000554127 -2.18031 0.0306035 1.71646 -1.41609 
-2.18889 -0.518862 -0.000534639 -2.18028 0.0306026 1.71647 -1.41609 
-2.18889 -0.51886 -0.000518496 -2.18028 0.0306016 1.71647 -1.41609 
-2.18889 -0.518863 -0.000548981 -2.18028 0.0306022 1.71647 -1.4161 
-2.18891 -0.518861 -0.000567964 -2.18028 0.030601 1.71647 -1.41609 
-2.1889 -0.51886 -0.000548837 -2.18028 0.030601 1.71647 -1.41609 
-2.1889 -0.518861 -0.000536978 -2.18028 0.0306003 1.71646 -1.41609 
-2.1889 -0.518858 -0.000558588 -2.18028 0.030601 1.71647 -1.41609 
-2.18891 -0.518858 -0.000566377 -2.18028 0.0305997 1.71647 -1.41609 
-2.18892 -0.51886 -0.000577418 -2.18028 0.0305971 1.71647 -1.41609 
-2.18893 -0.518857 -0.000584482 -2.18028 0.0305991 1.71647 -1.41609 
-2.18893 -0.518861 -0.000585297 -2.18028 0.0305977 1.71646 -1.41609 
-2.18892 -0.518865 -0.000559112 -2.18028 0.0306035 1.71646 -1.41609 
-2.18889 -0.518861 -0.000538524 -2.18029 0.0306016 1.71646 -1.41609 
-2.1889 -0.518853 -0.000548837 -2.18032 0.030601 1.71646 -1.41609 
-2.1889 -0.518843 -0.000552178 -2.18034 0.0306003 1.71646 -1.4161 
-2.18889 -0.518844 -0.000532508 -2.18033 0.0306016 1.71646 -1.41609 
-2.1889 -0.518847 -0.000538404 -2.18034 0.0306016 1.71646 -1.41609 
-2.1889 -0.518832 -0.000559381 -2.18034 0.0306022 1.71646 -1.41609 
-2.1889 -0.518827 -0.000552178 -2.18036 0.0306026 1.71646 -1.41608 
-2.1889 -0.518813 -0.000539901 -2.18036 0.0306055 1.71645 -1.41609 
-2.18891 -0.518816 -0.000560618 -2.18036 0.0306022 1.71646 -1.41609 
-2.18894 -0.518812 -0.000595048 -2.18035 0.0306016 1.71646 -1.41609 
-2.18893 -0.518812 -0.000581678 -2.18035 0.0306022 1.71646 -1.41609 
-2.1889 -0.518818 -0.000546745 -2.18035 0.0306016 1.71646 -1.41609 
-2.18889 -0.518823 -0.000526193 -2.18032 0.030601 1.71646 -1.41609 
-2.1889 -0.518824 -0.000549443 -2.18034 0.0305985 1.71645 -1.41609 
-2.18891 -0.518811 -0.000564704 -2.18034 0.0305978 1.71645 -1.41609 
-2.18891 -0.518809 -0.000561087 -2.18034 0.0305965 1.71646 -1.41609 
-2.1889 -0.51881 -0.000548837 -2.18032 0.0305991 1.71646 -1.41608 
-2.18889 -0.518791 -0.000531481 -2.18034 0.0305985 1.71646 -1.41608 
-2.18889 -0.518755 -0.000533113 -2.18037 0.0306007 1.71646 -1.41608 
-2.18888 -0.518704 -0.000526153 -2.18041 0.030601 1.71645 -1.41609 
-2.18884 -0.518597 -0.000493315 -2.18052 0.0306023 1.71643 -1.41609 
-2.18878 -0.518505 -0.00044249 -2.18065 0.0306042 1.71643 -1.41609 
-2.18864 -0.518424 -0.000413338 -2.18075 0.0306147 1.71643 -1.41609 
-2.18861 -0.518281 -0.000347329 -2.18082 0.0306154 1.71642 -1.41609 
-2.18834 -0.518112 -0.000230054 -2.1809 0.0307535 1.71648 -1.4161 
-2.1872 -0.517861 -0.000242123 -2.18111 0.0311349 1.71734 -1.41609 
-2.18575 -0.517273 -0.000279492 -2.18136 0.0313032 1.71888 -1.41608 
-2.18417 -0.516412 -0.000265698 -2.18163 0.031382 1.72027 -1.41607 
-2.18215 -0.515256 -0.000238108 -2.18186 0.0314764 1.72122 -1.41606 
-2.17998 -0.513787 -0.000246552 -2.18211 0.0314728 1.72167 -1.41605 
-2.17763 -0.511742 -0.000234911 -2.18251 0.0314732 1.7217 -1.41604 
-2.17506 -0.509273 -0.000186394 -2.18305 0.0314715 1.72171 -1.41603 
-2.17234 -0.506523 -0.000170208 -2.18358 0.0314709 1.72171 -1.41601 
-2.16947 -0.50324 -0.000171021 -2.18422 0.0314715 1.72175 -1.41594 
-2.16665 -0.499676 -0.000159629 -2.18477 0.0314715 1.72189 -1.41503 
-2.16381 -0.495719 -0.000133534 -2.18515 0.031474 1.722 -1.41337 
-2.16061 -0.491039 -0.000121256 -2.18545 0.0314728 1.72201 -1.41139 
-2.15737 -0.485712 -0.000112274 -2.18573 0.0314715 1.72208 -1.40917 
-2.15397 -0.480117 -0.00012117 -2.1858 0.0314698 1.72256 -1.40695 
-2.15066 -0.474815 -0.000115144 -2.18576 0.0314734 1.72361 -1.40499 
-2.14707 -0.469306 -8.43857e-05 -2.18576 0.0314711 1.72497 -1.40144 
-2.14334 -0.463384 -6.1046e-05 -2.18575 0.0314683 1.72638 -1.39631 
-2.13953 -0.457157 -4.99809e-05 -2.18574 0.0314641 1.72768 -1.39108 
-2.13523 -0.450603 -5.23874e-05 -2.18573 0.0314586 1.72977 -1.38541 
-2.13064 -0.444389 -5.57153e-05 -2.18573 0.0314481 1.73289 -1.37913 
-2.12603 -0.438262 -7.02446e-05 -2.18576 0.0314228 1.73726 -1.37336 
-2.12118 -0.431119 -5.23323e-05 -2.18577 0.0314175 1.74369 -1.36826 
-2.11602 -0.424083 -2.58821e-05 -2.18577 0.0314025 1.75149 -1.36412 
-2.11071 -0.417786 -3.68119e-05 -2.18574 0.031376 1.76004 -1.36047 
-2.10526 -0.410985 -4.80167e-05 -2.18575 0.0313651 1.77064 -1.35686 
-2.09992 -0.403463 -4.91609e-05 -2.18581 0.0313678 1.7828 -1.35248 
-2.09461 -0.396139 -2.80091e-05 -2.18576 0.0313567 1.79568 -1.34705 
-2.08914 -0.389176 -4.40094e-06 -2.18572 0.0313195 1.80926 -1.34031 
-2.08332 -0.38169 -1.99647e-05 -2.1858 0.0311819 1.82311 -1.33284 
-2.07773 -0.374189 -3.15455e-05 -2.18578 0.0311135 1.83585 -1.32621 
-2.07189 -0.366729 -2.48017e-05 -2.18566 0.031102 1.84878 -1.31889 
-2.06607 -0.359314 -9.74093e-06 -2.18565 0.0310819 1.86172 -1.31042 
-2.0604 -0.351379 -6.69015e-06 -2.18569 0.0309812 1.87327 -1.3009 
-2.05466 -0.343597 -1.95835e-05 -2.1856 0.0307903 1.88356 -1.29052 
-2.04887 -0.335781 -3.11858e-05 -2.18538 0.0305382 1.89293 -1.28008 
-2.04337 -0.327201 -3.6863e-05 -2.18536 0.0303114 1.90203 -1.26999 
-2.03808 -0.318572 -4.3587e-06 -2.18529 0.0301141 1.90972 -1.26012 
-2.03279 -0.310389 -1.5667e-05 -2.18512 0.0300119 1.91691 -1.25017 
-2.02802 -0.301896 -3.57655e-05 -2.18505 0.0299787 1.92347 -1.24121 
-2.02332 -0.292687 -3.59105e-05 -2.185 0.0299105 1.92941 -1.2319 
-2.01892 -0.283984 -4.3564e-05 -2.18497 0.0297721 1.93567 -1.2224 
-2.01469 -0.273912 -4.17655e-05 -2.18499 0.0295469 1.943 -1.21237 
-2.01099 -0.264657 -2.47768e-05 -2.18493 0.0294015 1.94934 -1.20474 
-2.00698 -0.254894 -3.18871e-05 -2.18484 0.0292093 1.95637 -1.19756 
-2.00336 -0.244394 -4.58261e-05 -2.1848 0.0289438 1.96375 -1.19242 
-2.00008 -0.23441 -3.68406e-05 -2.18462 0.0287068 1.97137 -1.18826 
-1.99692 -0.224074 -6.26612e-05 -2.18459 0.0285369 1.98052 -1.1838 
-1.99401 -0.213125 -5.96702e-05 -2.1845 0.0283681 1.99027 -1.17927 
-1.99118 -0.202804 -5.1189e-05 -2.18428 0.0282949 2.00102 -1.17518 
-1.98837 -0.190783 -6.49509e-05 -2.18399 0.0282827 2.01308 -1.17057 
-1.98592 -0.180074 -3.36546e-05 -2.18387 0.0282744 2.02626 -1.1659 
-1.9835 -0.169131 -8.19364e-05 -2.18374 0.0282611 2.03905 -1.16081 
-1.98129 -0.157716 -6.78545e-05 -2.18347 0.0282446 2.0527 -1.15584 
-1.97908 -0.146595 -8.7849e-05 -2.18335 0.0282208 2.06688 -1.15085 
-1.9773 -0.134631 -8.55697e-05 -2.18319 0.0281595 2.08059 -1.1452 
-1.9756 -0.123557 -9.82428e-05 -2.18291 0.0280083 2.09396 -1.13965 
-1.97416 -0.111423 -0.000165102 -2.18286 0.0279269 2.10747 -1.13481 
-1.97309 -0.100777 -0.000138212 -2.18269 0.0277774 2.11936 -1.13101 
-1.97213 -0.088795 -0.00017724 -2.18245 0.0276125 2.13058 -1.12764 
-1.97155 -0.0771988 -0.000157742 -2.18231 0.0275252 2.14205 -1.12412 
-1.97102 -0.0655443 -0.000197206 -2.1822 0.0273683 2.1526 -1.12106 
-1.97084 -0.0530902 -0.000203909 -2.18203 0.0271319 2.16273 -1.11893 
-1.97078 -0.0416569 -0.000229835 -2.18182 0.0268367 2.17186 -1.1181 
-1.9709 -0.0298767 -0.000368078 -2.18178 0.0265828 2.18099 -1.11799 
-1.97111 -0.0185606 -0.000397764 -2.18159 0.0262432 2.18971 -1.11799 
-1.97142 -0.00607825 -0.00044194 -2.18136 0.0258885 2.19838 -1.118 
-1.97173 0.00485858 -0.000439103 -2.18095 0.0253609 2.20615 -1.118 
-1.97196 0.0172465 -0.000454609 -2.18064 0.0244436 2.2151 -1.118 
-1.97208 0.0295077 -0.000450692 -2.18033 0.0229069 2.22459 -1.118 
-1.97209 0.0417576 -0.000463212 -2.17993 0.0208141 2.23378 -1.118 
-1.97208 0.0531728 -0.000448882 -2.17944 0.0185592 2.24262 -1.11799 
-1.97192 0.0649589 -0.00042608 -2.1789 0.0158395 2.25264 -1.118 
-1.97169 0.0771307 -0.000408135 -2.1786 0.0128903 2.26336 -1.118 
-1.97134 0.087902 -0.00041052 -2.17815 0.0101144 2.27335 -1.118 
-1.97116 0.10009 -0.000413716 -2.1776 0.00722866 2.28349 -1.118 
-1.97088 0.111016 -0.000397956 -2.17697 0.00446544 2.2942 -1.118 
-1.97057 0.12273 -0.00039522 -2.17643 0.00186643 2.30463 -1.118 
-1.9702 0.133454 -0.000392527 -2.17577 -0.000330514 2.31481 -1.118 
-1.96995 0.144238 -0.000392474 -2.17491 -0.00208537 2.32408 -1.118 
-1.96965 0.155012 -0.000376128 -2.1741 -0.00368864 2.3337 -1.118 
-1.9692 0.164824 -0.000382363 -2.17303 -0.00552996 2.34261 -1.118 
-1.96885 0.175503 -0.000379809 -2.17171 -0.00742928 2.35096 -1.118 
-1.9685 0.185229 -0.000388031 -2.17008 -0.00936018 2.35854 -1.118 
-1.96818 0.194874 -0.000391914 -2.16801 -0.0112237 2.36532 -1.118 
-1.96785 0.204851 -0.000393435 -2.16584 -0.0128808 2.37247 -1.118 
-1.96746 0.213927 -0.000405726 -2.16328 -0.0143063 2.37942 -1.118 
-1.96714 0.223559 -0.000406801 -2.16023 -0.0160767 2.3858 -1.118 
-1.96682 0.233186 -0.000408463 -2.15673 -0.0186272 2.39208 -1.118 
-1.96649 0.241684 -0.000413606 -2.15274 -0.0219986 2.3975 -1.118 
-1.96624 0.251833 -0.000418473 -2.14819 -0.0265654 2.40334 -1.11801 
-1.966 0.261227 -0.000411512 -2.14365 -0.0313208 2.40988 -1.118 
-1.96572 0.269829 -0.00040758 -2.1389 -0.0365076 2.41613 -1.11801 
-1.96545 0.279823 -0.000403185 -2.13365 -0.0426682 2.42221 -1.118 
-1.96513 0.289249 -0.000401506 -2.12795 -0.0491934 2.4279 -1.11801 
-1.96475 0.298634 -0.000399976 -2.12211 -0.0552624 2.43315 -1.11801 
-1.96425 0.308279 -0.000401925 -2.11632 -0.0605634 2.43712 -1.118 
-1.96358 0.317542 -0.000404228 -2.1098 -0.0655992 2.44081 -1.118 
-1.96279 0.327254 -0.000402882 -2.10306 -0.0695621 2.44474 -1.118 
-1.96178 0.33731 -0.00039749 -2.09651 -0.0724581 2.44832 -1.11801 
-1.96057 0.346559 -0.000390393 -2.08984 -0.0745225 2.45201 -1.118 
-1.95918 0.357053 -0.000395678 -2.0827 -0.0761092 2.45557 -1.11802 
-1.95764 0.367002 -0.000405231 -2.07547 -0.0773825 2.45829 -1.11801 
-1.95614 0.376173 -0.000384247 -2.06858 -0.0781972 2.45978 -1.11803 
-1.95431 0.387449 -0.000404087 -2.06074 -0.0788396 2.46107 -1.11803 
-1.95254 0.396829 -0.000411087 -2.05322 -0.0793615 2.46187 -1.11804 
-1.95086 0.406728 -0.000410978 -2.04556 -0.079675 2.46224 -1.11804 
-1.94916 0.416586 -0.000419346 -2.03803 -0.0799316 2.46235 -1.11806 
-1.94758 0.425239 -0.000414187 -2.03048 -0.0804039 2.46236 -1.11809 
-1.94611 0.434595 -0.000425776 -2.02282 -0.080997 2.46236 -1.1181 
-1.94458 0.44399 -0.000432632 -2.01502 -0.0815094 2.4624 -1.11811 
-1.94325 0.452358 -0.000436814 -2.00715 -0.0819404 2.46241 -1.11813 
-1.94218 0.460948 -0.000438746 -1.99948 -0.0822491 2.46242 -1.11819 
-1.94113 0.469492 -0.000445866 -1.99159 -0.0825001 2.46243 -1.1184 
-1.94019 0.477394 -0.000451674 -1.98347 -0.0826835 2.46244 -1.11861 
-1.9394 0.485805 -0.000445454 -1.97523 -0.0828532 2.46249 -1.1189 
-1.93871 0.494026 -0.000443784 -1.96715 -0.0831074 2.46252 -1.11931 
-1.93814 0.501507 -0.000446141 -1.95905 -0.083347 2.46254 -1.11986 
-1.93774 0.508882 -0.000441808 -1.95115 -0.0834954 2.46255 -1.12013 
-1.9374 0.517561 -0.000445454 -1.94226 -0.0837097 2.46256 -1.12041 
-1.93715 0.525185 -0.000448995 -1.93388 -0.0839808 2.46256 -1.12084 
-1.93697 0.532034 -0.000452966 -1.926 -0.0841652 2.46257 -1.1212 
-1.93683 0.539939 -0.000453585 -1.9179 -0.084337 2.46257 -1.12155 
-1.93668 0.547573 -0.000451295 -1.91017 -0.0845676 2.46257 -1.1221 
-1.93658 0.554744 -0.000457559 -1.90219 -0.0847893 2.46257 -1.12254 
-1.93657 0.562514 -0.000461216 -1.89417 -0.0849823 2.46257 -1.12281 
-1.93655 0.570657 -0.000458662 -1.88655 -0.0851098 2.46258 -1.123 
-1.93655 0.577933 -0.000472397 -1.87916 -0.0851238 2.46258 -1.12304 
-1.93657 0.585691 -0.000485246 -1.87125 -0.0851286 2.46259 -1.12305 
-1.93659 0.594236 -0.00055213 -1.8636 -0.085128 2.4626 -1.12305 
-1.93661 0.602252 -0.000566184 -1.85622 -0.0851267 2.46262 -1.12304 
-1.93661 0.609986 -0.000563699 -1.8486 -0.0851247 2.46265 -1.12305 
-1.93661 0.618403 -0.000562414 -1.84109 -0.0851234 2.46304 -1.12305 
-1.93657 0.626452 -0.000539166 -1.83392 -0.0851194 2.46362 -1.12304 
-1.93652 0.633904 -0.000535 -1.82665 -0.0851168 2.46453 -1.12305 
-1.93651 0.642185 -0.000544706 -1.81915 -0.0851181 2.46618 -1.12304 
-1.93651 0.650108 -0.000541328 -1.81233 -0.085118 2.46906 -1.12304 
-1.93651 0.656987 -0.000544947 -1.80602 -0.0851188 2.47271 -1.12304 
-1.93657 0.664136 -0.000567501 -1.79937 -0.0851155 2.47687 -1.12304 
-1.93664 0.672056 -0.000585523 -1.79274 -0.0851112 2.48201 -1.12304 
-1.93666 0.67944 -0.000584327 -1.78642 -0.0851107 2.48919 -1.12304 
-1.93666 0.685645 -0.000587485 -1.78095 -0.0851101 2.49663 -1.12304 
-1.93674 0.693012 -0.000605094 -1.77482 -0.0850902 2.50495 -1.12303 
-1.93688 0.699883 -0.000609829 -1.7695 -0.0850795 2.51226 -1.12302 
-1.93701 0.705912 -0.000614722 -1.76434 -0.0850778 2.51751 -1.12303 
-1.93722 0.71214 -0.000631293 -1.75861 -0.085036 2.52172 -1.12301 
-1.93753 0.718333 -0.000637512 -1.75331 -0.0849626 2.52436 -1.12297 
-1.9379 0.724438 -0.000633984 -1.74824 -0.0848392 2.52493 -1.12287 
-1.93828 0.730535 -0.000635567 -1.74282 -0.0848179 2.52493 -1.12282 
-1.93874 0.736251 -0.000642381 -1.73713 -0.0848018 2.52493 -1.12281 
-1.93931 0.742171 -0.000640711 -1.73129 -0.0847093 2.52493 -1.12277 
-1.93994 0.748543 -0.000645578 -1.72548 -0.0846146 2.52493 -1.12272 
-1.94049 0.75461 -0.000643907 -1.71955 -0.0845592 2.52493 -1.1227 
-1.941 0.760193 -0.00065334 -1.71325 -0.0844776 2.52493 -1.12269 
-1.94155 0.765642 -0.000651969 -1.70672 -0.0843755 2.52493 -1.12268 
-1.94213 0.771525 -0.00065364 -1.70014 -0.0843043 2.52491 -1.12267 
-1.94263 0.777104 -0.00064835 -1.6939 -0.0842782 2.5249 -1.12268 
-1.94309 0.782215 -0.000643523 -1.68771 -0.0842039 2.5249 -1.12267 
-1.94347 0.786763 -0.000637907 -1.68172 -0.0840773 2.52489 -1.12268 
-1.94378 0.791232 -0.000635422 -1.67582 -0.0839264 2.52488 -1.12268 
-1.9441 0.796224 -0.000638618 -1.66943 -0.0837681 2.52484 -1.12267 
-1.94437 0.800978 -0.000641958 -1.66379 -0.0835112 2.52467 -1.12268 
-1.94458 0.805214 -0.000640173 -1.65879 -0.0832154 2.52432 -1.12267 
-1.94475 0.809259 -0.000625106 -1.65393 -0.0828565 2.52378 -1.12267 
-1.94483 0.812951 -0.00062328 -1.64947 -0.0822853 2.52338 -1.12267 
-1.94485 0.816482 -0.000621185 -1.64518 -0.0814287 2.52315 -1.12266 
-1.94486 0.819917 -0.000614242 -1.64117 -0.080409 2.52294 -1.12266 
-1.94483 0.823163 -0.000579654 -1.63768 -0.0790712 2.52278 -1.12264 
-1.94474 0.826034 -0.000541702 -1.63469 -0.0773778 2.52261 -1.12263 
-1.94467 0.828487 -0.00052715 -1.63199 -0.0758174 2.52223 -1.12261 
-1.94465 0.830632 -0.000474641 -1.6295 -0.0745782 2.52152 -1.1226 
-1.94462 0.832262 -0.000464093 -1.62751 -0.0735505 2.52112 -1.1225 
-1.94462 0.833402 -0.000455611 -1.6259 -0.0722943 2.52109 -1.12197 
-1.94461 0.834188 -0.000445996 -1.62457 -0.070905 2.52089 -1.12176 
-1.94463 0.834615 -0.000454403 -1.62333 -0.0697465 2.51997 -1.12174 
-1.94468 0.834681 -0.000454508 -1.62218 -0.0684931 2.51831 -1.12173 
-1.94468 0.834627 -0.000444471 -1.62084 -0.0667766 2.51565 -1.12167 
-1.94465 0.83464 -0.000432635 -1.61913 -0.0645305 2.51233 -1.12147 
-1.94466 0.834618 -0.000436433 -1.61705 -0.0620817 2.50732 -1.12127 
-1.94467 0.834621 -0.000427231 -1.61463 -0.0589513 2.50089 -1.12112 
-1.94462 0.83467 -0.000415995 -1.61178 -0.0550677 2.4926 -1.12111 
-1.94464 0.834639 -0.000427351 -1.60865 -0.0510628 2.48295 -1.12111 
-1.9447 0.834666 -0.000452752 -1.6054 -0.0476636 2.47299 -1.12115 
-1.94483 0.834688 -0.000474674 -1.60223 -0.0460697 2.46357 -1.12122 
-1.94497 0.834694 -0.000503246 -1.59943 -0.0461467 2.45656 -1.1218 
-1.94509 0.834714 -0.000573206 -1.59686 -0.0465509 2.45229 -1.1236 
-1.94524 0.834805 -0.000577897 -1.59444 -0.0471615 2.45132 -1.12588 
-1.94533 0.834998 -0.000579568 -1.59227 -0.0477039 2.45155 -1.12799 
-1.94538 0.835227 -0.00058112 -1.59023 -0.0481363 2.45231 -1.13058 
-1.94539 0.835506 -0.000579881 -1.5883 -0.0481117 2.4529 -1.13397 
-1.9454 0.835912 -0.00056428 -1.58638 -0.0479627 2.45292 -1.13593 
-1.94536 0.836407 -0.00050631 -1.5847 -0.0477695 2.45288 -1.13618 
-1.9452 0.837063 -0.000418718 -1.5833 -0.0476367 2.45284 -1.13617 
-1.94495 0.83786 -0.000422061 -1.58214 -0.047145 2.45286 -1.13616 
-1.94475 0.838798 -0.000420285 -1.58113 -0.0465006 2.45285 -1.13616 
-1.94453 0.839884 -0.000393346 -1.58027 -0.0464049 2.45286 -1.13616 
-1.94427 0.841102 -0.00033252 -1.57945 -0.0464041 2.45287 -1.13615 
-1.94393 0.842694 -0.000325685 -1.57841 -0.0463865 2.45286 -1.13613 
-1.94367 0.84442 -0.000327633 -1.57738 -0.0462697 2.45288 -1.13607 
-1.94348 0.846134 -0.000293041 -1.57645 -0.0460665 2.45289 -1.13601 
-1.94325 0.847991 -0.000257459 -1.57548 -0.0459531 2.45288 -1.136 
-1.94296 0.849904 -0.000231765 -1.57451 -0.0458827 2.45289 -1.13598 
-1.9426 0.851838 -0.000223356 -1.57347 -0.045749 2.45289 -1.13589 
-1.94217 0.853651 -0.000215926 -1.57241 -0.0455019 2.45293 -1.13555 
-1.94174 0.855403 -0.000224411 -1.57119 -0.0453836 2.45293 -1.13541 
-1.94133 0.857114 -0.000219122 -1.56978 -0.0453904 2.45292 -1.13543 
-1.94086 0.858764 -0.000212693 -1.56826 -0.0453908 2.45293 -1.13542 
-1.94041 0.860497 -0.000222741 -1.56634 -0.0453854 2.45292 -1.13542 
-1.94007 0.862177 -0.000215807 -1.56429 -0.0453925 2.45292 -1.13542 
-1.93972 0.863943 -0.000205809 -1.56209 -0.0454007 2.45291 -1.13543 
-1.93932 0.86581 -0.000204141 -1.55977 -0.045397 2.45292 -1.13543 
-1.93904 0.867638 -0.000213577 -1.55748 -0.045399 2.45291 -1.13543 
-1.93891 0.869464 -0.00018949 -1.55515 -0.0454039 2.4529 -1.13544 
-1.93869 0.87133 -0.000193555 -1.55292 -0.0454186 2.4529 -1.13546 
-1.93847 0.87298 -0.000196751 -1.55102 -0.045426 2.4529 -1.13547 
-1.93834 0.874342 -0.000210563 -1.54946 -0.0454294 2.4529 -1.13546 
-1.93826 0.875242 -0.000197566 -1.54847 -0.0454295 2.45289 -1.13547 
-1.93815 0.875615 -0.000199706 -1.54806 -0.0454424 2.45289 -1.13547 
-1.93802 0.875555 -0.00019423 -1.54803 -0.0454549 2.45287 -1.13548 
-1.93785 0.875354 -0.000195081 -1.54799 -0.0454537 2.45288 -1.13549 
-1.93764 0.875257 -0.00019341 -1.5478 -0.0454561 2.45287 -1.13549 
-1.93739 0.875244 -0.000193556 -1.54751 -0.0454548 2.45287 -1.13548 
-1.93717 0.875245 -0.000196751 -1.54721 -0.0454522 2.45287 -1.13548 
-1.93698 0.875275 -0.000198463 -1.54699 -0.0454449 2.45287 -1.13547 
-1.9368 0.875297 -0.000191245 -1.54689 -0.0454455 2.45288 -1.13547 
-1.93663 0.875288 -0.000193635 -1.54681 -0.0454429 2.45289 -1.13546 
-1.9365 0.875292 -0.000191973 -1.54665 -0.0454291 2.45288 -1.13544 
-1.9364 0.875326 -0.000194103 -1.54657 -0.045417 2.45288 -1.13542 
-1.93637 0.875335 -0.000198674 -1.54657 -0.0454093 2.45289 -1.13535 
-1.93636 0.87534 -0.000196029 -1.54656 -0.04541 2.45288 -1.13507 
-1.93631 0.875413 -0.000196634 -1.54656 -0.0454078 2.45288 -1.13478 
-1.93631 0.875531 -0.000212012 -1.54655 -0.0453972 2.45288 -1.13449 
-1.93638 0.875643 -0.000226924 -1.54655 -0.0453981 2.45288 -1.13418 
-1.93645 0.875738 -0.000224594 -1.54655 -0.0453924 2.45289 -1.134 
-1.93646 0.87582 -0.000230124 -1.54648 -0.0453789 2.45291 -1.13377 
-1.93648 0.875938 -0.00023332 -1.54632 -0.0453774 2.45289 -1.13345 
-1.93647 0.87604 -0.000228031 -1.54622 -0.0453768 2.4529 -1.13329 
-1.93643 0.876111 -0.000212734 -1.54612 -0.0453621 2.45291 -1.13309 
-1.93637 0.87622 -0.000203011 -1.54596 -0.045332 2.45289 -1.13268 
-1.93629 0.876395 -0.000202998 -1.54578 -0.0453229 2.4529 -1.13213 
-1.93617 0.876577 -0.000193555 -1.54562 -0.0453136 2.45291 -1.13179 
-1.93603 0.876785 -0.000196041 -1.54541 -0.0452601 2.45291 -1.13137 
-1.93595 0.877041 -0.000184465 -1.54518 -0.0451664 2.45289 -1.13061 
-1.93578 0.877356 -0.00018507 -1.5449 -0.0451671 2.4529 -1.12965 
-1.93555 0.877678 -0.000180206 -1.54461 -0.0451671 2.45291 -1.12858 
-1.93531 0.878014 -0.000181155 -1.54425 -0.0451684 2.4529 -1.12742 
-1.93504 0.878365 -0.000182796 -1.54392 -0.0451709 2.45289 -1.12657 
-1.93479 0.878687 -0.000188363 -1.54365 -0.0451672 2.4529 -1.12617 
-1.9346 0.878925 -0.000183823 -1.54338 -0.0451671 2.4529 -1.12587 
-1.93443 0.879149 -0.000180818 -1.54318 -0.0451703 2.4529 -1.12568 
-1.93431 0.879337 -0.000189194 -1.54307 -0.045169 2.4529 -1.12565 
-1.93429 0.87944 -0.000185608 -1.54301 -0.0451703 2.4529 -1.12564 
-1.93428 0.879551 -0.000195646 -1.54299 -0.0451703 2.4529 -1.12565 
-1.93429 0.879703 -0.000197173 -1.54295 -0.0451737 2.45291 -1.12564 
-1.9343 0.879853 -0.00020566 -1.54285 -0.0451697 2.4529 -1.12563 
-1.93433 0.880073 -0.000210381 -1.54269 -0.0451684 2.45291 -1.12561 
-1.93434 0.880386 -0.000210487 -1.54246 -0.0451665 2.45291 -1.12555 
-1.93434 0.880768 -0.000210723 -1.54213 -0.0451665 2.45291 -1.12537 
-1.93433 0.881319 -0.000205092 -1.54162 -0.0451677 2.45291 -1.1251 
-1.93428 0.88211 -0.000189899 -1.54081 -0.0451618 2.45292 -1.12485 
-1.9342 0.883064 -0.000186677 -1.53975 -0.0451612 2.45291 -1.1245 
-1.93417 0.884084 -0.000186532 -1.5386 -0.0451591 2.45291 -1.12408 
-1.93412 0.885133 -0.000179494 -1.53749 -0.0451603 2.45292 -1.12388 
-1.93401 0.886232 -0.000179102 -1.5363 -0.0451617 2.45292 -1.12383 
-1.93391 0.887465 -0.000177461 -1.5348 -0.045159 2.45291 -1.1238 
-1.93382 0.888699 -0.000177432 -1.53334 -0.0451642 2.45291 -1.12381 
-1.93374 0.889782 -0.000179563 -1.53204 -0.0451648 2.45291 -1.12381 
-1.93364 0.890894 -0.000172287 -1.53058 -0.0451648 2.4529 -1.1238 
-1.93346 0.891963 -0.000164766 -1.52916 -0.0451642 2.4529 -1.1238 
-1.93322 0.892989 -0.000164793 -1.52776 -0.0451618 2.4529 -1.12379 
-1.933 0.894011 -0.000163131 -1.52635 -0.0451616 2.4529 -1.12379 
-1.93279 0.895051 -0.000167097 -1.52508 -0.0451625 2.4529 -1.12379 
-1.93263 0.895941 -0.00017841 -1.52419 -0.0451629 2.45291 -1.12378 
-1.93257 0.896588 -0.000178 -1.52372 -0.0451617 2.45291 -1.12378 
-1.93255 0.897 -0.000178 -1.52363 -0.0451634 2.4529 -1.12377 
-1.93254 0.897325 -0.000181801 -1.52365 -0.0451636 2.45289 -1.12377 
-1.93255 0.897535 -0.000191242 -1.52365 -0.0451635 2.45289 -1.12377 
-1.93257 0.897671 -0.000209306 -1.52367 -0.0451632 2.45288 -1.12377 
-1.93257 0.897748 -0.000202464 -1.52369 -0.0451636 2.45288 -1.12377 
-1.93256 0.897769 -0.000198845 -1.52369 -0.0451618 2.45289 -1.12376 
-1.93257 0.897744 -0.000213044 -1.52369 -0.0451639 2.45289 -1.12376 
-1.93262 0.89775 -0.000228667 -1.52369 -0.0451642 2.45289 -1.12377 
-1.9327 0.897752 -0.000234167 -1.52369 -0.0451629 2.45289 -1.12376 
-1.93278 0.897752 -0.000243544 -1.52369 -0.0451648 2.45289 -1.12376 
-1.93285 0.897765 -0.000242229 -1.5237 -0.0451661 2.45288 -1.12376 
-1.93287 0.897775 -0.000240667 -1.52377 -0.0451668 2.45288 -1.12377 
-1.93286 0.897777 -0.000240665 -1.52387 -0.0451648 2.45288 -1.12377 
-1.93286 0.897812 -0.000243746 -1.52398 -0.0451668 2.45288 -1.12376 
-1.93285 0.897849 -0.000245422 -1.52418 -0.0451722 2.45288 -1.12377 
-1.93285 0.897893 -0.000235729 -1.52437 -0.0451696 2.45288 -1.12376 
-1.93286 0.897991 -0.000247085 -1.52458 -0.0451684 2.45288 -1.12376 
-1.9329 0.898129 -0.000266568 -1.52479 -0.0451754 2.45289 -1.12376 
-1.93294 0.898311 -0.000326626 -1.52492 -0.0451762 2.45289 -1.12377 
-1.93297 0.898529 -0.000339478 -1.52496 -0.0451791 2.45289 -1.12376 
-1.93303 0.898734 -0.000338358 -1.52495 -0.0451735 2.4529 -1.12376 
-1.93311 0.898918 -0.000344143 -1.52494 -0.0451752 2.45291 -1.12377 
-1.93316 0.899086 -0.000339305 -1.52494 -0.0451746 2.45292 -1.12377 
-1.93317 0.899208 -0.000341043 -1.52492 -0.0451729 2.45292 -1.12376 
-1.93322 0.899274 -0.000345147 -1.52488 -0.0451716 2.45293 -1.12376 
-1.93325 0.899328 -0.000339564 -1.52487 -0.0451696 2.45293 -1.12375 
-1.93328 0.899396 -0.000339792 -1.52483 -0.0451702 2.45293 -1.12375 
-1.9333 0.899457 -0.00034155 -1.52478 -0.0451668 2.45293 -1.12373 
-1.93332 0.899523 -0.000341527 -1.52477 -0.0451669 2.45293 -1.12372 
-1.93331 0.899611 -0.00033316 -1.52474 -0.0451617 2.45294 -1.12366 
-1.93331 0.899707 -0.000338358 -1.52467 -0.0451587 2.45294 -1.12341 
-1.93334 0.899797 -0.000346843 -1.52456 -0.0451612 2.45295 -1.12302 
-1.93342 0.899862 -0.000349894 -1.52446 -0.0451591 2.45295 -1.12268 
-1.93351 0.899914 -0.000349894 -1.52435 -0.0451575 2.45296 -1.12236 
-1.93358 0.899936 -0.000351565 -1.52423 -0.045152 2.45297 -1.1219 
-1.93366 0.899948 -0.000351565 -1.52412 -0.0451515 2.45297 -1.12126 
-1.93375 0.899953 -0.000356391 -1.5241 -0.0451521 2.45296 -1.1209 
-1.93383 0.899971 -0.000354752 -1.5241 -0.0451508 2.45296 -1.12072 
-1.9339 0.900005 -0.000351036 -1.5241 -0.0451512 2.45297 -1.1204 
-1.93394 0.900018 -0.000356405 -1.52409 -0.0451473 2.45297 -1.12009 
-1.93399 0.90001 -0.000356431 -1.52409 -0.0451396 2.45296 -1.11977 
-1.93405 0.900033 -0.000351062 -1.52409 -0.0451245 2.45296 -1.11922 
-1.9341 0.900049 -0.000351141 -1.52407 -0.0451245 2.45297 -1.1186 
-1.93415 0.900067 -0.000351141 -1.52406 -0.0451215 2.45297 -1.11812 
-1.93416 0.900102 -0.000351141 -1.52405 -0.0451214 2.45297 -1.11772 
-1.93416 0.900121 -0.000353081 -1.52402 -0.0451109 2.45297 -1.11724 
-1.93416 0.900175 -0.000344605 -1.5239 -0.0451016 2.45298 -1.11649 
-1.93413 0.90028 -0.000336119 -1.52372 -0.0451028 2.45298 -1.11575 
-1.93411 0.900356 -0.000327779 -1.52355 -0.0451016 2.45299 -1.11534 
-1.93411 0.900402 -0.000326615 -1.5234 -0.0450985 2.45299 -1.11501 
-1.93411 0.900475 -0.000326562 -1.52331 -0.045098 2.45299 -1.11476 
-1.93409 0.900545 -0.000322912 -1.52327 -0.045098 2.45299 -1.11473 
-1.93409 0.900605 -0.000322098 -1.52326 -0.045098 2.45299 -1.1147 
-1.93409 0.900696 -0.000321387 -1.52322 -0.0450968 2.453 -1.11461 
-1.93407 0.900825 -0.000312928 -1.52314 -0.0450968 2.453 -1.11451 
-1.93403 0.900929 -0.000309706 -1.52302 -0.0450862 2.45307 -1.11436 
-1.93398 0.901061 -0.000311655 -1.52296 -0.0450784 2.45381 -1.11411 
-1.93396 0.901197 -0.000314386 -1.52293 -0.045077 2.45441 -1.11389 
-1.93396 0.901323 -0.000315714 -1.52284 -0.0450542 2.45471 -1.11354 
-1.93395 0.901454 -0.000311663 -1.52273 -0.0450405 2.4548 -1.1129 
-1.93396 0.901541 -0.000318188 -1.52272 -0.0450412 2.45479 -1.11244 
-1.93397 0.901608 -0.00032014 -1.52271 -0.0450393 2.45479 -1.11225 
-1.93395 0.901656 -0.000316521 -1.52271 -0.0450345 2.4548 -1.11194 
-1.93394 0.901679 -0.000315342 -1.5227 -0.0450351 2.4548 -1.11151 
-1.93394 0.901689 -0.000313785 -1.5227 -0.0450357 2.4548 -1.11116 
-1.93393 0.901692 -0.000311655 -1.52267 -0.0450332 2.4548 -1.11078 
-1.93391 0.901693 -0.000308913 -1.5226 -0.045029 2.45481 -1.11009 
-1.93388 0.901722 -0.000302709 -1.52242 -0.0450265 2.4548 -1.10898 
-1.93384 0.901741 -0.000308458 -1.52234 -0.0450302 2.4548 -1.10784 
-1.93385 0.901759 -0.000326982 -1.52234 -0.0450284 2.4548 -1.10716 
-1.93391 0.901805 -0.000341973 -1.52234 -0.0450289 2.4548 -1.10692 
-1.93398 0.901871 -0.000336723 -1.52233 -0.045028 2.4548 -1.1069 
-1.934 0.90197 -0.000345173 -1.52233 -0.0450284 2.4548 -1.10689 
-1.934 0.902039 -0.000341554 -1.52233 -0.0450306 2.45481 -1.10687 
-1.93401 0.90211 -0.000345906 -1.52232 -0.0450313 2.45481 -1.10679 
-1.934 0.902198 -0.000342277 -1.5223 -0.0450329 2.45481 -1.10677 
-1.93399 0.902273 -0.000339173 -1.52229 -0.0450287 2.45481 -1.10676 
-1.93398 0.902344 -0.000331398 -1.52227 -0.045028 2.45482 -1.10672 
-1.93397 0.902458 -0.000326989 -1.52218 -0.0450311 2.45482 -1.10665 
-1.93398 0.902627 -0.000333065 -1.52206 -0.0450297 2.45483 -1.10663 
-1.93399 0.902799 -0.000341278 -1.52197 -0.0450335 2.45483 -1.10663 
-1.93401 0.903025 -0.000350029 -1.52194 -0.0450342 2.45483 -1.10664 
-1.93402 0.903326 -0.000348373 -1.52189 -0.0450441 2.45484 -1.10664 
-1.93401 0.903662 -0.00034475 -1.52182 -0.0450485 2.45485 -1.10664 
-1.93398 0.904026 -0.000330265 -1.52168 -0.045044 2.45486 -1.10664 
-1.93395 0.904427 -0.000330372 -1.5215 -0.0450501 2.45488 -1.10664 
-1.93396 0.904787 -0.000333065 -1.52134 -0.0450601 2.45492 -1.10664 
-1.93395 0.904992 -0.000328232 -1.5212 -0.0450655 2.45541 -1.10664 
-1.9339 0.905098 -0.000326532 -1.52114 -0.0450769 2.45569 -1.10664 
-1.93386 0.905126 -0.000332613 -1.52109 -0.0450837 2.45578 -1.10664 
-1.93386 0.905124 -0.000331047 -1.521 -0.0450853 2.45579 -1.10664 
-1.93387 0.90513 -0.000334982 -1.52092 -0.0450891 2.4558 -1.10664 
-1.93387 0.905134 -0.000337385 -1.52082 -0.0450873 2.4558 -1.10665 
-1.93387 0.905169 -0.000337042 -1.52062 -0.0450873 2.45582 -1.10664 
-1.93387 0.905207 -0.000336176 -1.52039 -0.0450866 2.45582 -1.10664 
-1.93385 0.905235 -0.000329728 -1.52019 -0.0450866 2.45582 -1.10664 
-1.93382 0.90529 -0.000321742 -1.51997 -0.0450866 2.45582 -1.10664 
-1.93378 0.905419 -0.00032165 -1.51971 -0.0450879 2.45582 -1.10664 
-1.93376 0.905599 -0.000319717 -1.51942 -0.0450879 2.45582 -1.10665 
-1.93374 0.905776 -0.000318046 -1.51919 -0.045086 2.45582 -1.10664 
-1.93371 0.906013 -0.000314771 -1.519 -0.0450866 2.45582 -1.10664 
-1.93369 0.906277 -0.000311848 -1.51891 -0.0450853 2.45582 -1.10663 
-1.93367 0.906582 -0.00031068 -1.51887 -0.0450873 2.45582 -1.10664 
-1.93361 0.907012 -0.000304839 -1.51876 -0.0450866 2.45582 -1.10664 
-1.93352 0.907561 -0.000306936 -1.51855 -0.045086 2.45582 -1.10664 
-1.93348 0.908258 -0.000301645 -1.51824 -0.0450873 2.45582 -1.10664 
-1.93347 0.908948 -0.000301645 -1.51788 -0.0450898 2.45582 -1.10665 
-1.93346 0.909634 -0.00030188 -1.51748 -0.0450866 2.45582 -1.10664 
-1.93347 0.910295 -0.0003118 -1.51699 -0.045088 2.45582 -1.10665 
-1.93348 0.910928 -0.000310129 -1.51641 -0.0450933 2.45582 -1.10665 
-1.93343 0.911612 -0.000298025 -1.51566 -0.0450933 2.45582 -1.10665 
-1.93336 0.912476 -0.000302068 -1.51448 -0.0450933 2.45582 -1.10665 
-1.93328 0.913409 -0.000294384 -1.51312 -0.0450958 2.45582 -1.10666 
-1.93315 0.91433 -0.000285254 -1.5118 -0.0450987 2.45582 -1.10666 
-1.93298 0.91528 -0.000312397 -1.51056 -0.0451186 2.45574 -1.10667 
-1.93297 0.915952 -0.000320285 -1.51018 -0.0451318 2.45562 -1.10667 
-1.93301 0.916629 -0.000310131 -1.51 -0.0451308 2.45565 -1.10667 
-1.93297 0.917424 -0.000291606 -1.50955 -0.0451288 2.45566 -1.10666 
-1.93292 0.918277 -0.000293727 -1.50899 -0.0451301 2.45566 -1.10667 
-1.9329 0.919035 -0.000289917 -1.50843 -0.0451275 2.45567 -1.10667 
-1.93285 0.919899 -0.0002808 -1.5077 -0.0451301 2.45567 -1.10667 
-1.9328 0.920795 -0.000282469 -1.50685 -0.0451282 2.45566 -1.10667 
-1.93278 0.92164 -0.000291413 -1.50607 -0.0451294 2.45564 -1.10666 
-1.9328 0.922304 -0.000290989 -1.50565 -0.0451294 2.45565 -1.10667 
-1.9328 0.922922 -0.00029415 -1.50531 -0.0451282 2.45565 -1.10667 
-1.93278 0.923454 -0.000283996 -1.50497 -0.0451275 2.45566 -1.10667 
-1.93274 0.923896 -0.000279274 -1.50469 -0.0451282 2.45565 -1.10667 
-1.93271 0.924265 -0.000274407 -1.50452 -0.0451275 2.45564 -1.10667 
-1.93268 0.924597 -0.000289734 -1.50444 -0.0451282 2.45565 -1.10667 
-1.93271 0.924879 -0.000290954 -1.50441 -0.0451288 2.45565 -1.10667 
-1.93273 0.925207 -0.000304161 -1.5044 -0.0451275 2.45564 -1.10667 
-1.93276 0.925597 -0.000329061 -1.50439 -0.0451275 2.45564 -1.10667 
-1.93283 0.92601 -0.000323481 -1.50439 -0.0451282 2.45563 -1.10667 
-1.93287 0.926531 -0.000317299 -1.50439 -0.0451269 2.45562 -1.10667 
-1.93288 0.927069 -0.000335581 -1.50439 -0.0451294 2.45562 -1.10667 
-1.93296 0.927536 -0.000362876 -1.50439 -0.0451368 2.45562 -1.10667 
-1.9331 0.927984 -0.000352667 -1.50439 -0.045147 2.45561 -1.10667 
-1.93314 0.928369 -0.00035476 -1.50439 -0.0451464 2.45563 -1.10666 
-1.93319 0.928584 -0.000401523 -1.50435 -0.0452128 2.45563 -1.10667 
-1.93333 0.928579 -0.000364946 -1.50433 -0.0453653 2.45561 -1.10668 
-1.93329 0.92859 -0.00035753 -1.50432 -0.0453685 2.45562 -1.10669 
-1.93326 0.928584 -0.000354097 -1.50428 -0.0453752 2.45562 -1.10668 
-1.93325 0.928588 -0.000348479 -1.50425 -0.045386 2.45561 -1.10668 
-1.93323 0.928618 -0.000357388 -1.50425 -0.0454203 2.45561 -1.10668 
-1.93323 0.928614 -0.000352098 -1.50423 -0.0454311 2.45561 -1.10669 
-1.93321 0.928621 -0.000350149 -1.5042 -0.0454335 2.45561 -1.10669 
-1.93321 0.928656 -0.000353768 -1.50415 -0.0454302 2.45561 -1.10668 
-1.93322 0.928675 -0.000355439 -1.50411 -0.0454273 2.4556 -1.10668 
-1.93321 0.928741 -0.000359058 -1.504 -0.0454283 2.45559 -1.10668 
-1.93321 0.928801 -0.000352098 -1.50387 -0.0454273 2.45558 -1.10668 
-1.93319 0.928906 -0.00035081 -1.50372 -0.0454273 2.45557 -1.10669 
-1.93319 0.929069 -0.000354403 -1.50347 -0.0454289 2.45555 -1.10668 
-1.93315 0.929241 -0.000350494 -1.50309 -0.0454324 2.45527 -1.10668 
-1.93312 0.929458 -0.000345283 -1.50258 -0.0454273 2.4549 -1.10668 
-1.93309 0.929716 -0.000347954 -1.50208 -0.0454312 2.45442 -1.10668 
-1.93305 0.930033 -0.000346656 -1.50152 -0.0454383 2.45396 -1.10669 
-1.93303 0.930377 -0.000345706 -1.50089 -0.0454388 2.45384 -1.10669 
-1.93299 0.930647 -0.000330446 -1.50044 -0.0454394 2.45375 -1.10669 
-1.93289 0.930893 -0.000351985 -1.50013 -0.0454446 2.45376 -1.10669 
-1.93288 0.93106 -0.000342432 -1.49979 -0.0454481 2.45374 -1.10669 
-1.93285 0.931166 -0.000337366 -1.49958 -0.0454629 2.45366 -1.1067 
-1.93279 0.931211 -0.000342652 -1.49952 -0.0455273 2.45358 -1.1067 
-1.93276 0.931227 -0.000347799 -1.49949 -0.0458187 2.45355 -1.1067 
-1.9328 0.931225 -0.000362676 -1.49946 -0.046103 2.4532 -1.10674 
-1.93284 0.931221 -0.000374539 -1.49939 -0.0462844 2.45243 -1.10677 
-1.93285 0.931226 -0.000377122 -1.49929 -0.0462899 2.4522 -1.10677 
-1.93286 0.931231 -0.000383395 -1.49927 -0.0463541 2.45208 -1.10685 
-1.93286 0.931225 -0.000390748 -1.49924 -0.0465858 2.45163 -1.10721 
-1.93287 0.931227 -0.000394936 -1.4992 -0.0467578 2.45142 -1.10746 
-1.93287 0.931224 -0.000391585 -1.49919 -0.0467771 2.4514 -1.1075 
-1.93286 0.931227 -0.000389217 -1.49917 -0.0468162 2.45138 -1.10752 
-1.93288 0.931222 -0.000395204 -1.4991 -0.0468578 2.45119 -1.10753 
-1.93289 0.931245 -0.000391585 -1.49908 -0.0468596 2.45098 -1.10753 
-1.93288 0.93125 -0.000398399 -1.49906 -0.0469081 2.45092 -1.10755 
-1.9329 0.93124 -0.000395126 -1.49901 -0.0470089 2.45066 -1.10757 
-1.93288 0.931269 -0.000398888 -1.49892 -0.0470051 2.45047 -1.10756 
-1.93289 0.93127 -0.00039619 -1.49891 -0.0470065 2.45044 -1.10756 
-1.93289 0.931274 -0.000396835 -1.4989 -0.047001 2.45041 -1.10756 
-1.93291 0.931298 -0.000401595 -1.49889 -0.0469968 2.45037 -1.10757 
-1.93292 0.931405 -0.00043071 -1.49888 -0.0470115 2.45036 -1.10757 
-1.93298 0.93166 -0.000464132 -1.4989 -0.0470203 2.45014 -1.10757 
-1.93304 0.932136 -0.000473484 -1.49889 -0.0470224 2.44956 -1.10757 
-1.93317 0.93312 -0.000463417 -1.49889 -0.0470088 2.44886 -1.10756 
-1.93321 0.934369 -0.000456607 -1.49863 -0.0470194 2.4489 -1.10756 
-1.93321 0.935992 -0.000444287 -1.49741 -0.0470231 2.44899 -1.10756 
-1.93317 0.937631 -0.000445275 -1.49601 -0.0470179 2.44896 -1.10757 
-1.93301 0.939244 -0.00034268 -1.49476 -0.0470101 2.44899 -1.10756 
-1.93279 0.940823 -0.000456071 -1.49337 -0.0470355 2.44898 -1.10757 
-1.93282 0.942283 -0.000432753 -1.49181 -0.0470278 2.44896 -1.10757 
-1.93275 0.943765 -0.000396209 -1.49009 -0.0470248 2.44896 -1.10757 
-1.93262 0.945361 -0.000364555 -1.48822 -0.0470229 2.44895 -1.10757 
-1.9325 0.946999 -0.000369816 -1.48624 -0.0470178 2.44894 -1.10757 
-1.93244 0.948501 -0.000365075 -1.48453 -0.0470118 2.44885 -1.10757 
-1.93247 0.950171 -0.000384101 -1.48303 -0.0470245 2.44803 -1.10757 
-1.93253 0.951557 -0.000411481 -1.48195 -0.0470032 2.44772 -1.10757 
-1.93258 0.952907 -0.000420202 -1.48105 -0.0470208 2.44772 -1.10757 
-1.9326 0.95423 -0.000428145 -1.48022 -0.0470196 2.4477 -1.10757 
-1.93261 0.955425 -0.000429789 -1.47951 -0.0470305 2.4477 -1.10758 
-1.93259 0.956512 -0.000411237 -1.47887 -0.0470456 2.44772 -1.10757 
-1.93255 0.95742 -0.000413081 -1.47826 -0.0470538 2.44772 -1.10757 
-1.93256 0.958058 -0.000414843 -1.47765 -0.0470421 2.4477 -1.10757 
-1.93252 0.958464 -0.00038308 -1.47725 -0.0470328 2.44771 -1.10757 
-1.9324 0.95872 -0.000388231 -1.47684 -0.0470359 2.44769 -1.10757 
-1.93238 0.958755 -0.000389491 -1.4767 -0.0470471 2.4475 -1.10757 
-1.93239 0.95876 -0.000394635 -1.47667 -0.0470434 2.44722 -1.10757 
-1.93239 0.958779 -0.000401171 -1.47663 -0.0470373 2.44719 -1.10757 
-1.9324 0.95881 -0.000405892 -1.47663 -0.0470384 2.44717 -1.10757 
-1.9324 0.958806 -0.000402274 -1.47662 -0.0470361 2.44716 -1.10757 
-1.9324 0.958837 -0.000410723 -1.47662 -0.0470361 2.44715 -1.10757 
-1.93247 0.958915 -0.000435247 -1.47662 -0.0470344 2.44713 -1.10757 
-1.93252 0.959143 -0.00044368 -1.47662 -0.0470353 2.44695 -1.10757 
-1.93254 0.959648 -0.000465742 -1.47659 -0.0470306 2.44669 -1.10756 
-1.93264 0.960328 -0.000490501 -1.47657 -0.0470251 2.44658 -1.10755 
-1.93273 0.961174 -0.000488209 -1.47655 -0.046995 2.44651 -1.10755 
-1.9328 0.962217 -0.000502826 -1.47638 -0.047026 2.44653 -1.10755 
-1.93289 0.963338 -0.00049952 -1.47602 -0.0470008 2.44653 -1.10755 
-1.93292 0.964548 -0.000481643 -1.47537 -0.0470172 2.44653 -1.10754 
-1.93291 0.965875 -0.000495375 -1.47426 -0.046997 2.44652 -1.10754 
-1.9329 0.967041 -0.000454941 -1.47318 -0.0469841 2.44653 -1.10754 
-1.9327 0.968699 -0.000313483 -1.47168 -0.0469709 2.44652 -1.10754 
-1.93222 0.970166 -0.000301027 -1.47029 -0.0469253 2.44652 -1.10753 
-1.93166 0.971637 -0.000299016 -1.46894 -0.0467557 2.44652 -1.10753 
-1.93112 0.972954 -0.000302174 -1.46739 -0.0466109 2.44667 -1.10752 
-1.93061 0.97344 -0.00028609 -1.46569 -0.0466145 2.44652 -1.10753 
-1.93011 0.974247 -0.000322671 -1.46439 -0.0466241 2.44633 -1.10753 
-1.92984 0.974998 -0.000310698 -1.4634 -0.0466137 2.44633 -1.10753 
-1.92964 0.97527 -0.000310699 -1.46268 -0.0466141 2.44628 -1.10753 
-1.9296 0.975498 -0.000342346 -1.46246 -0.0466141 2.4463 -1.10753 
-1.92969 0.975495 -0.000339205 -1.46244 -0.0465975 2.44629 -1.10752 
-1.92977 0.975522 -0.000340398 -1.46243 -0.0464932 2.44628 -1.10751 
-1.92983 0.975532 -0.000353371 -1.46244 -0.0462684 2.44627 -1.10749 
-1.92992 0.975558 -0.000354082 -1.46245 -0.0460905 2.44626 -1.10747 
-1.93007 0.975585 -0.000357127 -1.46245 -0.0459729 2.44621 -1.10745 
-1.93023 0.975573 -0.00036292 -1.46244 -0.0458413 2.44584 -1.1074 
-1.93044 0.975535 -0.00035838 -1.46244 -0.0456466 2.44521 -1.10694 
-1.93065 0.975531 -0.000363669 -1.46244 -0.0453783 2.44502 -1.10677 
-1.93086 0.975534 -0.000349894 -1.46244 -0.0450442 2.44498 -1.10669 
-1.93098 0.975533 -0.000355172 -1.46244 -0.0448947 2.44489 -1.10667 
-1.93109 0.975538 -0.000358803 -1.46245 -0.0448195 2.44483 -1.10661 
-1.93125 0.975536 -0.000356968 -1.46245 -0.0446395 2.4448 -1.10633 
-1.93138 0.975543 -0.000351556 -1.46246 -0.0443751 2.44477 -1.1058 
-1.93145 0.975546 -0.000353235 -1.46248 -0.0440248 2.44477 -1.10514 
-1.93153 0.975548 -0.000365011 -1.4625 -0.0435854 2.44476 -1.10421 
-1.93167 0.975541 -0.00035838 -1.46256 -0.0430772 2.44473 -1.10299 
-1.93178 0.975541 -0.0003543 -1.46258 -0.0423403 2.44471 -1.10139 
-1.93186 0.975541 -0.000361999 -1.4626 -0.0413765 2.44471 -1.09975 
-1.93199 0.975543 -0.000367131 -1.4626 -0.0402767 2.4447 -1.09844 
-1.93213 0.975543 -0.000373862 -1.4626 -0.0390525 2.44468 -1.09756 
-1.9323 0.975543 -0.000373897 -1.4626 -0.0377754 2.44465 -1.09664 
-1.9325 0.975541 -0.000371255 -1.4626 -0.0366617 2.44456 -1.09573 
-1.93265 0.975524 -0.000361046 -1.46259 -0.0357765 2.44432 -1.09509 
-1.93273 0.975521 -0.000354455 -1.46258 -0.0350448 2.4442 -1.09489 
-1.93276 0.975511 -0.000356316 -1.46258 -0.0343147 2.44407 -1.09488 
-1.93279 0.975491 -0.000356286 -1.46255 -0.033451 2.44376 -1.09488 
-1.93283 0.975494 -0.000356286 -1.46251 -0.0325625 2.44363 -1.09488 
-1.93286 0.975489 -0.000350194 -1.46249 -0.0320149 2.4435 -1.09488 
-1.9329 0.975493 -0.000343079 -1.46232 -0.0316471 2.44288 -1.09489 
-1.93295 0.975498 -0.000338122 -1.46202 -0.0307707 2.44157 -1.09489 
-1.93302 0.975539 -0.000335437 -1.46154 -0.0297307 2.4398 -1.09489 
-1.9331 0.975564 -0.000341228 -1.46096 -0.028759 2.43718 -1.09489 
-1.93324 0.97554 -0.000339886 -1.46042 -0.0279974 2.43424 -1.09489 
-1.93344 0.975472 -0.000312419 -1.45978 -0.0273103 2.43091 -1.09489 
-1.93352 0.975579 -0.000295257 -1.45896 -0.0265034 2.42828 -1.0949 
-1.93352 0.975627 -0.000307471 -1.45833 -0.0257106 2.42579 -1.09489 
-1.93364 0.975581 -0.000307357 -1.45785 -0.0246937 2.42326 -1.0949 
-1.93375 0.975609 -0.000300551 -1.45745 -0.0237252 2.42214 -1.0949 
-1.93375 0.975654 -0.000293017 -1.45741 -0.0234032 2.42209 -1.09492 
-1.9337 0.975689 -0.000318078 -1.4574 -0.0234169 2.42209 -1.09496 
-1.93381 0.975678 -0.000310553 -1.45738 -0.0234008 2.4221 -1.09501 
-1.93386 0.975689 -0.000317394 -1.45739 -0.0233893 2.4221 -1.09502 
-1.9339 0.975687 -0.000300779 -1.45739 -0.0233901 2.4221 -1.09501 
-1.9339 0.97569 -0.000302243 -1.45739 -0.0233916 2.4221 -1.09502 
-1.9339 0.975683 -0.000297701 -1.45739 -0.023374 2.4221 -1.09501 
-1.93389 0.975689 -0.000304151 -1.45737 -0.0232308 2.42209 -1.09501 
-1.93392 0.975683 -0.000304161 -1.45736 -0.0229235 2.42207 -1.09501 
-1.93393 0.975694 -0.000302212 -1.45735 -0.0225519 2.42208 -1.095 
-1.93394 0.975704 -0.000309632 -1.45729 -0.0220821 2.42207 -1.09499 
-1.93396 0.975713 -0.000307361 -1.45729 -0.0216121 2.42206 -1.095 
-1.93395 0.975718 -0.000310724 -1.45728 -0.0212366 2.42206 -1.09498 
-1.93394 0.975721 -0.000310728 -1.45728 -0.0209072 2.42206 -1.09494 
-1.93395 0.975712 -0.000327484 -1.45729 -0.0207883 2.42206 -1.09494 
-1.93392 0.975718 -0.000325259 -1.45728 -0.0207893 2.42206 -1.09494 
-1.93385 0.975718 -0.000342705 -1.45728 -0.0207903 2.42207 -1.09492 
-1.93386 0.975717 -0.000347349 -1.45728 -0.0207918 2.42208 -1.09482 
-1.93385 0.975718 -0.000348792 -1.45729 -0.0207956 2.42212 -1.09461 
-1.93381 0.975727 -0.000363264 -1.45728 -0.0208025 2.42216 -1.09431 
-1.93384 0.975726 -0.000376413 -1.45728 -0.0208091 2.42225 -1.09411 
-1.93383 0.975763 -0.000374332 -1.45731 -0.0208037 2.4226 -1.09403 
-1.93383 0.975799 -0.000386424 -1.45735 -0.0208069 2.423 -1.09364 
-1.93385 0.975825 -0.00039998 -1.45737 -0.0208074 2.4235 -1.09308 
-1.93385 0.975915 -0.000459593 -1.45737 -0.0208018 2.42399 -1.09254 
-1.93384 0.975953 -0.000461323 -1.45738 -0.0208034 2.42427 -1.09197 
-1.93383 0.975964 -0.000462993 -1.45739 -0.0208043 2.42445 -1.09102 
-1.93383 0.976023 -0.000462994 -1.4574 -0.020805 2.42501 -1.08904 
-1.93384 0.976139 -0.000464943 -1.4574 -0.020808 2.42579 -1.08604 
-1.93383 0.97622 -0.000457784 -1.45742 -0.0208091 2.42647 -1.08321 
-1.93375 0.976262 -0.00045613 -1.45743 -0.020811 2.42681 -1.08057 
-1.93368 0.97632 -0.0004797 -1.45744 -0.0208136 2.42722 -1.07824 
-1.93373 0.97639 -0.000484263 -1.45744 -0.0208125 2.42785 -1.0764 
-1.93372 0.976457 -0.000484342 -1.4575 -0.0208075 2.42854 -1.07477 
-1.93372 0.976484 -0.00048653 -1.45753 -0.0208052 2.429 -1.0726 
-1.93377 0.976515 -0.000482169 -1.45753 -0.0208046 2.42926 -1.06941 
-1.93376 0.976572 -0.000491078 -1.45752 -0.0208085 2.42967 -1.06473 
-1.93377 0.976618 -0.0004926 -1.45752 -0.0208072 2.43011 -1.05955 
-1.93383 0.976656 -0.00052306 -1.4575 -0.0208055 2.43033 -1.05392 
-1.93392 0.97667 -0.000518667 -1.4575 -0.0208091 2.43048 -1.04758 
-1.93399 0.976692 -0.00052623 -1.45747 -0.0208078 2.43059 -1.04024 
-1.93406 0.976702 -0.000531376 -1.45747 -0.0208046 2.4306 -1.03359 
-1.93416 0.976697 -0.00053695 -1.45747 -0.0208104 2.43059 -1.02531 
-1.93426 0.976705 -0.00055208 -1.45747 -0.0208164 2.43058 -1.01637 
-1.93433 0.976699 -0.00053133 -1.45748 -0.0208027 2.43057 -1.00863 
-1.93432 0.976697 -0.00052876 -1.4575 -0.0208108 2.43056 -0.999751 
-1.93428 0.976691 -0.000526907 -1.45752 -0.0208276 2.43054 -0.991104 
-1.93428 0.976686 -0.000525239 -1.45753 -0.0208459 2.43054 -0.98319 
-1.93433 0.976673 -0.000529096 -1.45752 -0.0207925 2.43054 -0.981712 
-1.93437 0.976664 -0.000527857 -1.45752 -0.0207782 2.43054 -0.981704 
-1.93434 0.976671 -0.000523595 -1.45752 -0.0207812 2.43054 -0.981698 
-1.93436 0.976667 -0.000523569 -1.45752 -0.0207668 2.43054 -0.981688 
-1.93437 0.976661 -0.000518279 -1.45752 -0.0207453 2.43054 -0.981662 
-1.93435 0.976664 -0.0005077 -1.45752 -0.0207473 2.43053 -0.981653 
-1.93436 0.976661 -0.000508571 -1.45752 -0.0207402 2.43053 -0.981645 
-1.93436 0.976664 -0.0005065 -1.45751 -0.0207242 2.43054 -0.981632 
-1.9344 0.976668 -0.000508663 -1.45751 -0.0206836 2.43054 -0.981496 
-1.9344 0.976671 -0.000495948 -1.4575 -0.019734 2.43054 -0.97642 
-1.9343 0.976677 -0.000490764 -1.45751 -0.0195116 2.4305 -0.968541 
-1.93421 0.976671 -0.000502788 -1.45752 -0.0195477 2.4304 -0.960744 
-1.93414 0.976643 -0.000492713 -1.45754 -0.0196248 2.43005 -0.955856 
-1.93406 0.976615 -0.000501909 -1.45754 -0.019628 2.42985 -0.954263 
-1.93413 0.976582 -0.000487533 -1.45754 -0.0195208 2.42983 -0.95278 
-1.93413 0.976582 -0.000472902 -1.45754 -0.0194522 2.42981 -0.949403 
-1.93404 0.976584 -0.000458662 -1.45754 -0.019447 2.42982 -0.944956 
-1.93399 0.976585 -0.000461993 -1.45753 -0.0192928 2.42984 -0.937857 
-1.93399 0.97658 -0.000455386 -1.45753 -0.0190448 2.42985 -0.92747 
-1.93391 0.976578 -0.000402739 -1.45753 -0.0190425 2.42985 -0.915408 
-1.93376 0.976575 -0.000404249 -1.45752 -0.0190448 2.42987 -0.902306 
-1.93367 0.976566 -0.000393868 -1.45752 -0.0190501 2.42987 -0.888949 
-1.93359 0.976568 -0.000405456 -1.45752 -0.0190608 2.42987 -0.876178 
-1.93357 0.976561 -0.000393789 -1.45752 -0.019058 2.42986 -0.863827 
-1.93355 0.976564 -0.000416046 -1.45752 -0.0190573 2.42986 -0.851642 
-1.9336 0.97656 -0.000438757 -1.45752 -0.019081 2.42987 -0.840778 
-1.9336 0.976559 -0.000446792 -1.45751 -0.0190835 2.42987 -0.831289 
-1.93361 0.976548 -0.000447438 -1.45751 -0.0190816 2.42986 -0.822428 
-1.93359 0.976542 -0.000426786 -1.45753 -0.0190808 2.42985 -0.814764 
-1.93349 0.976542 -0.000371528 -1.45753 -0.0190783 2.42986 -0.806389 
-1.93336 0.976544 -0.000388444 -1.45753 -0.0190785 2.42985 -0.798966 
-1.93336 0.976546 -0.000387065 -1.45752 -0.0190821 2.42985 -0.791751 
-1.93337 0.976542 -0.000396728 -1.45752 -0.0190808 2.42985 -0.786151 
-1.93343 0.976529 -0.000408526 -1.45752 -0.0190634 2.42986 -0.782042 
-1.93353 0.976524 -0.000390594 -1.45752 -0.019055 2.42986 -0.778266 
-1.93354 0.976525 -0.000391016 -1.4575 -0.0190481 2.42987 -0.774643 
-1.93352 0.976529 -0.000389491 -1.45748 -0.01905 2.42987 -0.770622 
-1.93353 0.976526 -0.000392344 -1.45748 -0.0190488 2.42987 -0.766729 
-1.93352 0.976528 -0.00038207 -1.45748 -0.0190434 2.42987 -0.763143 
-1.93348 0.976528 -0.000339224 -1.45748 -0.0190434 2.42986 -0.75866 
-1.93334 0.976533 -0.000348357 -1.4575 -0.019044 2.42985 -0.753101 
-1.93331 0.976533 -0.000357952 -1.45751 -0.0190447 2.42984 -0.746374 
-1.93335 0.976525 -0.000355547 -1.45751 -0.0190359 2.42984 -0.73884 
-1.93334 0.976525 -0.000355149 -1.45751 -0.0190213 2.42983 -0.730919 
-1.93334 0.976521 -0.000355363 -1.45753 -0.0190223 2.42982 -0.722449 
-1.93336 0.976525 -0.000363283 -1.45753 -0.0190209 2.42982 -0.713525 
-1.93334 0.976525 -0.000354202 -1.45753 -0.0190256 2.42981 -0.704046 
-1.9333 0.976515 -0.000349047 -1.45756 -0.019019 2.42976 -0.695137 
-1.9333 0.976471 -0.000334526 -1.45762 -0.0190188 2.42958 -0.685243 
-1.93325 0.976447 -0.000330451 -1.45765 -0.0190181 2.42952 -0.674313 
-1.93313 0.976446 -0.00029049 -1.45766 -0.0190181 2.4295 -0.663075 
-1.9329 0.976452 -0.000336806 -1.45766 -0.0190194 2.42951 -0.650629 
-1.93283 0.976453 -0.000321574 -1.45765 -0.0190208 2.42952 -0.638448 
-1.93274 0.976453 -0.000322234 -1.45766 -0.0190233 2.42952 -0.627024 
-1.93266 0.976453 -0.00033406 -1.45764 -0.0190194 2.42954 -0.616277 
-1.93268 0.97645 -0.000332286 -1.45765 -0.0190194 2.42954 -0.605203 
-1.93264 0.976448 -0.000315035 -1.45764 -0.01902 2.42953 -0.594066 
-1.93253 0.976453 -0.000320282 -1.45765 -0.0190188 2.42954 -0.581977 
-1.93245 0.976452 -0.00031109 -1.45765 -0.0190153 2.42953 -0.569681 
-1.93233 0.976454 -0.000311868 -1.45766 -0.0190153 2.42952 -0.557497 
-1.93222 0.976456 -0.000312144 -1.45767 -0.0190129 2.42951 -0.54604 
-1.93218 0.976452 -0.000305443 -1.4577 -0.0190029 2.42951 -0.5358 
-1.93215 0.976445 -0.00029568 -1.45774 -0.0189854 2.42951 -0.526177 
-1.93209 0.976436 -0.000277143 -1.45777 -0.0189277 2.42952 -0.516669 
-1.93199 0.976433 -0.000268282 -1.45777 -0.0187257 2.42952 -0.506579 
-1.93188 0.976427 -0.000260526 -1.45776 -0.0184154 2.42953 -0.496371 
-1.93178 0.976429 -0.000268916 -1.45777 -0.0181092 2.42952 -0.486119 
-1.93177 0.97642 -0.000279952 -1.45776 -0.0180256 2.42952 -0.475042 
-1.93181 0.976424 -0.000319344 -1.45776 -0.0180227 2.42953 -0.463936 
-1.93196 0.976412 -0.00033406 -1.45776 -0.018018 2.42954 -0.454463 
-1.93212 0.976414 -0.000316171 -1.45777 -0.017999 2.42953 -0.44511 
-1.93223 0.976412 -0.000354382 -1.45779 -0.0179728 2.42953 -0.435274 
-1.93246 0.976389 -0.000305171 -1.45779 -0.0179328 2.42953 -0.424628 
-1.93242 0.976393 -0.000270869 -1.45779 -0.0178337 2.42953 -0.415132 
-1.93219 0.976397 -0.00025942 -1.45779 -0.0178315 2.42955 -0.406433 
-1.93199 0.976393 -0.000282778 -1.45779 -0.0178335 2.42954 -0.398845 
-1.93188 0.976389 -0.000280225 -1.45778 -0.0178284 2.42954 -0.3916 
-1.93186 0.976387 -0.0002654 -1.45779 -0.0177534 2.42953 -0.385116 
-1.93184 0.976388 -0.000251439 -1.45779 -0.0174436 2.42953 -0.378356 
-1.93179 0.976382 -0.000242616 -1.45779 -0.0171874 2.42954 -0.371305 
-1.93174 0.976374 -0.000245361 -1.45779 -0.0168431 2.42953 -0.360863 
-1.93174 0.97638 -0.00024039 -1.45778 -0.0166127 2.42954 -0.349764 
-1.93175 0.976384 -0.000284344 -1.45779 -0.0165938 2.42954 -0.339897 
-1.93184 0.97638 -0.000302558 -1.45779 -0.0165417 2.42954 -0.329794 
-1.93193 0.976378 -0.000291641 -1.45779 -0.0164027 2.42954 -0.318944 
-1.93191 0.976379 -0.000285145 -1.45779 -0.0161611 2.42954 -0.307703 
-1.93187 0.976372 -0.000279478 -1.45779 -0.0159308 2.42955 -0.295439 
-1.93185 0.976369 -0.000259438 -1.45777 -0.015873 2.42956 -0.282879 
-1.93181 0.976371 -0.000280529 -1.45777 -0.0158598 2.42956 -0.270928 
-1.93184 0.976368 -0.000299421 -1.45777 -0.0158269 2.42955 -0.258892 
-1.93191 0.976359 -0.000281821 -1.45777 -0.0157339 2.42954 -0.246887 
-1.93192 0.97636 -0.000309259 -1.45777 -0.0155939 2.42954 -0.234959 
-1.93201 0.976361 -0.000314062 -1.45778 -0.0153811 2.42954 -0.222326 
-1.93214 0.976356 -0.00031318 -1.45778 -0.0151635 2.42954 -0.209078 
-1.93223 0.97636 -0.000311784 -1.45777 -0.0151164 2.42955 -0.195889 
-1.93223 0.976356 -0.000293059 -1.45776 -0.0149894 2.42956 -0.182415 
-1.93216 0.976355 -0.00027537 -1.45776 -0.0148001 2.42956 -0.168507 
-1.93204 0.976359 -0.000259421 -1.45773 -0.0146295 2.42958 -0.154553 
-1.93185 0.976362 -0.000256751 -1.45773 -0.0144652 2.42957 -0.140185 
-1.9317 0.976362 -0.000273008 -1.45773 -0.0144494 2.42957 -0.126095 
-1.93162 0.976367 -0.000256156 -1.45774 -0.0144456 2.42957 -0.1132 
-1.93149 0.976367 -0.000244083 -1.45774 -0.0143909 2.42957 -0.100939 
-1.93136 0.976367 -0.0002515 -1.45773 -0.0143616 2.42958 -0.08884 
-1.93129 0.976369 -0.000226565 -1.4577 -0.0143298 2.42959 -0.0775563 
-1.93119 0.976374 -0.000180344 -1.45768 -0.0141548 2.42961 -0.0667045 
-1.93101 0.976378 -0.000190466 -1.45768 -0.013781 2.42961 -0.0556045 
-1.93088 0.97638 -0.000185205 -1.45767 -0.0133807 2.42961 -0.0445122 
-1.93078 0.976379 -0.000176261 -1.45765 -0.013021 2.42963 -0.0328955 
-1.93065 0.976409 -0.000184814 -1.45762 -0.0126366 2.42994 -0.0222448 
-1.93057 0.976449 -0.00018131 -1.45761 -0.0122229 2.43022 -0.0118896 
-1.93053 0.97645 -0.0001691 -1.45761 -0.0117795 2.43022 -0.0014604 
-1.93044 0.976462 -0.000171617 -1.45758 -0.0114851 2.43025 0.00800401 
-1.93036 0.976457 -0.000184868 -1.45759 -0.0112278 2.43023 0.0168395 
-1.93041 0.976457 -0.000197739 -1.4576 -0.0110837 2.43024 0.0261016 
-1.93043 0.976457 -0.000201362 -1.45758 -0.0108765 2.43025 0.0359417 
-1.93041 0.976455 -0.000194402 -1.45756 -0.0106733 2.43026 0.0457022 
-1.93041 0.976462 -0.000182839 -1.45753 -0.0103239 2.4303 0.054123 
-1.93037 0.976467 -0.000180959 -1.45753 -0.00981746 2.43037 0.0634043 
-1.93038 0.976472 -0.00019329 -1.45753 -0.00938927 2.43047 0.0711771 
-1.93051 0.976472 -0.000230958 -1.45752 -0.00905907 2.4305 0.0805559 
-1.93068 0.976481 -0.000220537 -1.45748 -0.00881965 2.43056 0.0878706 
-1.93079 0.976501 -0.000281933 -1.45754 -0.00859243 2.43055 0.0946936 
-1.93102 0.976488 -0.000324355 -1.45755 -0.00848929 2.43052 0.102614 
-1.9313 0.976481 -0.00032935 -1.45755 -0.0084775 2.4305 0.111618 
-1.93153 0.976479 -0.000341322 -1.45754 -0.00847943 2.4305 0.120477 
-1.93174 0.976479 -0.000352398 -1.45754 -0.0084775 2.43049 0.128325 
-1.93192 0.97647 -0.000356854 -1.45754 -0.00847943 2.4305 0.136041 
-1.93201 0.976474 -0.000388102 -1.45755 -0.00848077 2.43049 0.143623 
-1.93214 0.976476 -0.000439477 -1.45754 -0.00848268 2.43049 0.152208 
-1.93231 0.976476 -0.000436717 -1.45754 -0.00848438 2.4305 0.160633 
-1.9324 0.976471 -0.000424825 -1.45755 -0.00848071 2.4305 0.167936 
-1.93239 0.976472 -0.000429998 -1.45755 -0.00848478 2.43049 0.174965 
-1.93238 0.976471 -0.000430608 -1.45755 -0.00848931 2.43049 0.182175 
-1.93238 0.976472 -0.000424499 -1.45757 -0.00849113 2.43047 0.189201 
-1.93234 0.976466 -0.000421314 -1.45759 -0.0085032 2.43045 0.195552 
-1.93233 0.976462 -0.000422983 -1.45759 -0.00850145 2.43045 0.200761 
-1.93234 0.976457 -0.000422022 -1.45759 -0.00849891 2.43045 0.204591 
-1.93235 0.976459 -0.000433095 -1.45759 -0.00850022 2.43045 0.208596 
-1.93238 0.976459 -0.000434419 -1.45759 -0.00849758 2.43045 0.213004 
-1.93239 0.976455 -0.000432985 -1.45759 -0.0084962 2.43044 0.218049 
-1.93239 0.976457 -0.000428905 -1.45759 -0.00849156 2.43044 0.223091 
-1.93237 0.97645 -0.000424508 -1.45761 -0.00849885 2.43044 0.229183 
-1.93235 0.976451 -0.00042784 -1.45761 -0.00849951 2.43045 0.235552 
-1.93239 0.976444 -0.00044303 -1.45761 -0.00849651 2.43045 0.240836 
-1.93247 0.976447 -0.000461211 -1.45761 -0.00849229 2.43045 0.24599 
-1.93258 0.976443 -0.000458551 -1.45761 -0.00849707 2.43045 0.251464 
-1.9327 0.976444 -0.000470193 -1.45761 -0.00849643 2.43045 0.256808 
-1.93289 0.976439 -0.000456732 -1.45761 -0.00849024 2.43046 0.263456 
-1.93305 0.976444 -0.000461747 -1.4576 -0.00849217 2.43046 0.270753 
-1.93315 0.976442 -0.000459483 -1.4576 -0.00848902 2.43047 0.277435 
-1.93327 0.97645 -0.000461747 -1.4576 -0.00848902 2.43047 0.283406 
-1.9334 0.976447 -0.000463417 -1.4576 -0.00848618 2.43046 0.289661 
-1.93352 0.976444 -0.000461709 -1.45759 -0.00848557 2.43047 0.296054 
-1.93365 0.976449 -0.000467037 -1.45759 -0.00848351 2.43047 0.302414 
-1.93384 0.97645 -0.000463417 -1.45759 -0.00848423 2.43047 0.30995 
-1.93403 0.976455 -0.000455199 -1.45759 -0.00848347 2.43047 0.31718 
-1.93419 0.976447 -0.000456602 -1.45759 -0.0084829 2.43048 0.323217 
-1.93433 0.976451 -0.000455775 -1.4576 -0.00848062 2.43047 0.329574 
-1.93449 0.97645 -0.000454222 -1.45759 -0.00847923 2.43048 0.335983 
-1.93462 0.976448 -0.000451736 -1.45759 -0.00848132 2.43048 0.341746 
-1.93471 0.976452 -0.000457486 -1.45759 -0.00847982 2.43049 0.347688 
-1.9348 0.97645 -0.000456078 -1.45757 -0.00847852 2.43051 0.35301 
-1.93489 0.976452 -0.000457498 -1.45757 -0.00847872 2.4305 0.357013 
-1.93499 0.976452 -0.000451736 -1.45757 -0.00846947 2.4305 0.360846 
-1.93509 0.976452 -0.000445039 -1.45757 -0.00842881 2.4305 0.364808 
-1.93516 0.976454 -0.000450211 -1.45757 -0.00840802 2.4305 0.369606 
-1.93526 0.976451 -0.000454645 -1.45757 -0.00839851 2.43049 0.375235 
-1.93538 0.976451 -0.00044936 -1.45757 -0.00839051 2.4305 0.38179 
-1.93545 0.976451 -0.000451381 -1.45757 -0.00839121 2.4305 0.388094 
-1.93551 0.976454 -0.000449265 -1.45757 -0.0083905 2.4305 0.394244 
-1.93558 0.976452 -0.000449987 -1.45757 -0.00837804 2.43049 0.400152 
-1.9356 0.976456 -0.000433691 -1.45758 -0.0083237 2.43049 0.405647 
-1.93557 0.976454 -0.000420313 -1.45758 -0.00822718 2.43049 0.412704 
-1.93556 0.976454 -0.000421698 -1.45763 -0.00821015 2.43044 0.419883 
-1.93558 0.976256 -0.000459184 -1.45805 -0.00823013 2.43021 0.425697 
-1.93567 0.975786 -0.000470232 -1.45871 -0.0082224 2.4297 0.429507 
-1.93577 0.975357 -0.000449997 -1.45949 -0.00821832 2.42973 0.432788 
-1.93575 0.975302 -0.000446924 -1.45958 -0.00822246 2.42984 0.434729 
-1.93576 0.975323 -0.000447015 -1.45958 -0.00822227 2.42998 0.434983 
-1.93579 0.975328 -0.000443665 -1.45958 -0.00821639 2.42999 0.434998 
-1.93578 0.975326 -0.000441543 -1.45958 -0.00821761 2.42999 0.43502 
-1.9358 0.975326 -0.000441294 -1.45958 -0.00819528 2.43001 0.435119 
-1.93582 0.975328 -0.000435189 -1.45958 -0.00815952 2.43003 0.435444 
-1.93582 0.975333 -0.000440233 -1.45959 -0.00815561 2.43004 0.435712 
-1.93583 0.975331 -0.000441876 -1.45959 -0.00814709 2.43005 0.435847 
-1.93585 0.975333 -0.000433663 -1.45959 -0.00807328 2.43007 0.43601 
-1.93586 0.975333 -0.000433663 -1.45959 -0.00801059 2.43009 0.43618 
-1.93586 0.975336 -0.000437282 -1.4596 -0.00800521 2.43012 0.436237 
-1.93588 0.975336 -0.000435334 -1.45961 -0.00798497 2.43022 0.436263 
-1.9359 0.975333 -0.000427913 -1.45966 -0.00793313 2.43032 0.436305 
-1.93589 0.975334 -0.000428879 -1.45966 -0.00789414 2.43034 0.436342 
-1.9359 0.975334 -0.0004288 -1.45967 -0.0078848 2.43035 0.436372 
-1.9359 0.975331 -0.000434087 -1.45967 -0.00787016 2.43036 0.4364 
-1.9359 0.975333 -0.000433396 -1.45967 -0.00784213 2.43038 0.436452 
-1.93591 0.975335 -0.000433339 -1.45967 -0.00782104 2.43039 0.436586 
-1.93591 0.975335 -0.000437282 -1.45968 -0.00782104 2.4304 0.436645 
-1.93591 0.975333 -0.000437256 -1.45968 -0.00782072 2.43041 0.436658 
-1.93592 0.975335 -0.000435015 -1.45968 -0.0078067 2.43041 0.436685 
-1.93592 0.975331 -0.000435084 -1.45968 -0.00781042 2.43041 0.436697 
-1.93592 0.975331 -0.000433124 -1.45969 -0.00780727 2.43042 0.436707 
-1.93593 0.975329 -0.000433168 -1.45969 -0.00779715 2.43043 0.436722 
-1.93593 0.97533 -0.000436561 -1.45969 -0.00779447 2.43042 0.436731 
-1.93593 0.975327 -0.000438953 -1.45969 -0.00779474 2.43043 0.436732 
-1.93594 0.975327 -0.000438953 -1.45969 -0.00779205 2.43043 0.436734 
-1.93594 0.975326 -0.000437282 -1.45969 -0.0077956 2.43043 0.43673 
-1.93594 0.975325 -0.000432953 -1.4597 -0.00779741 2.43043 0.436724 
-1.93594 0.975326 -0.000438953 -1.45969 -0.00779741 2.43043 0.436733 
-1.93595 0.975323 -0.000437282 -1.45969 -0.00779934 2.43043 0.436725 
-1.93593 0.975321 -0.000438953 -1.4597 -0.00780056 2.43043 0.436729 
-1.93594 0.975323 -0.000442754 -1.4597 -0.00780259 2.43043 0.436726 
-1.93594 0.975321 -0.000442137 -1.45969 -0.00779996 2.43043 0.436727 
-1.93594 0.975321 -0.000442148 -1.4597 -0.00780299 2.43043 0.436723 
-1.93594 0.975322 -0.000445768 -1.4597 -0.00780377 2.43043 0.436729 
-1.93594 0.975319 -0.000443818 -1.4597 -0.00780724 2.43043 0.436731 
-1.93593 0.975322 -0.000442149 -1.4597 -0.007808 2.43043 0.436724 
-1.93593 0.97532 -0.000440396 -1.45969 -0.00781172 2.43043 0.436731 
-1.93593 0.975319 -0.000440478 -1.4597 -0.00781472 2.43043 0.436722 
-1.93593 0.975316 -0.000442149 -1.4597 -0.00782013 2.43043 0.436729 
-1.93593 0.975312 -0.000445768 -1.4597 -0.00782074 2.43043 0.436726 
-1.93592 0.975316 -0.000442149 -1.4597 -0.00782879 2.43042 0.436725 
-1.93592 0.975312 -0.000443819 -1.4597 -0.00783944 2.43042 0.436718 
-1.93592 0.975306 -0.000445768 -1.4597 -0.00784271 2.43042 0.436726 
-1.93592 0.975302 -0.000442149 -1.4597 -0.00785062 2.43042 0.436718 
-1.93591 0.9753 -0.000445768 -1.45971 -0.00786983 2.43041 0.43672 
-1.93591 0.975297 -0.000447447 -1.45971 -0.00788518 2.43041 0.436716 
-1.9359 0.975295 -0.000446482 -1.45971 -0.00789047 2.4304 0.436719 
-1.93589 0.975283 -0.0004431 -1.45971 -0.00790726 2.4304 0.436714 
-1.93589 0.975278 -0.000448618 -1.45971 -0.00795521 2.4304 0.436701 
-1.93588 0.975277 -0.000445077 -1.45971 -0.00812701 2.4304 0.436695 
-1.93587 0.975277 -0.000445951 -1.45971 -0.00819048 2.43039 0.436696 
-1.93587 0.975266 -0.000446664 -1.45971 -0.00821028 2.43039 0.436691 
-1.93586 0.975269 -0.000448636 -1.45971 -0.00823141 2.43039 0.436688 
-1.93587 0.975266 -0.000450605 -1.45971 -0.008254 2.43038 0.436686 
-1.93586 0.975259 -0.000448964 -1.45971 -0.00830215 2.43038 0.43668 
-1.93586 0.975251 -0.000450643 -1.45971 -0.00839263 2.43037 0.43668 
-1.93585 0.975239 -0.000450634 -1.45971 -0.00848977 2.43036 0.436672 
-1.93582 0.975227 -0.000452331 -1.45972 -0.00863262 2.43035 0.436666 
-1.9358 0.975205 -0.000465935 -1.45971 -0.00888166 2.43035 0.436661 
-1.9358 0.975199 -0.000472895 -1.4597 -0.00889097 2.43035 0.436647 
-1.93582 0.975186 -0.000474844 -1.4597 -0.00889455 2.43034 0.436639 
-1.93581 0.975174 -0.00048637 -1.45969 -0.00890495 2.43034 0.436633 
-1.93583 0.975151 -0.000481834 -1.45969 -0.00891692 2.43033 0.436626 
-1.93584 0.975089 -0.000496644 -1.45969 -0.0089193 2.43033 0.436618 
-1.93584 0.975091 -0.000504065 -1.45967 -0.00892404 2.43032 0.436601 
-1.93583 0.975073 -0.000500445 -1.45968 -0.00893511 2.43031 0.436593 
-1.93585 0.975057 -0.000502843 -1.45968 -0.00894043 2.43031 0.436582 
-1.93583 0.975057 -0.000501892 -1.45967 -0.00895106 2.43031 0.436577 
-1.93584 0.975029 -0.00050306 -1.45968 -0.00903691 2.4303 0.436548 
-1.93583 0.975028 -0.000499308 -1.45968 -0.00903614 2.43029 0.436528 
-1.93583 0.975016 -0.000505815 -1.45969 -0.0090402 2.43029 0.436519 
-1.93584 0.975001 -0.000511134 -1.4597 -0.00903755 2.43028 0.436522 
-1.93582 0.975008 -0.000509569 -1.4597 -0.00903888 2.43028 0.436519 
-1.93584 0.975002 -0.000509701 -1.4597 -0.00903752 2.43028 0.43652 
-1.93583 0.975004 -0.00050806 -1.4597 -0.00903756 2.43028 0.436513 
-1.93583 0.975004 -0.000514328 -1.4597 -0.00903888 2.43028 0.436514 
-1.93584 0.975 -0.000508801 -1.4597 -0.00903695 2.43028 0.436515 
-1.93583 0.974999 -0.00051266 -1.4597 -0.00903888 2.43028 0.436512 
-1.93583 0.975001 -0.00051266 -1.45969 -0.00903756 2.43028 0.43651 
-1.93583 0.974996 -0.00051266 -1.45969 -0.00903634 2.43028 0.436512 
-1.93584 0.974999 -0.000514339 -1.4597 -0.00903756 2.43028 0.436512 
-1.93583 0.975 -0.000512739 -1.45969 -0.00903695 2.43028 0.436513 
-1.93583 0.974998 -0.000511262 -1.4597 -0.0090395 2.43028 0.436515 
-1.93583 0.974999 -0.000513471 -1.4597 -0.00903888 2.43028 0.436511 
-1.93583 0.974992 -0.000514659 -1.4597 -0.00903634 2.43028 0.436515 
-1.93583 0.974994 -0.000514686 -1.4597 -0.00903634 2.43028 0.436511 
-1.93584 0.974998 -0.000517526 -1.4597 -0.00903697 2.43028 0.436509 
-1.93583 0.974999 -0.000514185 -1.4597 -0.00903888 2.43028 0.436515 
-1.93583 0.974999 -0.000517526 -1.45969 -0.00903756 2.43028 0.436516 
-1.93583 0.974993 -0.000515856 -1.4597 -0.00903695 2.43028 0.436514 
-1.93584 0.974984 -0.000514186 -1.4597 -0.00903756 2.43028 0.436509 
-1.93583 0.974979 -0.000506956 -1.4597 -0.00904025 2.43027 0.436512 
-1.93584 0.974989 -0.000516101 -1.4597 -0.00903827 2.43029 0.436513 
-1.93583 0.974987 -0.000523286 -1.45971 -0.00904082 2.43028 0.43651 
-1.93584 0.974985 -0.000522659 -1.4597 -0.00903889 2.43028 0.436512 
-1.93584 0.974988 -0.000520722 -1.45969 -0.0090395 2.43028 0.436512 
