-2.18894 -0.519202 -0.00053091 -2.18047 0.0297686 1.71648 -1.4161 
-2.18894 -0.519203 -0.00052923 -2.18047 0.0297692 1.71648 -1.41611 
-2.18894 -0.519201 -0.00052923 -2.18047 0.0297692 1.71648 -1.4161 
-2.18894 -0.519199 -0.000536199 -2.18047 0.0297692 1.71648 -1.4161 
-2.18894 -0.519199 -0.00053091 -2.18047 0.0297692 1.71648 -1.4161 
-2.18894 -0.519199 -0.000529239 -2.18047 0.0297692 1.71648 -1.4161 
-2.18893 -0.519199 -0.000532858 -2.18047 0.0297692 1.71648 -1.4161 
-2.18894 -0.519199 -0.000532858 -2.18047 0.02977 1.71647 -1.4161 
-2.18894 -0.519202 -0.000534529 -2.18047 0.029768 1.71648 -1.4161 
-2.18894 -0.519202 -0.000529239 -2.18047 0.0297692 1.71648 -1.4161 
-2.18894 -0.519199 -0.000527569 -2.18047 0.0297692 1.71648 -1.4161 
-2.18894 -0.519203 -0.00053091 -2.18047 0.0297692 1.71648 -1.4161 
-2.18894 -0.519201 -0.000532858 -2.18047 0.0297692 1.71648 -1.4161 
-2.18894 -0.519197 -0.00053091 -2.18047 0.0297692 1.71648 -1.4161 
-2.18894 -0.519197 -0.00053452 -2.18047 0.02977 1.71648 -1.41611 
-2.18894 -0.519204 -0.000532858 -2.18047 0.029768 1.71648 -1.4161 
-2.18894 -0.519199 -0.000529239 -2.18047 0.02977 1.71648 -1.41611 
-2.18894 -0.519198 -0.00053091 -2.18047 0.0297692 1.71648 -1.4161 
-2.18894 -0.519199 -0.00053091 -2.18047 0.029768 1.71648 -1.4161 
-2.18894 -0.519203 -0.000529239 -2.18047 0.0297686 1.71648 -1.4161 
-2.18894 -0.519199 -0.000534529 -2.18047 0.0297692 1.71648 -1.41611 
-2.18894 -0.519199 -0.000534529 -2.18047 0.0297692 1.71648 -1.4161 
-2.18894 -0.519199 -0.000532858 -2.18047 0.0297686 1.71648 -1.4161 
-2.18894 -0.519199 -0.00053091 -2.18047 0.029768 1.71648 -1.4161 
-2.18894 -0.519198 -0.000532856 -2.18047 0.02977 1.71648 -1.4161 
-2.18894 -0.519199 -0.000529239 -2.18047 0.0297692 1.71648 -1.4161 
-2.18894 -0.519201 -0.000532858 -2.18047 0.0297692 1.71648 -1.41611 
-2.18894 -0.519199 -0.00053091 -2.18047 0.0297692 1.71648 -1.4161 
-2.18894 -0.519197 -0.000534529 -2.18047 0.02977 1.71648 -1.4161 
-2.18894 -0.519197 -0.000532858 -2.18047 0.02977 1.71648 -1.41611 
-2.18894 -0.519202 -0.000529239 -2.18047 0.0297692 1.71648 -1.4161 
-2.18894 -0.519202 -0.000530883 -2.18047 0.029768 1.71648 -1.4161 
-2.18893 -0.519202 -0.00053091 -2.18047 0.0297686 1.71648 -1.4161 
-2.18893 -0.519201 -0.00053091 -2.18047 0.0297692 1.71647 -1.4161 
-2.18894 -0.519201 -0.000532858 -2.18047 0.029768 1.71648 -1.4161 
-2.18894 -0.519202 -0.000527109 -2.18047 0.02977 1.71648 -1.4161 
-2.18894 -0.519199 -0.000525438 -2.18047 0.0297686 1.71648 -1.4161 
-2.18894 -0.519201 -0.000530909 -2.18047 0.0297692 1.71648 -1.4161 
-2.18894 -0.519199 -0.000529239 -2.18047 0.0297642 1.71648 -1.4161 
-2.18894 -0.519225 -0.000527569 -2.18038 0.0297635 1.71648 -1.4161 
-2.18894 -0.519234 -0.000532858 -2.1804 0.0297648 1.71648 -1.4161 
-2.18894 -0.519187 -0.00053091 -2.18042 0.0297648 1.71648 -1.4161 
-2.18894 -0.519182 -0.000539819 -2.18043 0.0297648 1.71648 -1.4161 
-2.18894 -0.519193 -0.000534529 -2.18041 0.0297642 1.71648 -1.4161 
-2.18893 -0.519191 -0.000523871 -2.18041 0.0297648 1.71648 -1.4161 
-2.18894 -0.519193 -0.00053091 -2.18042 0.0297642 1.71648 -1.4161 
-2.18894 -0.519193 -0.000548728 -2.18041 0.0297648 1.71648 -1.4161 
-2.18894 -0.5192 -0.000541978 -2.18041 0.0297655 1.71648 -1.4161 
-2.18894 -0.519196 -0.000536199 -2.18041 0.0297625 1.71648 -1.41611 
-2.18894 -0.519198 -0.000541489 -2.18041 0.0297635 1.71648 -1.4161 
-2.18894 -0.519198 -0.000538148 -2.1804 0.0297655 1.71649 -1.4161 
-2.18892 -0.519191 -0.000511421 -2.1804 0.0297661 1.71649 -1.4161 
-2.18893 -0.519177 -0.000523663 -2.1804 0.0297635 1.71649 -1.4161 
-2.18896 -0.519179 -0.000575885 -2.1804 0.0297642 1.71649 -1.4161 
-2.18896 -0.519184 -0.000570988 -2.1804 0.0297648 1.7165 -1.4161 
-2.18894 -0.519179 -0.000528079 -2.1804 0.0297625 1.7165 -1.4161 
-2.18895 -0.519183 -0.000548728 -2.1804 0.0297654 1.7165 -1.4161 
-2.18896 -0.519179 -0.000575463 -2.1804 0.0297651 1.7165 -1.4161 
-2.18895 -0.519179 -0.00054762 -2.1804 0.0297648 1.7165 -1.4161 
-2.18894 -0.519183 -0.000534538 -2.1804 0.0297654 1.7165 -1.4161 
-2.18895 -0.519179 -0.000554199 -2.1804 0.0297647 1.7165 -1.4161 
-2.18895 -0.519158 -0.000549975 -2.18043 0.0297661 1.71649 -1.4161 
-2.18894 -0.519158 -0.000534998 -2.18042 0.0297641 1.71649 -1.4161 
-2.18895 -0.519159 -0.000549438 -2.18042 0.0297635 1.71649 -1.4161 
-2.18895 -0.519156 -0.000566122 -2.18043 0.0297608 1.71649 -1.4161 
-2.18894 -0.519154 -0.000533915 -2.18043 0.0297644 1.71649 -1.4161 
-2.18892 -0.519163 -0.000516989 -2.18042 0.029762 1.71649 -1.4161 
-2.18892 -0.519163 -0.000520754 -2.18042 0.0297661 1.71649 -1.4161 
-2.18893 -0.519145 -0.000529663 -2.18047 0.0297592 1.71649 -1.4161 
-2.18894 -0.519122 -0.000546542 -2.18051 0.0297635 1.71649 -1.4161 
-2.18894 -0.519106 -0.000539819 -2.18051 0.0297596 1.71649 -1.4161 
-2.18894 -0.519107 -0.000545108 -2.18049 0.029761 1.71649 -1.4161 
-2.18896 -0.51911 -0.000567552 -2.18049 0.029756 1.71649 -1.4161 
-2.18896 -0.519093 -0.000562989 -2.18049 0.0297594 1.71649 -1.4161 
-2.18896 -0.519079 -0.000548304 -2.18051 0.0297544 1.71649 -1.4161 
-2.18893 -0.519063 -0.000523949 -2.18054 0.0297568 1.71649 -1.4161 
-2.18887 -0.519052 -0.000487126 -2.18056 0.0296641 1.71663 -1.4161 
-2.18881 -0.519053 -0.000494928 -2.18045 0.0295271 1.71694 -1.4161 
-2.18881 -0.519056 -0.000513816 -2.18037 0.0295193 1.71701 -1.4161 
-2.18877 -0.519054 -0.000492637 -2.18038 0.0293021 1.7182 -1.4161 
-2.18854 -0.519001 -0.000449949 -2.18041 0.0291225 1.72007 -1.4161 
-2.18809 -0.518903 -0.000386444 -2.18042 0.029121 1.72185 -1.41609 
-2.18742 -0.518759 -0.000318765 -2.18042 0.029121 1.72329 -1.41603 
-2.18669 -0.518583 -0.000323143 -2.18043 0.029116 1.72397 -1.41586 
-2.18587 -0.518238 -0.000317752 -2.18048 0.0291088 1.72402 -1.41532 
-2.18494 -0.517638 -0.000309409 -2.18058 0.029107 1.72402 -1.41445 
-2.18387 -0.516669 -0.000308161 -2.18072 0.0290912 1.72403 -1.4133 
-2.18286 -0.515428 -0.000291518 -2.18091 0.0290332 1.72402 -1.41213 
-2.18174 -0.51379 -0.000261962 -2.18119 0.0289132 1.72404 -1.41062 
-2.1805 -0.511746 -0.000257028 -2.18146 0.0288036 1.72405 -1.40859 
-2.1792 -0.509353 -0.000246562 -2.18172 0.0287631 1.72408 -1.40638 
-2.17785 -0.506626 -0.000195279 -2.18192 0.0287655 1.72422 -1.40462 
-2.17625 -0.503606 -0.000179371 -2.18203 0.0287627 1.72469 -1.40222 
-2.17455 -0.500584 -0.000164707 -2.18202 0.0287649 1.72549 -1.39973 
-2.17256 -0.497188 -0.000127229 -2.18202 0.0287636 1.72697 -1.39706 
-2.17019 -0.493503 -0.000124084 -2.18201 0.0287618 1.72958 -1.39418 
-2.16759 -0.489357 -0.000115243 -2.18202 0.0287588 1.7334 -1.39159 
-2.16459 -0.484745 -9.29852e-05 -2.1821 0.0287582 1.73885 -1.38899 
-2.16122 -0.479985 -0.000100475 -2.18223 0.0287485 1.74592 -1.38653 
-2.1578 -0.475485 -9.29496e-05 -2.18227 0.0287419 1.75313 -1.38379 
-2.15394 -0.470816 -0.000107088 -2.18227 0.0287105 1.76122 -1.38026 
-2.14999 -0.466048 -0.00011325 -2.18223 0.0285956 1.76974 -1.37621 
-2.14615 -0.460949 -7.37432e-05 -2.18231 0.0285174 1.7781 -1.37209 
-2.14192 -0.455364 -3.58602e-05 -2.18249 0.0284994 1.78726 -1.36762 
-2.13748 -0.449782 -3.53856e-05 -2.18248 0.0284676 1.79558 -1.36302 
-2.13322 -0.444619 -4.64726e-05 -2.18248 0.0284556 1.80352 -1.35744 
-2.12871 -0.439047 -5.37347e-05 -2.18244 0.0284453 1.81094 -1.35125 
-2.12416 -0.432748 -5.99163e-05 -2.18248 0.0284329 1.81832 -1.34428 
-2.11974 -0.426619 -3.04176e-05 -2.1825 0.0284197 1.82552 -1.33603 
-2.11468 -0.420369 -1.74244e-05 -2.18243 0.0284153 1.83235 -1.32703 
-2.10934 -0.414121 -3.40736e-05 -2.18242 0.0284012 1.8393 -1.31736 
-2.10424 -0.407534 -3.43496e-05 -2.1824 0.0283464 1.84545 -1.3074 
-2.09891 -0.400416 -4.59909e-05 -2.18238 0.0282023 1.85105 -1.29577 
-2.09358 -0.393618 -2.42586e-05 -2.18238 0.0280963 1.85689 -1.28396 
-2.088 -0.386817 5.82437e-06 -2.18239 0.0280167 1.86332 -1.27188 
-2.0818 -0.378917 -2.2057e-05 -2.18237 0.0277836 1.86935 -1.25948 
-2.07593 -0.371505 -3.36715e-05 -2.18235 0.0274727 1.87473 -1.24785 
-2.0704 -0.364869 -3.03307e-05 -2.18233 0.0270935 1.87993 -1.2371 
-2.06425 -0.357291 -5.66101e-06 -2.18231 0.0267443 1.88528 -1.22534 
-2.05805 -0.34946 -1.22846e-05 -2.18231 0.0264983 1.89006 -1.21347 
-2.05184 -0.342041 -2.07302e-05 -2.18229 0.0263209 1.8954 -1.20241 
-2.04599 -0.335115 -2.20821e-05 -2.18231 0.0261771 1.90118 -1.19221 
-2.03955 -0.326691 -1.19809e-05 -2.18227 0.0258426 1.90749 -1.18146 
-2.03315 -0.318726 3.27208e-06 -2.18222 0.0253385 1.91384 -1.17183 
-2.0263 -0.310829 -2.69301e-05 -2.18211 0.0247869 1.92121 -1.16258 
-2.01991 -0.30261 -2.728e-05 -2.18198 0.0244139 1.92854 -1.15325 
-2.01355 -0.294049 -7.12648e-06 -2.18191 0.0240412 1.93707 -1.14327 
-2.0071 -0.286309 9.56245e-06 -2.1819 0.0236924 1.94644 -1.13364 
-2.00033 -0.277733 -2.66397e-05 -2.18184 0.0234177 1.95652 -1.12386 
-1.99401 -0.268549 -4.62347e-05 -2.18181 0.0231464 1.96744 -1.11382 
-1.98801 -0.25996 -1.84808e-05 -2.18176 0.0228207 1.97902 -1.10415 
-1.98202 -0.250925 -2.80349e-05 -2.18174 0.0222794 1.99081 -1.09483 
-1.97645 -0.241268 -5.10655e-05 -2.18169 0.0215363 2.00298 -1.08654 
-1.97148 -0.232299 -4.41098e-05 -2.18154 0.0206193 2.01514 -1.07876 
-1.96714 -0.223056 -7.50324e-05 -2.18159 0.0198188 2.02706 -1.07264 
-1.96322 -0.213127 -5.8687e-05 -2.1815 0.019258 2.03895 -1.06615 
-1.95977 -0.204261 -6.03977e-05 -2.18135 0.0188574 2.04994 -1.0601 
-1.95651 -0.193974 -8.23238e-05 -2.18139 0.0186978 2.06163 -1.05553 
-1.95381 -0.18395 -7.93652e-05 -2.18126 0.0186888 2.07202 -1.05231 
-1.95159 -0.174192 -8.41258e-05 -2.18106 0.0186897 2.08212 -1.0498 
-1.94988 -0.163629 -8.24554e-05 -2.1809 0.0186916 2.09156 -1.0477 
-1.94843 -0.153964 -9.57249e-05 -2.18086 0.0187015 2.10151 -1.04677 
-1.94741 -0.14415 -9.68992e-05 -2.18074 0.0187034 2.11035 -1.04615 
-1.94664 -0.133772 -0.000112518 -2.18057 0.018698 2.11939 -1.04553 
-1.94618 -0.124055 -0.000120595 -2.18016 0.018702 2.12725 -1.04492 
-1.946 -0.113364 -0.000181896 -2.17992 0.0187076 2.13524 -1.0443 
-1.94599 -0.10344 -0.000202445 -2.17973 0.0186996 2.14265 -1.04405 
-1.94602 -0.0933638 -0.000237999 -2.17943 0.0187106 2.14903 -1.04397 
-1.94608 -0.0826602 -0.000296686 -2.17909 0.0187059 2.15544 -1.04393 
-1.94609 -0.0732184 -0.000307827 -2.17854 0.0186975 2.16109 -1.04392 
-1.94612 -0.0623568 -0.000328635 -2.17784 0.018687 2.16646 -1.04392 
-1.94613 -0.0519519 -0.000327622 -2.17715 0.0186635 2.17272 -1.04393 
-1.94613 -0.0421597 -0.000330202 -2.17657 0.0185644 2.17914 -1.04392 
-1.94618 -0.0310934 -0.000356178 -2.17604 0.0183303 2.18521 -1.04393 
-1.94618 -0.0215068 -0.000352572 -2.17546 0.0179805 2.19111 -1.04393 
-1.94618 -0.010713 -0.000352101 -2.17488 0.0174083 2.19777 -1.04394 
-1.94616 -0.000314382 -0.000339233 -2.17419 0.016648 2.20392 -1.04395 
-1.94615 0.00976981 -0.00033617 -2.17338 0.0157505 2.21081 -1.04396 
-1.94614 0.0202903 -0.000332829 -2.17279 0.0148803 2.21857 -1.04398 
-1.946 0.0302953 -0.000321332 -2.17204 0.0138566 2.22685 -1.04402 
-1.94587 0.0409591 -0.000316439 -2.17132 0.012935 2.23566 -1.04411 
-1.94575 0.051026 -0.00031685 -2.1706 0.0123 2.24374 -1.04436 
-1.9456 0.0609993 -0.000320428 -2.16976 0.0118385 2.2533 -1.04493 
-1.94547 0.0719763 -0.000312061 -2.16904 0.0115805 2.26357 -1.04615 
-1.94519 0.0819755 -0.000306842 -2.16815 0.011446 2.27405 -1.04744 
-1.94486 0.0924222 -0.000318694 -2.16713 0.0113641 2.28448 -1.04843 
-1.94446 0.102791 -0.000312129 -2.16628 0.0113327 2.29572 -1.04898 
-1.944 0.111931 -0.000315745 -2.16535 0.01128 2.306 -1.04921 
-1.94364 0.122485 -0.000312129 -2.16428 0.0112378 2.31619 -1.0493 
-1.94329 0.132238 -0.000308934 -2.16301 0.0112194 2.32526 -1.04934 
-1.94291 0.141843 -0.000311273 -2.16172 0.0112043 2.33429 -1.04942 
-1.94259 0.151957 -0.000315815 -2.16038 0.0111852 2.34217 -1.0495 
-1.94232 0.161187 -0.000314223 -2.15856 0.0111395 2.34905 -1.04972 
-1.94205 0.171066 -0.000314214 -2.15638 0.0110299 2.35468 -1.05049 
-1.94174 0.180603 -0.000324088 -2.15389 0.0109057 2.35824 -1.05186 
-1.94149 0.189881 -0.000331654 -2.15089 0.0108264 2.36135 -1.05421 
-1.94127 0.200158 -0.000316498 -2.14771 0.0106855 2.36433 -1.05773 
-1.94089 0.21004 -0.000326328 -2.14415 0.0105915 2.36744 -1.06244 
-1.94055 0.219791 -0.000322717 -2.13999 0.0105887 2.37089 -1.06675 
-1.94017 0.230424 -0.000315904 -2.13556 0.0105542 2.37431 -1.07118 
-1.93956 0.24023 -0.000309778 -2.1305 0.0105106 2.37732 -1.07677 
-1.93896 0.250812 -0.000306161 -2.12494 0.0105115 2.37972 -1.08295 
-1.93829 0.261163 -0.000288387 -2.11908 0.010507 2.38156 -1.08916 
-1.93749 0.27054 -0.00028018 -2.11273 0.0105097 2.38333 -1.09538 
-1.93661 0.281935 -0.00028379 -2.10517 0.010505 2.38515 -1.102 
-1.93578 0.29188 -0.000284928 -2.09747 0.0105074 2.38609 -1.10702 
-1.93503 0.301868 -0.000271931 -2.0899 0.0105035 2.38633 -1.11053 
-1.93424 0.312367 -0.000274239 -2.08159 0.010499 2.38639 -1.11372 
-1.93361 0.3221 -0.000284161 -2.07296 0.010502 2.3864 -1.11575 
-1.93315 0.332841 -0.000278959 -2.06467 0.0104914 2.3864 -1.11695 
-1.93266 0.342766 -0.000290636 -2.05613 0.0104751 2.38643 -1.11794 
-1.93235 0.352893 -0.000311515 -2.04754 0.010425 2.38646 -1.11893 
-1.93219 0.363419 -0.000309655 -2.03948 0.0103376 2.38657 -1.12034 
-1.93208 0.372619 -0.000313722 -2.03167 0.0103029 2.38704 -1.1221 
-1.93205 0.383216 -0.000315908 -2.02383 0.0103049 2.38814 -1.124 
-1.93202 0.393446 -0.000312342 -2.01664 0.0103108 2.39032 -1.12583 
-1.93202 0.403417 -0.000335265 -2.00959 0.0103103 2.39343 -1.12752 
-1.93206 0.41444 -0.000363534 -2.00262 0.0103134 2.39746 -1.12912 
-1.93208 0.423912 -0.000377738 -1.99616 0.010324 2.40223 -1.13055 
-1.93209 0.433484 -0.000378273 -1.99072 0.0103307 2.40866 -1.13216 
-1.93204 0.443241 -0.000357266 -1.98564 0.0103307 2.41711 -1.13371 
-1.93202 0.452009 -0.000347742 -1.98063 0.0103361 2.42642 -1.13486 
-1.93202 0.460938 -0.000346495 -1.97619 0.0103432 2.43609 -1.13545 
-1.93197 0.470075 -0.000340666 -1.9716 0.0103506 2.44678 -1.1355 
-1.93193 0.478037 -0.00033873 -1.96756 0.0103575 2.45773 -1.1355 
-1.93188 0.486435 -0.000339156 -1.96385 0.0103723 2.46828 -1.1355 
-1.9318 0.494424 -0.000341747 -1.96017 0.0103806 2.4782 -1.13549 
-1.93174 0.501606 -0.00033691 -1.95615 0.0103998 2.48746 -1.13549 
-1.93165 0.509079 -0.000332575 -1.95213 0.0104211 2.49617 -1.13549 
-1.93149 0.51638 -0.000326476 -1.94811 0.0104462 2.50287 -1.13549 
-1.93126 0.523688 -0.000325401 -1.94333 0.0104638 2.50907 -1.13549 
-1.93107 0.530356 -0.000334029 -1.9383 0.0104586 2.51266 -1.13549 
-1.93098 0.537187 -0.00032735 -1.93305 0.0104579 2.51333 -1.13549 
-1.93085 0.544488 -0.000313273 -1.92718 0.0104567 2.51334 -1.13549 
-1.93064 0.551304 -0.000308185 -1.92083 0.0104564 2.51334 -1.13549 
-1.93039 0.558116 -0.000290648 -1.91429 0.0104547 2.51333 -1.1355 
-1.93009 0.565635 -0.000261302 -1.9078 0.0104485 2.51333 -1.13549 
-1.92966 0.572897 -0.000260521 -1.90109 0.0104474 2.51334 -1.1355 
-1.92927 0.579385 -0.000264428 -1.89425 0.0104394 2.51333 -1.1355 
-1.92894 0.586522 -0.000264965 -1.88699 0.0104282 2.51333 -1.13552 
-1.92864 0.59424 -0.00027178 -1.87975 0.0104071 2.51334 -1.1357 
-1.9284 0.601226 -0.000280902 -1.87262 0.010386 2.51334 -1.13639 
-1.92822 0.608339 -0.000291365 -1.86487 0.0103815 2.51333 -1.13767 
-1.92818 0.616164 -0.00030228 -1.8573 0.0103783 2.51334 -1.13904 
-1.92818 0.623772 -0.000350053 -1.84992 0.0103729 2.51334 -1.1402 
-1.92819 0.631245 -0.000374966 -1.84184 0.010354 2.51334 -1.14158 
-1.92821 0.639069 -0.000387252 -1.83377 0.0103537 2.51333 -1.14321 
-1.92821 0.647212 -0.000405985 -1.82611 0.010361 2.51334 -1.14439 
-1.92823 0.655131 -0.000410881 -1.81781 0.0103524 2.51334 -1.14484 
-1.92824 0.662901 -0.00044555 -1.80945 0.0103543 2.51334 -1.1451 
-1.92834 0.672389 -0.000512471 -1.8003 0.0103402 2.51333 -1.14545 
-1.92848 0.68004 -0.000526341 -1.79239 0.0103082 2.51332 -1.14633 
-1.92867 0.687158 -0.000582858 -1.78448 0.0102789 2.51332 -1.14772 
-1.92902 0.694572 -0.000597461 -1.77705 0.0102296 2.51332 -1.14943 
-1.92938 0.701408 -0.000606658 -1.77018 0.0100924 2.51332 -1.15181 
-1.92984 0.707753 -0.000626127 -1.76294 0.0100463 2.51332 -1.15511 
-1.93039 0.713764 -0.000623889 -1.75588 0.0100334 2.51332 -1.15865 
-1.93095 0.71993 -0.000634319 -1.74911 0.00998896 2.51331 -1.16222 
-1.93146 0.725891 -0.000645962 -1.7425 0.00996573 2.51332 -1.16609 
-1.93193 0.731255 -0.000654737 -1.73592 0.00994689 2.51331 -1.16975 
-1.93233 0.736209 -0.000649452 -1.72946 0.00994522 2.51331 -1.1741 
-1.93272 0.741149 -0.000673654 -1.72303 0.00994283 2.5133 -1.17868 
-1.93312 0.746232 -0.000673348 -1.7168 0.00993983 2.51329 -1.1832 
-1.93339 0.750946 -0.000670143 -1.71122 0.0099366 2.51328 -1.18747 
-1.93366 0.75557 -0.000696765 -1.70565 0.00994431 2.51328 -1.19154 
-1.93405 0.759709 -0.000692617 -1.70022 0.00994044 2.51327 -1.19511 
-1.93446 0.763513 -0.00068975 -1.69502 0.00993565 2.51321 -1.19832 
-1.93491 0.767795 -0.000697881 -1.68953 0.00993673 2.51316 -1.20146 
-1.93537 0.772039 -0.000705941 -1.6845 0.00993636 2.51312 -1.2041 
-1.93581 0.775967 -0.000711019 -1.68009 0.00993758 2.51306 -1.20624 
-1.93626 0.779764 -0.000722732 -1.67581 0.00994017 2.51297 -1.20741 
-1.93671 0.783278 -0.000731086 -1.67157 0.00993636 2.51288 -1.20785 
-1.93712 0.78653 -0.000724916 -1.66741 0.00993831 2.51273 -1.20795 
-1.93753 0.789866 -0.000739887 -1.66308 0.00993758 2.51253 -1.20796 
-1.93801 0.793278 -0.000754949 -1.65884 0.00992578 2.51216 -1.20798 
-1.9386 0.796859 -0.000764206 -1.65474 0.0098722 2.51157 -1.20825 
-1.93921 0.800472 -0.000762413 -1.65102 0.00974298 2.51099 -1.2091 
-1.93986 0.803851 -0.000815943 -1.64754 0.00956233 2.51065 -1.21096 
-1.94055 0.806893 -0.00083487 -1.64432 0.00944637 2.51042 -1.21314 
-1.94131 0.809973 -0.00085432 -1.64093 0.00933143 2.51022 -1.21561 
-1.94216 0.81299 -0.000857602 -1.63749 0.00912925 2.51007 -1.21816 
-1.94305 0.815783 -0.000867189 -1.6342 0.00885963 2.50988 -1.22004 
-1.94406 0.818793 -0.000859417 -1.6307 0.00851107 2.50963 -1.22104 
-1.94499 0.821746 -0.000872558 -1.62753 0.00795801 2.5093 -1.22142 
-1.94583 0.82425 -0.000876317 -1.62496 0.00709973 2.50906 -1.22175 
-1.94667 0.82652 -0.000880279 -1.6226 0.00607643 2.50901 -1.22188 
-1.94754 0.828397 -0.000887352 -1.62052 0.00476769 2.50897 -1.22189 
-1.94838 0.829618 -0.000894846 -1.61893 0.00304219 2.5088 -1.22188 
-1.94928 0.830472 -0.000901655 -1.61759 0.00103084 2.50859 -1.22188 
-1.95022 0.830783 -0.00094092 -1.6167 -0.000751016 2.5085 -1.22188 
-1.95134 0.83065 -0.000964197 -1.61619 -0.00233523 2.50838 -1.22188 
-1.95262 0.830445 -0.000967327 -1.61566 -0.00355977 2.5082 -1.22188 
-1.95411 0.830227 -0.00100933 -1.61506 -0.00450246 2.50795 -1.22189 
-1.95583 0.829881 -0.00102961 -1.61455 -0.00509967 2.50755 -1.22188 
-1.95766 0.829516 -0.00102975 -1.61416 -0.00521717 2.50679 -1.22187 
-1.95972 0.829136 -0.00102915 -1.61394 -0.00522419 2.50558 -1.22188 
-1.96181 0.828746 -0.00101168 -1.6139 -0.00521906 2.50372 -1.22187 
-1.96404 0.82845 -0.000998683 -1.6139 -0.00521845 2.50132 -1.22187 
-1.96594 0.828315 -0.000975534 -1.6139 -0.00521958 2.49904 -1.22187 
-1.96756 0.828238 -0.000979575 -1.61389 -0.00521794 2.49575 -1.22185 
-1.96899 0.828226 -0.000975956 -1.61389 -0.00521652 2.49171 -1.22184 
-1.97022 0.828267 -0.000956836 -1.6139 -0.0052152 2.48722 -1.22182 
-1.97105 0.828373 -0.000941868 -1.61391 -0.00519281 2.48284 -1.22172 
-1.97151 0.828453 -0.000940803 -1.61391 -0.00517267 2.47916 -1.22095 
-1.97169 0.82842 -0.000919561 -1.61388 -0.00517046 2.47492 -1.21963 
-1.97159 0.828394 -0.000806417 -1.61376 -0.00513364 2.47096 -1.21885 
-1.97123 0.828424 -0.000759199 -1.61349 -0.00506464 2.46821 -1.21804 
-1.97063 0.82841 -0.000758501 -1.61323 -0.005065 2.46682 -1.21759 
-1.96992 0.828413 -0.000739507 -1.6129 -0.00505037 2.46639 -1.21737 
-1.96922 0.828446 -0.000742377 -1.61257 -0.00503376 2.46636 -1.21686 
-1.96855 0.828439 -0.000732471 -1.61241 -0.00502399 2.46632 -1.21619 
-1.96783 0.828445 -0.000725159 -1.61237 -0.00500224 2.46619 -1.21558 
-1.96712 0.828536 -0.000728778 -1.61236 -0.00487509 2.46604 -1.21439 
-1.96645 0.828693 -0.000725159 -1.61236 -0.00481611 2.46596 -1.21247 
-1.96579 0.828899 -0.000708734 -1.61235 -0.00481065 2.46582 -1.21054 
-1.96518 0.829101 -0.000696607 -1.61235 -0.00477729 2.46565 -1.20884 
-1.96454 0.829344 -0.000656462 -1.61232 -0.00473324 2.46555 -1.20634 
-1.96385 0.829606 -0.000620518 -1.61221 -0.00472844 2.46555 -1.20332 
-1.96312 0.829813 -0.000619594 -1.61204 -0.00472656 2.46555 -1.20058 
-1.96225 0.829946 -0.000609929 -1.61184 -0.00472964 2.46555 -1.19829 
-1.96129 0.829995 -0.000596016 -1.61156 -0.00472305 2.46556 -1.19706 
-1.9603 0.829993 -0.000574753 -1.61111 -0.00471903 2.46556 -1.19616 
-1.95909 0.830029 -0.000570091 -1.61039 -0.00471957 2.46556 -1.19536 
-1.95775 0.830133 -0.00057009 -1.60935 -0.00470964 2.46556 -1.19471 
-1.95644 0.830212 -0.000559487 -1.60818 -0.00469428 2.46555 -1.19387 
-1.95493 0.830339 -0.000574278 -1.60681 -0.00467248 2.46553 -1.19251 
-1.95352 0.830583 -0.000582195 -1.60535 -0.00463825 2.46542 -1.19069 
-1.95225 0.830842 -0.000580246 -1.60395 -0.00463964 2.46487 -1.18836 
-1.95102 0.831041 -0.000578585 -1.60265 -0.00464 2.46358 -1.18521 
-1.94988 0.831284 -0.000588732 -1.60147 -0.00464122 2.46165 -1.18203 
-1.94888 0.831518 -0.000587881 -1.6004 -0.00464057 2.45921 -1.1798 
-1.94788 0.831788 -0.00058011 -1.59925 -0.00464061 2.45558 -1.17862 
-1.94693 0.832117 -0.00057726 -1.59798 -0.00463772 2.45194 -1.17803 
-1.94606 0.83262 -0.000580248 -1.59648 -0.00463954 2.44925 -1.1777 
-1.9451 0.833373 -0.000578585 -1.59455 -0.00464061 2.44804 -1.17767 
-1.94405 0.834416 -0.000582433 -1.59208 -0.00464 2.44798 -1.17765 
-1.94307 0.835684 -0.000576905 -1.58909 -0.00463917 2.44798 -1.17758 
-1.94202 0.837291 -0.000585387 -1.58542 -0.00464172 2.44797 -1.17748 
-1.941 0.839317 -0.000596717 -1.58123 -0.00464061 2.44795 -1.17747 
-1.94005 0.841813 -0.000592418 -1.5767 -0.00463917 2.44791 -1.17744 
-1.93915 0.844752 -0.000586647 -1.57217 -0.00463882 2.44772 -1.17735 
-1.93834 0.848072 -0.000586638 -1.56766 -0.00463925 2.44723 -1.17714 
-1.93756 0.851796 -0.000581166 -1.56307 -0.00463497 2.44604 -1.17694 
-1.9368 0.85558 -0.000588232 -1.55859 -0.00463328 2.44427 -1.17677 
-1.93607 0.859311 -0.000581772 -1.55419 -0.00463582 2.44237 -1.1766 
-1.93537 0.862988 -0.000587061 -1.54972 -0.00463389 2.44 -1.17646 
-1.9348 0.86654 -0.000577252 -1.54513 -0.00462945 2.43661 -1.17614 
-1.93428 0.870127 -0.00057472 -1.54016 -0.00463323 2.4326 -1.17583 
-1.93381 0.873762 -0.000585391 -1.53489 -0.00463582 2.42745 -1.17574 
-1.93346 0.877077 -0.00058618 -1.52989 -0.00463484 2.42141 -1.17561 
-1.93315 0.880248 -0.000588732 -1.52451 -0.00463643 2.4142 -1.17533 
-1.93284 0.882999 -0.000587061 -1.51943 -0.00463969 2.40679 -1.17507 
-1.93254 0.885261 -0.000598751 -1.5148 -0.0046438 2.39981 -1.17501 
-1.93229 0.887109 -0.000605527 -1.51024 -0.00464022 2.39255 -1.17499 
-1.93207 0.888646 -0.000601909 -1.50592 -0.00463973 2.3855 -1.17495 
-1.93185 0.889997 -0.000600268 -1.50208 -0.00463982 2.3795 -1.17484 
-1.93163 0.891383 -0.000601938 -1.49826 -0.00464091 2.37468 -1.1746 
-1.93141 0.89268 -0.000605558 -1.49507 -0.00464077 2.37211 -1.1744 
-1.93124 0.893885 -0.000606805 -1.49273 -0.00464957 2.37181 -1.17429 
-1.93116 0.895369 -0.000614343 -1.49038 -0.0046569 2.37182 -1.17428 
-1.93116 0.896683 -0.000636586 -1.48871 -0.00465976 2.37183 -1.17428 
-1.93124 0.897884 -0.000682964 -1.4876 -0.0046585 2.37185 -1.17427 
-1.93139 0.899164 -0.000783558 -1.48689 -0.00465217 2.37189 -1.17415 
-1.93169 0.900407 -0.000782997 -1.48672 -0.00465375 2.372 -1.17382 
-1.93195 0.901633 -0.000793401 -1.48675 -0.00465243 2.37201 -1.17347 
-1.93227 0.902914 -0.000801356 -1.48675 -0.0046511 2.37202 -1.17286 
-1.93265 0.904211 -0.000823308 -1.48675 -0.00465049 2.37226 -1.1717 
-1.93309 0.905413 -0.000824542 -1.48674 -0.0046511 2.37307 -1.17042 
-1.9335 0.906343 -0.000832909 -1.48675 -0.00465375 2.37408 -1.16907 
-1.93398 0.907065 -0.000830934 -1.48674 -0.00465375 2.37516 -1.16699 
-1.93439 0.907531 -0.000832604 -1.48673 -0.00465852 2.37623 -1.16544 
-1.9347 0.90777 -0.000832604 -1.48673 -0.00465604 2.37685 -1.16499 
-1.93495 0.907786 -0.000835352 -1.48671 -0.00465375 2.37721 -1.16488 
-1.93517 0.90775 -0.000840116 -1.48659 -0.00465533 2.37738 -1.16483 
-1.93529 0.907766 -0.000840705 -1.48638 -0.00465247 2.3774 -1.16481 
-1.93533 0.907766 -0.000840941 -1.48616 -0.00465304 2.37745 -1.16469 
-1.93531 0.907768 -0.000838996 -1.486 -0.00465436 2.37751 -1.16429 
-1.93532 0.907789 -0.000840946 -1.48588 -0.00465625 2.37764 -1.16374 
-1.93531 0.907799 -0.000843407 -1.48583 -0.00465304 2.37803 -1.16281 
-1.93531 0.907799 -0.000851137 -1.48584 -0.00465412 2.37831 -1.16129 
-1.93531 0.907817 -0.000853964 -1.48583 -0.00465568 2.37845 -1.15982 
-1.93531 0.907855 -0.000853993 -1.48583 -0.00465472 2.37847 -1.15833 
-1.93532 0.907956 -0.000872184 -1.48582 -0.00466231 2.37849 -1.15709 
-1.93535 0.908069 -0.000885293 -1.48582 -0.00465915 2.3785 -1.15631 
-1.93534 0.908226 -0.000875684 -1.48582 -0.00466048 2.37851 -1.15547 
-1.93527 0.908437 -0.000863534 -1.48583 -0.00466048 2.37851 -1.15442 
-1.9352 0.908658 -0.000865427 -1.48582 -0.00466495 2.37851 -1.15339 
-1.93516 0.908877 -0.000860903 -1.48583 -0.00466859 2.37851 -1.15286 
-1.93512 0.909083 -0.000859614 -1.48583 -0.00466746 2.37852 -1.1526 
-1.93506 0.909262 -0.000855931 -1.48582 -0.00466653 2.37871 -1.15219 
-1.93497 0.909482 -0.000854324 -1.48583 -0.00467272 2.37951 -1.15131 
-1.93485 0.909716 -0.000858025 -1.48582 -0.00468736 2.38048 -1.15032 
-1.93474 0.909927 -0.000854406 -1.48582 -0.0046972 2.38172 -1.14947 
-1.93462 0.910187 -0.000856077 -1.48583 -0.00471665 2.38366 -1.14866 
-1.93446 0.910516 -0.000859696 -1.48583 -0.00475042 2.38599 -1.14831 
-1.93432 0.910914 -0.000858738 -1.48583 -0.00475313 2.3886 -1.14822 
-1.93419 0.911461 -0.000852736 -1.48583 -0.00475753 2.39168 -1.1481 
-1.93403 0.912121 -0.000854406 -1.48583 -0.00475887 2.39408 -1.14801 
-1.93391 0.912827 -0.000852736 -1.48583 -0.00475695 2.3956 -1.148 
-1.93377 0.913567 -0.000856076 -1.48583 -0.00475632 2.39603 -1.14793 
-1.93364 0.914339 -0.000852657 -1.48583 -0.00476339 2.39604 -1.14762 
-1.93346 0.915093 -0.000857315 -1.48583 -0.00480127 2.39605 -1.14751 
-1.93329 0.915703 -0.000858025 -1.48583 -0.00482728 2.39604 -1.14749 
-1.93309 0.916235 -0.00085438 -1.48583 -0.00482778 2.39606 -1.14739 
-1.93287 0.916632 -0.000865797 -1.48583 -0.00482778 2.39606 -1.14712 
-1.93275 0.916863 -0.000872901 -1.48583 -0.00483435 2.39606 -1.14695 
-1.9327 0.916971 -0.000861039 -1.48583 -0.00483109 2.39606 -1.14691 
-1.93263 0.916985 -0.000871456 -1.48582 -0.00483241 2.39607 -1.14675 
-1.93263 0.916958 -0.00089295 -1.48579 -0.00483302 2.39607 -1.14645 
-1.93271 0.916946 -0.000949183 -1.48577 -0.00484036 2.39606 -1.14618 
-1.9328 0.916985 -0.00100296 -1.48577 -0.00487592 2.39607 -1.14617 
-1.93291 0.917015 -0.00101979 -1.48577 -0.00490922 2.39606 -1.14617 
-1.93308 0.916999 -0.00103678 -1.48577 -0.00496215 2.39606 -1.14617 
-1.93324 0.917002 -0.00103546 -1.48577 -0.0049909 2.39607 -1.14617 
-1.93339 0.917004 -0.00104544 -1.48576 -0.00500588 2.39607 -1.14617 
-1.93355 0.916993 -0.00105826 -1.48577 -0.00501806 2.39606 -1.14617 
-1.93372 0.917016 -0.00105941 -1.48577 -0.00501589 2.39606 -1.14617 
-1.93385 0.917065 -0.00105605 -1.48577 -0.00501696 2.39607 -1.14617 
-1.93389 0.91709 -0.00106137 -1.48577 -0.00501824 2.39606 -1.14617 
-1.9339 0.917129 -0.00105783 -1.48577 -0.00501966 2.39607 -1.14617 
-1.93389 0.917147 -0.00105327 -1.48576 -0.00501855 2.39607 -1.14617 
-1.93388 0.91718 -0.00105421 -1.48576 -0.0050197 2.39607 -1.14616 
-1.93391 0.917234 -0.00106407 -1.48577 -0.0050195 2.39608 -1.14615 
-1.93395 0.917305 -0.00107662 -1.48577 -0.00501518 2.39607 -1.14615 
-1.93402 0.917434 -0.00109986 -1.48576 -0.00501651 2.39608 -1.14611 
-1.93417 0.917604 -0.00110299 -1.48576 -0.00501818 2.3961 -1.14607 
-1.93434 0.917793 -0.00111432 -1.48576 -0.00501579 2.39611 -1.1459 
-1.93457 0.91801 -0.00113331 -1.48576 -0.00501457 2.39611 -1.14569 
-1.93487 0.91828 -0.00112648 -1.48576 -0.00501325 2.39611 -1.14553 
-1.93515 0.918568 -0.00112981 -1.48575 -0.00501325 2.39612 -1.14534 
-1.93537 0.918849 -0.00112981 -1.48572 -0.00501386 2.39613 -1.14514 
-1.93554 0.919086 -0.00112981 -1.4857 -0.00501006 2.39614 -1.14507 
-1.93565 0.919285 -0.00112814 -1.48565 -0.00500591 2.39617 -1.14483 
-1.93569 0.919462 -0.00112647 -1.48554 -0.00500978 2.39641 -1.14443 
-1.93565 0.919629 -0.0011192 -1.4854 -0.00500785 2.39666 -1.14436 
-1.93561 0.919772 -0.00111088 -1.48525 -0.00500725 2.39667 -1.14433 
-1.93558 0.919903 -0.00110116 -1.48516 -0.0050085 2.39667 -1.14432 
-1.93553 0.920038 -0.00110006 -1.48508 -0.00501276 2.39669 -1.14432 
-1.93551 0.920249 -0.00111014 -1.4849 -0.00500942 2.39671 -1.1443 
-1.93559 0.920476 -0.00113065 -1.48468 -0.00501333 2.39671 -1.1443 
-1.93571 0.92075 -0.00113705 -1.48454 -0.00501217 2.39671 -1.14429 
-1.93587 0.921114 -0.00115778 -1.48435 -0.005011 2.39672 -1.14429 
-1.93607 0.921543 -0.00116406 -1.48409 -0.00501117 2.39672 -1.14429 
-1.93625 0.921963 -0.00115204 -1.48383 -0.00500591 2.39674 -1.14429 
-1.93634 0.922433 -0.00115733 -1.48349 -0.00500724 2.39676 -1.14429 
-1.93639 0.922933 -0.00115371 -1.4831 -0.00500785 2.39678 -1.14429 
-1.93639 0.923376 -0.00114689 -1.48271 -0.00500724 2.39681 -1.14428 
-1.93637 0.923794 -0.0011437 -1.48245 -0.00500724 2.39681 -1.14425 
-1.93636 0.924168 -0.00112903 -1.48233 -0.0050053 2.39682 -1.1442 
-1.93632 0.924553 -0.00111167 -1.48212 -0.00499812 2.397 -1.14398 
-1.9362 0.924992 -0.00111075 -1.48189 -0.00499854 2.39719 -1.14368 
-1.9361 0.925402 -0.00110916 -1.48174 -0.00499919 2.3972 -1.14343 
-1.93606 0.925868 -0.00110741 -1.48159 -0.0049998 2.39727 -1.14324 
-1.93599 0.926413 -0.00109782 -1.48132 -0.00499739 2.39758 -1.14301 
-1.93588 0.926998 -0.00109782 -1.48106 -0.00499501 2.39781 -1.14242 
-1.93576 0.927604 -0.00109462 -1.48085 -0.00499716 2.39787 -1.14167 
-1.93561 0.928175 -0.00108948 -1.48064 -0.0049926 2.398 -1.14096 
-1.93543 0.928856 -0.00108823 -1.48038 -0.00499394 2.39834 -1.13974 
-1.93528 0.929552 -0.00108991 -1.48012 -0.00500051 2.39859 -1.13866 
-1.93514 0.9303 -0.00109838 -1.47985 -0.00500177 2.39889 -1.13802 
-1.93514 0.931104 -0.0011061 -1.47951 -0.00500244 2.39955 -1.1377 
-1.93517 0.931861 -0.0011084 -1.47928 -0.00500112 2.40021 -1.13755 
-1.93516 0.932676 -0.00110645 -1.4791 -0.00500112 2.40109 -1.13751 
-1.93515 0.933466 -0.00110185 -1.47903 -0.00500112 2.40283 -1.13751 
-1.93514 0.934285 -0.00109268 -1.47903 -0.00500412 2.4055 -1.13751 
-1.93508 0.935224 -0.00108297 -1.47904 -0.00500245 2.40876 -1.13751 
-1.93502 0.936282 -0.0010862 -1.47903 -0.00500112 2.41225 -1.13749 
-1.93498 0.937324 -0.00108142 -1.47903 -0.00500112 2.41547 -1.13742 
-1.93494 0.938342 -0.0010746 -1.47901 -0.00500493 2.41828 -1.13742 
-1.93488 0.939468 -0.00107702 -1.47898 -0.0049998 2.42033 -1.13739 
-1.93489 0.94053 -0.00108195 -1.47899 -0.00499858 2.42105 -1.13721 
-1.9349 0.941554 -0.00108802 -1.47898 -0.00499345 2.42108 -1.13675 
-1.9349 0.942581 -0.00107503 -1.47896 -0.00499467 2.42108 -1.13632 
-1.93489 0.943563 -0.00109363 -1.47892 -0.00500814 2.42108 -1.13604 
-1.93497 0.944319 -0.00110645 -1.47891 -0.00500846 2.42108 -1.13598 
-1.93508 0.945025 -0.00110437 -1.47889 -0.00498779 2.42108 -1.13587 
-1.93512 0.945563 -0.00108522 -1.47889 -0.00499053 2.42107 -1.13573 
-1.93505 0.945963 -0.00104048 -1.47886 -0.00497154 2.42109 -1.13563 
-1.9349 0.946386 -0.00100125 -1.47852 -0.00497554 2.4211 -1.13511 
-1.93486 0.946894 -0.00101629 -1.47789 -0.00498059 2.42108 -1.1345 
-1.93489 0.947348 -0.00102025 -1.47752 -0.00497299 2.42108 -1.13437 
-1.9349 0.947846 -0.00103006 -1.47728 -0.0049736 2.42109 -1.13412 
-1.93489 0.948418 -0.0010231 -1.47698 -0.00498128 2.4211 -1.13387 
-1.93489 0.949066 -0.00101949 -1.47652 -0.00497727 2.42112 -1.13368 
-1.93489 0.949728 -0.00102478 -1.47593 -0.0049766 2.42109 -1.1336 
-1.93489 0.950471 -0.00102524 -1.47539 -0.00497529 2.4211 -1.13353 
-1.93488 0.951295 -0.0010231 -1.47482 -0.00497877 2.4211 -1.13338 
-1.93489 0.952137 -0.00101949 -1.47421 -0.00497493 2.42111 -1.1332 
-1.93489 0.953024 -0.00102116 -1.47359 -0.00498112 2.4211 -1.13305 
-1.93488 0.953842 -0.00102549 -1.47311 -0.00498565 2.42113 -1.13303 
-1.93491 0.954549 -0.00103859 -1.47249 -0.0049896 2.42111 -1.13303 
-1.93493 0.955096 -0.00104094 -1.47213 -0.00498287 2.42111 -1.13302 
-1.93493 0.955464 -0.00105022 -1.47198 -0.00498684 2.42112 -1.13302 
-1.93492 0.955812 -0.001048 -1.47183 -0.00499112 2.42113 -1.13301 
-1.93489 0.956122 -0.00104867 -1.47148 -0.0049954 2.42111 -1.13301 
-1.93489 0.956255 -0.00104505 -1.47132 -0.00499583 2.4211 -1.13301 
-1.93492 0.956299 -0.00105354 -1.47132 -0.00499189 2.42109 -1.13301 
-1.93493 0.956432 -0.00106409 -1.47131 -0.00498915 2.4211 -1.13299 
-1.9349 0.95668 -0.00106487 -1.4713 -0.00499025 2.42112 -1.13297 
-1.93487 0.956944 -0.00106358 -1.4711 -0.00500126 2.42111 -1.13297 
-1.93487 0.957203 -0.0010643 -1.47084 -0.00500366 2.4211 -1.13297 
-1.93486 0.957425 -0.0010608 -1.47081 -0.00500161 2.42111 -1.13296 
-1.93487 0.957685 -0.00106892 -1.47071 -0.00500197 2.42112 -1.13289 
-1.93487 0.957931 -0.00106895 -1.47044 -0.00500427 2.4211 -1.13284 
-1.93484 0.958115 -0.0010687 -1.47025 -0.00500305 2.4211 -1.13281 
-1.93483 0.958315 -0.00107085 -1.47017 -0.00500392 2.4211 -1.13266 
-1.93485 0.958656 -0.00107005 -1.47012 -0.00500392 2.42113 -1.13263 
-1.9348 0.959075 -0.00106406 -1.46968 -0.00500621 2.42111 -1.13262 
-1.93475 0.959562 -0.00109426 -1.46926 -0.00501039 2.42108 -1.13262 
-1.93478 0.960168 -0.00110953 -1.46902 -0.00501043 2.42112 -1.1326 
-1.9348 0.960947 -0.00110368 -1.46862 -0.00501527 2.42113 -1.13261 
-1.93478 0.961847 -0.00108827 -1.46797 -0.00501544 2.42112 -1.1326 
-1.93478 0.962809 -0.00108859 -1.46716 -0.00501457 2.42109 -1.1326 
-1.93477 0.963662 -0.00109605 -1.46653 -0.00501386 2.42109 -1.1326 
-1.93477 0.964374 -0.00110238 -1.46599 -0.00501651 2.42108 -1.1326 
-1.93477 0.965053 -0.00109093 -1.46555 -0.00501457 2.42108 -1.13261 
-1.93475 0.965727 -0.0010671 -1.4651 -0.00501203 2.42108 -1.1326 
-1.93473 0.966338 -0.00108074 -1.46462 -0.00501386 2.42107 -1.1326 
-1.93475 0.966877 -0.0010877 -1.46426 -0.00501325 2.42106 -1.1326 
-1.93475 0.967334 -0.00107545 -1.46392 -0.00501203 2.42106 -1.13259 
-1.93472 0.967833 -0.00108088 -1.46359 -0.0050141 2.42108 -1.13259 
-1.93474 0.968442 -0.00106918 -1.46302 -0.00500969 2.42105 -1.13259 
-1.93474 0.969103 -0.00107754 -1.46247 -0.00500435 2.42104 -1.13259 
-1.93474 0.969831 -0.00108582 -1.46198 -0.00500459 2.42103 -1.13258 
-1.93475 0.970612 -0.00108065 -1.46138 -0.00500138 2.42104 -1.13258 
-1.93474 0.971494 -0.00105481 -1.46061 -0.00499919 2.42102 -1.13256 
-1.93468 0.972308 -0.001043 -1.46007 -0.00499726 2.42102 -1.13255 
-1.93467 0.973129 -0.00103664 -1.45973 -0.00498 2.421 -1.13255 
-1.93461 0.973813 -0.000958197 -1.4594 -0.00499183 2.42107 -1.13251 
-1.93432 0.97375 -0.000956356 -1.45877 -0.00499057 2.42096 -1.13241 
-1.9341 0.974038 -0.00104862 -1.45851 -0.00499103 2.42085 -1.1324 
-1.93411 0.974176 -0.00102232 -1.45835 -0.00498962 2.42086 -1.13239 
-1.93407 0.974212 -0.00102738 -1.4583 -0.004995 2.42085 -1.1324 
-1.93408 0.974225 -0.00102708 -1.45829 -0.00499306 2.42085 -1.1324 
-1.93408 0.974242 -0.00102068 -1.45828 -0.00498987 2.42085 -1.13239 
-1.9341 0.97426 -0.00102059 -1.45828 -0.00498451 2.42085 -1.13237 
-1.93411 0.974281 -0.00101892 -1.45827 -0.00498319 2.42085 -1.13236 
-1.9341 0.974318 -0.00101572 -1.45827 -0.00497684 2.42085 -1.13231 
-1.93412 0.974389 -0.00101657 -1.45827 -0.00497241 2.42086 -1.13221 
-1.93414 0.974444 -0.0010143 -1.45827 -0.00495631 2.42087 -1.13216 
-1.93415 0.974472 -0.00100891 -1.45827 -0.00490699 2.42087 -1.13194 
-1.93419 0.974537 -0.00100571 -1.45827 -0.00488472 2.42087 -1.13171 
-1.93424 0.974574 -0.000992508 -1.45827 -0.0048833 2.42087 -1.1317 
-1.93423 0.974613 -0.000986546 -1.45827 -0.00488152 2.42087 -1.1317 
-1.93425 0.97465 -0.000982916 -1.45827 -0.00488152 2.42087 -1.1317 
-1.93426 0.974674 -0.000983369 -1.45827 -0.00488152 2.42087 -1.1317 
-1.93424 0.974702 -0.000964857 -1.45827 -0.00488091 2.42086 -1.13169 
-1.93424 0.974718 -0.000965267 -1.45827 -0.00487225 2.42086 -1.13168 
-1.93426 0.974735 -0.000956812 -1.45827 -0.00481357 2.42086 -1.13166 
-1.93425 0.974739 -0.000953615 -1.45827 -0.00476805 2.42085 -1.13165 
-1.93425 0.974757 -0.000948023 -1.45827 -0.00472655 2.42084 -1.13162 
-1.93423 0.97477 -0.000949298 -1.45827 -0.00466545 2.42084 -1.13147 
-1.93424 0.974778 -0.000944765 -1.45827 -0.00465068 2.42084 -1.13101 
-1.93424 0.974789 -0.000930911 -1.45827 -0.00464573 2.42084 -1.13034 
-1.93421 0.974814 -0.000900557 -1.45827 -0.00463929 2.42083 -1.12904 
-1.93419 0.97483 -0.00086423 -1.45825 -0.00464272 2.42084 -1.12701 
-1.93415 0.974854 -0.000853987 -1.45822 -0.00464505 2.42084 -1.12542 
-1.93406 0.974905 -0.000859308 -1.45816 -0.00464601 2.42085 -1.12428 
-1.93403 0.974947 -0.000862152 -1.45811 -0.00464795 2.42084 -1.12311 
-1.93401 0.974969 -0.000862465 -1.45806 -0.00464795 2.42083 -1.12235 
-1.934 0.974991 -0.000856023 -1.45803 -0.00464927 2.42083 -1.12176 
-1.93399 0.975024 -0.000857606 -1.45802 -0.00465312 2.42082 -1.1214 
-1.93394 0.97503 -0.000859272 -1.45801 -0.0046559 2.42082 -1.12118 
-1.93389 0.975032 -0.000864408 -1.45801 -0.00465529 2.42081 -1.12072 
-1.93387 0.975056 -0.000866087 -1.45798 -0.0046559 2.42081 -1.11951 
-1.93385 0.975106 -0.000861758 -1.45793 -0.00466334 2.42081 -1.11793 
-1.93375 0.975164 -0.000865127 -1.45784 -0.0046758 2.42081 -1.11591 
-1.93365 0.975216 -0.000880964 -1.45775 -0.00470679 2.42081 -1.11355 
-1.9336 0.975271 -0.000893816 -1.45765 -0.00472922 2.42082 -1.11165 
-1.93357 0.975335 -0.000885262 -1.45755 -0.00473908 2.42082 -1.11012 
-1.93346 0.975388 -0.000894145 -1.45749 -0.0047977 2.42082 -1.10797 
-1.93335 0.975422 -0.000913373 -1.45744 -0.0051429 2.42082 -1.10561 
-1.93327 0.975448 -0.000920193 -1.45739 -0.00545901 2.42082 -1.10447 
-1.93321 0.975474 -0.000952183 -1.45736 -0.00553531 2.42082 -1.10401 
-1.93321 0.975482 -0.000984793 -1.45736 -0.00553355 2.42082 -1.10366 
-1.93321 0.975478 -0.000983763 -1.45734 -0.00553352 2.42082 -1.10345 
-1.9332 0.975482 -0.000983763 -1.45733 -0.00553158 2.42083 -1.1032 
-1.93321 0.975485 -0.000979655 -1.4573 -0.005516 2.42083 -1.10257 
-1.93321 0.975505 -0.000972108 -1.45728 -0.00549182 2.42084 -1.10139 
-1.9332 0.975527 -0.000952429 -1.45722 -0.00546206 2.42085 -1.09882 
-1.93316 0.97558 -0.000903849 -1.45712 -0.005427 2.42087 -1.09414 
-1.93309 0.975644 -0.000864391 -1.457 -0.00539494 2.42088 -1.08823 
-1.93304 0.975675 -0.000867613 -1.45696 -0.0053086 2.42087 -1.07973 
-1.93303 0.975671 -0.000861613 -1.45696 -0.00531104 2.42087 -1.07091 
-1.933 0.975668 -0.000859154 -1.45696 -0.00530891 2.42086 -1.06215 
-1.93303 0.975667 -0.000877729 -1.45697 -0.00530336 2.42085 -1.05376 
-1.93313 0.975665 -0.000872055 -1.45698 -0.0052897 2.42085 -1.04614 
-1.93316 0.975661 -0.000867456 -1.45697 -0.00529151 2.42087 -1.03952 
-1.93314 0.975666 -0.000872479 -1.45698 -0.00529031 2.42086 -1.03375 
-1.93314 0.975661 -0.000865668 -1.45698 -0.00528995 2.42086 -1.02826 
-1.93314 0.975663 -0.000863993 -1.45698 -0.00528693 2.42086 -1.02226 
-1.93316 0.975657 -0.000865427 -1.45698 -0.00527212 2.42086 -1.01663 
-1.93317 0.975653 -0.000869283 -1.45698 -0.00523835 2.42085 -1.01139 
-1.93318 0.975655 -0.000856573 -1.45698 -0.0051867 2.42085 -1.00613 
-1.93315 0.975649 -0.000845615 -1.45698 -0.0051223 2.42086 -1.00065 
-1.93312 0.975651 -0.000827848 -1.45698 -0.0050739 2.42085 -0.994479 
-1.93309 0.975642 -0.0008358 -1.45698 -0.00507842 2.42084 -0.987465 
-1.93312 0.975648 -0.000833243 -1.45699 -0.00507865 2.42084 -0.980677 
-1.9331 0.975646 -0.000821034 -1.45698 -0.00506822 2.42087 -0.974724 
-1.93306 0.975644 -0.000818684 -1.45696 -0.00500556 2.42088 -0.969035 
-1.93306 0.975642 -0.000805845 -1.45696 -0.00499474 2.42087 -0.96301 
-1.93302 0.97564 -0.000792659 -1.45696 -0.00495698 2.42087 -0.957238 
-1.93301 0.975644 -0.000795748 -1.45696 -0.00490829 2.42089 -0.950792 
-1.93303 0.975646 -0.000801757 -1.45695 -0.00490991 2.42089 -0.942637 
-1.93305 0.975638 -0.000814492 -1.45695 -0.00491001 2.42088 -0.93506 
-1.93309 0.975631 -0.000819908 -1.45696 -0.00490713 2.42087 -0.928104 
-1.93315 0.975629 -0.000819252 -1.45696 -0.00490652 2.42088 -0.921171 
-1.93317 0.975623 -0.000824542 -1.45696 -0.00489563 2.42086 -0.914278 
-1.93321 0.97561 -0.000827501 -1.45697 -0.00489529 2.42085 -0.906808 
-1.93326 0.975602 -0.000831575 -1.45697 -0.00489081 2.42086 -0.898951 
-1.93334 0.975604 -0.00083409 -1.45698 -0.00486129 2.42086 -0.891377 
-1.93341 0.975582 -0.000807187 -1.45696 -0.00483073 2.42086 -0.883208 
-1.93336 0.975579 -0.000797427 -1.45696 -0.0047077 2.42087 -0.875536 
-1.93328 0.975583 -0.000728864 -1.45696 -0.00448763 2.42087 -0.866308 
-1.93303 0.975594 -0.000747884 -1.45697 -0.00447885 2.42086 -0.856767 
-1.93288 0.975594 -0.000742853 -1.45699 -0.00447315 2.42085 -0.847544 
-1.93272 0.975596 -0.00072601 -1.45699 -0.00447631 2.42086 -0.838295 
-1.93252 0.975598 -0.000730872 -1.457 -0.00447885 2.42085 -0.82867 
-1.93232 0.9756 -0.000727253 -1.457 -0.00448044 2.42086 -0.819115 
-1.93217 0.975602 -0.000731109 -1.45701 -0.00447824 2.42086 -0.810701 
-1.93211 0.975598 -0.000730872 -1.457 -0.00447997 2.42086 -0.802844 
-1.93211 0.975598 -0.000741026 -1.45701 -0.00447439 2.42086 -0.796294 
-1.93215 0.975589 -0.000747843 -1.45701 -0.0044613 2.42085 -0.788606 
-1.93222 0.975592 -0.000752555 -1.45701 -0.00444347 2.42085 -0.78083 
-1.93227 0.975581 -0.000755905 -1.45705 -0.00441056 2.42082 -0.774242 
-1.93236 0.975512 -0.000750615 -1.45717 -0.00426446 2.42082 -0.768025 
-1.9325 0.975494 -0.00076105 -1.45717 -0.00389254 2.42082 -0.761097 
-1.93272 0.975484 -0.000780661 -1.45717 -0.00370033 2.42082 -0.7546 
-1.93309 0.975474 -0.000778131 -1.45718 -0.00369332 2.4208 -0.747564 
-1.93347 0.975453 -0.000728994 -1.45718 -0.00354707 2.42078 -0.741283 
-1.93368 0.975438 -0.000771966 -1.45718 -0.00323604 2.42058 -0.735968 
-1.93389 0.975382 -0.000746141 -1.45717 -0.00302982 2.42032 -0.730984 
-1.93405 0.975385 -0.000745338 -1.45717 -0.00277623 2.42027 -0.7258 
-1.93413 0.975378 -0.000755037 -1.45717 -0.00239619 2.42026 -0.720184 
-1.93421 0.975381 -0.00075001 -1.45717 -0.00185191 2.42026 -0.713454 
-1.93427 0.975379 -0.000751075 -1.45718 -0.00123469 2.42024 -0.704615 
-1.93434 0.975362 -0.00075108 -1.45718 -0.000669598 2.4202 -0.694651 
-1.93442 0.975341 -0.00074763 -1.45718 -0.000217197 2.42003 -0.684707 
-1.93445 0.975302 -0.000745794 -1.45718 -1.31796e-05 2.41975 -0.673855 
-1.93446 0.975265 -0.000747275 -1.45719 3.3249e-05 2.41938 -0.662038 
-1.93447 0.975239 -0.000764153 -1.4572 4.95473e-05 2.41921 -0.64966 
-1.93455 0.975237 -0.000763822 -1.45719 4.50657e-05 2.41922 -0.636822 
-1.93459 0.975232 -0.000761204 -1.45719 4.02779e-05 2.41922 -0.624836 
-1.93462 0.975219 -0.000759231 -1.4572 4.22107e-05 2.41921 -0.613789 
-1.93461 0.975222 -0.000757007 -1.45721 4.09408e-05 2.41922 -0.602728 
-1.93459 0.975223 -0.000747091 -1.45721 3.71244e-05 2.41923 -0.591975 
-1.93452 0.975225 -0.000737264 -1.45721 3.41666e-05 2.41923 -0.581772 
-1.93447 0.975225 -0.000725277 -1.45721 4.34314e-05 2.41923 -0.572293 
-1.93443 0.97523 -0.000731902 -1.45721 5.20905e-05 2.41925 -0.56261 
-1.93445 0.975229 -0.000720331 -1.45721 6.71243e-05 2.41926 -0.552161 
-1.93442 0.975232 -0.000709548 -1.45721 7.00301e-05 2.41926 -0.541791 
-1.93436 0.975236 -0.000701541 -1.45722 7.91367e-05 2.41925 -0.532306 
-1.93435 0.975237 -0.000703212 -1.45723 0.000112311 2.41925 -0.523066 
-1.9344 0.975231 -0.000718394 -1.45723 0.000204096 2.41925 -0.512435 
-1.9345 0.975227 -0.000717665 -1.45723 0.000312969 2.41925 -0.501767 
-1.93459 0.975222 -0.000723944 -1.45724 0.000509744 2.41926 -0.491471 
-1.93465 0.97522 -0.000730184 -1.45724 0.000633101 2.41926 -0.482112 
-1.93474 0.975215 -0.000716113 -1.45724 0.000826004 2.41926 -0.47267 
-1.93478 0.975213 -0.000724904 -1.45724 0.00102768 2.41927 -0.46402 
-1.93478 0.975216 -0.000716773 -1.45724 0.00107573 2.41927 -0.456041 
-1.93475 0.975219 -0.000714473 -1.45723 0.00106867 2.41929 -0.449016 
-1.93475 0.975219 -0.000719759 -1.45722 0.00107386 2.41935 -0.443004 
-1.93478 0.975257 -0.000728245 -1.45722 0.00107983 2.41971 -0.435507 
-1.9348 0.97526 -0.000724904 -1.45723 0.00108954 2.41973 -0.428196 
-1.93476 0.975264 -0.000721969 -1.45723 0.00113826 2.41972 -0.421223 
-1.93478 0.975263 -0.000718098 -1.45724 0.00116977 2.41971 -0.412935 
-1.93479 0.975263 -0.000730194 -1.45724 0.00117574 2.4197 -0.404649 
-1.93482 0.975263 -0.000733389 -1.45724 0.00117259 2.4197 -0.395815 
-1.93483 0.975263 -0.00073152 -1.45724 0.00117907 2.4197 -0.386684 
-1.93485 0.975263 -0.000728091 -1.45724 0.0012464 2.4197 -0.37817 
-1.93483 0.975263 -0.000721206 -1.45724 0.00142464 2.4197 -0.368373 
-1.93482 0.975257 -0.000719759 -1.45724 0.00150911 2.41971 -0.357272 
-1.93483 0.975252 -0.00071447 -1.45724 0.00150657 2.41971 -0.344751 
-1.9348 0.975252 -0.000705013 -1.45724 0.0015117 2.41971 -0.332331 
-1.93473 0.975258 -0.000690124 -1.45724 0.0015161 2.41971 -0.320029 
-1.93463 0.975255 -0.000692181 -1.45724 0.00152229 2.41971 -0.306991 
-1.93462 0.975252 -0.000683468 -1.45724 0.00152569 2.41971 -0.295009 
-1.93459 0.975251 -0.000657851 -1.45724 0.00153752 2.4197 -0.283641 
-1.93454 0.975247 -0.000604003 -1.45724 0.00153527 2.4197 -0.271348 
-1.93445 0.975253 -0.00060833 -1.45724 0.00155219 2.4197 -0.259541 
-1.93439 0.975251 -0.000576614 -1.45724 0.00159614 2.41971 -0.247724 
-1.93422 0.975251 -0.000573711 -1.45724 0.00171496 2.4197 -0.236079 
-1.93401 0.97526 -0.000600717 -1.45724 0.00174316 2.4197 -0.223702 
-1.93396 0.975254 -0.000595123 -1.45725 0.00174756 2.41968 -0.211321 
-1.93396 0.975257 -0.000598743 -1.45724 0.00175598 2.41971 -0.198108 
-1.93397 0.975254 -0.000597072 -1.45725 0.00176246 2.4197 -0.184244 
-1.93396 0.975252 -0.000594824 -1.45725 0.00176287 2.4197 -0.171369 
-1.93393 0.975255 -0.000571879 -1.45724 0.00176537 2.4197 -0.158182 
-1.93388 0.975255 -0.000587485 -1.45724 0.00176344 2.41971 -0.145795 
-1.93392 0.975252 -0.000595547 -1.45723 0.00176598 2.41973 -0.134605 
-1.93393 0.975254 -0.000593876 -1.45721 0.00177772 2.41974 -0.123227 
-1.93389 0.975254 -0.000576445 -1.4572 0.00180892 2.41975 -0.111682 
-1.93383 0.975257 -0.000574841 -1.45719 0.00191108 2.41978 -0.100746 
-1.93379 0.975259 -0.000556479 -1.45719 0.00196956 2.4198 -0.088735 
-1.93372 0.975263 -0.000560826 -1.4572 0.00200296 2.4198 -0.0761457 
-1.93367 0.975261 -0.000562667 -1.4572 0.00201837 2.4198 -0.0638747 
-1.93364 0.975261 -0.000551343 -1.4572 0.00201934 2.41979 -0.0517048 
-1.93359 0.975271 -0.000544064 -1.4572 0.00202005 2.41979 -0.0394533 
-1.93355 0.975269 -0.000555814 -1.4572 0.00201883 2.41979 -0.0281692 
-1.93357 0.97527 -0.000561835 -1.45719 0.00201822 2.41981 -0.0172122 
-1.9336 0.975265 -0.000568389 -1.4572 0.00202137 2.41981 -0.00667427 
-1.93363 0.975269 -0.000572466 -1.4572 0.00203407 2.4198 0.00324105 
-1.93361 0.975271 -0.000569557 -1.45721 0.00205139 2.41979 0.0126331 
-1.93363 0.975267 -0.000573176 -1.45721 0.00204824 2.41979 0.0226631 
-1.93361 0.975271 -0.000571506 -1.45722 0.00205553 2.41977 0.0321485 
-1.93361 0.975273 -0.00056786 -1.45724 0.00205177 2.41977 0.0429659 
-1.93362 0.975271 -0.000577687 -1.45724 0.0020536 2.41978 0.0525472 
-1.93365 0.975269 -0.000581662 -1.45724 0.00205492 2.41978 0.0617827 
-1.93372 0.975269 -0.000584434 -1.45724 0.00205239 2.41977 0.0706159 
-1.93379 0.975266 -0.000582752 -1.45724 0.00206737 2.41977 0.0789401 
-1.93386 0.975264 -0.000589579 -1.45725 0.00213404 2.41978 0.0869745 
-1.93397 0.975269 -0.00059292 -1.45725 0.00231496 2.41978 0.095413 
-1.93407 0.975269 -0.000589579 -1.45725 0.00237549 2.41979 0.104281 
-1.9341 0.975264 -0.00058957 -1.45723 0.0023809 2.41979 0.113648 
-1.93412 0.975271 -0.000598036 -1.45723 0.00238323 2.41979 0.122976 
-1.93414 0.975278 -0.00060293 -1.45724 0.00237594 2.41979 0.132436 
-1.93415 0.975289 -0.000594259 -1.45724 0.00236829 2.41978 0.142109 
-1.9341 0.975296 -0.000590915 -1.45726 0.00236461 2.41978 0.150499 
-1.93406 0.975296 -0.000577487 -1.45726 0.0023634 2.41979 0.158733 
-1.934 0.975294 -0.000580383 -1.45725 0.00236297 2.41979 0.164949 
-1.934 0.975293 -0.000579144 -1.45725 0.00237102 2.41981 0.170052 
-1.93399 0.975291 -0.000574305 -1.45725 0.00237723 2.41983 0.174941 
-1.93397 0.975298 -0.000573951 -1.45725 0.0023809 2.41991 0.179791 
-1.934 0.975303 -0.000572604 -1.45725 0.00238508 2.42003 0.185368 
-1.93398 0.975299 -0.000569412 -1.45725 0.00238987 2.42005 0.191754 
-1.93395 0.975305 -0.000564267 -1.45725 0.00238916 2.42005 0.198236 
-1.93397 0.975312 -0.000576122 -1.45725 0.00238987 2.42005 0.204039 
-1.93403 0.975311 -0.000588049 -1.45725 0.00239528 2.42005 0.209595 
-1.93411 0.975312 -0.000581185 -1.45724 0.00240139 2.42006 0.215817 
-1.93412 0.975316 -0.000581093 -1.45724 0.00243031 2.42013 0.221691 
-1.93412 0.975331 -0.000582764 -1.45724 0.0024542 2.42032 0.228265 
-1.93411 0.975351 -0.000582763 -1.45724 0.00245452 2.42038 0.235526 
-1.93411 0.97537 -0.000582763 -1.45724 0.00245759 2.42038 0.242391 
-1.93413 0.975364 -0.000588053 -1.45724 0.00246718 2.42039 0.249287 
-1.93414 0.975372 -0.000591249 -1.45724 0.00246657 2.42041 0.256802 
-1.93416 0.975373 -0.000591262 -1.45724 0.00246718 2.42043 0.264349 
-1.93419 0.975382 -0.000592306 -1.45724 0.00246669 2.42044 0.272355 
-1.93424 0.97539 -0.000590589 -1.45724 0.00246464 2.42045 0.279921 
-1.93425 0.975387 -0.000591815 -1.45724 0.00246525 2.42045 0.286142 
-1.93427 0.975393 -0.000596115 -1.45724 0.00246525 2.42045 0.292294 
-1.93436 0.975396 -0.000601498 -1.45723 0.00246657 2.42046 0.298236 
-1.93446 0.975395 -0.00059597 -1.45722 0.00248428 2.42052 0.303781 
-1.93453 0.975419 -0.000593011 -1.45722 0.00249533 2.42078 0.30954 
-1.93459 0.975482 -0.000592889 -1.45721 0.00250935 2.4212 0.315482 
-1.93465 0.975525 -0.000590836 -1.4572 0.00259824 2.42153 0.320625 
-1.93471 0.975541 -0.000590852 -1.4572 0.00281988 2.4217 0.325485 
-1.93479 0.975551 -0.000594445 -1.45719 0.00303822 2.42174 0.331645 
-1.93486 0.97555 -0.00060487 -1.45719 0.00318559 2.42174 0.337798 
-1.93498 0.97556 -0.000609744 -1.45719 0.00327709 2.42175 0.343863 
-1.93517 0.975555 -0.000594052 -1.45718 0.00329616 2.42176 0.35073 
-1.9353 0.975572 -0.000601497 -1.45718 0.00331359 2.42177 0.356836 
-1.93542 0.97557 -0.000600758 -1.45717 0.00342764 2.42179 0.361866 
-1.93556 0.975566 -0.000606126 -1.45717 0.00370179 2.42178 0.367376 
-1.93576 0.975576 -0.000611271 -1.45717 0.00390803 2.4218 0.373261 
-1.93594 0.975572 -0.000607414 -1.45717 0.0041149 2.42182 0.378752 
-1.93612 0.975579 -0.000619401 -1.45717 0.0043707 2.42197 0.384906 
-1.93634 0.975583 -0.000580073 -1.45717 0.00457241 2.42201 0.392063 
-1.93633 0.975585 -0.000565793 -1.45717 0.00489975 2.42201 0.39836 
-1.93623 0.975587 -0.000581238 -1.45717 0.00530201 2.42202 0.4045 
-1.93624 0.975583 -0.000581093 -1.45717 0.00559274 2.42203 0.411011 
-1.93623 0.975587 -0.000563243 -1.45714 0.0058354 2.42223 0.417547 
-1.93612 0.975747 -0.000584056 -1.45709 0.00587054 2.42317 0.422659 
-1.93606 0.975809 -0.000584853 -1.4571 0.00580901 2.42347 0.424018 
-1.93608 0.975805 -0.000590539 -1.45711 0.00581792 2.42347 0.424021 
-1.9361 0.975803 -0.000589576 -1.45711 0.00584204 2.42347 0.424033 
-1.9361 0.975801 -0.00059292 -1.45711 0.00587163 2.42348 0.424067 
-1.93611 0.9758 -0.000591258 -1.45711 0.0058915 2.42348 0.424213 
-1.93612 0.975802 -0.000591249 -1.45711 0.00590684 2.42349 0.424366 
-1.93612 0.9758 -0.00059292 -1.45711 0.00595219 2.42349 0.424561 
-1.93613 0.975801 -0.000591249 -1.45711 0.00597709 2.42349 0.424708 
-1.93613 0.975797 -0.000591249 -1.45711 0.00597297 2.42349 0.424715 
-1.93615 0.9758 -0.00059292 -1.45711 0.00598034 2.42349 0.424716 
-1.93618 0.975799 -0.000587548 -1.45711 0.0059918 2.42349 0.424717 
-1.93617 0.975795 -0.000583001 -1.45711 0.00599366 2.42349 0.424716 
-1.93618 0.975797 -0.000584469 -1.45712 0.00600427 2.42349 0.424716 
-1.93619 0.975799 -0.000582765 -1.45712 0.00602277 2.42349 0.424717 
-1.9362 0.975797 -0.000589463 -1.45712 0.00603236 2.4235 0.424723 
-1.93622 0.975793 -0.00058547 -1.45712 0.00604265 2.4235 0.424726 
-1.93623 0.975793 -0.000585171 -1.45712 0.0060849 2.4235 0.424731 
-1.93622 0.975793 -0.00058875 -1.45713 0.0060925 2.4235 0.42473 
-1.93623 0.975793 -0.000591246 -1.45712 0.00608573 2.4235 0.424722 
-1.93622 0.975793 -0.000592921 -1.45712 0.00607646 2.4235 0.424727 
-1.93623 0.975795 -0.000594868 -1.45712 0.00607045 2.4235 0.424722 
-1.93623 0.975793 -0.000599735 -1.45712 0.00606373 2.4235 0.424733 
-1.93623 0.975783 -0.000604878 -1.45713 0.00603445 2.4235 0.424722 
-1.93621 0.975789 -0.000606126 -1.45712 0.00597322 2.4235 0.424727 
-1.9362 0.975785 -0.000611416 -1.45712 0.00575541 2.4235 0.424713 
-1.9362 0.975775 -0.000611271 -1.45713 0.0054451 2.42349 0.424713 
-1.93619 0.975761 -0.000615035 -1.45712 0.00528832 2.42349 0.424701 
-1.93619 0.975757 -0.000617681 -1.45712 0.0052763 2.42348 0.424688 
-1.93619 0.975745 -0.000620988 -1.45712 0.00526169 2.42348 0.424677 
-1.93622 0.975682 -0.000633778 -1.45712 0.00526256 2.42347 0.424658 
-1.93623 0.975682 -0.000635155 -1.4571 0.00525014 2.42347 0.424644 
-1.93619 0.975672 -0.000638865 -1.4571 0.00523299 2.42346 0.424639 
-1.93623 0.975659 -0.00063689 -1.4571 0.00523074 2.42347 0.424632 
-1.93622 0.975635 -0.000645099 -1.45711 0.00522401 2.42346 0.424635 
-1.93622 0.97561 -0.000643154 -1.4571 0.00521922 2.42346 0.424633 
-1.93624 0.975554 -0.000653342 -1.4571 0.00517209 2.42346 0.424625 
-1.93624 0.975475 -0.000651918 -1.4571 0.00513385 2.42344 0.424605 
-1.93622 0.97546 -0.000649969 -1.4571 0.00510944 2.42343 0.424583 
-1.9362 0.975418 -0.00063939 -1.4571 0.00509457 2.42342 0.424578 
-1.93618 0.975405 -0.00062493 -1.4571 0.00508139 2.4234 0.42457 
-1.93617 0.975398 -0.00063385 -1.45711 0.00508047 2.4234 0.424569 
-1.9362 0.97538 -0.00063331 -1.4571 0.00508433 2.4234 0.424564 
-1.93618 0.975374 -0.00063232 -1.45711 0.00507914 2.4234 0.424568 
-1.9362 0.975373 -0.000633035 -1.45711 0.00508169 2.4234 0.424566 
-1.93619 0.975361 -0.000633297 -1.4571 0.00508169 2.4234 0.424561 
-1.93618 0.975365 -0.000635769 -1.45711 0.00508169 2.4234 0.424566 
-1.9362 0.975364 -0.000631171 -1.45711 0.00508362 2.4234 0.424567 
-1.93619 0.975362 -0.000633992 -1.4571 0.00508169 2.4234 0.424566 
-1.93619 0.97536 -0.000635057 -1.45711 0.00507788 2.4234 0.424563 
-1.93619 0.975362 -0.000633153 -1.4571 0.00508204 2.4234 0.424559 
-1.93619 0.975363 -0.000634096 -1.45711 0.00508108 2.4234 0.424562 
-1.93619 0.975359 -0.000635057 -1.4571 0.00508239 2.4234 0.424564 
-1.93618 0.975359 -0.000634091 -1.45711 0.00508165 2.4234 0.424563 
-1.93619 0.975359 -0.000634951 -1.45711 0.00508297 2.4234 0.42456 
-1.93619 0.975357 -0.000631172 -1.45711 0.0050824 2.4234 0.424563 
-1.9362 0.975357 -0.00063569 -1.45711 0.00508238 2.4234 0.424564 
-1.93619 0.975358 -0.000631969 -1.45711 0.00508165 2.4234 0.424565 
-1.93619 0.975354 -0.000633994 -1.45711 0.00508047 2.4234 0.424565 
-1.93619 0.975357 -0.000633389 -1.45711 0.00508236 2.4234 0.424562 
-1.93619 0.975357 -0.0006341 -1.45711 0.00508155 2.4234 0.424563 
-1.9362 0.975356 -0.000635059 -1.45711 0.00508228 2.4234 0.424562 
-1.93619 0.975354 -0.000635352 -1.45711 0.00508034 2.4234 0.424559 
-1.93618 0.975368 -0.000649969 -1.45711 0.00508121 2.42342 0.424563 
-1.93619 0.975323 -0.000643429 -1.45711 0.00508315 2.42339 0.424565 
-1.93619 0.975344 -0.000630935 -1.4571 0.00507887 2.4234 0.424562 
-1.93619 0.975344 -0.000631733 -1.45711 0.0050751 2.4234 0.424565 
-1.9362 0.97534 -0.00063939 -1.45711 0.00507632 2.4234 0.424564 
-1.93619 0.975344 -0.00063939 -1.45711 0.00507484 2.4234 0.42456 
-1.93619 0.975336 -0.0006341 -1.45711 0.00507713 2.4234 0.42456 
-1.93619 0.975341 -0.00063487 -1.45711 0.00507952 2.4234 0.424561 
-1.93619 0.975343 -0.000637719 -1.45711 0.0050769 2.4234 0.424562 
-1.9362 0.975343 -0.000635771 -1.45711 0.00507628 2.4234 0.424566 
-1.93619 0.975337 -0.000637718 -1.45711 0.00507439 2.4234 0.424567 
-1.93619 0.975343 -0.00064106 -1.45711 0.0050764 2.4234 0.424558 
-1.93619 0.975341 -0.000639387 -1.45711 0.0050751 2.4234 0.424561 
-1.93619 0.975337 -0.000637718 -1.45711 0.00507568 2.4234 0.424557 
-1.93619 0.975344 -0.000636773 -1.45711 0.00507613 2.4234 0.424557 
-1.93619 0.975338 -0.000637641 -1.45711 0.00507725 2.4234 0.424564 
-1.9362 0.975342 -0.00063577 -1.45711 0.00507567 2.4234 0.424559 
-1.93619 0.97534 -0.000637693 -1.45711 0.00507701 2.4234 0.424559 
-1.93619 0.975338 -0.000634021 -1.45711 0.00507993 2.4234 0.424561 
-1.93619 0.975342 -0.000637719 -1.45711 0.00507725 2.4234 0.424556 
-1.93619 0.975341 -0.000637716 -1.45711 0.00507628 2.4234 0.424561 
-1.93619 0.97534 -0.000637716 -1.45711 0.00507689 2.4234 0.424562 
-1.93619 0.975338 -0.000638443 -1.45711 0.0050776 2.4234 0.424559 
-1.9362 0.975338 -0.000635771 -1.45711 0.00507689 2.4234 0.424557 
