-2.18887 -0.521504 -0.00055328 -2.17769 0.0295183 1.71681 -1.41607 
-2.18886 -0.521504 -0.00055328 -2.1777 0.0295193 1.71681 -1.41607 
-2.18886 -0.5215 -0.000549939 -2.17769 0.0295178 1.71681 -1.41607 
-2.18886 -0.521498 -0.000555229 -2.17769 0.0295192 1.71681 -1.41606 
-2.18886 -0.521503 -0.00055161 -2.17769 0.0295187 1.71681 -1.41607 
-2.18886 -0.521502 -0.000549939 -2.1777 0.0295169 1.71681 -1.41607 
-2.18887 -0.521502 -0.000549939 -2.1777 0.0295184 1.71681 -1.41607 
-2.18886 -0.521503 -0.000555229 -2.17769 0.0295193 1.71681 -1.41606 
-2.18886 -0.521502 -0.00055161 -2.17769 0.0295181 1.71681 -1.41607 
-2.18886 -0.521502 -0.000549939 -2.1777 0.0295181 1.71682 -1.41607 
-2.18886 -0.521501 -0.00055161 -2.1777 0.0295189 1.71681 -1.41607 
-2.18886 -0.5215 -0.000555229 -2.17769 0.0295181 1.71681 -1.41606 
-2.18887 -0.521501 -0.000549939 -2.1777 0.02952 1.71681 -1.41607 
-2.18887 -0.521501 -0.000549939 -2.17769 0.029517 1.71681 -1.41607 
-2.18886 -0.521503 -0.00054799 -2.17769 0.0295197 1.71681 -1.41607 
-2.18886 -0.521502 -0.00054799 -2.17769 0.0295193 1.71681 -1.41607 
-2.18886 -0.5215 -0.00055161 -2.17769 0.0295155 1.71681 -1.41607 
-2.18886 -0.5215 -0.00055161 -2.1777 0.0295197 1.71681 -1.41607 
-2.18886 -0.521501 -0.00055161 -2.17769 0.0295187 1.71681 -1.41607 
-2.18886 -0.521506 -0.00055328 -2.17769 0.0295193 1.71682 -1.41607 
-2.18886 -0.521499 -0.000549939 -2.17769 0.0295192 1.71681 -1.41607 
-2.18886 -0.521504 -0.000549939 -2.17769 0.0295168 1.71681 -1.41606 
-2.18886 -0.521502 -0.00054799 -2.1777 0.0295183 1.71681 -1.41607 
-2.18886 -0.521503 -0.00055328 -2.17769 0.02952 1.71681 -1.41607 
-2.18887 -0.521502 -0.000556899 -2.1777 0.029519 1.71681 -1.41606 
-2.18886 -0.5215 -0.00055328 -2.17769 0.0295155 1.71681 -1.41606 
-2.18886 -0.521506 -0.000549939 -2.17769 0.0295187 1.71681 -1.41607 
-2.18886 -0.521503 -0.00055328 -2.17769 0.0295192 1.71681 -1.41606 
-2.18886 -0.521501 -0.00055161 -2.17769 0.0295176 1.71681 -1.41607 
-2.18886 -0.521501 -0.000549939 -2.1777 0.0295193 1.71681 -1.41607 
-2.18886 -0.521504 -0.000549939 -2.17769 0.0295183 1.71681 -1.41607 
-2.18886 -0.521501 -0.00055328 -2.17769 0.0295193 1.71681 -1.41607 
-2.18886 -0.5215 -0.000555229 -2.1777 0.0295187 1.71681 -1.41606 
-2.18886 -0.521502 -0.00055161 -2.17769 0.0295187 1.71681 -1.41606 
-2.18886 -0.521502 -0.00055328 -2.1777 0.0295186 1.71681 -1.41607 
-2.18886 -0.521501 -0.00055161 -2.17769 0.0295169 1.71681 -1.41607 
-2.18886 -0.5215 -0.000549939 -2.17769 0.0295187 1.71681 -1.41607 
-2.18886 -0.521504 -0.00055161 -2.1777 0.0295187 1.71681 -1.41607 
-2.18886 -0.521503 -0.000549939 -2.17769 0.02952 1.71681 -1.41607 
-2.18886 -0.5215 -0.00055161 -2.17769 0.02952 1.71681 -1.41607 
-2.18886 -0.521504 -0.00055161 -2.17769 0.0295193 1.71681 -1.41606 
-2.18886 -0.521504 -0.000555229 -2.17769 0.029518 1.71681 -1.41607 
-2.18886 -0.521504 -0.00055328 -2.17769 0.0295187 1.71681 -1.41607 
-2.18886 -0.521508 -0.00055161 -2.17769 0.0295187 1.71681 -1.41607 
-2.18887 -0.521504 -0.000549913 -2.1777 0.0295193 1.71681 -1.41607 
-2.18886 -0.521502 -0.00055328 -2.17769 0.0295181 1.71681 -1.41607 
-2.18886 -0.521504 -0.00055161 -2.17769 0.0295181 1.71681 -1.41607 
-2.18886 -0.521503 -0.00055161 -2.17769 0.0295187 1.71681 -1.41606 
-2.18887 -0.521504 -0.000556899 -2.17769 0.0295182 1.71681 -1.41607 
-2.18887 -0.521499 -0.000556899 -2.17769 0.0295197 1.71681 -1.41607 
-2.18887 -0.521502 -0.00055328 -2.17769 0.0295187 1.71681 -1.41607 
-2.18886 -0.521505 -0.00055161 -2.17769 0.0295192 1.71681 -1.41606 
-2.18886 -0.521502 -0.00055328 -2.17769 0.029519 1.71681 -1.41607 
-2.18886 -0.521502 -0.00055161 -2.1777 0.0295193 1.71681 -1.41607 
-2.18886 -0.521504 -0.00055161 -2.17769 0.02952 1.71681 -1.41607 
-2.18886 -0.521501 -0.000549939 -2.1777 0.0295193 1.71681 -1.41607 
-2.18886 -0.521503 -0.00055161 -2.1777 0.029519 1.71681 -1.41606 
-2.18886 -0.521504 -0.000555229 -2.17769 0.0295193 1.71681 -1.41607 
-2.18886 -0.5215 -0.00055161 -2.17769 0.0295193 1.71681 -1.41607 
-2.18886 -0.521502 -0.00055328 -2.17769 0.0295181 1.71681 -1.41607 
-2.18886 -0.521499 -0.00055161 -2.17769 0.0295193 1.71681 -1.41607 
-2.18887 -0.521498 -0.00055328 -2.17769 0.0295192 1.71681 -1.41607 
-2.18886 -0.521503 -0.00055161 -2.17769 0.0295155 1.71681 -1.41606 
-2.18886 -0.521501 -0.000549939 -2.17769 0.0295187 1.71681 -1.41606 
-2.18886 -0.521499 -0.000549939 -2.17769 0.029519 1.71681 -1.41607 
-2.18886 -0.521499 -0.000555229 -2.1777 0.0295183 1.71681 -1.41607 
-2.18886 -0.521502 -0.000549939 -2.17769 0.02952 1.71681 -1.41607 
-2.18886 -0.521499 -0.00055161 -2.1777 0.0295187 1.71681 -1.41607 
-2.18886 -0.521501 -0.00055328 -2.1777 0.0295193 1.71681 -1.41606 
-2.18886 -0.521501 -0.00055328 -2.1777 0.0295187 1.71681 -1.41607 
-2.18887 -0.521504 -0.000549939 -2.1777 0.0295193 1.71681 -1.41607 
-2.18886 -0.521502 -0.00054799 -2.17769 0.0295146 1.71681 -1.41607 
-2.18886 -0.521503 -0.00054465 -2.17769 0.0295193 1.71681 -1.41607 
-2.18886 -0.521506 -0.000540948 -2.17769 0.0295193 1.71681 -1.41607 
-2.18886 -0.521505 -0.000545584 -2.17769 0.0295192 1.71681 -1.41607 
-2.18886 -0.521501 -0.00054632 -2.17769 0.0295186 1.71681 -1.41607 
-2.18886 -0.521502 -0.000544623 -2.17769 0.0295193 1.71681 -1.41607 
-2.18886 -0.521501 -0.000544649 -2.17769 0.029519 1.71681 -1.41607 
-2.18886 -0.5215 -0.000553017 -2.17769 0.029519 1.71681 -1.41606 
-2.18886 -0.521498 -0.000555229 -2.17769 0.029519 1.71681 -1.41607 
-2.18886 -0.5215 -0.00055161 -2.17769 0.0295148 1.71681 -1.41606 
-2.18887 -0.5215 -0.00055161 -2.17769 0.0295142 1.71681 -1.41606 
-2.18887 -0.521506 -0.000565808 -2.17769 0.0295157 1.71681 -1.41607 
-2.18887 -0.5215 -0.000569424 -2.17769 0.0295171 1.71681 -1.41607 
-2.18888 -0.521508 -0.000574294 -2.17768 0.0295175 1.71682 -1.41607 
-2.18888 -0.5215 -0.000572345 -2.17767 0.0295119 1.71682 -1.41607 
-2.18888 -0.521501 -0.000572345 -2.17767 0.0295142 1.71682 -1.41607 
-2.18888 -0.521506 -0.000570675 -2.17765 0.0295136 1.71683 -1.41607 
-2.18888 -0.521503 -0.000570675 -2.17765 0.0295132 1.71683 -1.41606 
-2.18888 -0.521502 -0.000574294 -2.17765 0.0295145 1.71683 -1.41606 
-2.18888 -0.521502 -0.000575991 -2.17764 0.0295176 1.71683 -1.41606 
-2.18888 -0.521503 -0.000569797 -2.17764 0.0295167 1.71683 -1.41607 
-2.18888 -0.521503 -0.000567055 -2.17763 0.0295138 1.71683 -1.41607 
-2.18888 -0.521506 -0.000569013 -2.17763 0.0295158 1.71683 -1.41606 
-2.18888 -0.521507 -0.000567516 -2.17763 0.0295173 1.71683 -1.41607 
-2.18888 -0.521503 -0.000572345 -2.17763 0.0295119 1.71683 -1.41607 
-2.18888 -0.521503 -0.000576697 -2.17764 0.0295153 1.71683 -1.41607 
-2.18887 -0.521502 -0.000558428 -2.17765 0.0295175 1.71683 -1.41606 
-2.18886 -0.521501 -0.00054728 -2.17766 0.0295187 1.71683 -1.41607 
-2.18888 -0.521502 -0.000577633 -2.17766 0.029516 1.71683 -1.41607 
-2.1889 -0.521502 -0.000603423 -2.17766 0.0295114 1.71682 -1.41607 
-2.18889 -0.521502 -0.00059808 -2.17768 0.0295119 1.71682 -1.41606 
-2.18889 -0.521498 -0.000594452 -2.17768 0.0295137 1.71682 -1.41607 
-2.1889 -0.521494 -0.000601421 -2.17768 0.0295154 1.71682 -1.41606 
-2.18891 -0.521482 -0.000612711 -2.1777 0.0295114 1.71682 -1.41607 
-2.18891 -0.521482 -0.000617327 -2.1777 0.0295086 1.71682 -1.41607 
-2.18889 -0.521484 -0.000592367 -2.1777 0.0295096 1.71682 -1.41606 
-2.18888 -0.52148 -0.000571379 -2.1777 0.0295083 1.71682 -1.41607 
-2.1889 -0.521463 -0.000608659 -2.17771 0.0295044 1.71682 -1.41607 
-2.18892 -0.521456 -0.000628971 -2.17771 0.0294992 1.71682 -1.41607 
-2.18891 -0.521455 -0.000611892 -2.17771 0.0294951 1.71682 -1.41607 
-2.18888 -0.521443 -0.000580575 -2.17776 0.0294963 1.7168 -1.41606 
-2.18887 -0.521393 -0.000551683 -2.17779 0.0294944 1.7168 -1.41607 
-2.18887 -0.521368 -0.000567973 -2.1778 0.029497 1.7168 -1.41606 
-2.18886 -0.521369 -0.000574972 -2.1778 0.0293589 1.71679 -1.41607 
-2.18885 -0.521342 -0.000551043 -2.17773 0.0286458 1.71696 -1.41607 
-2.18882 -0.521309 -0.000564923 -2.17767 0.0279393 1.71717 -1.41607 
-2.18879 -0.521274 -0.000544266 -2.17772 0.0277047 1.71721 -1.41607 
-2.18863 -0.521133 -0.000512573 -2.17774 0.0276915 1.71721 -1.41606 
-2.18844 -0.520866 -0.00047019 -2.17772 0.0276959 1.71722 -1.41605 
-2.18821 -0.520492 -0.000436768 -2.17789 0.0276959 1.71721 -1.41603 
-2.18789 -0.520021 -0.000392357 -2.17834 0.0276953 1.71721 -1.41599 
-2.18751 -0.519361 -0.00036281 -2.17902 0.0276898 1.71722 -1.41578 
-2.18704 -0.518467 -0.000360727 -2.17975 0.0276923 1.71721 -1.41532 
-2.18643 -0.517293 -0.000352903 -2.18055 0.0276847 1.71722 -1.41497 
-2.18572 -0.515713 -0.000343319 -2.18137 0.0276552 1.71722 -1.41432 
-2.18482 -0.513827 -0.000339409 -2.18218 0.0276227 1.71722 -1.41384 
-2.18374 -0.511801 -0.000302514 -2.18296 0.0274981 1.71724 -1.41372 
-2.18247 -0.509544 -0.000259492 -2.18371 0.0272366 1.71727 -1.41371 
-2.18111 -0.507289 -0.00024634 -2.18453 0.0269951 1.7173 -1.4137 
-2.17957 -0.504918 -0.000247929 -2.18549 0.0267257 1.71755 -1.41369 
-2.17802 -0.502543 -0.000213328 -2.18645 0.0264796 1.71847 -1.41367 
-2.17624 -0.500139 -0.000192077 -2.1875 0.0263015 1.71958 -1.41366 
-2.17426 -0.497721 -0.000176253 -2.18874 0.0261913 1.72075 -1.41365 
-2.17227 -0.495292 -0.000150856 -2.19006 0.0261118 1.72218 -1.41331 
-2.16987 -0.492498 -0.000134744 -2.19153 0.0260317 1.72373 -1.41224 
-2.16753 -0.489624 -0.0001177 -2.19291 0.0259742 1.7248 -1.41048 
-2.16511 -0.486545 -0.000106406 -2.1944 0.0258741 1.72559 -1.40736 
-2.16251 -0.483221 -0.000112195 -2.19593 0.0257104 1.72611 -1.40334 
-2.1598 -0.479749 -9.41713e-05 -2.19753 0.0253683 1.72638 -1.39828 
-2.15703 -0.476244 -9.78071e-05 -2.19916 0.0246536 1.72695 -1.39277 
-2.15426 -0.472712 -0.000102673 -2.20076 0.0235675 1.72804 -1.38666 
-2.15145 -0.469207 -8.485e-05 -2.20237 0.0224111 1.72976 -1.38015 
-2.14805 -0.465095 -6.47959e-05 -2.2042 0.0208585 1.73228 -1.37297 
-2.14461 -0.46064 -2.36255e-05 -2.20611 0.0189293 1.73577 -1.36738 
-2.1411 -0.456132 3.88925e-06 -2.20824 0.0165624 1.74116 -1.36327 
-2.1373 -0.451612 -8.10835e-06 -2.21059 0.0139776 1.74827 -1.35979 
-2.13343 -0.447154 -2.50188e-06 -2.21292 0.0117956 1.75649 -1.35681 
-2.12945 -0.442595 -1.82249e-05 -2.21531 0.0103773 1.76618 -1.35389 
-2.12562 -0.437988 -1.71972e-05 -2.21765 0.00957309 1.77621 -1.35119 
-2.12143 -0.432414 4.7606e-06 -2.22063 0.00887411 1.7892 -1.34803 
-2.11728 -0.426972 9.14343e-06 -2.22359 0.00831522 1.80202 -1.34422 
-2.11313 -0.421839 1.54474e-05 -2.22632 0.00769497 1.81442 -1.3392 
-2.10872 -0.416431 -7.1716e-07 -2.22931 0.00661474 1.82787 -1.33397 
-2.10445 -0.410472 6.13338e-06 -2.23242 0.0049678 1.84096 -1.32901 
-2.10021 -0.403706 -3.87785e-06 -2.23546 0.00257965 1.85365 -1.32398 
-2.09628 -0.39714 -1.00654e-06 -2.23838 -0.000284553 1.86609 -1.31802 
-2.09217 -0.390298 1.77835e-05 -2.24126 -0.00377037 1.87857 -1.31093 
-2.08803 -0.38262 2.38287e-05 -2.24378 -0.00766484 1.89039 -1.30215 
-2.08376 -0.374248 1.73739e-05 -2.24609 -0.0113917 1.90177 -1.29219 
-2.07942 -0.366138 2.66459e-05 -2.24809 -0.0149318 1.91193 -1.28335 
-2.07521 -0.35797 -2.11337e-06 -2.24945 -0.0184077 1.92061 -1.27526 
-2.07097 -0.348336 -6.58206e-06 -2.25047 -0.0219181 1.92863 -1.26794 
-2.06679 -0.339182 2.31738e-05 -2.2511 -0.0251632 1.93637 -1.26073 
-2.06261 -0.32997 1.95547e-05 -2.25154 -0.0276072 1.94433 -1.25415 
-2.05821 -0.319562 3.71549e-06 -2.25172 -0.0293819 1.95214 -1.24846 
-2.05384 -0.309367 6.34874e-06 -2.25169 -0.0304391 1.96043 -1.2433 
-2.04974 -0.298094 -1.95682e-05 -2.25169 -0.0307655 1.96891 -1.23839 
-2.04588 -0.287173 -3.88076e-06 -2.2517 -0.0307686 1.97849 -1.23403 
-2.04228 -0.276493 3.39397e-07 -2.25169 -0.0307623 1.98839 -1.2296 
-2.03894 -0.265745 -5.82958e-06 -2.25168 -0.0307613 1.99832 -1.22432 
-2.03535 -0.255296 -2.7408e-06 -2.25161 -0.0307656 2.00902 -1.21772 
-2.0317 -0.243549 -4.36894e-05 -2.25168 -0.0307634 2.02111 -1.21146 
-2.02849 -0.233113 1.6805e-06 -2.25158 -0.0307646 2.03268 -1.20587 
-2.02478 -0.220491 -5.32137e-05 -2.25152 -0.0307672 2.04645 -1.19867 
-2.02177 -0.209162 -4.17932e-05 -2.25154 -0.0307672 2.05974 -1.19236 
-2.01873 -0.197889 -5.97475e-05 -2.2515 -0.0307609 2.07264 -1.18607 
-2.01605 -0.186446 -5.43849e-05 -2.25136 -0.0307635 2.0848 -1.17925 
-2.01321 -0.175352 -4.21308e-05 -2.25118 -0.0307595 2.09773 -1.17273 
-2.01048 -0.163134 -7.94276e-05 -2.25112 -0.0307553 2.11038 -1.16615 
-2.00805 -0.15242 -2.36614e-05 -2.25086 -0.0307549 2.12201 -1.15913 
-2.00545 -0.140272 -0.000107074 -2.25056 -0.0307519 2.13394 -1.15101 
-2.00321 -0.128701 -8.34633e-05 -2.25039 -0.0307567 2.14589 -1.14175 
-2.00097 -0.117365 -0.000132484 -2.25018 -0.0307581 2.15664 -1.13349 
-1.99906 -0.105392 -0.000127808 -2.24986 -0.0307598 2.16716 -1.12599 
-1.99711 -0.0939142 -0.000143955 -2.24964 -0.0307608 2.17811 -1.11883 
-1.9955 -0.0821121 -0.00014277 -2.24942 -0.030757 2.18798 -1.11308 
-1.99377 -0.0707768 -0.00014766 -2.24903 -0.0307608 2.19791 -1.10722 
-1.99219 -0.0583062 -0.000179812 -2.24838 -0.0307608 2.20692 -1.10087 
-1.99074 -0.0473745 -0.000132534 -2.24762 -0.0307613 2.21581 -1.096 
-1.98915 -0.0349117 -0.000172475 -2.24675 -0.0307636 2.22493 -1.09159 
-1.98773 -0.0231536 -0.000150601 -2.24568 -0.0307682 2.23423 -1.08787 
-1.98623 -0.00979259 -0.000169309 -2.24436 -0.0307762 2.24405 -1.08419 
-1.98503 0.00205182 -0.00016164 -2.24309 -0.0307828 2.25397 -1.08212 
-1.98372 0.0146228 -0.000195312 -2.24176 -0.0307851 2.26452 -1.08116 
-1.98276 0.0261519 -0.000173133 -2.24039 -0.030797 2.27397 -1.08108 
-1.98172 0.0378529 -0.000198281 -2.23867 -0.0308231 2.28355 -1.08108 
-1.98099 0.0502299 -0.000196547 -2.2368 -0.0308343 2.29362 -1.08109 
-1.98021 0.0611846 -0.000212258 -2.23487 -0.0309133 2.30287 -1.08108 
-1.97964 0.0737958 -0.000221012 -2.23255 -0.0311179 2.31186 -1.08109 
-1.97909 0.0858552 -0.000219341 -2.22983 -0.0313684 2.32039 -1.08109 
-1.97877 0.098424 -0.000215722 -2.22712 -0.0315494 2.32803 -1.08109 
-1.9784 0.109447 -0.000221895 -2.22445 -0.0316009 2.33573 -1.08109 
-1.97814 0.121891 -0.000226328 -2.22142 -0.0316622 2.34273 -1.08109 
-1.97795 0.133778 -0.000230445 -2.21796 -0.0317873 2.34909 -1.08109 
-1.97786 0.146013 -0.000248967 -2.21419 -0.0320172 2.35499 -1.0811 
-1.97786 0.158071 -0.000282627 -2.20998 -0.0324924 2.35933 -1.08111 
-1.97791 0.170083 -0.000349032 -2.20528 -0.0333176 2.36258 -1.08112 
-1.97803 0.182033 -0.00044936 -2.20067 -0.0345119 2.36608 -1.08112 
-1.97823 0.193783 -0.000472855 -2.1955 -0.0365953 2.37013 -1.08113 
-1.97854 0.20638 -0.000521591 -2.19 -0.0396814 2.37428 -1.08113 
-1.97879 0.217354 -0.000531928 -2.18432 -0.0437701 2.37785 -1.08114 
-1.97906 0.230067 -0.000543449 -2.17806 -0.0490471 2.38087 -1.08114 
-1.97918 0.241606 -0.000558369 -2.17154 -0.0549479 2.38382 -1.08114 
-1.97924 0.253508 -0.000556315 -2.1649 -0.0604785 2.38656 -1.08114 
-1.97912 0.265133 -0.000510109 -2.15755 -0.0656831 2.38953 -1.08114 
-1.97888 0.277804 -0.00049849 -2.14965 -0.0701787 2.39251 -1.08114 
-1.97858 0.289035 -0.00045849 -2.14226 -0.0734322 2.39468 -1.08114 
-1.97818 0.30052 -0.000430697 -2.13407 -0.0759193 2.3969 -1.08114 
-1.97771 0.312416 -0.000413408 -2.12572 -0.077359 2.3994 -1.08116 
-1.97708 0.323272 -0.000407906 -2.11745 -0.0778006 2.40266 -1.08121 
-1.97638 0.335063 -0.000413183 -2.10908 -0.0778237 2.40779 -1.08146 
-1.97556 0.345592 -0.000417119 -2.10062 -0.0778292 2.41455 -1.08184 
-1.97479 0.356224 -0.000419998 -2.09278 -0.0778384 2.42145 -1.08221 
-1.97394 0.366713 -0.000411052 -2.08441 -0.0778447 2.42963 -1.08274 
-1.973 0.376548 -0.000414764 -2.07579 -0.0779274 2.4383 -1.08352 
-1.97204 0.387025 -0.00042137 -2.06754 -0.0779522 2.44741 -1.08416 
-1.97106 0.39593 -0.000426958 -2.05953 -0.0779614 2.45664 -1.08432 
-1.97006 0.405482 -0.000426787 -2.05078 -0.0780664 2.46481 -1.08437 
-1.96914 0.414682 -0.000432103 -2.04259 -0.0784212 2.47138 -1.08451 
-1.96825 0.423296 -0.000440082 -2.03347 -0.0789882 2.47578 -1.08461 
-1.96739 0.432422 -0.00044865 -2.02383 -0.0794372 2.47731 -1.08461 
-1.96658 0.441665 -0.000451846 -2.01436 -0.0797973 2.47732 -1.08461 
-1.96581 0.450108 -0.000451846 -2.00442 -0.0802861 2.47731 -1.08462 
-1.96513 0.459263 -0.000449939 -1.99426 -0.0811048 2.47729 -1.08465 
-1.96442 0.468399 -0.00044504 -1.98426 -0.0823061 2.47729 -1.08479 
-1.96366 0.47683 -0.000450781 -1.97366 -0.0839089 2.47729 -1.08517 
-1.96301 0.484603 -0.000446474 -1.96468 -0.0853105 2.47728 -1.08542 
-1.96209 0.49441 -0.000451573 -1.95326 -0.0867173 2.47727 -1.0855 
-1.96114 0.50289 -0.000439741 -1.94186 -0.0874991 2.47725 -1.0855 
-1.96011 0.51231 -0.000435298 -1.9302 -0.0876937 2.47723 -1.08564 
-1.95901 0.520671 -0.000441942 -1.91952 -0.0877022 2.47719 -1.08606 
-1.9579 0.527918 -0.000440667 -1.90957 -0.0876997 2.47715 -1.08635 
-1.95664 0.536212 -0.000420461 -1.89866 -0.0876977 2.47693 -1.08642 
-1.95526 0.544347 -0.000427377 -1.88863 -0.0876988 2.47633 -1.08643 
-1.95369 0.552086 -0.000425251 -1.87849 -0.0876965 2.47581 -1.08644 
-1.95208 0.559524 -0.000427382 -1.86885 -0.0876983 2.47551 -1.08646 
-1.95042 0.567536 -0.000428045 -1.85994 -0.0876939 2.4752 -1.08645 
-1.9488 0.574817 -0.000441117 -1.85171 -0.0876942 2.47511 -1.08645 
-1.94716 0.58207 -0.000430577 -1.84302 -0.0876931 2.47509 -1.08646 
-1.94559 0.589983 -0.000441867 -1.83472 -0.0876847 2.47508 -1.08645 
-1.94403 0.598027 -0.00045848 -1.82654 -0.0876827 2.47507 -1.08645 
-1.94267 0.605132 -0.000447046 -1.81848 -0.087684 2.47506 -1.08645 
-1.94132 0.61288 -0.000460071 -1.81013 -0.0876832 2.47506 -1.08645 
-1.94011 0.620769 -0.00045561 -1.80252 -0.0876747 2.47503 -1.08645 
-1.93892 0.628402 -0.000447164 -1.79445 -0.0876693 2.4749 -1.08644 
-1.93781 0.635746 -0.000445878 -1.78638 -0.0876695 2.47446 -1.08644 
-1.93673 0.643658 -0.000445878 -1.77888 -0.0876619 2.47362 -1.08643 
-1.93568 0.650933 -0.000430617 -1.77199 -0.0876464 2.47257 -1.08642 
-1.93455 0.657902 -0.00042461 -1.76484 -0.0876424 2.47157 -1.08641 
-1.93347 0.665041 -0.000429899 -1.75805 -0.087621 2.47092 -1.08638 
-1.93246 0.672417 -0.000434765 -1.7519 -0.0876115 2.47067 -1.08635 
-1.93142 0.67917 -0.000433016 -1.74592 -0.087561 2.47064 -1.08624 
-1.93042 0.685346 -0.000429475 -1.73991 -0.0874836 2.47063 -1.08594 
-1.92961 0.691454 -0.000438384 -1.73429 -0.0874823 2.47063 -1.08581 
-1.92886 0.698477 -0.00043629 -1.72841 -0.0874806 2.47063 -1.08579 
-1.92831 0.704335 -0.000449639 -1.72307 -0.0874606 2.47063 -1.08576 
-1.92796 0.709402 -0.000445786 -1.71784 -0.0874589 2.47062 -1.08576 
-1.92769 0.714443 -0.000451277 -1.71255 -0.0874583 2.47062 -1.08575 
-1.92752 0.720394 -0.000451168 -1.70673 -0.0874359 2.47061 -1.08574 
-1.92743 0.725617 -0.000445308 -1.70187 -0.0874241 2.47058 -1.08575 
-1.92734 0.73043 -0.000442682 -1.69713 -0.0874243 2.47035 -1.08575 
-1.9273 0.734925 -0.000454508 -1.69226 -0.0873828 2.47016 -1.08574 
-1.92731 0.739403 -0.000464591 -1.68744 -0.0872687 2.47011 -1.08575 
-1.92733 0.744089 -0.000468675 -1.6829 -0.087152 2.46998 -1.08574 
-1.92735 0.748869 -0.000488979 -1.67882 -0.0871231 2.46995 -1.08575 
-1.92735 0.753305 -0.000475219 -1.67503 -0.0870972 2.46995 -1.08574 
-1.92733 0.757482 -0.000461999 -1.67125 -0.0869454 2.46996 -1.08572 
-1.92739 0.761461 -0.000501571 -1.66738 -0.0866057 2.46996 -1.08564 
-1.92761 0.765514 -0.000579714 -1.66347 -0.0862484 2.46996 -1.08554 
-1.92802 0.769615 -0.000575441 -1.65978 -0.0860392 2.46997 -1.0855 
-1.92845 0.773605 -0.000589714 -1.65646 -0.0858871 2.46997 -1.08546 
-1.92899 0.777217 -0.000582764 -1.65345 -0.0858476 2.46997 -1.08546 
-1.92957 0.7804 -0.000586383 -1.65073 -0.0858409 2.46997 -1.08546 
-1.93017 0.783348 -0.000586383 -1.64794 -0.0858164 2.46997 -1.08545 
-1.93076 0.786207 -0.000582304 -1.64502 -0.0857476 2.46996 -1.08545 
-1.93129 0.788869 -0.000591249 -1.64218 -0.0857356 2.46996 -1.08545 
-1.93177 0.791765 -0.000603235 -1.63913 -0.085695 2.46997 -1.08544 
-1.93224 0.794774 -0.000600837 -1.63601 -0.0854041 2.46997 -1.08537 
-1.93267 0.797738 -0.000593416 -1.63302 -0.0850478 2.46996 -1.08518 
-1.93307 0.800913 -0.00058788 -1.62998 -0.0848384 2.46997 -1.0851 
-1.93337 0.803949 -0.000598064 -1.62714 -0.0846191 2.46997 -1.08494 
-1.9337 0.806455 -0.000598102 -1.62469 -0.0842955 2.46997 -1.08434 
-1.93422 0.809723 -0.000599301 -1.62134 -0.0838845 2.46996 -1.08334 
-1.93468 0.812361 -0.000588377 -1.61846 -0.0834678 2.46996 -1.08255 
-1.93509 0.814737 -0.000590826 -1.61582 -0.0829685 2.46996 -1.08178 
-1.93554 0.817677 -0.000587525 -1.61265 -0.0822738 2.46995 -1.08084 
-1.93587 0.820458 -0.000583339 -1.6098 -0.0812739 2.46996 -1.07977 
-1.93616 0.823283 -0.00058809 -1.6069 -0.0796343 2.46996 -1.07777 
-1.93641 0.826106 -0.000584289 -1.60411 -0.0775282 2.46995 -1.07488 
-1.93658 0.82867 -0.000589579 -1.60172 -0.0759976 2.46995 -1.07251 
-1.93677 0.830842 -0.000589932 -1.59965 -0.0752315 2.46995 -1.07049 
-1.93694 0.832832 -0.00058596 -1.59772 -0.0748725 2.46995 -1.06778 
-1.93704 0.834693 -0.000585956 -1.59576 -0.0747863 2.46995 -1.06472 
-1.93711 0.836464 -0.00058763 -1.59371 -0.074783 2.46993 -1.06161 
-1.93717 0.83818 -0.000581121 -1.59144 -0.074736 2.46986 -1.05916 
-1.93717 0.839805 -0.000572608 -1.58914 -0.0744948 2.46953 -1.05666 
-1.93718 0.84132 -0.000581203 -1.58682 -0.0741771 2.46891 -1.05401 
-1.93721 0.842718 -0.000567463 -1.58445 -0.0738261 2.46785 -1.05199 
-1.93722 0.844133 -0.000574701 -1.58185 -0.0731252 2.46542 -1.04942 
-1.93731 0.845413 -0.000575412 -1.57911 -0.0717746 2.46108 -1.04529 
-1.93743 0.846415 -0.000569333 -1.57642 -0.0701589 2.45494 -1.04095 
-1.93748 0.847267 -0.000573176 -1.57365 -0.0684697 2.44684 -1.03732 
-1.93757 0.847914 -0.000584856 -1.57104 -0.0666992 2.43834 -1.03449 
-1.93781 0.84825 -0.000589721 -1.56856 -0.0652749 2.42901 -1.03261 
-1.9382 0.848339 -0.000591249 -1.56593 -0.0646947 2.41882 -1.03159 
-1.93862 0.84832 -0.00059265 -1.56348 -0.0647033 2.40982 -1.03155 
-1.9391 0.848331 -0.000584513 -1.561 -0.0647394 2.40319 -1.03156 
-1.93948 0.848332 -0.000586699 -1.55929 -0.0648101 2.40138 -1.03157 
-1.93971 0.848317 -0.000586383 -1.55778 -0.0650362 2.40138 -1.03161 
-1.93983 0.848347 -0.000598669 -1.55623 -0.0654053 2.40142 -1.03169 
-1.93994 0.848342 -0.000601339 -1.55481 -0.065582 2.40146 -1.03193 
-1.94004 0.848377 -0.000592352 -1.55341 -0.0655828 2.40145 -1.03261 
-1.94009 0.84848 -0.000594445 -1.55217 -0.0655581 2.40144 -1.0336 
-1.94019 0.848529 -0.000574959 -1.55126 -0.0655296 2.40144 -1.0337 
-1.94019 0.848538 -0.000555613 -1.55074 -0.065517 2.40143 -1.0337 
-1.94009 0.848573 -0.000503545 -1.55055 -0.0654676 2.40143 -1.0337 
-1.93992 0.848728 -0.000448212 -1.55055 -0.0653427 2.40141 -1.03371 
-1.93972 0.849037 -0.000414301 -1.55054 -0.0653307 2.40141 -1.03371 
-1.93943 0.849546 -0.000384399 -1.55054 -0.0653299 2.40142 -1.03371 
-1.93904 0.850315 -0.000391878 -1.55054 -0.0653422 2.40143 -1.03372 
-1.93881 0.85117 -0.000389564 -1.55053 -0.0653431 2.40143 -1.03377 
-1.93864 0.852124 -0.00038032 -1.55053 -0.0653463 2.40143 -1.03381 
-1.93855 0.85313 -0.000385224 -1.55051 -0.0653518 2.40144 -1.034 
-1.93856 0.854235 -0.000388685 -1.55048 -0.0653623 2.40144 -1.03487 
-1.9386 0.855348 -0.000399534 -1.55041 -0.0653623 2.40145 -1.03604 
-1.93866 0.856437 -0.000405244 -1.55024 -0.0653777 2.40145 -1.03713 
-1.93877 0.857692 -0.000410191 -1.54998 -0.0653885 2.40144 -1.03916 
-1.93886 0.85894 -0.000404441 -1.54973 -0.0653902 2.40145 -1.04177 
-1.93888 0.860209 -0.000411861 -1.54936 -0.065405 2.40146 -1.0443 
-1.9389 0.861574 -0.000403231 -1.54871 -0.0654029 2.40146 -1.04671 
-1.93883 0.863005 -0.000380053 -1.54795 -0.0654093 2.40146 -1.0483 
-1.93867 0.864408 -0.000385197 -1.54706 -0.0655052 2.40147 -1.04929 
-1.93854 0.865801 -0.000373478 -1.546 -0.0656705 2.40147 -1.0505 
-1.93832 0.867193 -0.000344722 -1.54475 -0.0656685 2.40147 -1.05199 
-1.93806 0.868667 -0.000347032 -1.5432 -0.0656724 2.40147 -1.05415 
-1.93784 0.870167 -0.000345292 -1.54144 -0.0656764 2.40147 -1.05703 
-1.93764 0.871691 -0.000335215 -1.53944 -0.0656621 2.40149 -1.06002 
-1.9374 0.873246 -0.000320072 -1.53723 -0.0656672 2.40161 -1.06204 
-1.93718 0.874721 -0.000328281 -1.53495 -0.0656771 2.40164 -1.06345 
-1.937 0.875993 -0.000329727 -1.53286 -0.0656733 2.40164 -1.06459 
-1.93684 0.877036 -0.000319293 -1.53097 -0.0656627 2.40164 -1.06501 
-1.93668 0.877907 -0.00032019 -1.52912 -0.065666 2.40163 -1.06502 
-1.93653 0.87848 -0.000323336 -1.52768 -0.065666 2.40163 -1.06503 
-1.93642 0.878768 -0.000328202 -1.52658 -0.0656578 2.40164 -1.06501 
-1.9364 0.878799 -0.000326532 -1.52579 -0.0656548 2.40163 -1.06502 
-1.93639 0.878756 -0.000318046 -1.52535 -0.0656598 2.40163 -1.06503 
-1.93629 0.878775 -0.000310839 -1.52503 -0.0656567 2.40165 -1.06502 
-1.93621 0.878776 -0.000309178 -1.52493 -0.0656478 2.40165 -1.06502 
-1.93613 0.878818 -0.00029924 -1.52494 -0.0656506 2.40163 -1.06503 
-1.93594 0.878955 -0.000270359 -1.52494 -0.0656506 2.40165 -1.06503 
-1.9357 0.879125 -0.00027178 -1.52494 -0.0656547 2.40165 -1.06502 
-1.93543 0.879353 -0.000263719 -1.52494 -0.0656612 2.40165 -1.06503 
-1.93502 0.879733 -0.000254131 -1.52493 -0.0656598 2.40166 -1.06503 
-1.93469 0.880153 -0.00025108 -1.52493 -0.0656612 2.40167 -1.06503 
-1.93444 0.880585 -0.000257895 -1.52493 -0.0656691 2.4017 -1.06504 
-1.93424 0.88108 -0.000252605 -1.52493 -0.0656679 2.40175 -1.06504 
-1.9341 0.88166 -0.000254275 -1.52492 -0.0656679 2.40206 -1.06505 
-1.934 0.882256 -0.000254039 -1.52492 -0.0656691 2.40271 -1.06506 
-1.93394 0.882842 -0.000256224 -1.52492 -0.065671 2.40319 -1.06506 
-1.93392 0.883404 -0.000258355 -1.52492 -0.0656772 2.4033 -1.06507 
-1.9339 0.883946 -0.000254355 -1.52492 -0.0656839 2.4033 -1.06514 
-1.93382 0.88446 -0.000249409 -1.52491 -0.0656981 2.40331 -1.0655 
-1.93374 0.885007 -0.000257157 -1.52491 -0.0657481 2.40332 -1.06619 
-1.93368 0.885485 -0.000253565 -1.52488 -0.0658942 2.40333 -1.0673 
-1.93358 0.885981 -0.000252035 -1.52481 -0.0659512 2.40333 -1.06854 
-1.93349 0.886486 -0.000255908 -1.52473 -0.065997 2.40334 -1.06976 
-1.93339 0.886972 -0.000261514 -1.52472 -0.0660991 2.40335 -1.07121 
-1.9333 0.887415 -0.000257974 -1.52467 -0.0661272 2.40342 -1.07282 
-1.9332 0.887789 -0.000252605 -1.52453 -0.0661213 2.40419 -1.07418 
-1.93307 0.888102 -0.000257895 -1.52431 -0.0661192 2.40562 -1.07479 
-1.93291 0.888362 -0.000256221 -1.524 -0.0661197 2.40692 -1.07481 
-1.93273 0.888504 -0.000266116 -1.5236 -0.0661269 2.40749 -1.07483 
-1.9326 0.888521 -0.000261099 -1.52314 -0.0661251 2.40758 -1.07483 
-1.93247 0.888536 -0.000262761 -1.52248 -0.0661248 2.40758 -1.07484 
-1.93232 0.888582 -0.000259394 -1.52176 -0.0661249 2.40758 -1.07485 
-1.93218 0.88862 -0.000271242 -1.52107 -0.0661278 2.40758 -1.07485 
-1.93211 0.888654 -0.000271101 -1.5204 -0.0661303 2.40758 -1.07487 
-1.93206 0.888713 -0.000277549 -1.51978 -0.0661332 2.40758 -1.07489 
-1.93206 0.888839 -0.000280297 -1.51919 -0.0661405 2.40757 -1.07491 
-1.93208 0.888987 -0.00030408 -1.5187 -0.0661529 2.40758 -1.07495 
-1.93212 0.889184 -0.000316715 -1.51821 -0.0661625 2.40758 -1.07497 
-1.93216 0.889448 -0.000324896 -1.5177 -0.0661606 2.40758 -1.07498 
-1.93217 0.889799 -0.00032128 -1.51718 -0.06616 2.40758 -1.07498 
-1.93215 0.890223 -0.000319569 -1.51665 -0.0661632 2.40758 -1.07499 
-1.93213 0.890736 -0.000308991 -1.51605 -0.0661728 2.40758 -1.075 
-1.93208 0.891368 -0.00030298 -1.51533 -0.0661938 2.40758 -1.07503 
-1.93204 0.892117 -0.000299863 -1.51446 -0.0662016 2.40758 -1.07504 
-1.93201 0.892906 -0.000298338 -1.51359 -0.066207 2.40758 -1.07506 
-1.93197 0.893811 -0.000300008 -1.51267 -0.0662118 2.40759 -1.07507 
-1.93194 0.894897 -0.000296668 -1.51157 -0.0662199 2.40759 -1.07507 
-1.93194 0.89593 -0.000300008 -1.51051 -0.0662148 2.40758 -1.07507 
-1.93192 0.897016 -0.000298338 -1.50949 -0.066214 2.40758 -1.07507 
-1.9319 0.898018 -0.000298338 -1.50858 -0.0662122 2.40759 -1.07507 
-1.9319 0.898917 -0.000300008 -1.50782 -0.0662096 2.40758 -1.07507 
-1.93191 0.899704 -0.000306734 -1.50728 -0.0662102 2.40758 -1.07508 
-1.93191 0.900385 -0.000305153 -1.50691 -0.0662106 2.40758 -1.07508 
-1.93192 0.900866 -0.000306824 -1.50671 -0.0662089 2.40758 -1.07508 
-1.93191 0.901189 -0.000307061 -1.50668 -0.0662096 2.40758 -1.07508 
-1.93192 0.901415 -0.000311686 -1.50668 -0.0662096 2.40758 -1.07508 
-1.93193 0.901523 -0.000316824 -1.50669 -0.0662089 2.40758 -1.07508 
-1.93193 0.901576 -0.00032003 -1.50668 -0.0662102 2.40758 -1.07507 
-1.93192 0.901588 -0.000318071 -1.50668 -0.0662083 2.40759 -1.07508 
-1.93192 0.901585 -0.000311545 -1.50668 -0.0662063 2.40759 -1.07508 
-1.93191 0.901605 -0.0003064 -1.50668 -0.0662069 2.40759 -1.07507 
-1.9319 0.901627 -0.00030569 -1.50668 -0.0662063 2.40759 -1.07507 
-1.93191 0.901679 -0.000304481 -1.50667 -0.0662032 2.40759 -1.07507 
-1.93191 0.901742 -0.000310019 -1.50667 -0.0662003 2.40759 -1.07507 
-1.93192 0.90184 -0.000311273 -1.50668 -0.0661996 2.40759 -1.07507 
-1.93191 0.902003 -0.000313206 -1.50667 -0.066199 2.40759 -1.07507 
-1.93191 0.902181 -0.000309378 -1.50667 -0.0661984 2.40759 -1.07506 
-1.93191 0.902389 -0.000312414 -1.50667 -0.066199 2.40759 -1.07507 
-1.93192 0.902624 -0.000312977 -1.50667 -0.0661996 2.4076 -1.07507 
-1.93191 0.902862 -0.000304967 -1.50667 -0.0661996 2.4076 -1.07507 
-1.9319 0.903107 -0.0003064 -1.50666 -0.0661947 2.40761 -1.07506 
-1.93192 0.903334 -0.000314612 -1.50666 -0.0661917 2.40762 -1.07506 
-1.93193 0.903545 -0.000321692 -1.50665 -0.0661941 2.40762 -1.07506 
-1.93193 0.90372 -0.000318794 -1.50664 -0.0661897 2.40765 -1.07506 
-1.93192 0.903851 -0.000312792 -1.50661 -0.066183 2.40766 -1.07505 
-1.93191 0.903927 -0.00031186 -1.50659 -0.0661836 2.40766 -1.07504 
-1.93192 0.903963 -0.000319047 -1.50656 -0.0661843 2.40767 -1.07505 
-1.93193 0.903962 -0.00032003 -1.50651 -0.0661849 2.40767 -1.07505 
-1.93193 0.903972 -0.000319256 -1.50636 -0.0661824 2.40769 -1.07504 
-1.93192 0.903983 -0.000316763 -1.50619 -0.0661818 2.4077 -1.07505 
-1.93191 0.903992 -0.0003128 -1.50601 -0.0661849 2.40771 -1.07504 
-1.9319 0.903993 -0.000311844 -1.5058 -0.0661829 2.40773 -1.07504 
-1.9319 0.904015 -0.000307925 -1.50556 -0.0661826 2.4078 -1.07503 
-1.9319 0.904057 -0.000313215 -1.50535 -0.0661783 2.40803 -1.07503 
-1.9319 0.904125 -0.000309713 -1.50514 -0.0661776 2.40811 -1.07502 
-1.93189 0.904192 -0.000306255 -1.50491 -0.0661717 2.40812 -1.07501 
-1.93188 0.904254 -0.0003064 -1.50475 -0.0661571 2.40812 -1.07498 
-1.93191 0.904332 -0.000314885 -1.50464 -0.0661487 2.40813 -1.07488 
-1.93191 0.90444 -0.000315675 -1.50454 -0.0661433 2.40812 -1.0747 
-1.9319 0.904576 -0.0003126 -1.50449 -0.0661321 2.40813 -1.07454 
-1.9319 0.904678 -0.000311548 -1.50442 -0.0661135 2.40814 -1.07425 
-1.93191 0.904801 -0.000314912 -1.50432 -0.0660799 2.40814 -1.07376 
-1.9319 0.904947 -0.000311781 -1.5042 -0.0659328 2.40813 -1.07311 
-1.93191 0.905082 -0.000319044 -1.50415 -0.0658148 2.40813 -1.07257 
-1.93196 0.905226 -0.000336998 -1.50413 -0.0658022 2.40814 -1.07218 
-1.93202 0.905359 -0.000343567 -1.5041 -0.065765 2.40813 -1.07164 
-1.93205 0.905498 -0.000348528 -1.50409 -0.0657338 2.40813 -1.07077 
-1.93206 0.905666 -0.000353303 -1.50407 -0.0657278 2.40813 -1.06983 
-1.93206 0.905834 -0.000345199 -1.50402 -0.0657006 2.40814 -1.06886 
-1.93205 0.905988 -0.000338213 -1.50391 -0.0655888 2.40814 -1.0677 
-1.93203 0.906156 -0.00033361 -1.5038 -0.0655205 2.40814 -1.06641 
-1.93201 0.906306 -0.000326179 -1.5037 -0.0655145 2.40814 -1.0654 
-1.93201 0.906429 -0.000325403 -1.50357 -0.0655014 2.40814 -1.06448 
-1.93201 0.906562 -0.000316247 -1.50343 -0.0655 2.40814 -1.06357 
-1.93197 0.906692 -0.000307121 -1.50322 -0.0654921 2.40814 -1.06278 
-1.9319 0.906787 -0.000309451 -1.50297 -0.0654789 2.40814 -1.06207 
-1.93185 0.906894 -0.000301939 -1.50264 -0.0654707 2.40814 -1.06143 
-1.9318 0.907006 -0.00029468 -1.50219 -0.0654712 2.40814 -1.06106 
-1.93175 0.907151 -0.000297915 -1.50161 -0.0654694 2.40814 -1.06094 
-1.93171 0.907316 -0.000295508 -1.50103 -0.0654719 2.40813 -1.06094 
-1.93169 0.907512 -0.000299863 -1.50042 -0.0654757 2.40814 -1.06094 
-1.9317 0.907755 -0.000303699 -1.49973 -0.065479 2.40814 -1.06094 
-1.93169 0.908015 -0.000299942 -1.49914 -0.0654876 2.40814 -1.06094 
-1.93167 0.908245 -0.000293877 -1.4987 -0.0654937 2.40814 -1.06095 
-1.93162 0.908484 -0.000294719 -1.49841 -0.0655007 2.40814 -1.06095 
-1.93158 0.908677 -0.000293048 -1.49832 -0.0655103 2.40814 -1.06095 
-1.93155 0.908888 -0.000291378 -1.49832 -0.0655256 2.40812 -1.06096 
-1.93145 0.909177 -0.000289853 -1.49831 -0.0655432 2.40813 -1.061 
-1.9313 0.909496 -0.000289142 -1.49832 -0.065548 2.40814 -1.06105 
-1.93118 0.909796 -0.00028666 -1.49832 -0.065556 2.40813 -1.06111 
-1.93107 0.91009 -0.00029028 -1.49832 -0.0655675 2.40814 -1.06131 
-1.93101 0.910348 -0.000287354 -1.49831 -0.0655752 2.40814 -1.06156 
-1.93096 0.910542 -0.000283037 -1.49831 -0.0655801 2.40814 -1.06176 
-1.93093 0.910711 -0.000289037 -1.49831 -0.0655813 2.40814 -1.06187 
-1.93092 0.910853 -0.000290537 -1.49829 -0.0655854 2.40814 -1.06189 
-1.93091 0.910957 -0.000284986 -1.49825 -0.0655848 2.40814 -1.0619 
-1.93091 0.911044 -0.000288406 -1.49822 -0.0655828 2.40814 -1.0619 
-1.93093 0.911135 -0.000301602 -1.49819 -0.0655828 2.40815 -1.0619 
-1.93094 0.911245 -0.000301957 -1.49814 -0.0655833 2.40815 -1.0619 
-1.93093 0.911398 -0.000296668 -1.49803 -0.0655803 2.40817 -1.0619 
-1.93091 0.911635 -0.000293979 -1.4978 -0.065579 2.40817 -1.0619 
-1.93093 0.911954 -0.000303628 -1.49755 -0.0655809 2.40817 -1.0619 
-1.93095 0.912354 -0.000308349 -1.49725 -0.0655797 2.40818 -1.06189 
-1.93095 0.912906 -0.00030473 -1.49676 -0.0655758 2.40818 -1.0619 
-1.93094 0.913544 -0.000304414 -1.49621 -0.0655767 2.40818 -1.0619 
-1.93095 0.914146 -0.000345156 -1.49553 -0.0655868 2.40838 -1.0619 
-1.93103 0.914617 -0.000331534 -1.49482 -0.0655825 2.40893 -1.0619 
-1.93101 0.915098 -0.000336688 -1.49421 -0.0655922 2.40909 -1.0619 
-1.93102 0.915524 -0.000346343 -1.49359 -0.0655957 2.40909 -1.0619 
-1.93102 0.91597 -0.00034359 -1.49291 -0.0655943 2.40909 -1.06191 
-1.93098 0.916384 -0.00032122 -1.49218 -0.0655924 2.40909 -1.0619 
-1.93092 0.916717 -0.000303611 -1.49155 -0.0655937 2.40908 -1.0619 
-1.93085 0.916959 -0.000298654 -1.49108 -0.0656001 2.40908 -1.06191 
-1.93081 0.917128 -0.000300834 -1.49073 -0.0655964 2.40908 -1.0619 
-1.93082 0.917247 -0.000306321 -1.49051 -0.0655968 2.40908 -1.0619 
-1.93084 0.917358 -0.000314736 -1.49044 -0.0655976 2.40908 -1.0619 
-1.93087 0.917474 -0.000355207 -1.49042 -0.0656005 2.40908 -1.06191 
-1.93099 0.917579 -0.000360729 -1.49043 -0.0655966 2.40907 -1.0619 
-1.93111 0.917713 -0.000387079 -1.49042 -0.0655934 2.40907 -1.06191 
-1.93131 0.917877 -0.000426721 -1.49042 -0.0655981 2.40906 -1.0619 
-1.93156 0.918085 -0.000434388 -1.49042 -0.0656011 2.40907 -1.06191 
-1.93178 0.918303 -0.000443022 -1.49042 -0.065609 2.40907 -1.06192 
-1.93203 0.918449 -0.000475389 -1.49042 -0.0656727 2.40906 -1.06193 
-1.93234 0.91857 -0.00046664 -1.49042 -0.0659337 2.40905 -1.06234 
-1.93258 0.91868 -0.000468284 -1.49042 -0.0660523 2.40905 -1.0634 
-1.93278 0.918696 -0.000462994 -1.4904 -0.0660924 2.40906 -1.06462 
-1.93287 0.918671 -0.000459798 -1.49034 -0.06619 2.40906 -1.06616 
-1.93287 0.918679 -0.000465088 -1.4902 -0.0661974 2.40906 -1.06775 
-1.93287 0.918666 -0.000461759 -1.49004 -0.0662075 2.40906 -1.0691 
-1.93285 0.918666 -0.000451431 -1.48987 -0.0662158 2.40906 -1.06993 
-1.93283 0.91867 -0.000450066 -1.48976 -0.0662208 2.40906 -1.07043 
-1.93284 0.918666 -0.000447119 -1.48969 -0.0662249 2.40906 -1.07083 
-1.93284 0.918673 -0.000450671 -1.48965 -0.0662369 2.40906 -1.07128 
-1.93285 0.918693 -0.000455351 -1.48965 -0.0662677 2.40906 -1.07211 
-1.93287 0.918716 -0.000464733 -1.48966 -0.0662824 2.40906 -1.07335 
-1.93291 0.918708 -0.000466143 -1.48965 -0.0662857 2.40906 -1.07468 
-1.93293 0.918706 -0.000471903 -1.48964 -0.0662879 2.40907 -1.07577 
-1.93297 0.918714 -0.000476061 -1.48962 -0.0662945 2.40906 -1.07667 
-1.93301 0.918715 -0.000474138 -1.48963 -0.0663109 2.40907 -1.07739 
-1.93309 0.918723 -0.000475912 -1.48962 -0.0663207 2.40907 -1.07811 
-1.93318 0.918759 -0.000474143 -1.48962 -0.0663223 2.40907 -1.0786 
-1.93326 0.91882 -0.000472456 -1.48962 -0.0663382 2.40907 -1.07895 
-1.93331 0.918907 -0.000473962 -1.48962 -0.0663521 2.40907 -1.07939 
-1.93331 0.918983 -0.000460074 -1.48962 -0.0663464 2.40907 -1.07972 
-1.93327 0.919077 -0.000450067 -1.48962 -0.0663542 2.40907 -1.07991 
-1.93325 0.919256 -0.000446366 -1.48963 -0.0663616 2.40908 -1.08009 
-1.93328 0.919499 -0.000459156 -1.48962 -0.0663591 2.40908 -1.08022 
-1.93332 0.919775 -0.000465088 -1.48961 -0.0663634 2.40908 -1.08024 
-1.93337 0.920067 -0.000465903 -1.48958 -0.0663521 2.4091 -1.08024 
-1.9334 0.920471 -0.000456458 -1.48935 -0.0663448 2.40911 -1.08024 
-1.93339 0.920997 -0.000453271 -1.48888 -0.066351 2.4091 -1.08025 
-1.93337 0.921535 -0.000448117 -1.48837 -0.0663511 2.40909 -1.08024 
-1.93338 0.922007 -0.000453291 -1.48801 -0.0663459 2.40909 -1.08024 
-1.93339 0.922378 -0.000445273 -1.4878 -0.0663467 2.40909 -1.08024 
-1.93338 0.922654 -0.000453407 -1.48778 -0.0663511 2.40909 -1.08024 
-1.93341 0.922841 -0.000451104 -1.48777 -0.0663473 2.4091 -1.08024 
-1.9334 0.9229 -0.000456573 -1.4877 -0.0663453 2.4091 -1.08024 
-1.93341 0.922892 -0.00045375 -1.48767 -0.0663441 2.40909 -1.08024 
-1.9334 0.922898 -0.000450078 -1.48767 -0.0663434 2.40909 -1.08023 
-1.93339 0.922927 -0.000450066 -1.48767 -0.066343 2.40909 -1.08024 
-1.93339 0.922974 -0.00044975 -1.48768 -0.0663441 2.40909 -1.08024 
-1.9334 0.923051 -0.000447139 -1.48767 -0.0663428 2.4091 -1.08024 
-1.93337 0.923126 -0.000433279 -1.48768 -0.0663434 2.4091 -1.08024 
-1.93334 0.923198 -0.000425216 -1.48767 -0.0663428 2.4091 -1.08024 
-1.93332 0.92331 -0.000418799 -1.48767 -0.0663355 2.40911 -1.08024 
-1.93329 0.923468 -0.000411684 -1.48765 -0.0663277 2.40912 -1.08024 
-1.93324 0.923661 -0.000408221 -1.48762 -0.0663325 2.40927 -1.08024 
-1.93321 0.923859 -0.000409884 -1.48762 -0.0663262 2.4095 -1.08024 
-1.93321 0.924142 -0.000400477 -1.48759 -0.0663181 2.4097 -1.08024 
-1.93319 0.924461 -0.000394414 -1.48756 -0.0663147 2.41019 -1.08024 
-1.93319 0.924759 -0.000403231 -1.48755 -0.0663121 2.41075 -1.08024 
-1.93322 0.925101 -0.00040445 -1.48752 -0.0662857 2.41106 -1.08024 
-1.93323 0.92548 -0.000404475 -1.48747 -0.0662635 2.41164 -1.08024 
-1.93322 0.925884 -0.000398024 -1.48746 -0.066256 2.41204 -1.08023 
-1.9332 0.926324 -0.000383423 -1.48743 -0.066225 2.41246 -1.08023 
-1.93319 0.926755 -0.00034958 -1.48743 -0.0661201 2.41309 -1.08023 
-1.93318 0.927168 -0.000311317 -1.48742 -0.0660585 2.41351 -1.08023 
-1.93313 0.927565 -0.000288906 -1.48742 -0.0658972 2.41378 -1.08022 
-1.93303 0.92786 -0.000286657 -1.48741 -0.0657531 2.4142 -1.08021 
-1.93299 0.928056 -0.000283046 -1.48741 -0.0656299 2.41443 -1.08021 
-1.93297 0.928253 -0.000258969 -1.48741 -0.065395 2.41445 -1.0802 
-1.93293 0.928429 -0.000246638 -1.4874 -0.0651059 2.41453 -1.08018 
-1.9329 0.928546 -0.000240887 -1.4874 -0.0648804 2.41473 -1.08017 
-1.93285 0.928687 -0.000221835 -1.4874 -0.0647898 2.41476 -1.08017 
-1.93276 0.928836 -0.00021273 -1.4874 -0.0647073 2.41477 -1.08015 
-1.93267 0.929009 -0.000207864 -1.4874 -0.0645175 2.41477 -1.08013 
-1.93257 0.929269 -0.00019345 -1.48736 -0.0642305 2.41481 -1.0801 
-1.93247 0.929501 -0.000193555 -1.48725 -0.0640313 2.41512 -1.08007 
-1.93239 0.9297 -0.000195504 -1.48724 -0.0639403 2.4152 -1.08003 
-1.9324 0.929983 -0.000190214 -1.48721 -0.0638658 2.41525 -1.08 
-1.93237 0.930371 -0.000172685 -1.48711 -0.0637706 2.41557 -1.07999 
-1.9323 0.930809 -0.000161452 -1.48708 -0.0636774 2.41589 -1.08 
-1.93225 0.931271 -0.000153467 -1.48705 -0.0635773 2.41648 -1.07998 
-1.93216 0.931795 -0.000146484 -1.48706 -0.0633962 2.41702 -1.07997 
-1.93206 0.932416 -0.00013406 -1.48701 -0.0631686 2.41739 -1.07996 
-1.93193 0.93314 -0.000155031 -1.48685 -0.0630228 2.41826 -1.07996 
-1.93195 0.933904 -0.000180307 -1.48667 -0.0630046 2.41913 -1.07996 
-1.93204 0.934738 -0.000193898 -1.48649 -0.062998 2.42005 -1.07995 
-1.93216 0.935303 -0.000236077 -1.48625 -0.0629953 2.42149 -1.07995 
-1.93236 0.935798 -0.000211104 -1.48625 -0.0629856 2.42166 -1.07996 
-1.93241 0.936282 -0.00017388 -1.48609 -0.062958 2.42224 -1.07996 
-1.93227 0.93657 -0.00014909 -1.48601 -0.0629306 2.42289 -1.07996 
-1.93211 0.936775 -0.000168653 -1.48592 -0.062937 2.42297 -1.07996 
-1.9321 0.936825 -0.000184554 -1.4858 -0.0629351 2.42298 -1.07996 
-1.93214 0.936846 -0.000178568 -1.48579 -0.0629317 2.42299 -1.07995 
-1.93212 0.936847 -0.000175374 -1.48579 -0.0629322 2.42298 -1.07996 
-1.93214 0.936847 -0.000173711 -1.48579 -0.0629251 2.42298 -1.07996 
-1.93216 0.936856 -0.000170083 -1.48578 -0.0629011 2.42298 -1.07996 
-1.93217 0.936866 -0.000172032 -1.48577 -0.062817 2.42298 -1.07995 
-1.93219 0.93686 -0.000170118 -1.48577 -0.0626789 2.42298 -1.07995 
-1.9322 0.936872 -0.000172032 -1.48575 -0.0625555 2.42298 -1.07996 
-1.93222 0.936907 -0.000173702 -1.48572 -0.0624391 2.42298 -1.07996 
-1.93228 0.93696 -0.000168413 -1.48567 -0.0622589 2.42298 -1.07995 
-1.93234 0.937008 -0.000166479 -1.48564 -0.0621021 2.42298 -1.07997 
-1.93237 0.937107 -0.000170971 -1.4856 -0.0620812 2.42299 -1.07997 
-1.93241 0.937382 -0.000173693 -1.48544 -0.0620863 2.42301 -1.07998 
-1.93241 0.937807 -0.000170083 -1.48502 -0.0620955 2.42298 -1.07998 
-1.93238 0.938365 -0.000172032 -1.48475 -0.0621062 2.42295 -1.08 
-1.93239 0.939126 -0.000170083 -1.48453 -0.0621278 2.42298 -1.08002 
-1.93236 0.940142 -0.000163581 -1.48388 -0.0621258 2.42293 -1.08005 
-1.93232 0.941318 -0.000170614 -1.48305 -0.062169 2.42296 -1.08006 
-1.93233 0.942563 -0.000150341 -1.48192 -0.0621572 2.42292 -1.08006 
-1.93231 0.943725 -0.000158825 -1.48097 -0.0621572 2.42289 -1.08007 
-1.93233 0.944736 -0.000178948 -1.48051 -0.0621585 2.42255 -1.08007 
-1.93238 0.945664 -0.00016884 -1.47994 -0.0621491 2.4226 -1.08006 
-1.93237 0.94657 -0.000170509 -1.47895 -0.062138 2.42256 -1.08006 
-1.93237 0.947396 -0.000175796 -1.4782 -0.0621444 2.42252 -1.08006 
-1.93242 0.948025 -0.000189948 -1.47785 -0.0621445 2.42256 -1.08006 
-1.93245 0.948488 -0.000178427 -1.47745 -0.0621418 2.42254 -1.08007 
-1.93243 0.948853 -0.000174994 -1.47716 -0.0621369 2.42253 -1.08006 
-1.93242 0.949111 -0.000165455 -1.477 -0.0621438 2.42253 -1.08007 
-1.93241 0.949244 -0.000162021 -1.47691 -0.0621383 2.42253 -1.08007 
-1.93241 0.949382 -0.000161942 -1.47689 -0.0621371 2.42254 -1.08007 
-1.93241 0.949612 -0.000161942 -1.47676 -0.0621364 2.42254 -1.08006 
-1.93241 0.949816 -0.000162021 -1.47652 -0.062137 2.42254 -1.08007 
-1.93239 0.949946 -0.000155206 -1.47635 -0.0621421 2.42252 -1.08006 
-1.93236 0.950003 -0.000158588 -1.4763 -0.0621482 2.42251 -1.08006 
-1.93234 0.950046 -0.00015201 -1.4763 -0.0621457 2.42251 -1.08007 
-1.93231 0.950153 -0.000151773 -1.47628 -0.0621425 2.42252 -1.08007 
-1.93227 0.950411 -0.000147808 -1.47625 -0.0621457 2.42252 -1.08007 
-1.93223 0.950821 -0.000149238 -1.47594 -0.0621576 2.42253 -1.08007 
-1.93219 0.951229 -0.000164525 -1.47543 -0.0621537 2.42249 -1.08007 
-1.93225 0.951731 -0.000177308 -1.47517 -0.0621489 2.42236 -1.08007 
-1.93229 0.952362 -0.000187464 -1.47477 -0.0621553 2.42237 -1.08007 
-1.93226 0.953019 -0.000163784 -1.47422 -0.062153 2.42236 -1.08007 
-1.93222 0.953551 -0.000182187 -1.4738 -0.0621563 2.42235 -1.08007 
-1.93229 0.954025 -0.000187041 -1.47363 -0.0621563 2.42237 -1.08006 
-1.93233 0.954369 -0.000175163 -1.47339 -0.0621564 2.42238 -1.08007 
-1.93228 0.954546 -0.000173279 -1.47325 -0.062156 2.42237 -1.08007 
-1.93226 0.954651 -0.000176898 -1.47322 -0.06216 2.42238 -1.08007 
-1.93225 0.954694 -0.000173279 -1.47315 -0.0621626 2.42236 -1.08007 
-1.93225 0.954699 -0.000176898 -1.47315 -0.0621624 2.42236 -1.08007 
-1.93225 0.954723 -0.000176898 -1.47312 -0.0621535 2.42236 -1.08007 
-1.93227 0.954728 -0.000176898 -1.47311 -0.0621493 2.42236 -1.08007 
-1.93226 0.954751 -0.000176898 -1.47309 -0.0621569 2.42235 -1.08007 
-1.93224 0.954758 -0.000176898 -1.47308 -0.0621642 2.42235 -1.08008 
-1.93224 0.954774 -0.000176898 -1.47308 -0.0621617 2.42235 -1.08007 
-1.93225 0.954785 -0.000182188 -1.47306 -0.0621669 2.42235 -1.08007 
-1.93225 0.95479 -0.000182999 -1.47305 -0.06218 2.42234 -1.08009 
-1.93225 0.954798 -0.000180012 -1.47305 -0.0621793 2.42235 -1.08009 
-1.93225 0.954834 -0.000181764 -1.47301 -0.0621786 2.42235 -1.08009 
-1.93226 0.954855 -0.00018496 -1.47297 -0.0621786 2.42234 -1.08008 
-1.93226 0.95486 -0.000188579 -1.47297 -0.0621761 2.42235 -1.08008 
-1.93226 0.954888 -0.000183289 -1.47294 -0.0621763 2.42235 -1.08008 
-1.93225 0.954908 -0.000188579 -1.47292 -0.0621793 2.42235 -1.08008 
-1.93224 0.954905 -0.000186882 -1.47292 -0.0621813 2.42234 -1.08008 
-1.93225 0.954906 -0.000186882 -1.47292 -0.0621755 2.42234 -1.08008 
-1.93227 0.95491 -0.000183053 -1.47289 -0.0621617 2.42234 -1.08008 
-1.93226 0.954916 -0.000180094 -1.47289 -0.062155 2.42229 -1.08008 
-1.93227 0.954903 -0.000168689 -1.47281 -0.0621337 2.42191 -1.08008 
-1.93229 0.95493 -0.00016556 -1.47261 -0.0621254 2.42143 -1.08008 
-1.93231 0.95495 -0.000161416 -1.4725 -0.0621246 2.42104 -1.08009 
-1.93234 0.954966 -0.000148219 -1.47244 -0.0621291 2.42083 -1.08027 
-1.93236 0.95497 -0.000147567 -1.4724 -0.0621272 2.42075 -1.08115 
-1.9324 0.95497 -0.000102662 -1.4724 -0.0621072 2.42072 -1.08294 
-1.93239 0.954985 -5.50346e-05 -1.47239 -0.0620682 2.42069 -1.08482 
-1.93241 0.954983 -5.33638e-05 -1.47239 -0.061871 2.42067 -1.08609 
-1.93242 0.955006 -4.65615e-05 -1.47238 -0.0615255 2.42066 -1.08644 
-1.9324 0.955002 -4.55652e-05 -1.47236 -0.061239 2.42058 -1.08649 
-1.93244 0.955006 -5.58812e-05 -1.47229 -0.0610038 2.42052 -1.08648 
-1.9325 0.955041 -1.94072e-05 -1.47228 -0.0605904 2.42052 -1.08649 
-1.93243 0.955145 -1.66837e-05 -1.4722 -0.0602786 2.42051 -1.08653 
-1.93248 0.955166 -2.99587e-05 -1.47208 -0.0601014 2.42033 -1.08661 
-1.9326 0.955211 -1.39739e-05 -1.47187 -0.0594804 2.41995 -1.08662 
-1.93259 0.955379 -1.50143e-05 -1.47175 -0.0581844 2.41986 -1.08665 
-1.93262 0.955737 -5.65832e-05 -1.47167 -0.0574378 2.41985 -1.08698 
-1.93284 0.95636 -2.0845e-05 -1.47135 -0.0570629 2.41986 -1.08788 
-1.933 0.957289 1.03719e-05 -1.47066 -0.0560792 2.41984 -1.08832 
-1.93299 0.958452 1.8509e-05 -1.46991 -0.054631 2.41984 -1.0884 
-1.93298 0.959829 -1.57055e-05 -1.46903 -0.0539412 2.41988 -1.08866 
-1.93309 0.96142 -2.91706e-06 -1.46775 -0.053779 2.41986 -1.08883 
-1.93306 0.962887 5.83046e-06 -1.4667 -0.0537283 2.41983 -1.08883 
-1.93298 0.964277 -8.23666e-06 -1.46587 -0.0537326 2.41986 -1.08884 
-1.93299 0.965714 -1.4904e-05 -1.46467 -0.0536779 2.41984 -1.08883 
-1.93307 0.967112 -2.00489e-05 -1.46354 -0.0534071 2.41982 -1.08883 
-1.9332 0.968578 -1.10717e-05 -1.46243 -0.0528078 2.41982 -1.08882 
-1.93326 0.970095 -1.21503e-05 -1.46115 -0.051991 2.41973 -1.08883 
-1.93332 0.971642 -1.60062e-05 -1.45996 -0.0510316 2.41956 -1.08883 
-1.93341 0.97325 -1.43359e-05 -1.45866 -0.0503337 2.41952 -1.08883 
-1.93356 0.974724 -1.55857e-05 -1.45711 -0.049579 2.41963 -1.08883 
-1.93369 0.975075 5.41844e-06 -1.45574 -0.0486208 2.41957 -1.08884 
-1.93373 0.975095 -5.58513e-05 -1.45503 -0.0482175 2.41862 -1.08884 
-1.93401 0.975191 -4.64111e-05 -1.45486 -0.0481294 2.41687 -1.08883 
-1.93426 0.975215 -5.49067e-06 -1.45488 -0.0478564 2.41644 -1.08883 
-1.93436 0.97527 1.67488e-06 -1.45489 -0.047395 2.41642 -1.08884 
-1.9344 0.975349 -2.68099e-06 -1.45489 -0.0468295 2.41642 -1.08883 
-1.93443 0.975468 -7.05734e-07 -1.45495 -0.0462562 2.41641 -1.08883 
-1.93443 0.975658 -1.9586e-05 -1.45506 -0.045787 2.41644 -1.08883 
-1.93455 0.975722 -7.20594e-06 -1.45507 -0.0452374 2.41645 -1.08883 
-1.93468 0.975774 -3.11841e-05 -1.45507 -0.0441012 2.41645 -1.08881 
-1.93493 0.975826 -1.95943e-05 -1.45507 -0.0426671 2.41646 -1.08881 
-1.93514 0.975859 -1.84268e-05 -1.45507 -0.0411093 2.41648 -1.0888 
-1.93528 0.97587 -5.21795e-05 -1.45507 -0.0394899 2.4165 -1.08877 
-1.93555 0.975916 -9.78699e-05 -1.45507 -0.0378784 2.41652 -1.08876 
-1.93595 0.975928 -0.000113551 -1.45507 -0.0365732 2.41653 -1.08869 
-1.93638 0.975961 -0.000116746 -1.45507 -0.035471 2.41654 -1.08833 
-1.93678 0.975987 -0.000125146 -1.45507 -0.0344387 2.4166 -1.08754 
-1.93718 0.976031 -0.000130345 -1.45507 -0.0334005 2.41664 -1.08679 
-1.93745 0.976052 -0.000103094 -1.45507 -0.0319716 2.41667 -1.08584 
-1.93751 0.97606 -0.000113405 -1.45507 -0.0301656 2.41673 -1.08455 
-1.93749 0.976084 -0.000115076 -1.45507 -0.0280478 2.41677 -1.08264 
-1.93742 0.976108 -0.000115076 -1.45507 -0.0257365 2.41682 -1.08001 
-1.93735 0.976111 -0.000136724 -1.45507 -0.0241146 2.41682 -1.07781 
-1.93736 0.976106 -0.000127436 -1.45507 -0.0234357 2.41682 -1.07605 
-1.9373 0.976116 -0.00012786 -1.45506 -0.0231497 2.41682 -1.07409 
-1.93725 0.976128 -0.00012424 -1.45506 -0.0228995 2.41682 -1.07177 
-1.93716 0.976135 -0.000116169 -1.45506 -0.0227067 2.41682 -1.06808 
-1.93702 0.976142 -0.000119823 -1.45505 -0.0227048 2.41682 -1.06437 
-1.93692 0.976158 -0.000122904 -1.45505 -0.0226941 2.41682 -1.06081 
-1.93684 0.97616 -0.000114507 -1.45505 -0.022692 2.41682 -1.05806 
-1.93677 0.976171 -0.000110191 -1.45505 -0.0226664 2.41681 -1.05601 
-1.93669 0.976178 -0.000112982 -1.45505 -0.0224892 2.4168 -1.05388 
-1.93665 0.97618 -0.000116628 -1.45504 -0.0221569 2.4168 -1.05131 
-1.93667 0.976176 -0.000107704 -1.45504 -0.0215541 2.4168 -1.04752 
-1.9366 0.976178 -0.000101724 -1.45504 -0.0207352 2.41677 -1.0433 
-1.93654 0.976176 -0.000108261 -1.45505 -0.0200355 2.41672 -1.0391 
-1.93652 0.976163 -0.000111906 -1.45504 -0.0195342 2.41657 -1.03522 
-1.93655 0.976161 -0.000115075 -1.45505 -0.0189923 2.41656 -1.0316 
-1.93655 0.976156 -0.000108996 -1.45505 -0.0182805 2.41652 -1.02698 
-1.93653 0.976146 -0.000111457 -1.45505 -0.0180952 2.41632 -1.02251 
-1.93653 0.976137 -0.000109757 -1.45504 -0.0180301 2.41631 -1.01948 
-1.93655 0.976126 -0.000108839 -1.45504 -0.0176432 2.4163 -1.01649 
-1.93655 0.976126 -0.000109704 -1.45504 -0.0168199 2.41629 -1.01251 
-1.93655 0.976118 -0.000113405 -1.45504 -0.0155764 2.41629 -1.00771 
-1.93655 0.976118 -0.000118165 -1.455 -0.0143158 2.41631 -1.00258 
-1.93656 0.976116 -0.000126757 -1.45494 -0.0128891 2.41632 -0.997348 
-1.93656 0.976116 -0.000119824 -1.45492 -0.0107901 2.41632 -0.990618 
-1.9365 0.976113 -0.000117766 -1.45492 -0.00848479 2.41631 -0.981532 
-1.93645 0.9761 -0.000121467 -1.45493 -0.00721067 2.41631 -0.973123 
-1.93645 0.976085 -0.000132844 -1.45492 -0.00669525 2.41633 -0.964882 
-1.93648 0.976086 -0.000132672 -1.45491 -0.00665998 2.41634 -0.957276 
-1.93643 0.976092 -0.000124175 -1.45491 -0.00665876 2.41634 -0.949999 
-1.93629 0.97609 -0.000123175 -1.4549 -0.00665962 2.41634 -0.942222 
-1.93615 0.97609 -0.000141367 -1.4549 -0.00666065 2.41634 -0.935176 
-1.9361 0.976092 -0.000156375 -1.45491 -0.00665997 2.41634 -0.927999 
-1.93612 0.976088 -0.000157045 -1.45492 -0.00665695 2.41634 -0.919988 
-1.9361 0.976076 -0.000153425 -1.45491 -0.00665408 2.41636 -0.911206 
-1.93605 0.976088 -0.000150467 -1.45491 -0.006654 2.41648 -0.901192 
-1.936 0.976095 -0.000144941 -1.45491 -0.00665191 2.41657 -0.890676 
-1.93587 0.976092 -0.000139656 -1.45491 -0.00665187 2.41657 -0.879673 
-1.93574 0.976099 -0.000153425 -1.45492 -0.0066559 2.41657 -0.86762 
-1.93565 0.976085 -0.000153347 -1.45495 -0.00665518 2.41655 -0.85506 
-1.93558 0.976087 -0.000162593 -1.45496 -0.00665651 2.41655 -0.843244 
-1.93559 0.976088 -0.0001836 -1.45496 -0.0066559 2.41656 -0.830657 
-1.93561 0.976091 -0.000177817 -1.45497 -0.00665518 2.41655 -0.817746 
-1.9356 0.976085 -0.000189489 -1.45497 -0.00665844 2.41656 -0.806492 
-1.93562 0.976087 -0.000206078 -1.45498 -0.00666639 2.41655 -0.795554 
-1.93564 0.976087 -0.000265951 -1.45499 -0.00666517 2.41656 -0.785885 
-1.93569 0.976083 -0.000265687 -1.45499 -0.00665678 2.41656 -0.777432 
-1.93574 0.976073 -0.000259565 -1.455 -0.00663529 2.41654 -0.768603 
-1.93582 0.976067 -0.000261514 -1.45501 -0.00662939 2.41653 -0.758538 
-1.93595 0.976065 -0.000304141 -1.45501 -0.00663733 2.41654 -0.747823 
-1.93619 0.976062 -0.000300855 -1.45501 -0.00663479 2.41655 -0.737928 
-1.93646 0.976055 -0.000304047 -1.45502 -0.00663203 2.41654 -0.728714 
-1.93682 0.976045 -0.000295142 -1.45501 -0.00662781 2.41655 -0.72017 
-1.93713 0.976036 -0.000271903 -1.45501 -0.00655854 2.41656 -0.711343 
-1.93724 0.976036 -0.000279347 -1.45501 -0.00641279 2.41655 -0.702126 
-1.93732 0.976036 -0.000285939 -1.45501 -0.00635828 2.41655 -0.693697 
-1.93739 0.976036 -0.000292506 -1.45501 -0.00630524 2.41656 -0.686903 
-1.93751 0.97604 -0.000289884 -1.45501 -0.00626915 2.41656 -0.675602 
-1.93758 0.976039 -0.000297659 -1.45502 -0.00626793 2.41655 -0.665351 
-1.9377 0.976039 -0.000303696 -1.45503 -0.00625035 2.41655 -0.655518 
-1.93786 0.976031 -0.000295566 -1.45503 -0.00621865 2.41655 -0.645004 
-1.93799 0.976035 -0.00029362 -1.45504 -0.00614624 2.41655 -0.633807 
-1.9381 0.976037 -0.000302526 -1.45503 -0.00608918 2.41657 -0.62144 
-1.93821 0.976037 -0.000301812 -1.45502 -0.00601714 2.4166 -0.608507 
-1.93833 0.97604 -0.000305709 -1.45504 -0.00594622 2.41659 -0.593917 
-1.93847 0.976033 -0.000303628 -1.45504 -0.00593251 2.41658 -0.578367 
-1.93857 0.976013 -0.000295142 -1.45506 -0.00589513 2.41657 -0.561522 
-1.93861 0.976017 -0.000312261 -1.45508 -0.00588496 2.41657 -0.543812 
-1.9387 0.976014 -0.000317257 -1.45509 -0.00588372 2.41659 -0.5266 
-1.9388 0.976009 -0.000303213 -1.45509 -0.00589027 2.41658 -0.507578 
-1.9388 0.976011 -0.000312113 -1.4551 -0.00589005 2.41658 -0.491225 
-1.93881 0.97598 -0.000287877 -1.45518 -0.00588946 2.41657 -0.476206 
-1.93867 0.97596 -0.000241701 -1.45521 -0.00588504 2.41658 -0.462313 
-1.93841 0.975964 -0.000287936 -1.45523 -0.00588956 2.41659 -0.448427 
-1.93825 0.975956 -0.000224834 -1.45522 -0.00589017 2.4166 -0.434831 
-1.93801 0.975975 -0.000295695 -1.45522 -0.00588567 2.41662 -0.422151 
-1.93795 0.975943 -0.000228634 -1.45523 -0.00588179 2.41661 -0.409172 
-1.93777 0.975969 -0.000213359 -1.45523 -0.00588137 2.41662 -0.397187 
-1.93742 0.975987 -0.000231236 -1.45524 -0.00588443 2.41664 -0.382107 
-1.93712 0.975977 -0.000216908 -1.45527 -0.00588246 2.41665 -0.368617 
-1.93687 0.97598 -0.000261518 -1.45531 -0.00588819 2.41672 -0.354442 
-1.93687 0.976011 -0.000332645 -1.45536 -0.00589272 2.41722 -0.340629 
-1.9372 0.975991 -0.000351988 -1.45547 -0.00588759 2.41744 -0.325856 
-1.9376 0.975972 -0.000302045 -1.45547 -0.00588565 2.41756 -0.313259 
-1.9378 0.975978 -0.000300969 -1.4555 -0.00588636 2.41758 -0.302527 
-1.93789 0.975966 -0.000325343 -1.45552 -0.00588697 2.41757 -0.289991 
-1.93796 0.97595 -0.000322024 -1.45555 -0.00588697 2.41757 -0.278482 
-1.93796 0.975956 -0.000320709 -1.45556 -0.00588952 2.41757 -0.267097 
-1.93788 0.975953 -0.000319221 -1.45558 -0.00588901 2.41755 -0.256869 
-1.9378 0.975917 -0.000260144 -1.45563 -0.00588636 2.41754 -0.247453 
-1.93748 0.975926 -0.000221448 -1.45565 -0.00588891 2.41755 -0.237605 
-1.93712 0.975917 -0.000272165 -1.45568 -0.00588795 2.41753 -0.227586 
-1.93687 0.975871 -0.00017892 -1.45578 -0.00588636 2.41753 -0.218679 
-1.93648 0.975875 -0.000275289 -1.4558 -0.00589246 2.41753 -0.210206 
-1.93631 0.975857 -0.000272648 -1.45581 -0.0058877 2.41753 -0.200785 
-1.93616 0.975851 -0.0001439 -1.4558 -0.00588218 2.41754 -0.190583 
-1.93582 0.975863 -0.000248521 -1.45581 -0.00588636 2.41755 -0.179823 
-1.93574 0.975854 -0.000273887 -1.4558 -0.00588636 2.41755 -0.168737 
-1.93575 0.975842 -0.000247292 -1.4558 -0.00588636 2.41755 -0.156057 
-1.93573 0.975832 -0.000232116 -1.4558 -0.0058831 2.41755 -0.142952 
-1.93571 0.975834 -0.000179435 -1.4558 -0.00587964 2.41755 -0.129586 
-1.93567 0.975845 -0.000192374 -1.4558 -0.00588025 2.41756 -0.113607 
-1.93569 0.975833 -0.000199513 -1.4558 -0.00588025 2.41754 -0.0979539 
-1.93568 0.975841 -0.000208164 -1.4558 -0.00588849 2.41756 -0.0831205 
-1.93568 0.975852 -0.000206075 -1.4558 -0.00588427 2.41756 -0.0682583 
-1.93565 0.975851 -0.000203953 -1.4558 -0.00588768 2.41756 -0.056003 
-1.93559 0.975853 -0.000184396 -1.45581 -0.00588427 2.41756 -0.0433135 
-1.93544 0.97586 -0.000168109 -1.4558 -0.00588158 2.41756 -0.0303052 
-1.93521 0.975883 -0.000179297 -1.45582 -0.00588485 2.41757 -0.0174801 
-1.93501 0.975882 -0.000171609 -1.45582 -0.00588297 2.41758 -0.00313359 
-1.9348 0.97588 -0.000156771 -1.45583 -0.00588575 2.41758 0.0104855 
-1.93455 0.975886 -0.000171298 -1.45584 -0.00588487 2.41759 0.0239499 
-1.93433 0.975888 -0.000177455 -1.45584 -0.00589338 2.4176 0.0374384 
-1.93416 0.975886 -0.000176898 -1.45585 -0.00589017 2.41759 0.049246 
-1.934 0.975888 -0.000176863 -1.45585 -0.00589084 2.4176 0.060585 
-1.93388 0.975888 -0.000180162 -1.45585 -0.00589149 2.41762 0.0703536 
-1.93386 0.975897 -0.000175227 -1.45583 -0.00589096 2.41784 0.0803079 
-1.93388 0.975968 -0.000197449 -1.45587 -0.00588952 2.41826 0.0889541 
-1.93398 0.975965 -0.000203456 -1.45587 -0.00588891 2.41836 0.0971497 
-1.93412 0.975963 -0.000209424 -1.45587 -0.00588819 2.41839 0.106235 
-1.93429 0.975962 -0.00021837 -1.45589 -0.00589013 2.41837 0.11628 
-1.93449 0.975965 -0.000252604 -1.45591 -0.00588891 2.41838 0.125941 
-1.93471 0.975956 -0.000264473 -1.45593 -0.00588819 2.41839 0.135192 
-1.93488 0.975958 -0.000259243 -1.45593 -0.00588952 2.41839 0.144388 
-1.93497 0.975958 -0.000268474 -1.45594 -0.00589013 2.41838 0.153542 
-1.93504 0.975961 -0.000261514 -1.45594 -0.00588952 2.41839 0.162007 
-1.93505 0.975955 -0.00027167 -1.45593 -0.00588819 2.41839 0.169622 
-1.93506 0.975962 -0.000272771 -1.45594 -0.00588891 2.4184 0.176548 
-1.93505 0.975965 -0.000262156 -1.45593 -0.00589013 2.41847 0.183173 
-1.93502 0.975967 -0.000268514 -1.45593 -0.00588952 2.41852 0.189127 
-1.93504 0.975966 -0.000264948 -1.45594 -0.00588819 2.41852 0.194883 
-1.93505 0.975966 -0.000274865 -1.45595 -0.00588952 2.41852 0.200684 
-1.93507 0.975968 -0.000274324 -1.45594 -0.00588819 2.41853 0.206457 
-1.93513 0.975967 -0.000274679 -1.45593 -0.00588819 2.41855 0.213098 
-1.93518 0.975968 -0.000276716 -1.45593 -0.00588697 2.41864 0.219533 
-1.93527 0.975988 -0.000279587 -1.45594 -0.00588037 2.4188 0.226846 
-1.93535 0.975992 -0.000279587 -1.45594 -0.00588279 2.41882 0.235324 
-1.9354 0.975994 -0.000274297 -1.45594 -0.00588025 2.4189 0.243233 
-1.9354 0.97603 -0.000275165 -1.45594 -0.00587964 2.41911 0.251094 
-1.93539 0.976061 -0.000274442 -1.45594 -0.00588025 2.41935 0.259295 
-1.93538 0.976084 -0.000276391 -1.45593 -0.00588025 2.41949 0.266982 
-1.93542 0.97609 -0.000282928 -1.45594 -0.00588218 2.41951 0.275383 
-1.93546 0.976104 -0.000284453 -1.45593 -0.00588157 2.41952 0.282919 
-1.9355 0.976098 -0.000287649 -1.45593 -0.00588086 2.41952 0.289643 
-1.93553 0.976099 -0.000285978 -1.45593 -0.00588025 2.41955 0.297024 
-1.93558 0.976118 -0.000285978 -1.45593 -0.00587691 2.41976 0.305009 
-1.9356 0.976148 -0.000282359 -1.45593 -0.00587484 2.41996 0.312933 
-1.93559 0.976162 -0.000285978 -1.45593 -0.00588037 2.42005 0.320608 
-1.93561 0.976164 -0.000294372 -1.45594 -0.00587557 2.42005 0.327504 
-1.93565 0.976166 -0.000292515 -1.45593 -0.00587547 2.42006 0.334607 
-1.9357 0.97617 -0.000293329 -1.45593 -0.00587606 2.42007 0.341457 
-1.93575 0.976171 -0.000295711 -1.45593 -0.00587606 2.42008 0.348982 
-1.93577 0.976185 -0.000293952 -1.45593 -0.00587618 2.42013 0.356324 
-1.93576 0.97618 -0.000287226 -1.45593 -0.00587713 2.42018 0.362715 
-1.93576 0.976193 -0.000290845 -1.45593 -0.00587678 2.42024 0.368923 
-1.93577 0.976203 -0.000294646 -1.45593 -0.00587713 2.42034 0.37457 
-1.9358 0.976216 -0.000297657 -1.45593 -0.00587657 2.42044 0.379935 
-1.93584 0.976222 -0.000296289 -1.45593 -0.00587486 2.42049 0.385597 
-1.93587 0.976226 -0.00028708 -1.45593 -0.00587545 2.42054 0.391912 
-1.93586 0.97623 -0.00028662 -1.45594 -0.00587413 2.42055 0.39839 
-1.93585 0.97623 -0.000277176 -1.45594 -0.00585967 2.42056 0.404843 
-1.93583 0.976228 -0.000277493 -1.45595 -0.00585975 2.42056 0.41191 
-1.93578 0.976238 -0.000259352 -1.45595 -0.00586107 2.42056 0.419566 
-1.93573 0.976235 -0.000267473 -1.45595 -0.00586488 2.42063 0.427981 
-1.93566 0.976301 -0.000273192 -1.45594 -0.00595394 2.42107 0.434322 
-1.9356 0.976296 -0.00030113 -1.45602 -0.00597556 2.42133 0.434823 
-1.93567 0.976286 -0.000297236 -1.45604 -0.00596304 2.42141 0.434837 
-1.93573 0.976297 -0.000279806 -1.45604 -0.00593713 2.42154 0.434852 
-1.93573 0.976301 -0.00028449 -1.45604 -0.00592114 2.4216 0.434888 
-1.93573 0.976303 -0.0002852 -1.45606 -0.00590903 2.42161 0.43507 
-1.93576 0.976306 -0.000280689 -1.45606 -0.00586199 2.42163 0.435674 
-1.93577 0.976303 -0.000277043 -1.45606 -0.00585316 2.42164 0.436374 
-1.93575 0.976303 -0.000283231 -1.45608 -0.00585321 2.42165 0.436614 
-1.93579 0.976301 -0.000282359 -1.45609 -0.00585581 2.42166 0.436618 
-1.93584 0.976304 -0.000274689 -1.45609 -0.00585527 2.42167 0.436614 
-1.93583 0.976301 -0.000273874 -1.4561 -0.00585617 2.42167 0.436613 
-1.93582 0.976303 -0.000275544 -1.45611 -0.00585781 2.42168 0.43661 
-1.93586 0.976301 -0.00027557 -1.45611 -0.00585481 2.42168 0.436614 
-1.93586 0.976304 -0.000283289 -1.45612 -0.00585807 2.42168 0.436611 
-1.93587 0.976298 -0.000284029 -1.45612 -0.00585882 2.42169 0.436603 
-1.93588 0.976295 -0.000288109 -1.45612 -0.00585943 2.42169 0.436601 
-1.93589 0.976297 -0.000292752 -1.45612 -0.00587183 2.42169 0.436593 
-1.93589 0.976295 -0.000296658 -1.45612 -0.00590408 2.42169 0.436563 
-1.9359 0.976289 -0.000304051 -1.45612 -0.00592659 2.42169 0.436518 
-1.9359 0.976282 -0.000310443 -1.45612 -0.00598561 2.42169 0.436381 
-1.93588 0.976274 -0.000325924 -1.45612 -0.00623782 2.42168 0.436005 
-1.93588 0.97625 -0.000338487 -1.45611 -0.00663685 2.42168 0.435509 
-1.93588 0.976222 -0.000396094 -1.45608 -0.00731132 2.42168 0.43497 
-1.93588 0.9762 -0.000421654 -1.45608 -0.00737601 2.42167 0.434909 
-1.93586 0.976183 -0.000425156 -1.45606 -0.00740236 2.42166 0.4349 
-1.9359 0.976131 -0.000431244 -1.45605 -0.0074009 2.42166 0.434892 
-1.9359 0.976086 -0.000436639 -1.45605 -0.0074093 2.42164 0.434886 
-1.93586 0.976053 -0.000437337 -1.45605 -0.00743495 2.42163 0.43488 
-1.93588 0.976019 -0.000439652 -1.45603 -0.00744452 2.42162 0.434871 
-1.93587 0.976001 -0.000437705 -1.45602 -0.00744297 2.42162 0.434873 
-1.93584 0.975994 -0.000432875 -1.45603 -0.00744863 2.42161 0.434875 
-1.93587 0.975976 -0.000438165 -1.45603 -0.0074496 2.42162 0.434875 
-1.93586 0.975909 -0.000439576 -1.45605 -0.00751749 2.4216 0.434873 
-1.93586 0.975867 -0.000443031 -1.45606 -0.00751892 2.42159 0.434869 
-1.93589 0.975822 -0.000444556 -1.45606 -0.00751831 2.42159 0.434868 
-1.93587 0.975825 -0.000449423 -1.45606 -0.00751576 2.4216 0.434866 
-1.93587 0.975816 -0.000450373 -1.45606 -0.00751892 2.42159 0.434869 
-1.93588 0.975819 -0.000454558 -1.45606 -0.00751892 2.42159 0.434863 
-1.93587 0.975815 -0.000454567 -1.45606 -0.00751831 2.42159 0.434863 
-1.93588 0.97581 -0.000452697 -1.45606 -0.0075177 2.42159 0.434863 
-1.93587 0.975814 -0.000457411 -1.45606 -0.00751892 2.42159 0.434861 
-1.93587 0.975805 -0.000459197 -1.45606 -0.0075177 2.42159 0.434863 
-1.93587 0.97581 -0.000457763 -1.45606 -0.00751831 2.42159 0.434858 
-1.93588 0.975807 -0.000457763 -1.45606 -0.00751831 2.42159 0.434863 
-1.93588 0.97581 -0.000459433 -1.45606 -0.00751892 2.42159 0.434859 
-1.93587 0.975808 -0.000455814 -1.45606 -0.0075177 2.42159 0.434863 
-1.93588 0.975807 -0.000461573 -1.45606 -0.00752196 2.42159 0.434866 
-1.93587 0.975807 -0.00046039 -1.45606 -0.00751831 2.4216 0.434863 
-1.93588 0.975804 -0.000460415 -1.45606 -0.00751805 2.42159 0.434858 
-1.93588 0.975807 -0.0004643 -1.45606 -0.00751831 2.42159 0.434862 
-1.93588 0.975806 -0.000462603 -1.45606 -0.00751892 2.42159 0.43486 
-1.93589 0.975792 -0.00046252 -1.45606 -0.0075177 2.42159 0.434865 
-1.93587 0.975795 -0.00045901 -1.45606 -0.00752085 2.42159 0.434868 
-1.93589 0.975796 -0.000467919 -1.45606 -0.00751831 2.4216 0.434859 
-1.93587 0.975796 -0.00046438 -1.45606 -0.00752024 2.42159 0.434859 
-1.93588 0.975792 -0.000466439 -1.45606 -0.00751892 2.4216 0.43486 
-1.93588 0.975786 -0.000466328 -1.45606 -0.00751927 2.42159 0.43486 
-1.93588 0.975792 -0.000468616 -1.45606 -0.00752024 2.42159 0.434863 
-1.93588 0.975792 -0.000466576 -1.45606 -0.00751892 2.4216 0.434863 
-1.93588 0.975792 -0.000468975 -1.45606 -0.00751963 2.42159 0.434854 
-1.93588 0.97579 -0.000468415 -1.45606 -0.00751892 2.42159 0.434859 
-1.93588 0.975786 -0.000470378 -1.45606 -0.00751963 2.42159 0.434862 
-1.93588 0.97579 -0.000468984 -1.45606 -0.00751892 2.4216 0.434864 
-1.93588 0.975791 -0.000465128 -1.45606 -0.00751831 2.42159 0.434865 
-1.93587 0.975793 -0.000469365 -1.45606 -0.00751963 2.42159 0.43486 
-1.93588 0.975789 -0.000469444 -1.45606 -0.00752024 2.4216 0.434865 
-1.93588 0.975788 -0.000469444 -1.45606 -0.00751892 2.4216 0.434856 
-1.93588 0.975789 -0.000469444 -1.45606 -0.00751831 2.4216 0.43486 
-1.93588 0.975788 -0.000471115 -1.45606 -0.00751831 2.42159 0.434855 
