-2.18887 -0.522958 -0.000520247 -2.17695 0.0295322 1.71688 -1.4162 
-2.18887 -0.522964 -0.000518787 -2.17696 0.0295316 1.71688 -1.4162 
-2.18887 -0.52296 -0.00051855 -2.17696 0.0295309 1.71688 -1.4162 
-2.18887 -0.522962 -0.00052217 -2.17696 0.0295302 1.71688 -1.4162 
-2.18887 -0.52296 -0.000521009 -2.17696 0.0295316 1.71688 -1.4162 
-2.18887 -0.52296 -0.000518553 -2.17696 0.0295316 1.71688 -1.41619 
-2.18887 -0.522962 -0.000520484 -2.17696 0.0295309 1.71688 -1.4162 
-2.18887 -0.52296 -0.000522406 -2.17696 0.0295316 1.71688 -1.4162 
-2.18887 -0.522962 -0.000520221 -2.17696 0.0295316 1.71688 -1.4162 
-2.18887 -0.52296 -0.00052022 -2.17696 0.0295302 1.71688 -1.4162 
-2.18887 -0.522962 -0.000522169 -2.17696 0.0295302 1.71688 -1.4162 
-2.18887 -0.52296 -0.00052022 -2.17696 0.0295316 1.71688 -1.4162 
-2.18887 -0.52296 -0.00052022 -2.17696 0.0295309 1.71688 -1.41619 
-2.18887 -0.522964 -0.000520223 -2.17696 0.0295302 1.71688 -1.4162 
-2.18887 -0.52296 -0.000516879 -2.17695 0.0295309 1.71688 -1.4162 
-2.18887 -0.522962 -0.000520457 -2.17696 0.0295316 1.71688 -1.4162 
-2.18887 -0.522962 -0.000520247 -2.17696 0.0295302 1.71688 -1.4162 
-2.18887 -0.522962 -0.00052068 -2.17696 0.0295322 1.71688 -1.4162 
-2.18887 -0.522962 -0.000516879 -2.17696 0.0295302 1.71688 -1.4162 
-2.18887 -0.522958 -0.00052022 -2.17696 0.0295316 1.71688 -1.4162 
-2.18887 -0.522966 -0.000520229 -2.17696 0.029527 1.71688 -1.4162 
-2.18887 -0.522962 -0.000524309 -2.17696 0.0295322 1.71688 -1.4162 
-2.18887 -0.522964 -0.00051855 -2.17696 0.0295309 1.71688 -1.4162 
-2.18888 -0.52296 -0.00051688 -2.17696 0.0295309 1.71688 -1.4162 
-2.18887 -0.52296 -0.000520931 -2.17696 0.0295309 1.71688 -1.4162 
-2.18887 -0.52296 -0.000518576 -2.17696 0.0295264 1.71688 -1.4162 
-2.18887 -0.522962 -0.00051855 -2.17695 0.0295302 1.71688 -1.4162 
-2.18887 -0.52296 -0.00051855 -2.17696 0.0295302 1.71688 -1.4162 
-2.18887 -0.522962 -0.000516906 -2.17696 0.0295302 1.71688 -1.41619 
-2.18887 -0.522958 -0.00051855 -2.17696 0.0295316 1.71688 -1.4162 
-2.18888 -0.522964 -0.000520247 -2.17696 0.0295309 1.71688 -1.4162 
-2.18887 -0.522964 -0.000520457 -2.17696 0.0295307 1.71688 -1.4162 
-2.18887 -0.522962 -0.000518559 -2.17696 0.0295302 1.71688 -1.4162 
-2.18887 -0.52296 -0.000522169 -2.17696 0.0295302 1.71688 -1.41619 
-2.18887 -0.522964 -0.000523073 -2.17696 0.0295309 1.71688 -1.4162 
-2.18887 -0.522962 -0.00052068 -2.17696 0.0295262 1.71688 -1.4162 
-2.18887 -0.522962 -0.00052022 -2.17696 0.0295309 1.71688 -1.4162 
-2.18887 -0.522962 -0.00051688 -2.17696 0.0295302 1.71688 -1.4162 
-2.18887 -0.522962 -0.00052384 -2.17696 0.0295302 1.71688 -1.4162 
-2.18887 -0.52296 -0.000518795 -2.17696 0.0295302 1.71688 -1.4162 
-2.18887 -0.522962 -0.00052022 -2.17697 0.0295302 1.71688 -1.4162 
-2.18887 -0.522958 -0.000524076 -2.17696 0.0295302 1.71688 -1.4162 
-2.18887 -0.52296 -0.000516959 -2.17696 0.0295308 1.71688 -1.4162 
-2.18887 -0.522962 -0.000516879 -2.17696 0.0295302 1.71688 -1.4162 
-2.18887 -0.522958 -0.000523843 -2.17696 0.0295309 1.71688 -1.4162 
-2.18887 -0.522962 -0.000517117 -2.17696 0.0295309 1.71688 -1.4162 
-2.18887 -0.522964 -0.00051688 -2.17696 0.0295302 1.71688 -1.4162 
-2.18887 -0.522962 -0.000518551 -2.17696 0.0295316 1.71688 -1.41619 
-2.18887 -0.522958 -0.000514931 -2.17696 0.0295277 1.71688 -1.4162 
-2.18887 -0.52296 -0.00051159 -2.17696 0.0295305 1.71688 -1.4162 
-2.18887 -0.522962 -0.00051159 -2.17696 0.029527 1.71688 -1.4162 
-2.18887 -0.52296 -0.000514931 -2.17696 0.0295309 1.71688 -1.4162 
-2.18887 -0.522962 -0.00051326 -2.17696 0.0295302 1.71688 -1.4162 
-2.18887 -0.522964 -0.000516879 -2.17697 0.0295296 1.71688 -1.4162 
-2.18888 -0.52296 -0.000527459 -2.17696 0.0295302 1.71688 -1.4162 
-2.18888 -0.52296 -0.00052551 -2.17696 0.0295296 1.71688 -1.4162 
-2.18888 -0.522962 -0.000520562 -2.17696 0.0295286 1.71688 -1.4162 
-2.18887 -0.522958 -0.000522406 -2.17694 0.0295292 1.71688 -1.4162 
-2.18888 -0.522962 -0.00052551 -2.17694 0.0295301 1.71688 -1.4162 
-2.18888 -0.522958 -0.000522179 -2.17694 0.0295289 1.71688 -1.4162 
-2.18888 -0.52296 -0.000525589 -2.17696 0.0295248 1.71688 -1.41619 
-2.18888 -0.52296 -0.000531971 -2.17695 0.0295266 1.71688 -1.4162 
-2.18888 -0.522956 -0.000527995 -2.17697 0.0295267 1.71688 -1.4162 
-2.18888 -0.522946 -0.000537615 -2.17697 0.0295258 1.71688 -1.4162 
-2.1889 -0.522946 -0.000544853 -2.17697 0.0295225 1.71688 -1.4162 
-2.1889 -0.522945 -0.000560299 -2.17697 0.0295197 1.71688 -1.4162 
-2.18891 -0.522951 -0.000560798 -2.17696 0.0295219 1.71688 -1.4162 
-2.18891 -0.522946 -0.000565157 -2.17696 0.0295201 1.71688 -1.4162 
-2.18891 -0.522946 -0.000559876 -2.17697 0.0295204 1.71688 -1.4162 
-2.1889 -0.522946 -0.000552916 -2.17696 0.029521 1.71689 -1.4162 
-2.1889 -0.522947 -0.000556535 -2.17696 0.0295204 1.71689 -1.41619 
-2.18891 -0.522936 -0.000559876 -2.17697 0.0295216 1.71688 -1.41619 
-2.1889 -0.522927 -0.000545677 -2.17699 0.0295204 1.71688 -1.41619 
-2.18889 -0.522929 -0.00054156 -2.17698 0.0295216 1.71688 -1.4162 
-2.18891 -0.522928 -0.000562745 -2.17699 0.0295197 1.71688 -1.41619 
-2.18891 -0.522922 -0.000561824 -2.17699 0.0295216 1.71688 -1.41619 
-2.18891 -0.522927 -0.000559876 -2.17698 0.029521 1.71688 -1.4162 
-2.1889 -0.522929 -0.000552916 -2.17698 0.0295223 1.71688 -1.4162 
-2.18891 -0.522928 -0.000567114 -2.17699 0.0295216 1.71688 -1.41619 
-2.18893 -0.522925 -0.000580854 -2.17699 0.0295197 1.71688 -1.4162 
-2.18892 -0.522926 -0.00057797 -2.17699 0.0295204 1.71688 -1.41619 
-2.18892 -0.522921 -0.00056502 -2.17699 0.029521 1.71688 -1.41619 
-2.18891 -0.522925 -0.000561401 -2.17699 0.029521 1.71688 -1.4162 
-2.18891 -0.522929 -0.000557782 -2.17698 0.029521 1.71688 -1.4162 
-2.18891 -0.522926 -0.000555389 -2.17699 0.0295204 1.71688 -1.4162 
-2.18891 -0.522922 -0.000566691 -2.17701 0.029521 1.71688 -1.41619 
-2.18891 -0.522921 -0.000561401 -2.17701 0.029521 1.71688 -1.4162 
-2.18891 -0.522921 -0.00056502 -2.17701 0.029521 1.71688 -1.4162 
-2.18891 -0.522918 -0.000566691 -2.17701 0.0295216 1.71688 -1.41619 
-2.18891 -0.522921 -0.000559731 -2.17702 0.0295223 1.71688 -1.41619 
-2.1889 -0.522921 -0.0005434 -2.17703 0.0295216 1.71688 -1.41619 
-2.1889 -0.522918 -0.000549296 -2.17704 0.0295216 1.71687 -1.4162 
-2.1889 -0.522915 -0.000556535 -2.17704 0.0295204 1.71687 -1.4162 
-2.1889 -0.522909 -0.000545677 -2.17704 0.029521 1.71687 -1.4162 
-2.1889 -0.522904 -0.000547626 -2.17705 0.0295204 1.71687 -1.4162 
-2.18891 -0.52288 -0.000567351 -2.17707 0.029519 1.71687 -1.4162 
-2.18891 -0.522846 -0.000565017 -2.1771 0.0295197 1.71687 -1.41619 
-2.1889 -0.522819 -0.00054887 -2.17712 0.029519 1.71687 -1.41619 
-2.1889 -0.522816 -0.000544007 -2.17714 0.0295181 1.71686 -1.41619 
-2.18891 -0.522813 -0.000554586 -2.17718 0.0295178 1.71686 -1.41619 
-2.1889 -0.52277 -0.000542336 -2.17735 0.0295184 1.71685 -1.41619 
-2.18888 -0.522592 -0.000516115 -2.17739 0.029521 1.71686 -1.41619 
-2.18887 -0.522417 -0.000502682 -2.17747 0.0295209 1.71685 -1.41618 
-2.18885 -0.522275 -0.000479221 -2.17763 0.029521 1.71684 -1.41618 
-2.18885 -0.522173 -0.000485855 -2.17787 0.0295189 1.71683 -1.41618 
-2.18884 -0.522062 -0.000477224 -2.1779 0.029521 1.71683 -1.41617 
-2.1887 -0.521933 -0.000390389 -2.17798 0.0295085 1.71685 -1.41614 
-2.18808 -0.521668 -0.000318305 -2.17849 0.0292315 1.71696 -1.41591 
-2.18726 -0.521112 -0.000319988 -2.17934 0.0285622 1.71757 -1.41523 
-2.18635 -0.520386 -0.000315162 -2.18037 0.0279223 1.7183 -1.41423 
-2.18512 -0.519359 -0.000295323 -2.18168 0.0275716 1.71854 -1.41296 
-2.18346 -0.518034 -0.000266683 -2.1832 0.0273713 1.71854 -1.41134 
-2.18146 -0.516265 -0.00020703 -2.18484 0.0272131 1.71855 -1.40929 
-2.17907 -0.51415 -0.000196391 -2.18664 0.0269136 1.71856 -1.40735 
-2.17644 -0.511745 -0.00018992 -2.18858 0.0265063 1.71862 -1.40586 
-2.1736 -0.509088 -0.000142725 -2.19081 0.0260552 1.71913 -1.4042 
-2.17052 -0.506215 -6.90402e-05 -2.19313 0.025542 1.72008 -1.40162 
-2.167 -0.503118 -2.38849e-05 -2.19548 0.0249727 1.72122 -1.39895 
-2.16315 -0.500066 -1.71959e-05 -2.19767 0.0243685 1.72237 -1.39644 
-2.15866 -0.49646 -2.36254e-05 -2.19987 0.0233876 1.72376 -1.39369 
-2.15426 -0.492697 -1.33095e-05 -2.20177 0.0222397 1.72483 -1.39122 
-2.14965 -0.488337 -2.85601e-05 -2.20347 0.0209923 1.7259 -1.38787 
-2.14487 -0.483578 -1.61987e-06 -2.20494 0.0198235 1.72716 -1.38332 
-2.13985 -0.478584 6.46217e-05 -2.20624 0.0186459 1.72883 -1.3774 
-2.13451 -0.473576 5.05301e-05 -2.20727 0.0169995 1.73101 -1.37146 
-2.12916 -0.46828 4.08239e-05 -2.20787 0.0149621 1.73362 -1.36554 
-2.1238 -0.462333 4.24942e-05 -2.20837 0.0128805 1.73779 -1.35867 
-2.11833 -0.455674 4.88858e-05 -2.20887 0.0111829 1.74419 -1.35141 
-2.11292 -0.449253 6.685e-05 -2.20928 0.00994644 1.75178 -1.34435 
-2.10715 -0.442586 5.68027e-05 -2.2095 0.00896007 1.76065 -1.33602 
-2.10144 -0.435124 4.19651e-05 -2.20957 0.00806588 1.77093 -1.32851 
-2.09613 -0.427318 3.68088e-05 -2.20973 0.00735601 1.78224 -1.32248 
-2.09012 -0.418737 9.07182e-05 -2.21 0.00667761 1.79646 -1.31559 
-2.0844 -0.410461 7.51309e-05 -2.21005 0.00615406 1.80994 -1.30951 
-2.07904 -0.401458 3.89717e-05 -2.21012 0.00580896 1.82341 -1.30279 
-2.0736 -0.392376 5.84996e-05 -2.21017 0.00540261 1.83746 -1.29459 
-2.06831 -0.382858 6.31813e-05 -2.21019 0.00473106 1.851 -1.2862 
-2.06341 -0.372817 6.14841e-05 -2.21024 0.00372036 1.86343 -1.2772 
-2.05828 -0.362848 7.59729e-05 -2.21021 0.00227212 1.8753 -1.2677 
-2.05328 -0.351698 3.72897e-05 -2.21021 0.000674025 1.88625 -1.25667 
-2.04863 -0.340547 3.94111e-05 -2.21018 -0.000724802 1.89616 -1.24535 
-2.04418 -0.329227 4.42788e-05 -2.2102 -0.00205481 1.90561 -1.23361 
-2.03975 -0.317082 3.78561e-05 -2.21012 -0.00337702 1.91371 -1.22118 
-2.03556 -0.306049 6.75017e-05 -2.21005 -0.00467037 1.92117 -1.2089 
-2.03106 -0.293207 1.73329e-06 -2.21 -0.0059517 1.92833 -1.19661 
-2.02693 -0.281221 3.14119e-05 -2.20995 -0.00693634 1.93566 -1.18506 
-2.02289 -0.268474 -1.29715e-05 -2.20997 -0.00759149 1.94358 -1.17421 
-2.019 -0.256086 -3.7442e-05 -2.20988 -0.00786078 1.95163 -1.16397 
-2.01524 -0.242438 -4.17529e-05 -2.20986 -0.00795069 1.96038 -1.15386 
-2.01177 -0.229685 -2.57869e-05 -2.20967 -0.00796595 1.96958 -1.1439 
-2.00833 -0.215703 -5.05895e-05 -2.20966 -0.00797531 1.98018 -1.13405 
-2.00504 -0.201426 -5.50178e-05 -2.20961 -0.00799556 1.99239 -1.12477 
-2.00233 -0.187057 -8.6719e-05 -2.20954 -0.00805217 2.00462 -1.1175 
-2.00023 -0.174292 -8.01695e-05 -2.20943 -0.00806816 2.01719 -1.11252 
-1.99833 -0.159695 -0.000120216 -2.20938 -0.00807729 2.03136 -1.10871 
-1.99685 -0.145827 -0.00010285 -2.20921 -0.0081267 2.04601 -1.10597 
-1.99569 -0.131635 -0.000125882 -2.20907 -0.00814427 2.06107 -1.10509 
-1.99485 -0.117101 -9.95411e-05 -2.20905 -0.00815144 2.0774 -1.10507 
-1.99417 -0.102221 -0.000164937 -2.20882 -0.0081463 2.09423 -1.10506 
-1.99369 -0.087525 -0.000149617 -2.20876 -0.00814104 2.11098 -1.10505 
-1.99326 -0.0725849 -0.000193839 -2.2084 -0.0081455 2.12841 -1.10502 
-1.99294 -0.0566021 -0.000199243 -2.2082 -0.00813687 2.14566 -1.105 
-1.99279 -0.0422723 -0.000210386 -2.20786 -0.00813258 2.16134 -1.10495 
-1.99255 -0.0261092 -0.000230098 -2.20742 -0.00811502 2.17722 -1.10463 
-1.99237 -0.0104645 -0.000209717 -2.20716 -0.00811005 2.19222 -1.10386 
-1.99221 0.00506372 -0.000240027 -2.20658 -0.0081068 2.20634 -1.10261 
-1.99211 0.0214167 -0.000229608 -2.20625 -0.00809651 2.21985 -1.10122 
-1.99205 0.0366762 -0.000231736 -2.20589 -0.00809119 2.232 -1.09985 
-1.99182 0.0522118 -0.000233947 -2.20532 -0.00808879 2.24236 -1.09896 
-1.99155 0.0686386 -0.000219491 -2.20467 -0.00807774 2.25318 -1.09818 
-1.99123 0.0841259 -0.000233213 -2.20391 -0.00807081 2.26339 -1.0974 
-1.99074 0.0996193 -0.000219161 -2.20298 -0.00806526 2.27223 -1.0967 
-1.9902 0.11384 -0.000227307 -2.20177 -0.00806348 2.28058 -1.09603 
-1.98946 0.129766 -0.000240571 -2.2003 -0.00806617 2.28901 -1.09564 
-1.98877 0.144585 -0.000238516 -2.1987 -0.00805888 2.29777 -1.09555 
-1.98804 0.160176 -0.000240195 -2.19654 -0.00806277 2.30628 -1.09554 
-1.9873 0.175094 -0.000233226 -2.19397 -0.00806744 2.31441 -1.09555 
-1.98663 0.189096 -0.000231701 -2.19072 -0.00806795 2.32193 -1.09555 
-1.98585 0.203087 -0.000241311 -2.18728 -0.0080732 2.32921 -1.09555 
-1.98479 0.220927 -0.00025062 -2.18182 -0.00808184 2.34001 -1.09555 
-1.98392 0.234983 -0.000254422 -2.17723 -0.00808701 2.34747 -1.09556 
-1.98291 0.247372 -0.000257047 -2.1726 -0.00809434 2.35478 -1.09556 
-1.98207 0.260945 -0.000264669 -2.1671 -0.0081005 2.36189 -1.09557 
-1.98116 0.273525 -0.000267244 -2.16121 -0.00811864 2.3695 -1.09558 
-1.98043 0.286865 -0.000284886 -2.15496 -0.00816708 2.37739 -1.0956 
-1.97961 0.29915 -0.000291475 -2.14852 -0.00829178 2.38446 -1.09563 
-1.97893 0.31212 -0.000287895 -2.14183 -0.00853068 2.39134 -1.09577 
-1.97822 0.323984 -0.000293395 -2.1346 -0.00895926 2.39729 -1.09613 
-1.97779 0.336269 -0.000308495 -2.12742 -0.00928126 2.40229 -1.09631 
-1.97743 0.34782 -0.000312938 -2.12002 -0.00945094 2.40823 -1.09632 
-1.97717 0.360393 -0.000312307 -2.11255 -0.00966995 2.4144 -1.0964 
-1.97688 0.371197 -0.000320463 -2.10508 -0.0100553 2.41964 -1.09664 
-1.97664 0.383215 -0.000335232 -2.09717 -0.0107654 2.42476 -1.09721 
-1.97635 0.394099 -0.000335272 -2.08959 -0.0117988 2.42946 -1.09792 
-1.97598 0.40577 -0.000345282 -2.08081 -0.0132561 2.43394 -1.09842 
-1.97565 0.417112 -0.000357943 -2.07216 -0.0152965 2.43733 -1.09863 
-1.97533 0.427432 -0.000369215 -2.06329 -0.0182805 2.44014 -1.09865 
-1.97502 0.438141 -0.000370044 -2.05451 -0.0218831 2.44254 -1.09865 
-1.97463 0.448249 -0.000370044 -2.04516 -0.0260652 2.44516 -1.09865 
-1.97427 0.458571 -0.000366556 -2.03576 -0.0299067 2.44783 -1.09866 
-1.97383 0.468408 -0.000370991 -2.02668 -0.0331798 2.45053 -1.09865 
-1.97335 0.477745 -0.000375569 -2.0171 -0.0360837 2.4527 -1.09865 
-1.97293 0.487794 -0.000370281 -2.00746 -0.0382869 2.45388 -1.09865 
-1.97242 0.496798 -0.00037557 -1.9981 -0.0397501 2.45415 -1.09866 
-1.97188 0.505559 -0.000392449 -1.98854 -0.0409705 2.45416 -1.09867 
-1.97142 0.515034 -0.000409263 -1.97902 -0.0420076 2.45416 -1.09868 
-1.97097 0.523425 -0.000418667 -1.96997 -0.0428211 2.45416 -1.09871 
-1.97054 0.53173 -0.000421969 -1.96075 -0.0436169 2.45416 -1.09891 
-1.97017 0.540799 -0.000426311 -1.9515 -0.0445562 2.45417 -1.09963 
-1.96987 0.548979 -0.00042509 -1.94275 -0.0453583 2.45416 -1.10048 
-1.96958 0.557464 -0.000426848 -1.93329 -0.0461316 2.45417 -1.10135 
-1.96933 0.566305 -0.000435242 -1.92422 -0.0470431 2.45417 -1.10247 
-1.96912 0.574382 -0.00043685 -1.9157 -0.0481789 2.45417 -1.10342 
-1.96894 0.582307 -0.000440081 -1.90683 -0.0494371 2.45417 -1.10404 
-1.96877 0.591767 -0.000442303 -1.897 -0.05078 2.45417 -1.10431 
-1.96856 0.600285 -0.00044279 -1.88814 -0.05199 2.45417 -1.10445 
-1.96836 0.608185 -0.000443251 -1.87923 -0.0530214 2.45417 -1.10454 
-1.96817 0.616732 -0.000444921 -1.87027 -0.0537267 2.45417 -1.10454 
-1.96791 0.62521 -0.00044854 -1.86164 -0.053981 2.45417 -1.10454 
-1.96765 0.632609 -0.00045551 -1.85336 -0.0540598 2.45417 -1.10455 
-1.96741 0.640795 -0.000461323 -1.84456 -0.0541181 2.45417 -1.10455 
-1.96717 0.6493 -0.000464519 -1.83604 -0.0542471 2.45417 -1.10455 
-1.96691 0.65664 -0.00046619 -1.82792 -0.0542969 2.45417 -1.10456 
-1.96665 0.664323 -0.000474529 -1.8192 -0.0543586 2.45417 -1.10456 
-1.96643 0.672575 -0.000485748 -1.81068 -0.0544612 2.45417 -1.10456 
-1.96617 0.68048 -0.000473696 -1.80196 -0.0545017 2.45417 -1.10456 
-1.96591 0.687599 -0.0004798 -1.79331 -0.0545696 2.45417 -1.10455 
-1.96572 0.694879 -0.000483879 -1.78509 -0.0546384 2.45417 -1.10456 
-1.96549 0.702333 -0.000471303 -1.77676 -0.054644 2.45417 -1.10456 
-1.96517 0.709582 -0.000470487 -1.76737 -0.0546494 2.45417 -1.10456 
-1.96489 0.716159 -0.000472437 -1.75883 -0.0546549 2.45417 -1.10455 
-1.96455 0.723621 -0.000468817 -1.7501 -0.0546499 2.45416 -1.10455 
-1.96412 0.729888 -0.000462028 -1.74222 -0.0546472 2.45417 -1.10454 
-1.96364 0.735616 -0.000467685 -1.73431 -0.0546439 2.45416 -1.10451 
-1.96315 0.740986 -0.000464096 -1.72704 -0.0546379 2.45416 -1.10448 
-1.9626 0.746832 -0.000460872 -1.71968 -0.0546256 2.45416 -1.1044 
-1.96196 0.752443 -0.000461715 -1.7126 -0.0546221 2.45415 -1.10414 
-1.96128 0.757318 -0.000453941 -1.70618 -0.0546212 2.45414 -1.10389 
-1.96055 0.762001 -0.000456046 -1.69972 -0.0546036 2.45414 -1.1036 
-1.95979 0.766616 -0.000454508 -1.69319 -0.0545752 2.45415 -1.10284 
-1.95898 0.771323 -0.000452093 -1.68688 -0.05457 2.45413 -1.10195 
-1.95813 0.775752 -0.000448421 -1.68129 -0.0545603 2.45413 -1.10169 
-1.95714 0.780087 -0.000449958 -1.67574 -0.0545205 2.45412 -1.10152 
-1.95624 0.783657 -0.000435752 -1.67078 -0.0543929 2.45411 -1.10096 
-1.9553 0.787183 -0.000450064 -1.66565 -0.0543725 2.45411 -1.0998 
-1.95449 0.790588 -0.000461747 -1.66071 -0.0543508 2.45409 -1.09845 
-1.95377 0.794144 -0.000456457 -1.65592 -0.054317 2.45408 -1.09683 
-1.95314 0.797522 -0.000466258 -1.65183 -0.0542746 2.45408 -1.09537 
-1.9526 0.800867 -0.000450435 -1.64799 -0.0541667 2.45408 -1.094 
-1.95216 0.803784 -0.000447973 -1.64454 -0.0541138 2.45406 -1.09321 
-1.95181 0.806262 -0.000449642 -1.64147 -0.0540797 2.45405 -1.09306 
-1.95151 0.808661 -0.000450776 -1.63841 -0.0539434 2.45404 -1.09297 
-1.95129 0.810915 -0.000450338 -1.63538 -0.0537293 2.45402 -1.09283 
-1.95112 0.813032 -0.000448852 -1.63242 -0.0536637 2.45375 -1.09281 
-1.95101 0.815199 -0.000444802 -1.6293 -0.0536086 2.4531 -1.09278 
-1.95093 0.817374 -0.000446438 -1.6263 -0.0534907 2.45274 -1.09273 
-1.95086 0.819511 -0.000440368 -1.62341 -0.0533008 2.45268 -1.09258 
-1.95081 0.821623 -0.000446446 -1.62055 -0.0531971 2.4526 -1.09249 
-1.95078 0.823859 -0.000448117 -1.61736 -0.0531478 2.45236 -1.09242 
-1.95077 0.825743 -0.000448114 -1.61457 -0.0530757 2.4521 -1.09229 
-1.95075 0.827233 -0.000450066 -1.61214 -0.0530537 2.4518 -1.09223 
-1.95076 0.828718 -0.00045326 -1.60931 -0.0530385 2.45145 -1.09221 
-1.95075 0.829894 -0.000451313 -1.60676 -0.0530355 2.45101 -1.09221 
-1.95072 0.83083 -0.000451304 -1.60438 -0.0530351 2.45024 -1.09221 
-1.95071 0.83153 -0.000444776 -1.60213 -0.0530298 2.44926 -1.09221 
-1.95066 0.831976 -0.000439634 -1.60022 -0.0530301 2.44829 -1.09221 
-1.95059 0.832185 -0.000455354 -1.5988 -0.0530257 2.44741 -1.0922 
-1.95054 0.832338 -0.000442502 -1.59714 -0.0530109 2.44623 -1.09221 
-1.95046 0.832501 -0.000443331 -1.59564 -0.05301 2.44481 -1.09221 
-1.95034 0.832708 -0.000437961 -1.59412 -0.0530073 2.44306 -1.0922 
-1.95016 0.833039 -0.000437931 -1.59232 -0.0530048 2.44101 -1.09221 
-1.94995 0.83345 -0.000438634 -1.59025 -0.0529946 2.43826 -1.09221 
-1.9497 0.834013 -0.000432635 -1.58788 -0.0529642 2.43497 -1.0922 
-1.94942 0.834836 -0.000436436 -1.58473 -0.0529655 2.43046 -1.0922 
-1.94908 0.83587 -0.000431569 -1.58089 -0.0529642 2.42464 -1.09221 
-1.94868 0.837187 -0.000436859 -1.57641 -0.0529649 2.4175 -1.09221 
-1.94831 0.838712 -0.000429899 -1.57157 -0.0529674 2.41025 -1.09221 
-1.94789 0.840511 -0.000419892 -1.56648 -0.0529775 2.40456 -1.09222 
-1.94739 0.842512 -0.000418363 -1.56121 -0.0529773 2.40061 -1.09222 
-1.9468 0.844867 -0.000430464 -1.55545 -0.0529816 2.39734 -1.09222 
-1.94617 0.847434 -0.000418389 -1.54993 -0.0529891 2.39552 -1.09224 
-1.94538 0.850338 -0.000430204 -1.54451 -0.0529933 2.39493 -1.09225 
-1.94459 0.853261 -0.000452725 -1.53935 -0.0529921 2.39492 -1.09225 
-1.94389 0.85611 -0.000433963 -1.53446 -0.0529888 2.39493 -1.09225 
-1.94318 0.858859 -0.000425296 -1.53012 -0.0529926 2.3949 -1.09226 
-1.94247 0.861666 -0.0004394 -1.5262 -0.0529908 2.39485 -1.09227 
-1.94181 0.864501 -0.000435014 -1.52285 -0.0529834 2.3946 -1.09226 
-1.94123 0.867319 -0.000439595 -1.52013 -0.0529775 2.39401 -1.09226 
-1.94077 0.870146 -0.000447899 -1.51799 -0.0529752 2.39317 -1.09226 
-1.94043 0.873193 -0.000446841 -1.51614 -0.0529722 2.39199 -1.09226 
-1.94021 0.876272 -0.000438385 -1.51464 -0.0529572 2.39081 -1.09226 
-1.94001 0.879239 -0.000438953 -1.51351 -0.0529553 2.39044 -1.09226 
-1.93987 0.882083 -0.000422624 -1.5125 -0.0529559 2.39045 -1.09226 
-1.93974 0.884533 -0.000425178 -1.5117 -0.0529553 2.39045 -1.09226 
-1.93959 0.88655 -0.000416524 -1.51097 -0.0529474 2.39045 -1.09226 
-1.93943 0.888349 -0.000405436 -1.5102 -0.0529335 2.39045 -1.09226 
-1.93925 0.889841 -0.000399161 -1.50952 -0.0529299 2.39044 -1.09226 
-1.93904 0.891055 -0.000391549 -1.50898 -0.0529246 2.39044 -1.09226 
-1.9388 0.892072 -0.00039489 -1.50857 -0.0529265 2.39044 -1.09226 
-1.9386 0.892795 -0.0003896 -1.50838 -0.0529223 2.39044 -1.09226 
-1.93836 0.893325 -0.000390024 -1.50836 -0.0529204 2.39043 -1.09226 
-1.93816 0.893688 -0.000406453 -1.50836 -0.0529204 2.39042 -1.09226 
-1.93811 0.893912 -0.000406426 -1.50836 -0.0529089 2.39042 -1.09226 
-1.9381 0.894055 -0.000399611 -1.50832 -0.0528951 2.39044 -1.09226 
-1.93807 0.894117 -0.000399296 -1.50816 -0.0528809 2.39043 -1.09226 
-1.93808 0.894112 -0.000409728 -1.5079 -0.0528605 2.39043 -1.09226 
-1.93808 0.894119 -0.000409767 -1.50752 -0.052806 2.39044 -1.09226 
-1.93803 0.894152 -0.000387934 -1.50707 -0.0527683 2.39043 -1.09225 
-1.93793 0.894173 -0.000392261 -1.50656 -0.0527528 2.39043 -1.09226 
-1.93781 0.894252 -0.000390261 -1.50589 -0.0527462 2.39043 -1.09226 
-1.9377 0.894363 -0.000390024 -1.50519 -0.0527483 2.39042 -1.09226 
-1.9375 0.894616 -0.000394389 -1.5042 -0.0527486 2.39042 -1.09225 
-1.93734 0.894943 -0.00039489 -1.50333 -0.0527544 2.39042 -1.09226 
-1.93717 0.89534 -0.000396839 -1.50244 -0.0527581 2.39042 -1.09226 
-1.93694 0.895886 -0.00039683 -1.50141 -0.0527556 2.39042 -1.09226 
-1.9367 0.896643 -0.000406572 -1.50028 -0.0527568 2.39042 -1.09226 
-1.93656 0.897275 -0.000404901 -1.49958 -0.052767 2.39041 -1.09226 
-1.93641 0.897923 -0.000408758 -1.49913 -0.0527661 2.39041 -1.09226 
-1.93629 0.898526 -0.000408819 -1.49887 -0.0527629 2.39042 -1.09227 
-1.9362 0.899118 -0.000407308 -1.49868 -0.0527648 2.39041 -1.09227 
-1.93604 0.899717 -0.000400035 -1.49861 -0.0527635 2.39042 -1.09227 
-1.93593 0.900243 -0.000418213 -1.49861 -0.0527547 2.39043 -1.09227 
-1.93593 0.900593 -0.000424644 -1.4986 -0.052757 2.39043 -1.09227 
-1.93594 0.900844 -0.000422983 -1.4986 -0.0527549 2.39042 -1.09226 
-1.9359 0.901066 -0.000407529 -1.4986 -0.0527549 2.39043 -1.09227 
-1.93587 0.901142 -0.000404333 -1.49859 -0.0527504 2.39044 -1.09227 
-1.93582 0.901138 -0.000396023 -1.49854 -0.0527417 2.39044 -1.09227 
-1.93574 0.901151 -0.000394322 -1.49842 -0.0527283 2.39044 -1.09227 
-1.93565 0.901155 -0.000394259 -1.49827 -0.0527252 2.39044 -1.09226 
-1.93552 0.90116 -0.000385197 -1.49813 -0.0527185 2.39044 -1.09226 
-1.93534 0.901186 -0.00038004 -1.498 -0.0527047 2.39045 -1.09227 
-1.93517 0.901195 -0.000381962 -1.49789 -0.0526928 2.39045 -1.09227 
-1.93502 0.901222 -0.000380555 -1.4978 -0.0526897 2.39044 -1.09227 
-1.93487 0.901285 -0.000380437 -1.49778 -0.0526889 2.39045 -1.09226 
-1.93474 0.901371 -0.000380437 -1.49776 -0.0526855 2.39046 -1.09226 
-1.93462 0.901442 -0.000373622 -1.4977 -0.0526789 2.39045 -1.09227 
-1.93446 0.901546 -0.00036723 -1.49767 -0.0526759 2.39045 -1.09227 
-1.93428 0.90166 -0.00036084 -1.49766 -0.0526644 2.39045 -1.09227 
-1.93408 0.90177 -0.000361981 -1.49766 -0.0526442 2.39045 -1.09226 
-1.93383 0.901916 -0.000356397 -1.49764 -0.0526274 2.39046 -1.09227 
-1.93358 0.902071 -0.000358092 -1.49762 -0.0526183 2.39045 -1.09227 
-1.93336 0.902238 -0.000361686 -1.4976 -0.0526003 2.39046 -1.09226 
-1.93315 0.902421 -0.000362827 -1.4976 -0.0525227 2.39047 -1.09226 
-1.93299 0.90264 -0.000368685 -1.49754 -0.0523241 2.39047 -1.09226 
-1.93287 0.902944 -0.000367836 -1.49743 -0.05219 2.39047 -1.09226 
-1.93278 0.903343 -0.000367535 -1.49728 -0.0521399 2.39047 -1.09226 
-1.93273 0.903892 -0.000373358 -1.49704 -0.0520776 2.39048 -1.09226 
-1.93272 0.904364 -0.000376562 -1.49684 -0.0520239 2.39049 -1.09226 
-1.93273 0.904922 -0.000382954 -1.49662 -0.0520028 2.39049 -1.09226 
-1.93272 0.905521 -0.000374308 -1.49635 -0.0519608 2.39049 -1.09226 
-1.93269 0.906101 -0.000374495 -1.49598 -0.0518013 2.39051 -1.09225 
-1.93265 0.906698 -0.000372517 -1.4955 -0.0515718 2.39051 -1.09225 
-1.93263 0.907328 -0.000376139 -1.49491 -0.0514275 2.39051 -1.09225 
-1.93262 0.907974 -0.000374468 -1.49422 -0.0514065 2.39052 -1.09225 
-1.93262 0.908701 -0.000374468 -1.49328 -0.0514037 2.39051 -1.09225 
-1.93262 0.90945 -0.00037781 -1.49219 -0.0513989 2.39051 -1.09225 
-1.93261 0.910225 -0.000374469 -1.49097 -0.0513917 2.39052 -1.09225 
-1.93259 0.911016 -0.000368009 -1.48965 -0.0513887 2.39051 -1.09225 
-1.93253 0.911936 -0.000367193 -1.48805 -0.0513899 2.39051 -1.09225 
-1.93246 0.912991 -0.000367653 -1.48631 -0.0513912 2.3905 -1.09225 
-1.93234 0.914176 -0.000366129 -1.48448 -0.0513899 2.39051 -1.09225 
-1.93222 0.915367 -0.000366128 -1.48265 -0.0513881 2.3905 -1.09225 
-1.93208 0.916669 -0.000362967 -1.48088 -0.0513925 2.39049 -1.09225 
-1.93192 0.918065 -0.000371418 -1.4792 -0.0513912 2.3905 -1.09225 
-1.93179 0.919558 -0.000368077 -1.47756 -0.0513918 2.39049 -1.09225 
-1.93168 0.921098 -0.000368078 -1.47602 -0.0513951 2.39048 -1.09225 
-1.93157 0.922596 -0.000366128 -1.47467 -0.0513957 2.39048 -1.09225 
-1.9315 0.923796 -0.000374392 -1.4737 -0.0514056 2.39054 -1.09225 
-1.93146 0.923944 -0.000364117 -1.47299 -0.0514017 2.39047 -1.09225 
-1.93141 0.923777 -0.000391228 -1.47251 -0.0514082 2.39048 -1.09225 
-1.93142 0.92362 -0.000407592 -1.47213 -0.0514162 2.39048 -1.09226 
-1.93151 0.923324 -0.000474606 -1.4719 -0.0514142 2.39046 -1.09226 
-1.93169 0.922967 -0.00048149 -1.4719 -0.0514202 2.39045 -1.09225 
-1.93185 0.922639 -0.000495157 -1.4719 -0.0514279 2.39044 -1.09226 
-1.93199 0.922352 -0.000502259 -1.47191 -0.051429 2.39041 -1.09226 
-1.93214 0.922083 -0.000503437 -1.47191 -0.051428 2.39039 -1.09226 
-1.93227 0.921857 -0.000510963 -1.47193 -0.051432 2.39037 -1.09226 
-1.93237 0.921699 -0.000506634 -1.47194 -0.0514364 2.39012 -1.09227 
-1.93238 0.921613 -0.000508582 -1.47194 -0.0514393 2.389 -1.09228 
-1.93239 0.921564 -0.000517606 -1.47197 -0.0514405 2.38721 -1.09228 
-1.93244 0.921558 -0.000534453 -1.472 -0.0514494 2.38441 -1.09229 
-1.93253 0.921556 -0.000553346 -1.47207 -0.0514533 2.38069 -1.0923 
-1.93265 0.921533 -0.000572406 -1.47209 -0.0514483 2.37553 -1.0923 
-1.93283 0.921551 -0.000575835 -1.47213 -0.0514475 2.37056 -1.0923 
-1.93302 0.921576 -0.000574739 -1.47232 -0.0514475 2.36685 -1.0923 
-1.93321 0.92157 -0.000576089 -1.47269 -0.0514463 2.36454 -1.09231 
-1.93337 0.921602 -0.00057289 -1.47309 -0.0514443 2.36434 -1.09231 
-1.93346 0.921669 -0.000567033 -1.47328 -0.0514455 2.36437 -1.09231 
-1.93347 0.921612 -0.000561469 -1.47325 -0.0514413 2.36445 -1.09231 
-1.93342 0.921499 -0.000536193 -1.47307 -0.0514448 2.3648 -1.0923 
-1.93331 0.921513 -0.000525918 -1.47277 -0.0514482 2.36548 -1.0923 
-1.93321 0.921508 -0.000524247 -1.47251 -0.0514455 2.36635 -1.09231 
-1.9331 0.921504 -0.0005288 -1.47229 -0.0514475 2.36736 -1.0923 
-1.93304 0.921491 -0.000531199 -1.47216 -0.0514481 2.36843 -1.09231 
-1.93304 0.921496 -0.000536242 -1.47213 -0.0514463 2.3695 -1.0923 
-1.9331 0.921543 -0.00056454 -1.47214 -0.0514448 2.37014 -1.09231 
-1.93323 0.921542 -0.000562064 -1.47215 -0.0514475 2.37022 -1.0923 
-1.93337 0.921504 -0.000568877 -1.47214 -0.0514411 2.37023 -1.0923 
-1.93354 0.921499 -0.000580201 -1.47214 -0.0514393 2.37024 -1.09231 
-1.93375 0.921502 -0.000581662 -1.47214 -0.0514451 2.37024 -1.09231 
-1.93398 0.921415 -0.000578042 -1.47213 -0.0514377 2.37028 -1.0923 
-1.93417 0.92121 -0.000579965 -1.47214 -0.0514363 2.37049 -1.09231 
-1.93433 0.920939 -0.000583332 -1.47214 -0.0514382 2.37061 -1.0923 
-1.93452 0.920474 -0.000575903 -1.47214 -0.0514318 2.37072 -1.09231 
-1.93467 0.919878 -0.000577016 -1.47214 -0.0514239 2.37096 -1.0923 
-1.93482 0.919131 -0.000579991 -1.47215 -0.0514183 2.37121 -1.09231 
-1.935 0.91823 -0.000578042 -1.47216 -0.0514091 2.37129 -1.09231 
-1.93522 0.917167 -0.000579202 -1.4722 -0.0513922 2.37137 -1.0923 
-1.93544 0.916039 -0.000586951 -1.47229 -0.0513899 2.3714 -1.0923 
-1.93569 0.914723 -0.000583187 -1.47256 -0.0513899 2.37138 -1.09231 
-1.93598 0.913299 -0.000586528 -1.47301 -0.0513868 2.37138 -1.0923 
-1.93626 0.911841 -0.000585804 -1.47363 -0.0513386 2.37138 -1.0923 
-1.93656 0.910195 -0.00058972 -1.47453 -0.0512417 2.37137 -1.0923 
-1.93691 0.908502 -0.000584434 -1.47575 -0.0512157 2.37133 -1.0923 
-1.93721 0.907022 -0.000591673 -1.47706 -0.0511979 2.37123 -1.0923 
-1.93752 0.90558 -0.000586383 -1.47871 -0.0511416 2.37104 -1.0923 
-1.93779 0.904385 -0.000584355 -1.4806 -0.0510523 2.37104 -1.09231 
-1.938 0.903546 -0.000576028 -1.48251 -0.0508853 2.37105 -1.09231 
-1.93813 0.903114 -0.000571319 -1.48436 -0.0506875 2.37106 -1.09231 
-1.93815 0.903112 -0.000566246 -1.48586 -0.0505697 2.37109 -1.0923 
-1.93808 0.903349 -0.000544988 -1.48726 -0.0503407 2.37112 -1.0923 
-1.93798 0.903654 -0.000544247 -1.48843 -0.0500201 2.37119 -1.09229 
-1.93787 0.904084 -0.000540463 -1.48944 -0.0496063 2.37158 -1.0923 
-1.93775 0.90457 -0.000531741 -1.49019 -0.0491185 2.37212 -1.0923 
-1.93761 0.905001 -0.000530452 -1.49071 -0.0485591 2.37291 -1.09229 
-1.93748 0.905411 -0.000530215 -1.49095 -0.048012 2.37384 -1.0923 
-1.93737 0.90575 -0.000516956 -1.49094 -0.047651 2.37489 -1.09229 
-1.93725 0.905975 -0.000515763 -1.49093 -0.0473773 2.37618 -1.09229 
-1.93708 0.906085 -0.00050579 -1.49092 -0.0471328 2.37778 -1.0923 
-1.9369 0.906103 -0.000505438 -1.49089 -0.0470149 2.37931 -1.09229 
-1.93674 0.906092 -0.000504649 -1.49083 -0.0470039 2.38045 -1.0923 
-1.9366 0.906126 -0.000499783 -1.49077 -0.0469986 2.38143 -1.09229 
-1.93648 0.906153 -0.000500206 -1.49078 -0.0469969 2.38211 -1.0923 
-1.93639 0.906178 -0.000487394 -1.49078 -0.0469963 2.38233 -1.09229 
-1.93626 0.906218 -0.000444849 -1.49078 -0.0469963 2.38238 -1.0923 
-1.93605 0.906278 -0.000428942 -1.49078 -0.0469977 2.38239 -1.0923 
-1.93583 0.906378 -0.000428863 -1.49075 -0.0469977 2.38244 -1.0923 
-1.93557 0.90654 -0.000411079 -1.49074 -0.0469957 2.38258 -1.09229 
-1.93526 0.906791 -0.000406029 -1.49069 -0.04699 2.38292 -1.0923 
-1.93497 0.907129 -0.000406003 -1.49062 -0.0469915 2.38357 -1.0923 
-1.93471 0.907593 -0.000401141 -1.49047 -0.0469905 2.38461 -1.09229 
-1.93447 0.908212 -0.000397941 -1.49025 -0.0469872 2.38558 -1.09229 
-1.93428 0.908889 -0.000401768 -1.49002 -0.0469878 2.38664 -1.0923 
-1.93411 0.909618 -0.000395992 -1.48984 -0.0469876 2.38797 -1.09229 
-1.93396 0.910322 -0.000399611 -1.48977 -0.0469895 2.38952 -1.0923 
-1.9339 0.911017 -0.000403231 -1.48973 -0.0469946 2.39088 -1.0923 
-1.93389 0.911671 -0.000410654 -1.4896 -0.0469973 2.39154 -1.0923 
-1.93392 0.912274 -0.000420383 -1.48934 -0.046996 2.3916 -1.0923 
-1.93395 0.912939 -0.00042464 -1.48895 -0.046996 2.3916 -1.0923 
-1.93398 0.913468 -0.000426854 -1.48854 -0.0469967 2.3916 -1.0923 
-1.93398 0.913893 -0.000419355 -1.48818 -0.0469916 2.39161 -1.0923 
-1.93395 0.914182 -0.00041087 -1.48788 -0.0469954 2.3916 -1.0923 
-1.93389 0.91437 -0.000404938 -1.48767 -0.046996 2.3916 -1.0923 
-1.93383 0.914435 -0.0003951 -1.48761 -0.0469954 2.39161 -1.0923 
-1.93373 0.914463 -0.000386405 -1.4876 -0.0469935 2.39161 -1.09229 
-1.93358 0.914482 -0.000380365 -1.48759 -0.046994 2.39161 -1.0923 
-1.9334 0.914497 -0.000383527 -1.48759 -0.0469948 2.39161 -1.09229 
-1.93321 0.91453 -0.000380437 -1.48759 -0.0469937 2.39161 -1.0923 
-1.93298 0.914622 -0.000384065 -1.48758 -0.0469934 2.39162 -1.0923 
-1.93278 0.914737 -0.000386539 -1.48757 -0.0469949 2.39162 -1.0923 
-1.93263 0.914872 -0.000385302 -1.48757 -0.0469903 2.39162 -1.09229 
-1.93253 0.915043 -0.000383172 -1.48754 -0.0469848 2.39164 -1.0923 
-1.93249 0.915266 -0.000392001 -1.48744 -0.0469807 2.39166 -1.0923 
-1.9325 0.915531 -0.000397868 -1.4873 -0.046978 2.39167 -1.0923 
-1.93252 0.915838 -0.000403099 -1.48713 -0.0469698 2.39169 -1.0923 
-1.93254 0.916225 -0.000412098 -1.4869 -0.0469656 2.39172 -1.09229 
-1.93256 0.91666 -0.000417042 -1.48667 -0.0469602 2.3918 -1.09229 
-1.93257 0.9171 -0.0004202 -1.48648 -0.0469561 2.39196 -1.0923 
-1.93259 0.917541 -0.000421872 -1.48632 -0.0469507 2.392 -1.0923 
-1.93262 0.91794 -0.000423396 -1.48628 -0.0469443 2.39202 -1.09229 
-1.93266 0.918323 -0.00043347 -1.48625 -0.0469473 2.39215 -1.0923 
-1.93266 0.918546 -0.000425883 -1.48598 -0.046936 2.39309 -1.09229 
-1.93267 0.918657 -0.000429934 -1.48582 -0.0469315 2.39369 -1.0923 
-1.93271 0.918717 -0.000438697 -1.48572 -0.0469347 2.39411 -1.09229 
-1.9328 0.918752 -0.000439945 -1.48566 -0.0469317 2.39437 -1.09229 
-1.93289 0.918778 -0.000438275 -1.4856 -0.0469188 2.39459 -1.09229 
-1.93295 0.918829 -0.000438275 -1.48548 -0.0468935 2.39485 -1.09229 
-1.933 0.918895 -0.000436352 -1.48529 -0.0468564 2.39529 -1.09229 
-1.93302 0.91894 -0.000440182 -1.48508 -0.0468372 2.39589 -1.09229 
-1.93305 0.918963 -0.000437037 -1.48495 -0.0468226 2.39648 -1.09229 
-1.93307 0.918997 -0.000439946 -1.48486 -0.0468082 2.39713 -1.09229 
-1.9331 0.919083 -0.00044147 -1.48477 -0.046804 2.39784 -1.09229 
-1.93312 0.919177 -0.00044147 -1.48473 -0.0468046 2.39852 -1.09229 
-1.93313 0.919286 -0.00044509 -1.48473 -0.0467992 2.39906 -1.09229 
-1.93314 0.919466 -0.000439522 -1.48473 -0.046796 2.39949 -1.09229 
-1.93316 0.91971 -0.000443141 -1.48473 -0.0467948 2.4 -1.09229 
-1.93317 0.920022 -0.000449943 -1.48473 -0.0467961 2.40079 -1.09229 
-1.93321 0.920455 -0.000448285 -1.48474 -0.0467961 2.4019 -1.09229 
-1.93325 0.921033 -0.000446337 -1.48473 -0.0467931 2.40377 -1.0923 
-1.93332 0.921763 -0.000446337 -1.48474 -0.0467963 2.40679 -1.09229 
-1.9334 0.922556 -0.000480284 -1.48485 -0.0468078 2.41 -1.0923 
-1.93357 0.923199 -0.000561626 -1.4851 -0.0468043 2.41127 -1.09229 
-1.93381 0.923914 -0.000533768 -1.48511 -0.0467931 2.41231 -1.09229 
-1.93399 0.924636 -0.000530215 -1.4851 -0.0467888 2.41355 -1.09229 
-1.9341 0.925297 -0.000530648 -1.48509 -0.0467896 2.41463 -1.09229 
-1.93415 0.92591 -0.000528968 -1.4851 -0.0467896 2.41536 -1.09229 
-1.93414 0.92631 -0.000517406 -1.4851 -0.0467844 2.41539 -1.09229 
-1.93409 0.926568 -0.000499254 -1.48512 -0.0467854 2.41539 -1.09229 
-1.93402 0.926734 -0.00048853 -1.48514 -0.0467848 2.41538 -1.09229 
-1.93397 0.926771 -0.000491866 -1.48515 -0.0467848 2.41538 -1.09229 
-1.93399 0.926765 -0.000497721 -1.48515 -0.0467787 2.41538 -1.09229 
-1.93403 0.926774 -0.000509638 -1.48516 -0.04678 2.41538 -1.09229 
-1.93407 0.9268 -0.000510053 -1.4852 -0.04678 2.41539 -1.09229 
-1.9341 0.926834 -0.000509939 -1.48533 -0.0467775 2.41538 -1.09229 
-1.93412 0.92692 -0.000515083 -1.48557 -0.0467768 2.41539 -1.09229 
-1.93414 0.927102 -0.000518279 -1.48584 -0.0467767 2.41539 -1.09229 
-1.93415 0.927327 -0.00051995 -1.48616 -0.0467762 2.41539 -1.09229 
-1.93415 0.927648 -0.00051995 -1.48655 -0.0467716 2.41539 -1.09229 
-1.93418 0.928123 -0.000524815 -1.48686 -0.0467636 2.41539 -1.09229 
-1.93422 0.928734 -0.000518634 -1.48703 -0.0467516 2.41542 -1.09229 
-1.9342 0.929507 -0.000483174 -1.48684 -0.0466259 2.41563 -1.09229 
-1.93414 0.930303 -0.000409564 -1.48662 -0.0463965 2.41645 -1.09229 
-1.93403 0.930998 -0.000413383 -1.4866 -0.0462652 2.4171 -1.09229 
-1.93396 0.93158 -0.000404914 -1.48658 -0.0461911 2.41765 -1.09229 
-1.93389 0.932237 -0.000406572 -1.48657 -0.0460647 2.41841 -1.09229 
-1.93385 0.932812 -0.000400273 -1.48655 -0.045953 2.4191 -1.09229 
-1.93382 0.933372 -0.000394899 -1.48653 -0.0457984 2.41986 -1.09229 
-1.93382 0.933963 -0.000398509 -1.4865 -0.0457324 2.42068 -1.09229 
-1.93382 0.934601 -0.000402129 -1.48648 -0.0457244 2.42155 -1.09229 
-1.9338 0.935212 -0.000395393 -1.48641 -0.0457181 2.42277 -1.09229 
-1.93382 0.935871 -0.000402129 -1.48638 -0.0457193 2.42355 -1.09229 
-1.9338 0.936529 -0.000384735 -1.48617 -0.0457172 2.42471 -1.09229 
-1.93373 0.937091 -0.000388499 -1.48605 -0.0457145 2.42551 -1.0923 
-1.93367 0.937605 -0.000377883 -1.48599 -0.0457072 2.4257 -1.09229 
-1.9336 0.938211 -0.000376644 -1.48593 -0.0456931 2.42575 -1.0923 
-1.93349 0.939016 -0.000327572 -1.48559 -0.0456173 2.42602 -1.09229 
-1.93333 0.9399 -0.000343033 -1.48514 -0.0455498 2.42612 -1.09229 
-1.93329 0.940899 -0.000350604 -1.4845 -0.0455519 2.42618 -1.09229 
-1.9333 0.941947 -0.000354834 -1.4837 -0.045543 2.4262 -1.09229 
-1.93327 0.942956 -0.000329878 -1.48297 -0.0455308 2.42617 -1.09229 
-1.9332 0.943914 -0.000327492 -1.48267 -0.0455295 2.42619 -1.09229 
-1.93316 0.944895 -0.000341976 -1.48225 -0.0455288 2.42626 -1.0923 
-1.93313 0.946043 -0.000328651 -1.48127 -0.0455219 2.42636 -1.09229 
-1.93309 0.947254 -0.000333492 -1.48013 -0.0455311 2.42635 -1.09229 
-1.93308 0.948423 -0.000345173 -1.47924 -0.0455277 2.42634 -1.0923 
-1.93309 0.949538 -0.00034362 -1.47852 -0.0455279 2.42637 -1.0923 
-1.93307 0.95055 -0.000346344 -1.47778 -0.0455388 2.42636 -1.09229 
-1.93309 0.951447 -0.000401042 -1.47693 -0.0455408 2.42633 -1.09229 
-1.93316 0.952275 -0.000397133 -1.47624 -0.0455314 2.42631 -1.09229 
-1.93317 0.952929 -0.000375155 -1.47591 -0.0455353 2.42631 -1.09229 
-1.93314 0.953498 -0.000391658 -1.47553 -0.0455365 2.42632 -1.09229 
-1.9331 0.954021 -0.000406759 -1.4751 -0.0455365 2.4263 -1.09229 
-1.93316 0.954409 -0.000412678 -1.47485 -0.0455339 2.42627 -1.09229 
-1.9332 0.954797 -0.000392998 -1.4747 -0.0455327 2.42627 -1.09229 
-1.93319 0.955231 -0.000400603 -1.47443 -0.0455347 2.42627 -1.09229 
-1.93318 0.955769 -0.000397409 -1.47411 -0.0455378 2.42627 -1.09229 
-1.93319 0.956325 -0.000411494 -1.47368 -0.0455392 2.42626 -1.09229 
-1.93321 0.956927 -0.00041289 -1.47336 -0.0455475 2.42628 -1.0923 
-1.93321 0.957609 -0.000393684 -1.47299 -0.0455476 2.42628 -1.0923 
-1.9332 0.958358 -0.000411571 -1.47245 -0.0455465 2.42628 -1.0923 
-1.93321 0.959226 -0.000424718 -1.47182 -0.0455484 2.42627 -1.09229 
-1.9332 0.960116 -0.000400516 -1.4712 -0.0455471 2.42626 -1.0923 
-1.93319 0.961052 -0.000400224 -1.47068 -0.0455595 2.42628 -1.09229 
-1.93321 0.962155 -0.000402157 -1.46992 -0.0455586 2.42629 -1.09229 
-1.93318 0.963185 -0.000395289 -1.46915 -0.0455586 2.42628 -1.0923 
-1.93318 0.964156 -0.000395327 -1.46842 -0.0455573 2.42627 -1.09229 
-1.9332 0.965123 -0.000393763 -1.46777 -0.045553 2.42627 -1.09229 
-1.93319 0.966276 -0.00040547 -1.46699 -0.0455521 2.42628 -1.0923 
-1.93318 0.967525 -0.000402037 -1.46595 -0.0455456 2.42627 -1.09229 
-1.93318 0.968856 -0.000400613 -1.46488 -0.0455487 2.42625 -1.0923 
-1.93317 0.970395 -0.000373412 -1.46391 -0.0455373 2.42628 -1.09229 
-1.93305 0.972043 -0.000259722 -1.46274 -0.0455167 2.42623 -1.0923 
-1.9328 0.973517 -0.000277428 -1.46161 -0.0454952 2.42635 -1.09229 
-1.93252 0.973906 -0.000239341 -1.46014 -0.0454217 2.4263 -1.09229 
-1.93204 0.973927 -0.00026584 -1.45915 -0.0454205 2.42613 -1.09229 
-1.93163 0.974081 -0.000308113 -1.45895 -0.0454218 2.42593 -1.09229 
-1.9315 0.974506 -0.000298801 -1.45896 -0.0454066 2.42587 -1.09229 
-1.93152 0.974676 -0.000299722 -1.45893 -0.0453108 2.4259 -1.09229 
-1.93157 0.974588 -0.000295787 -1.45885 -0.0451838 2.42587 -1.0923 
-1.93157 0.974675 -0.000305721 -1.45882 -0.0451581 2.42587 -1.0923 
-1.93166 0.974791 -0.000302849 -1.45883 -0.0450132 2.42587 -1.0923 
-1.93175 0.974922 -0.000308597 -1.45883 -0.0446373 2.42587 -1.09229 
-1.9319 0.975066 -0.000307247 -1.45883 -0.0441309 2.42588 -1.0923 
-1.93213 0.97506 -0.000317245 -1.45883 -0.0438117 2.42588 -1.0923 
-1.93243 0.975106 -0.00034571 -1.45883 -0.0437632 2.42588 -1.0923 
-1.93288 0.975141 -0.000357589 -1.45883 -0.0437593 2.42588 -1.0923 
-1.93338 0.975185 -0.000369942 -1.45883 -0.0437618 2.42587 -1.0923 
-1.93398 0.975213 -0.000365333 -1.45883 -0.0437651 2.42587 -1.0923 
-1.93454 0.975216 -0.000366437 -1.45883 -0.0437618 2.42585 -1.0923 
-1.93508 0.975249 -0.000348157 -1.45883 -0.0437651 2.42584 -1.0923 
-1.93548 0.975255 -0.000342774 -1.45883 -0.0437632 2.42581 -1.0923 
-1.93563 0.975248 -0.000330322 -1.45883 -0.0437626 2.42567 -1.0923 
-1.93558 0.97525 -0.000328351 -1.45883 -0.0437638 2.42559 -1.0923 
-1.93551 0.975264 -0.000348886 -1.45883 -0.0437663 2.42555 -1.0923 
-1.93553 0.975259 -0.000351988 -1.45882 -0.0437657 2.42546 -1.0923 
-1.93555 0.975259 -0.000346698 -1.45882 -0.0437618 2.42542 -1.0923 
-1.93551 0.975268 -0.000341908 -1.45882 -0.0437626 2.4254 -1.0923 
-1.93551 0.975274 -0.000345261 -1.45881 -0.0437618 2.42537 -1.0923 
-1.93551 0.97527 -0.000344301 -1.45881 -0.0437625 2.42534 -1.0923 
-1.9355 0.975271 -0.000348359 -1.4588 -0.0437638 2.42519 -1.09229 
-1.9355 0.975276 -0.000341643 -1.45874 -0.0437645 2.42494 -1.0923 
-1.93548 0.975292 -0.000350039 -1.4587 -0.0437663 2.42488 -1.0923 
-1.9355 0.975304 -0.000357314 -1.45866 -0.0437613 2.42478 -1.0923 
-1.93549 0.975349 -0.000353262 -1.45849 -0.0437644 2.42433 -1.09229 
-1.93546 0.975423 -0.000350631 -1.45829 -0.043769 2.42393 -1.0923 
-1.93545 0.975456 -0.00036644 -1.45816 -0.0437715 2.42363 -1.0923 
-1.93547 0.975488 -0.000376097 -1.45804 -0.0437744 2.42335 -1.0923 
-1.93544 0.975528 -0.000377974 -1.45789 -0.0437846 2.42296 -1.09229 
-1.93544 0.975588 -0.000377554 -1.45774 -0.0437813 2.42267 -1.09229 
-1.93544 0.97561 -0.000384343 -1.45766 -0.0437779 2.42253 -1.09229 
-1.93545 0.975626 -0.000386829 -1.45757 -0.0437812 2.42229 -1.09229 
-1.93543 0.975668 -0.000385616 -1.45739 -0.0437962 2.42183 -1.09229 
-1.93542 0.975746 -0.000388811 -1.45721 -0.043799 2.42154 -1.09229 
-1.93541 0.975761 -0.000392008 -1.45713 -0.0437958 2.42135 -1.09229 
-1.93541 0.975777 -0.000392008 -1.45707 -0.0437952 2.42129 -1.09229 
-1.93543 0.975798 -0.000395937 -1.45703 -0.0437801 2.42126 -1.09227 
-1.93543 0.975809 -0.000396413 -1.45702 -0.0437543 2.42123 -1.09224 
-1.93544 0.975814 -0.000394772 -1.45701 -0.0436211 2.42122 -1.09207 
-1.93545 0.975813 -0.000381784 -1.45699 -0.0431719 2.42121 -1.09135 
-1.9354 0.975824 -0.000376102 -1.45699 -0.0425411 2.42118 -1.09009 
-1.93537 0.97581 -0.00036195 -1.45699 -0.0416006 2.42098 -1.08743 
-1.9353 0.975789 -0.000352006 -1.45699 -0.0400131 2.42069 -1.08298 
-1.93518 0.975782 -0.000364771 -1.45699 -0.0375108 2.42068 -1.07623 
-1.93512 0.975773 -0.000356669 -1.45699 -0.0352438 2.42066 -1.06763 
-1.93507 0.975773 -0.000357563 -1.45699 -0.0338517 2.42068 -1.05776 
-1.93498 0.975776 -0.000358246 -1.45696 -0.0332394 2.4207 -1.04724 
-1.9349 0.975775 -0.000368677 -1.45696 -0.0332069 2.42071 -1.03724 
-1.93486 0.975776 -0.000363924 -1.45696 -0.0332123 2.4207 -1.02714 
-1.93485 0.975775 -0.000369674 -1.45697 -0.033221 2.4207 -1.0174 
-1.93487 0.975774 -0.000370729 -1.45697 -0.0332244 2.42071 -1.01001 
-1.93486 0.975777 -0.000370028 -1.45697 -0.0332231 2.42072 -1.00332 
-1.93488 0.975773 -0.000381161 -1.45697 -0.0332088 2.42073 -0.997779 
-1.93498 0.975775 -0.000390651 -1.45698 -0.033209 2.42072 -0.992223 
-1.93502 0.975773 -0.000379903 -1.45697 -0.0332049 2.42075 -0.985711 
-1.93501 0.975778 -0.000383531 -1.45698 -0.0331958 2.42077 -0.978618 
-1.93502 0.975769 -0.000387151 -1.45697 -0.0331972 2.42077 -0.971078 
-1.935 0.975768 -0.00036504 -1.45698 -0.0331992 2.42078 -0.963342 
-1.9349 0.975778 -0.000370739 -1.45697 -0.0331886 2.42092 -0.955907 
-1.93487 0.975787 -0.000361307 -1.45698 -0.0331915 2.42106 -0.94761 
-1.93482 0.97579 -0.000360583 -1.45698 -0.0332101 2.42105 -0.93804 
-1.9348 0.975786 -0.000370739 -1.45699 -0.0331893 2.42104 -0.931129 
-1.93485 0.975782 -0.000370739 -1.45702 -0.033179 2.42103 -0.923979 
-1.93485 0.975769 -0.0003597 -1.45705 -0.0331829 2.42103 -0.916427 
-1.93478 0.975757 -0.000358635 -1.45707 -0.0331816 2.42102 -0.907946 
-1.9348 0.975741 -0.000374322 -1.45711 -0.0331759 2.42102 -0.898566 
-1.93489 0.975716 -0.000372528 -1.45713 -0.0331701 2.42102 -0.887022 
-1.93492 0.975716 -0.000385577 -1.45713 -0.0331707 2.42103 -0.876037 
-1.93496 0.975704 -0.000380327 -1.45713 -0.0331619 2.42103 -0.864362 
-1.93496 0.975702 -0.000381997 -1.45715 -0.0331479 2.42102 -0.852169 
-1.93498 0.975694 -0.000383406 -1.45716 -0.0331466 2.42103 -0.839213 
-1.93501 0.975691 -0.000384338 -1.45716 -0.0331514 2.42102 -0.825152 
-1.93499 0.975696 -0.000383444 -1.45717 -0.0331498 2.42104 -0.811816 
-1.935 0.975696 -0.000405779 -1.45718 -0.0331551 2.42103 -0.798183 
-1.93512 0.975694 -0.000409326 -1.45719 -0.0331538 2.42103 -0.785017 
-1.9352 0.975671 -0.0004257 -1.45724 -0.0331381 2.42104 -0.772038 
-1.93535 0.975653 -0.000438815 -1.45725 -0.0331419 2.42102 -0.759946 
-1.93559 0.975608 -0.000456731 -1.45737 -0.0331439 2.42102 -0.747477 
-1.93583 0.975507 -0.000430983 -1.45752 -0.0331318 2.42103 -0.736119 
-1.93598 0.975463 -0.000445982 -1.4576 -0.0331001 2.42104 -0.724513 
-1.93617 0.975454 -0.000444774 -1.45761 -0.0330355 2.42103 -0.713011 
-1.93636 0.975443 -0.000449532 -1.45764 -0.0329129 2.42103 -0.701143 
-1.93661 0.975435 -0.000475366 -1.45766 -0.032759 2.42103 -0.689687 
-1.93702 0.975394 -0.000518806 -1.45774 -0.0326992 2.42103 -0.676887 
-1.93754 0.975349 -0.000526697 -1.45783 -0.0326518 2.42102 -0.66314 
-1.93805 0.975199 -0.000505286 -1.45809 -0.0324138 2.42101 -0.649297 
-1.93853 0.974986 -0.000509721 -1.45845 -0.032155 2.42101 -0.635012 
-1.93903 0.974795 -0.000515648 -1.45885 -0.0320224 2.42102 -0.620368 
-1.93952 0.974535 -0.000494919 -1.45932 -0.0318909 2.42102 -0.605449 
-1.93989 0.974376 -0.000524017 -1.45965 -0.0317455 2.42102 -0.590509 
-1.94024 0.974227 -0.000512071 -1.45988 -0.0315926 2.42101 -0.575041 
-1.94053 0.974167 -0.000513993 -1.46003 -0.0314721 2.42101 -0.559577 
-1.94069 0.974152 -0.000502221 -1.46007 -0.0314656 2.421 -0.544405 
-1.94076 0.97414 -0.000523713 -1.46007 -0.0314568 2.42099 -0.530186 
-1.9408 0.974143 -0.000513982 -1.46006 -0.0314202 2.421 -0.516359 
-1.94076 0.974149 -0.000504796 -1.46007 -0.0314053 2.42099 -0.500546 
-1.94075 0.974145 -0.000503129 -1.46006 -0.0313986 2.421 -0.485871 
-1.94071 0.974143 -0.000472998 -1.46007 -0.0313784 2.42099 -0.471413 
-1.94055 0.974152 -0.000424052 -1.46007 -0.0313112 2.421 -0.45655 
-1.94031 0.974158 -0.000439337 -1.46006 -0.031291 2.42101 -0.442307 
-1.94014 0.974152 -0.000428942 -1.46006 -0.031295 2.42099 -0.428975 
-1.93991 0.974151 -0.000364193 -1.46007 -0.0312699 2.42099 -0.41635 
-1.93967 0.974149 -0.000397442 -1.46006 -0.0312638 2.42099 -0.404115 
-1.93951 0.974141 -0.000314139 -1.46007 -0.0311869 2.42098 -0.392205 
-1.93914 0.974139 -0.000302607 -1.46008 -0.0309944 2.42097 -0.379368 
-1.93879 0.974143 -0.000316907 -1.46008 -0.0308434 2.42094 -0.366777 
-1.93844 0.974122 -0.000277552 -1.46009 -0.0307822 2.42072 -0.35371 
-1.93797 0.974118 -0.000273282 -1.46009 -0.0307247 2.42069 -0.340558 
-1.93746 0.974118 -0.000259565 -1.46013 -0.0305583 2.42068 -0.327948 
-1.93687 0.974116 -0.000274441 -1.46015 -0.0305243 2.42068 -0.315297 
-1.93629 0.974114 -0.000304766 -1.46016 -0.0304958 2.42068 -0.303046 
-1.93591 0.974104 -0.000246403 -1.46017 -0.0304492 2.42067 -0.291099 
-1.93547 0.974109 -0.000310201 -1.46017 -0.0304572 2.42068 -0.27911 
-1.93524 0.974094 -0.000202505 -1.46019 -0.0304268 2.42066 -0.268247 
-1.93486 0.974091 -0.000281051 -1.46023 -0.0304295 2.42066 -0.257717 
-1.93474 0.974038 -0.000226963 -1.4603 -0.0303721 2.42066 -0.246778 
-1.93453 0.973948 -0.000196791 -1.46045 -0.030148 2.42065 -0.234541 
-1.93431 0.97392 -0.000244598 -1.4605 -0.0299252 2.42066 -0.221023 
-1.93435 0.973922 -0.000257743 -1.46048 -0.0298453 2.42067 -0.208564 
-1.9345 0.973908 -0.000258883 -1.46049 -0.0297632 2.42066 -0.196552 
-1.93467 0.973903 -0.000263466 -1.46049 -0.0295548 2.42066 -0.184634 
-1.93488 0.973893 -0.000268897 -1.4605 -0.0290606 2.42066 -0.172434 
-1.93506 0.973891 -0.000265702 -1.46052 -0.0282172 2.42066 -0.160255 
-1.93518 0.973885 -0.000259952 -1.46051 -0.0270622 2.42067 -0.147057 
-1.93521 0.97388 -0.000265702 -1.46051 -0.0254725 2.42066 -0.133711 
-1.93518 0.973877 -0.000246181 -1.46051 -0.0239266 2.42066 -0.120636 
-1.93514 0.97388 -0.000260583 -1.46052 -0.0225997 2.42066 -0.107091 
-1.93514 0.973868 -0.000257361 -1.46051 -0.0212236 2.42066 -0.093098 
-1.93515 0.973874 -0.000258463 -1.46051 -0.0200024 2.42066 -0.0793491 
-1.93516 0.973867 -0.000273122 -1.46051 -0.0187756 2.42066 -0.0653596 
-1.9352 0.973865 -0.000296083 -1.46049 -0.0178425 2.42067 -0.0513407 
-1.93528 0.973878 -0.000309946 -1.46049 -0.0175053 2.42067 -0.0372794 
-1.93529 0.973879 -0.000309085 -1.46049 -0.0173234 2.42068 -0.0236509 
-1.93527 0.973875 -0.000291918 -1.46049 -0.0171951 2.42067 -0.00955557 
-1.93524 0.973887 -0.000306182 -1.46048 -0.0171908 2.42069 0.00444543 
-1.93527 0.973894 -0.000307957 -1.46046 -0.0171739 2.4207 0.0178318 
-1.9353 0.973891 -0.000321696 -1.46046 -0.0171512 2.4207 0.0316555 
-1.93532 0.973898 -0.000317226 -1.46045 -0.0171409 2.4207 0.0452503 
-1.9353 0.973901 -0.00031474 -1.46045 -0.0170971 2.42071 0.058663 
-1.9353 0.973901 -0.000298126 -1.46044 -0.0170257 2.42072 0.0713927 
-1.93527 0.973913 -0.000294682 -1.46042 -0.0169562 2.42073 0.0828164 
-1.93528 0.973915 -0.000298762 -1.46042 -0.0169011 2.42074 0.0932479 
-1.93532 0.973924 -0.000312109 -1.46039 -0.0167004 2.42076 0.103239 
-1.93538 0.973937 -0.000310019 -1.46036 -0.0164252 2.42076 0.112717 
-1.93543 0.973944 -0.000317999 -1.46037 -0.0162135 2.42075 0.122308 
-1.9355 0.973943 -0.000330933 -1.4604 -0.0159723 2.42074 0.130726 
-1.9356 0.973938 -0.000327487 -1.46039 -0.0155563 2.42076 0.139586 
-1.9357 0.973936 -0.000325998 -1.46038 -0.0151301 2.42076 0.148266 
-1.93576 0.973938 -0.000334483 -1.46038 -0.0147954 2.42075 0.157192 
-1.93584 0.973935 -0.000347148 -1.46038 -0.0145192 2.42076 0.165611 
-1.93597 0.973935 -0.000355568 -1.46038 -0.0140144 2.42076 0.17429 
-1.93611 0.973934 -0.000357269 -1.46037 -0.0132872 2.42078 0.184043 
-1.93625 0.973941 -0.000360474 -1.46036 -0.0125591 2.42089 0.194361 
-1.93638 0.973963 -0.000367325 -1.46037 -0.0122489 2.42106 0.203796 
-1.93648 0.973963 -0.000359627 -1.46038 -0.0121597 2.42106 0.212647 
-1.93652 0.973968 -0.000363246 -1.46038 -0.0121611 2.42106 0.220377 
-1.93652 0.973968 -0.000373325 -1.46039 -0.0121543 2.42106 0.228653 
-1.93655 0.973967 -0.000371731 -1.46039 -0.0121292 2.42106 0.236069 
-1.93657 0.973968 -0.000362823 -1.4604 -0.0120389 2.42106 0.242233 
-1.93658 0.973965 -0.000350997 -1.4604 -0.0117729 2.42106 0.250088 
-1.93652 0.973963 -0.000338216 -1.4604 -0.011618 2.42106 0.256789 
-1.93644 0.973963 -0.000326533 -1.46039 -0.0115803 2.42107 0.26427 
-1.93636 0.97397 -0.000329863 -1.46038 -0.0115464 2.42109 0.271591 
-1.93632 0.97397 -0.000328202 -1.46038 -0.0115224 2.4211 0.278292 
-1.93628 0.973966 -0.000312869 -1.46039 -0.0114148 2.4211 0.2849 
-1.93616 0.973973 -0.000312543 -1.46039 -0.0112398 2.4211 0.291625 
-1.93604 0.97397 -0.00031534 -1.46039 -0.0111746 2.42112 0.298437 
-1.93596 0.97398 -0.000322839 -1.46039 -0.0111632 2.42117 0.305286 
-1.93597 0.973993 -0.000320285 -1.46039 -0.0111632 2.42129 0.312559 
-1.93598 0.974014 -0.000323904 -1.46038 -0.0111471 2.4215 0.318458 
-1.936 0.974037 -0.000328771 -1.46038 -0.0110976 2.42166 0.32465 
-1.93601 0.974055 -0.000337229 -1.46037 -0.0110146 2.42173 0.331033 
-1.93604 0.97406 -0.000335162 -1.46037 -0.010892 2.42177 0.337466 
-1.93609 0.974065 -0.000331821 -1.46037 -0.010737 2.42184 0.34645 
-1.93608 0.974077 -0.000328626 -1.46037 -0.0107317 2.42195 0.354418 
-1.93604 0.974104 -0.00032543 -1.46037 -0.0107091 2.42203 0.361703 
-1.93605 0.974111 -0.000318009 -1.46037 -0.0105135 2.42211 0.369002 
-1.93608 0.974116 -0.00032543 -1.46036 -0.0100827 2.42224 0.37772 
-1.93611 0.97415 -0.000331939 -1.46036 -0.00955416 2.42245 0.386976 
-1.93616 0.974184 -0.000333492 -1.46035 -0.00916764 2.42265 0.397214 
-1.93619 0.974192 -0.000340452 -1.46036 -0.00887359 2.4228 0.40841 
-1.93611 0.974463 -0.000259419 -1.45991 -0.00884241 2.42385 0.418981 
-1.93586 0.975258 -0.000244574 -1.45898 -0.00881036 2.4257 0.428247 
-1.93568 0.975751 -0.000300461 -1.45829 -0.00886157 2.42639 0.436508 
-1.93564 0.975714 -0.000355862 -1.45827 -0.00913666 2.42633 0.43965 
-1.9357 0.975706 -0.000350536 -1.45827 -0.00912462 2.42634 0.43966 
-1.93571 0.97571 -0.000347946 -1.45827 -0.0091131 2.42634 0.439658 
-1.93573 0.975708 -0.000346512 -1.45826 -0.00911397 2.42634 0.439665 
-1.93575 0.975708 -0.000347948 -1.45826 -0.00911122 2.42635 0.439662 
-1.93577 0.97571 -0.000347945 -1.45826 -0.00910835 2.42635 0.439655 
-1.93577 0.975711 -0.000344144 -1.45827 -0.00910211 2.42634 0.43966 
-1.93578 0.975709 -0.000342211 -1.45827 -0.00907953 2.42635 0.439659 
-1.93581 0.975709 -0.000339498 -1.45827 -0.0090523 2.42635 0.43966 
-1.93586 0.975704 -0.000332924 -1.45828 -0.00902686 2.42635 0.439659 
-1.93588 0.975702 -0.00032832 -1.45827 -0.00901767 2.42635 0.439667 
-1.93589 0.9757 -0.000328202 -1.45828 -0.00900341 2.42634 0.439655 
-1.93591 0.975692 -0.000327965 -1.45829 -0.00894977 2.42635 0.439663 
-1.9359 0.97569 -0.000325728 -1.45829 -0.00895104 2.42634 0.439658 
-1.93591 0.975688 -0.000329871 -1.45829 -0.00895187 2.42635 0.43966 
-1.93592 0.975684 -0.000330109 -1.45829 -0.00895176 2.42635 0.439657 
-1.93592 0.975674 -0.000333571 -1.45829 -0.00895556 2.42635 0.439652 
-1.93593 0.975671 -0.000335951 -1.45829 -0.00895706 2.42635 0.439656 
-1.93594 0.975662 -0.000335017 -1.45829 -0.00895347 2.42634 0.439654 
-1.93594 0.975655 -0.000334307 -1.45829 -0.0089604 2.42634 0.439651 
-1.93593 0.975659 -0.000336688 -1.45829 -0.00897812 2.42634 0.439635 
-1.93593 0.975657 -0.000336688 -1.45829 -0.00899042 2.42634 0.439602 
-1.93592 0.975649 -0.000338631 -1.45829 -0.00900641 2.42634 0.439564 
-1.93592 0.975648 -0.000339882 -1.45829 -0.0090329 2.42634 0.439491 
-1.93591 0.975651 -0.000343503 -1.45829 -0.00905054 2.42634 0.439363 
-1.93591 0.975653 -0.000339962 -1.45829 -0.00905534 2.42634 0.439289 
-1.9359 0.975649 -0.000345669 -1.45829 -0.00908293 2.42634 0.439231 
-1.93591 0.975649 -0.00034475 -1.45828 -0.00913237 2.42634 0.439099 
-1.93591 0.975648 -0.000341409 -1.45829 -0.00913146 2.42634 0.438996 
-1.93588 0.97565 -0.000343722 -1.45828 -0.00913409 2.42634 0.438972 
-1.93586 0.975651 -0.000340662 -1.45829 -0.00914818 2.42634 0.438945 
-1.93586 0.975652 -0.000346211 -1.45828 -0.00915243 2.42634 0.438939 
-1.93585 0.975649 -0.000344723 -1.45829 -0.00916047 2.42634 0.438928 
-1.93584 0.97565 -0.000346698 -1.45828 -0.00920411 2.42634 0.438922 
-1.93583 0.97565 -0.000354921 -1.45828 -0.00927479 2.42634 0.438904 
-1.93583 0.975653 -0.000352349 -1.45827 -0.00929216 2.42634 0.438898 
-1.93583 0.975648 -0.000356431 -1.45827 -0.00931104 2.42634 0.438895 
-1.93583 0.975649 -0.000361573 -1.45827 -0.00940874 2.42634 0.43889 
-1.93582 0.975648 -0.000357956 -1.45827 -0.00948164 2.42634 0.438887 
-1.93581 0.975648 -0.000359653 -1.45827 -0.00950771 2.42634 0.438885 
-1.93582 0.975645 -0.000370609 -1.45827 -0.00967496 2.42634 0.438862 
-1.93581 0.975645 -0.000367967 -1.45827 -0.00986559 2.42634 0.438859 
-1.93579 0.975643 -0.000367964 -1.45827 -0.0098933 2.42633 0.438855 
-1.93576 0.975649 -0.000373717 -1.45827 -0.00991086 2.42633 0.438853 
-1.93576 0.975646 -0.000382832 -1.45827 -0.0099721 2.42634 0.438847 
-1.93577 0.975641 -0.000382315 -1.45826 -0.0100264 2.42633 0.43885 
-1.93575 0.97564 -0.000382183 -1.45826 -0.010103 2.42633 0.438847 
-1.93575 0.975635 -0.000388407 -1.45826 -0.0102774 2.42633 0.438844 
-1.93576 0.975623 -0.000394525 -1.45826 -0.010342 2.42633 0.438831 
-1.93576 0.975618 -0.000392763 -1.45826 -0.0103441 2.42633 0.43882 
-1.93576 0.97561 -0.000391765 -1.45826 -0.0103548 2.42633 0.438808 
-1.93575 0.975606 -0.000393424 -1.45826 -0.0103696 2.42633 0.438796 
-1.93575 0.975599 -0.000391753 -1.45826 -0.0103767 2.42633 0.438789 
-1.93575 0.975594 -0.000393424 -1.45825 -0.0103831 2.42633 0.438784 
-1.93576 0.975591 -0.000397043 -1.45825 -0.0103822 2.42633 0.43878 
-1.93576 0.975587 -0.000401094 -1.45825 -0.0103923 2.42633 0.43878 
-1.93577 0.97558 -0.000404003 -1.45825 -0.0103891 2.42633 0.438778 
-1.93576 0.975581 -0.000408514 -1.45824 -0.0103882 2.42633 0.43878 
-1.93576 0.975586 -0.000408869 -1.45824 -0.0103967 2.42633 0.438781 
-1.93577 0.975584 -0.000410041 -1.45824 -0.0103983 2.42633 0.438785 
-1.93577 0.975586 -0.000415645 -1.45825 -0.0104014 2.42634 0.438783 
-1.93578 0.975583 -0.000417328 -1.45824 -0.0103939 2.42633 0.438785 
-1.93578 0.975586 -0.000412065 -1.45824 -0.0103913 2.42633 0.438785 
-1.93579 0.975584 -0.000408724 -1.45824 -0.0103862 2.42634 0.438783 
-1.93579 0.975576 -0.000410392 -1.45824 -0.0103817 2.42634 0.438784 
-1.93578 0.975563 -0.000410395 -1.45824 -0.0103771 2.42634 0.438783 
-1.93578 0.975561 -0.000409649 -1.45824 -0.0103785 2.42633 0.438785 
-1.9358 0.975546 -0.000410395 -1.45824 -0.0103791 2.42633 0.438786 
-1.9358 0.975536 -0.000415684 -1.45824 -0.0103785 2.42633 0.438785 
-1.93581 0.975519 -0.000415684 -1.45823 -0.0103791 2.42633 0.438779 
-1.93582 0.975493 -0.000414014 -1.45824 -0.0103781 2.42632 0.438766 
-1.93584 0.975459 -0.000426803 -1.45823 -0.01039 2.42631 0.438739 
-1.93587 0.975349 -0.000438829 -1.45823 -0.0103913 2.42629 0.438721 
-1.9358 0.975329 -0.000418962 -1.45825 -0.0104254 2.42628 0.438699 
-1.93575 0.975303 -0.00042417 -1.45827 -0.0104607 2.42627 0.438699 
-1.93584 0.975293 -0.00041721 -1.45827 -0.0104581 2.42627 0.438693 
-1.93578 0.975292 -0.00041359 -1.45828 -0.010462 2.42626 0.438685 
-1.9358 0.975289 -0.000420551 -1.45828 -0.0104595 2.42626 0.438684 
-1.93581 0.975292 -0.0004225 -1.45827 -0.0104587 2.42627 0.438689 
-1.93578 0.975291 -0.000420551 -1.45828 -0.0104613 2.42626 0.438692 
-1.93582 0.975285 -0.000422499 -1.45827 -0.0104575 2.42627 0.438687 
-1.9358 0.975284 -0.00042321 -1.45827 -0.0104601 2.42627 0.438689 
-1.9358 0.975289 -0.0004225 -1.45828 -0.0104587 2.42627 0.438692 
-1.93581 0.975285 -0.00042798 -1.45827 -0.0104595 2.42627 0.438683 
-1.9358 0.975288 -0.000417947 -1.45828 -0.010461 2.42627 0.438686 
-1.93581 0.975287 -0.000422736 -1.45827 -0.0104607 2.42627 0.438682 
-1.9358 0.975282 -0.000424946 -1.45828 -0.0104613 2.42627 0.438683 
-1.9358 0.975284 -0.000425422 -1.45828 -0.0104613 2.42627 0.438687 
-1.93581 0.975282 -0.000422736 -1.45827 -0.0104595 2.42627 0.438687 
-1.9358 0.975286 -0.000422529 -1.45827 -0.0104607 2.42627 0.438685 
-1.93581 0.975286 -0.000426563 -1.45827 -0.0104607 2.42627 0.438687 
-1.93579 0.975288 -0.000426303 -1.45827 -0.0104601 2.42627 0.438684 
-1.9358 0.975277 -0.000425841 -1.45827 -0.0104601 2.42627 0.438684 
-1.9358 0.975279 -0.00042654 -1.45828 -0.0104607 2.42627 0.438681 
-1.9358 0.975283 -0.000424486 -1.45827 -0.0104613 2.42627 0.438684 
-1.93581 0.975277 -0.00042679 -1.45828 -0.0104607 2.42627 0.438681 
-1.9358 0.975283 -0.000425146 -1.45827 -0.0104607 2.42626 0.438683 
-1.93581 0.975281 -0.000430713 -1.45827 -0.0104601 2.42627 0.438687 
-1.9358 0.975281 -0.00042324 -1.45827 -0.0104601 2.42627 0.438684 
-1.9358 0.975279 -0.000426654 -1.45828 -0.0104607 2.42627 0.438686 
-1.93581 0.975277 -0.000424261 -1.45827 -0.0104598 2.42627 0.438681 
-1.9358 0.975281 -0.000423565 -1.45828 -0.0104601 2.42627 0.438686 
-1.93581 0.975277 -0.000424893 -1.45827 -0.0104607 2.42627 0.438684 
-1.93581 0.975277 -0.000426312 -1.45828 -0.010462 2.42627 0.438687 
-1.9358 0.97528 -0.000428799 -1.45827 -0.0104598 2.42627 0.438682 
-1.93581 0.975283 -0.000424989 -1.45827 -0.0104607 2.42627 0.438686 
-1.9358 0.975279 -0.000425379 -1.45828 -0.0104587 2.42627 0.438677 
