-1.9690 -0.3673 0.0000 -1.9160 0.0023 1.5138 -1.1263 
-1.9690 -0.3672 0.0000 -1.9161 0.0023 1.5139 -1.1262 
-1.9690 -0.3671 0.0000 -1.9161 0.0023 1.5140 -1.1261 
-1.9690 -0.3670 0.0000 -1.9162 0.0022 1.5141 -1.1259 
-1.9690 -0.3669 0.0000 -1.9162 0.0022 1.5142 -1.1258 
-1.9690 -0.3668 0.0000 -1.9163 0.0022 1.5142 -1.1257 
-1.9691 -0.3667 0.0000 -1.9163 0.0022 1.5143 -1.1256 
-1.9691 -0.3666 0.0000 -1.9164 0.0021 1.5144 -1.1255 
-1.9691 -0.3665 0.0000 -1.9164 0.0021 1.5145 -1.1254 
-1.9691 -0.3664 0.0000 -1.9165 0.0021 1.5146 -1.1253 
-1.9691 -0.3663 0.0000 -1.9165 0.0021 1.5146 -1.1252 
-1.9691 -0.3662 0.0000 -1.9166 0.0021 1.5147 -1.1251 
-1.9691 -0.3661 0.0000 -1.9166 0.0020 1.5148 -1.1250 
-1.9692 -0.3660 0.0000 -1.9167 0.0020 1.5149 -1.1249 
-1.9692 -0.3659 0.0000 -1.9167 0.0020 1.5150 -1.1248 
-1.9692 -0.3658 0.0000 -1.9168 0.0020 1.5151 -1.1246 
-1.9692 -0.3657 0.0000 -1.9168 0.0019 1.5151 -1.1245 
-1.9692 -0.3656 0.0000 -1.9169 0.0019 1.5152 -1.1244 
-1.9692 -0.3655 0.0000 -1.9169 0.0019 1.5153 -1.1243 
-1.9692 -0.3654 0.0000 -1.9169 0.0019 1.5154 -1.1242 
-1.9692 -0.3653 0.0000 -1.9170 0.0019 1.5155 -1.1241 
-1.9693 -0.3652 0.0000 -1.9170 0.0018 1.5156 -1.1240 
-1.9693 -0.3651 0.0000 -1.9171 0.0018 1.5157 -1.1239 
-1.9693 -0.3649 0.0000 -1.9171 0.0018 1.5158 -1.1238 
-1.9693 -0.3648 0.0000 -1.9172 0.0018 1.5159 -1.1237 
-1.9693 -0.3647 0.0000 -1.9172 0.0017 1.5160 -1.1235 
-1.9693 -0.3646 0.0000 -1.9172 0.0017 1.5161 -1.1234 
-1.9693 -0.3645 0.0000 -1.9173 0.0017 1.5162 -1.1233 
-1.9694 -0.3643 0.0000 -1.9173 0.0017 1.5163 -1.1232 
-1.9694 -0.3642 0.0000 -1.9174 0.0016 1.5164 -1.1231 
-1.9694 -0.3641 0.0000 -1.9174 0.0016 1.5165 -1.1230 
-1.9694 -0.3639 0.0000 -1.9174 0.0016 1.5166 -1.1229 
-1.9694 -0.3638 0.0000 -1.9174 0.0016 1.5167 -1.1228 
-1.9694 -0.3636 0.0000 -1.9175 0.0016 1.5168 -1.1227 
-1.9694 -0.3635 0.0000 -1.9175 0.0015 1.5169 -1.1226 
-1.9694 -0.3633 0.0000 -1.9175 0.0015 1.5171 -1.1224 
-1.9695 -0.3631 0.0000 -1.9175 0.0015 1.5172 -1.1223 
-1.9695 -0.3629 0.0000 -1.9176 0.0015 1.5173 -1.1222 
-1.9695 -0.3627 0.0000 -1.9176 0.0014 1.5175 -1.1221 
-1.9695 -0.3625 0.0000 -1.9176 0.0014 1.5176 -1.1220 
-1.9695 -0.3623 0.0000 -1.9176 0.0014 1.5178 -1.1219 
-1.9695 -0.3621 0.0000 -1.9176 0.0013 1.5180 -1.1218 
-1.9695 -0.3619 0.0000 -1.9176 0.0013 1.5181 -1.1216 
-1.9695 -0.3616 0.0000 -1.9176 0.0013 1.5183 -1.1215 
-1.9695 -0.3613 0.0000 -1.9176 0.0013 1.5185 -1.1214 
-1.9696 -0.3610 0.0000 -1.9176 0.0012 1.5187 -1.1213 
-1.9696 -0.3607 0.0000 -1.9175 0.0012 1.5189 -1.1212 
-1.9696 -0.3604 0.0000 -1.9175 0.0012 1.5192 -1.1211 
-1.9696 -0.3600 0.0000 -1.9174 0.0011 1.5194 -1.1210 
-1.9696 -0.3597 0.0000 -1.9174 0.0011 1.5197 -1.1208 
-1.9696 -0.3592 0.0000 -1.9173 0.0011 1.5200 -1.1207 
-1.9696 -0.3588 0.0000 -1.9172 0.0010 1.5203 -1.1206 
-1.9696 -0.3583 0.0000 -1.9171 0.0010 1.5206 -1.1205 
-1.9696 -0.3579 0.0000 -1.9170 0.0009 1.5209 -1.1204 
-1.9696 -0.3573 0.0000 -1.9169 0.0009 1.5212 -1.1203 
-1.9696 -0.3568 0.0000 -1.9168 0.0009 1.5215 -1.1202 
-1.9696 -0.3562 0.0000 -1.9166 0.0008 1.5219 -1.1201 
-1.9696 -0.3557 0.0000 -1.9164 0.0007 1.5222 -1.1200 
-1.9696 -0.3551 0.0000 -1.9162 0.0007 1.5225 -1.1199 
-1.9696 -0.3544 0.0000 -1.9161 0.0006 1.5228 -1.1198 
-1.9697 -0.3538 0.0000 -1.9159 0.0005 1.5232 -1.1198 
-1.9697 -0.3532 0.0000 -1.9157 0.0004 1.5235 -1.1197 
-1.9697 -0.3525 0.0000 -1.9155 0.0003 1.5239 -1.1197 
-1.9697 -0.3518 0.0000 -1.9153 0.0002 1.5244 -1.1197 
-1.9697 -0.3509 0.0000 -1.9152 0.0000 1.5249 -1.1197 
-1.9698 -0.3500 0.0000 -1.9152 -0.0002 1.5257 -1.1198 
-1.9698 -0.3488 0.0000 -1.9153 -0.0004 1.5268 -1.1198 
-1.9698 -0.3472 0.0000 -1.9155 -0.0007 1.5284 -1.1199 
-1.9698 -0.3452 0.0000 -1.9158 -0.0011 1.5306 -1.1199 
-1.9697 -0.3426 0.0000 -1.9163 -0.0016 1.5336 -1.1200 
-1.9696 -0.3392 0.0000 -1.9170 -0.0022 1.5377 -1.1199 
-1.9695 -0.3349 0.0000 -1.9180 -0.0029 1.5429 -1.1198 
-1.9694 -0.3295 0.0000 -1.9191 -0.0037 1.5495 -1.1195 
-1.9691 -0.3229 0.0000 -1.9204 -0.0045 1.5575 -1.1192 
-1.9688 -0.3151 0.0000 -1.9218 -0.0055 1.5669 -1.1186 
-1.9685 -0.3061 0.0000 -1.9233 -0.0065 1.5777 -1.1180 
-1.9681 -0.2961 0.0000 -1.9249 -0.0076 1.5897 -1.1171 
-1.9676 -0.2850 0.0000 -1.9265 -0.0087 1.6029 -1.1162 
-1.9671 -0.2730 0.0000 -1.9280 -0.0099 1.6169 -1.1150 
-1.9666 -0.2603 0.0000 -1.9295 -0.0110 1.6317 -1.1138 
-1.9660 -0.2470 0.0000 -1.9308 -0.0122 1.6470 -1.1125 
-1.9654 -0.2332 0.0000 -1.9320 -0.0133 1.6628 -1.1110 
-1.9647 -0.2191 0.0000 -1.9331 -0.0144 1.6787 -1.1095 
-1.9641 -0.2047 0.0000 -1.9340 -0.0155 1.6949 -1.1080 
-1.9634 -0.1900 0.0000 -1.9348 -0.0166 1.7112 -1.1064 
-1.9627 -0.1752 0.0000 -1.9355 -0.0176 1.7275 -1.1048 
-1.9621 -0.1602 0.0000 -1.9359 -0.0186 1.7438 -1.1032 
-1.9614 -0.1450 0.0000 -1.9363 -0.0196 1.7602 -1.1015 
-1.9607 -0.1296 0.0000 -1.9364 -0.0206 1.7766 -1.0998 
-1.9600 -0.1140 0.0000 -1.9364 -0.0216 1.7930 -1.0982 
-1.9593 -0.0982 0.0000 -1.9362 -0.0226 1.8095 -1.0965 
-1.9586 -0.0820 0.0000 -1.9359 -0.0235 1.8262 -1.0948 
-1.9579 -0.0656 0.0000 -1.9353 -0.0245 1.8429 -1.0931 
-1.9572 -0.0487 0.0000 -1.9345 -0.0254 1.8599 -1.0915 
-1.9565 -0.0312 0.0000 -1.9335 -0.0264 1.8771 -1.0898 
-1.9557 -0.0132 0.0000 -1.9322 -0.0273 1.8946 -1.0881 
-1.9550 0.0055 0.0000 -1.9306 -0.0282 1.9126 -1.0865 
-1.9542 0.0251 0.0000 -1.9287 -0.0291 1.9309 -1.0848 
-1.9535 0.0456 0.0000 -1.9264 -0.0300 1.9498 -1.0832 
-1.9527 0.0671 0.0000 -1.9236 -0.0309 1.9692 -1.0816 
-1.9519 0.0897 0.0000 -1.9204 -0.0317 1.9892 -1.0801 
-1.9511 0.1134 0.0000 -1.9168 -0.0325 2.0096 -1.0786 
-1.9504 0.1381 0.0000 -1.9126 -0.0332 2.0304 -1.0772 
-1.9496 0.1635 0.0000 -1.9080 -0.0339 2.0514 -1.0759 
-1.9489 0.1894 0.0000 -1.9030 -0.0345 2.0721 -1.0747 
-1.9482 0.2152 0.0000 -1.8976 -0.0350 2.0924 -1.0737 
-1.9476 0.2405 0.0000 -1.8920 -0.0354 2.1117 -1.0727 
-1.9471 0.2648 0.0000 -1.8864 -0.0357 2.1297 -1.0719 
-1.9466 0.2876 0.0000 -1.8808 -0.0360 2.1461 -1.0712 
-1.9462 0.3085 0.0000 -1.8753 -0.0362 2.1607 -1.0706 
-1.9458 0.3276 0.0000 -1.8700 -0.0363 2.1736 -1.0701 
-1.9455 0.3447 0.0000 -1.8650 -0.0364 2.1848 -1.0696 
-1.9452 0.3602 0.0000 -1.8602 -0.0365 2.1946 -1.0691 
-1.9449 0.3743 0.0000 -1.8555 -0.0367 2.2032 -1.0686 
-1.9447 0.3873 0.0000 -1.8509 -0.0368 2.2109 -1.0682 
-1.9444 0.3995 0.0000 -1.8464 -0.0370 2.2179 -1.0677 
-1.9442 0.4112 0.0000 -1.8418 -0.0372 2.2245 -1.0673 
-1.9439 0.4228 0.0000 -1.8371 -0.0375 2.2308 -1.0668 
-1.9436 0.4343 0.0000 -1.8321 -0.0378 2.2370 -1.0664 
-1.9433 0.4461 0.0000 -1.8269 -0.0381 2.2432 -1.0659 
-1.9429 0.4583 0.0000 -1.8213 -0.0384 2.2495 -1.0655 
-1.9426 0.4710 0.0000 -1.8154 -0.0388 2.2560 -1.0652 
-1.9422 0.4843 0.0000 -1.8089 -0.0393 2.2626 -1.0649 
-1.9418 0.4983 0.0000 -1.8019 -0.0397 2.2695 -1.0647 
-1.9413 0.5130 0.0000 -1.7943 -0.0402 2.2766 -1.0646 
-1.9409 0.5285 0.0000 -1.7861 -0.0407 2.2839 -1.0645 
-1.9404 0.5448 0.0000 -1.7772 -0.0412 2.2913 -1.0646 
-1.9398 0.5617 0.0000 -1.7676 -0.0418 2.2988 -1.0648 
-1.9393 0.5792 0.0000 -1.7573 -0.0424 2.3062 -1.0651 
-1.9388 0.5970 0.0000 -1.7465 -0.0430 2.3134 -1.0655 
-1.9383 0.6150 0.0000 -1.7351 -0.0436 2.3203 -1.0660 
-1.9378 0.6328 0.0000 -1.7232 -0.0442 2.3267 -1.0665 
-1.9373 0.6502 0.0000 -1.7112 -0.0448 2.3324 -1.0671 
-1.9369 0.6670 0.0000 -1.6990 -0.0453 2.3374 -1.0677 
-1.9365 0.6829 0.0000 -1.6869 -0.0459 2.3417 -1.0682 
-1.9362 0.6978 0.0000 -1.6749 -0.0464 2.3451 -1.0687 
-1.9359 0.7117 0.0000 -1.6633 -0.0469 2.3478 -1.0691 
-1.9358 0.7245 0.0000 -1.6519 -0.0474 2.3497 -1.0694 
-1.9356 0.7363 0.0000 -1.6410 -0.0478 2.3511 -1.0697 
-1.9355 0.7473 0.0000 -1.6306 -0.0482 2.3520 -1.0698 
-1.9355 0.7574 0.0000 -1.6205 -0.0486 2.3525 -1.0699 
-1.9355 0.7669 0.0000 -1.6108 -0.0490 2.3528 -1.0699 
-1.9355 0.7759 0.0000 -1.6015 -0.0493 2.3529 -1.0698 
-1.9356 0.7845 0.0000 -1.5926 -0.0496 2.3530 -1.0697 
-1.9357 0.7927 0.0000 -1.5841 -0.0499 2.3531 -1.0696 
-1.9358 0.8006 0.0000 -1.5759 -0.0502 2.3533 -1.0695 
-1.9359 0.8081 0.0000 -1.5682 -0.0504 2.3536 -1.0695 
-1.9361 0.8154 0.0000 -1.5609 -0.0506 2.3540 -1.0694 
-1.9362 0.8224 0.0000 -1.5540 -0.0508 2.3546 -1.0693 
-1.9364 0.8290 0.0000 -1.5477 -0.0509 2.3553 -1.0694 
-1.9366 0.8353 0.0000 -1.5419 -0.0510 2.3562 -1.0694 
-1.9368 0.8411 0.0000 -1.5367 -0.0511 2.3573 -1.0695 
-1.9370 0.8465 0.0000 -1.5320 -0.0512 2.3585 -1.0696 
-1.9372 0.8514 0.0000 -1.5280 -0.0512 2.3598 -1.0698 
-1.9375 0.8558 0.0000 -1.5246 -0.0512 2.3611 -1.0701 
-1.9377 0.8597 0.0000 -1.5218 -0.0512 2.3625 -1.0703 
-1.9379 0.8631 0.0000 -1.5195 -0.0512 2.3639 -1.0706 
-1.9381 0.8660 0.0000 -1.5176 -0.0512 2.3653 -1.0709 
-1.9383 0.8685 0.0000 -1.5162 -0.0512 2.3666 -1.0712 
-1.9385 0.8706 0.0000 -1.5151 -0.0512 2.3679 -1.0714 
-1.9387 0.8724 0.0000 -1.5143 -0.0512 2.3690 -1.0717 
-1.9388 0.8740 0.0000 -1.5137 -0.0512 2.3701 -1.0720 
-1.9389 0.8753 0.0000 -1.5132 -0.0512 2.3710 -1.0722 
-1.9390 0.8765 0.0000 -1.5127 -0.0512 2.3718 -1.0724 
-1.9391 0.8775 0.0000 -1.5123 -0.0513 2.3725 -1.0726 
-1.9392 0.8786 0.0000 -1.5118 -0.0513 2.3731 -1.0728 
-1.9392 0.8796 0.0000 -1.5113 -0.0514 2.3736 -1.0729 
-1.9393 0.8806 0.0000 -1.5107 -0.0515 2.3740 -1.0730 
-1.9393 0.8816 0.0000 -1.5100 -0.0516 2.3744 -1.0731 
-1.9393 0.8827 0.0000 -1.5092 -0.0517 2.3747 -1.0732 
-1.9393 0.8839 0.0000 -1.5083 -0.0518 2.3750 -1.0732 
-1.9392 0.8851 0.0000 -1.5074 -0.0519 2.3753 -1.0733 
-1.9392 0.8863 0.0000 -1.5064 -0.0520 2.3755 -1.0733 
-1.9391 0.8876 0.0000 -1.5053 -0.0522 2.3758 -1.0733 
-1.9390 0.8889 0.0000 -1.5042 -0.0523 2.3761 -1.0734 
-1.9390 0.8903 0.0000 -1.5030 -0.0524 2.3763 -1.0734 
-1.9389 0.8917 0.0000 -1.5018 -0.0525 2.3766 -1.0734 
-1.9388 0.8931 0.0000 -1.5006 -0.0527 2.3769 -1.0735 
-1.9386 0.8946 0.0000 -1.4994 -0.0528 2.3772 -1.0735 
-1.9385 0.8960 0.0000 -1.4982 -0.0529 2.3776 -1.0735 
-1.9384 0.8974 0.0000 -1.4970 -0.0530 2.3779 -1.0736 
-1.9383 0.8988 0.0000 -1.4958 -0.0531 2.3783 -1.0736 
-1.9382 0.9002 0.0000 -1.4947 -0.0532 2.3787 -1.0737 
-1.9380 0.9015 0.0000 -1.4937 -0.0533 2.3791 -1.0737 
-1.9379 0.9028 0.0000 -1.4927 -0.0533 2.3795 -1.0738 
-1.9378 0.9040 0.0000 -1.4917 -0.0534 2.3799 -1.0738 
-1.9377 0.9052 0.0000 -1.4908 -0.0535 2.3804 -1.0739 
-1.9376 0.9063 0.0000 -1.4900 -0.0535 2.3808 -1.0740 
-1.9375 0.9073 0.0000 -1.4892 -0.0535 2.3812 -1.0740 
-1.9374 0.9083 0.0000 -1.4886 -0.0536 2.3816 -1.0741 
-1.9373 0.9091 0.0000 -1.4879 -0.0536 2.3820 -1.0742 
-1.9372 0.9100 0.0000 -1.4874 -0.0536 2.3824 -1.0743 
-1.9372 0.9107 0.0000 -1.4869 -0.0536 2.3828 -1.0744 
-1.9371 0.9114 0.0000 -1.4865 -0.0536 2.3831 -1.0744 
-1.9370 0.9120 0.0000 -1.4861 -0.0537 2.3834 -1.0745 
-1.9370 0.9125 0.0000 -1.4857 -0.0537 2.3837 -1.0746 
-1.9370 0.9130 0.0000 -1.4854 -0.0537 2.3840 -1.0747 
-1.9370 0.9135 0.0000 -1.4852 -0.0537 2.3842 -1.0747 
-1.9369 0.9139 0.0000 -1.4849 -0.0537 2.3844 -1.0748 
-1.9369 0.9142 0.0000 -1.4847 -0.0536 2.3846 -1.0749 
-1.9369 0.9146 0.0000 -1.4845 -0.0536 2.3847 -1.0749 
-1.9369 0.9149 0.0000 -1.4843 -0.0536 2.3848 -1.0750 
-1.9370 0.9151 0.0000 -1.4842 -0.0536 2.3849 -1.0750 
-1.9370 0.9154 0.0000 -1.4840 -0.0536 2.3850 -1.0751 
-1.9370 0.9157 0.0000 -1.4839 -0.0536 2.3850 -1.0751 
-1.9370 0.9159 0.0000 -1.4837 -0.0536 2.3851 -1.0752 
-1.9370 0.9161 0.0000 -1.4836 -0.0536 2.3851 -1.0752 
-1.9371 0.9164 0.0000 -1.4834 -0.0536 2.3851 -1.0752 
-1.9371 0.9166 0.0000 -1.4832 -0.0536 2.3850 -1.0753 
-1.9371 0.9168 0.0000 -1.4831 -0.0536 2.3850 -1.0753 
-1.9371 0.9170 0.0000 -1.4829 -0.0536 2.3850 -1.0753 
-1.9371 0.9173 0.0000 -1.4827 -0.0536 2.3849 -1.0753 
-1.9372 0.9175 0.0000 -1.4825 -0.0536 2.3848 -1.0753 
-1.9372 0.9177 0.0000 -1.4823 -0.0536 2.3848 -1.0754 
-1.9372 0.9180 0.0000 -1.4821 -0.0536 2.3847 -1.0754 
-1.9372 0.9182 0.0000 -1.4819 -0.0536 2.3846 -1.0754 
-1.9372 0.9185 0.0000 -1.4817 -0.0536 2.3845 -1.0754 
-1.9372 0.9187 0.0000 -1.4815 -0.0536 2.3845 -1.0754 
-1.9372 0.9190 0.0000 -1.4813 -0.0536 2.3844 -1.0754 
-1.9372 0.9192 0.0000 -1.4811 -0.0536 2.3843 -1.0754 
-1.9372 0.9195 0.0000 -1.4809 -0.0536 2.3842 -1.0754 
-1.9372 0.9198 0.0000 -1.4806 -0.0535 2.3841 -1.0754 
-1.9372 0.9200 0.0000 -1.4804 -0.0535 2.3840 -1.0754 
-1.9372 0.9203 0.0000 -1.4802 -0.0535 2.3840 -1.0754 
-1.9372 0.9205 0.0000 -1.4800 -0.0535 2.3839 -1.0754 
-1.9372 0.9208 0.0000 -1.4797 -0.0535 2.3838 -1.0753 
-1.9371 0.9211 0.0000 -1.4795 -0.0535 2.3837 -1.0753 
-1.9371 0.9213 0.0000 -1.4793 -0.0535 2.3837 -1.0753 
-1.9371 0.9216 0.0000 -1.4791 -0.0535 2.3836 -1.0753 
-1.9370 0.9218 0.0000 -1.4789 -0.0534 2.3836 -1.0753 
-1.9370 0.9221 0.0000 -1.4787 -0.0534 2.3835 -1.0753 
-1.9370 0.9223 0.0000 -1.4784 -0.0534 2.3835 -1.0753 
-1.9369 0.9226 0.0000 -1.4782 -0.0534 2.3834 -1.0753 
-1.9369 0.9228 0.0000 -1.4781 -0.0533 2.3834 -1.0753 
-1.9368 0.9230 0.0000 -1.4779 -0.0533 2.3834 -1.0753 
-1.9368 0.9233 0.0000 -1.4777 -0.0533 2.3834 -1.0753 
-1.9367 0.9235 0.0000 -1.4775 -0.0533 2.3833 -1.0753 
-1.9367 0.9237 0.0000 -1.4773 -0.0532 2.3834 -1.0753 
-1.9366 0.9239 0.0000 -1.4772 -0.0532 2.3834 -1.0753 
-1.9366 0.9242 0.0000 -1.4770 -0.0532 2.3834 -1.0754 
-1.9365 0.9244 0.0000 -1.4769 -0.0532 2.3834 -1.0754 
-1.9365 0.9246 0.0000 -1.4767 -0.0531 2.3835 -1.0755 
-1.9364 0.9248 0.0000 -1.4766 -0.0531 2.3836 -1.0755 
-1.9364 0.9250 0.0000 -1.4765 -0.0531 2.3837 -1.0756 
-1.9363 0.9253 0.0000 -1.4763 -0.0530 2.3838 -1.0757 
-1.9363 0.9255 0.0000 -1.4762 -0.0530 2.3839 -1.0758 
-1.9363 0.9258 0.0000 -1.4761 -0.0530 2.3840 -1.0759 
-1.9362 0.9260 0.0000 -1.4759 -0.0530 2.3842 -1.0760 
-1.9362 0.9263 0.0000 -1.4758 -0.0529 2.3844 -1.0762 
-1.9362 0.9267 0.0000 -1.4756 -0.0529 2.3846 -1.0763 
-1.9362 0.9270 0.0000 -1.4755 -0.0529 2.3849 -1.0765 
-1.9363 0.9274 0.0000 -1.4753 -0.0529 2.3851 -1.0766 
-1.9363 0.9278 0.0000 -1.4751 -0.0529 2.3854 -1.0768 
-1.9363 0.9283 0.0000 -1.4749 -0.0529 2.3856 -1.0770 
-1.9364 0.9288 0.0000 -1.4747 -0.0529 2.3859 -1.0772 
-1.9365 0.9293 0.0000 -1.4745 -0.0529 2.3862 -1.0773 
-1.9366 0.9299 0.0000 -1.4742 -0.0529 2.3865 -1.0775 
-1.9367 0.9305 0.0000 -1.4739 -0.0529 2.3868 -1.0776 
-1.9368 0.9311 0.0000 -1.4736 -0.0529 2.3870 -1.0777 
-1.9369 0.9318 0.0000 -1.4732 -0.0529 2.3873 -1.0777 
-1.9370 0.9324 0.0000 -1.4728 -0.0529 2.3875 -1.0777 
-1.9372 0.9331 0.0000 -1.4724 -0.0530 2.3876 -1.0777 
-1.9373 0.9339 0.0000 -1.4720 -0.0530 2.3878 -1.0776 
-1.9375 0.9346 0.0000 -1.4716 -0.0530 2.3879 -1.0775 
-1.9376 0.9353 0.0000 -1.4712 -0.0530 2.3880 -1.0773 
-1.9377 0.9359 0.0000 -1.4707 -0.0530 2.3880 -1.0770 
-1.9379 0.9366 0.0000 -1.4703 -0.0531 2.3879 -1.0767 
-1.9380 0.9372 0.0000 -1.4698 -0.0531 2.3879 -1.0764 
-1.9381 0.9378 0.0000 -1.4694 -0.0531 2.3878 -1.0760 
-1.9382 0.9383 0.0000 -1.4690 -0.0531 2.3876 -1.0756 
-1.9382 0.9388 0.0000 -1.4686 -0.0531 2.3875 -1.0751 
-1.9383 0.9392 0.0000 -1.4682 -0.0531 2.3872 -1.0746 
-1.9383 0.9396 0.0000 -1.4679 -0.0531 2.3870 -1.0740 
-1.9384 0.9399 0.0000 -1.4676 -0.0531 2.3868 -1.0734 
-1.9384 0.9401 0.0000 -1.4673 -0.0531 2.3865 -1.0727 
-1.9383 0.9403 0.0000 -1.4671 -0.0531 2.3862 -1.0719 
-1.9383 0.9405 0.0000 -1.4669 -0.0530 2.3859 -1.0711 
-1.9383 0.9405 0.0000 -1.4667 -0.0530 2.3857 -1.0701 
-1.9382 0.9405 0.0000 -1.4666 -0.0530 2.3854 -1.0691 
-1.9382 0.9405 0.0000 -1.4665 -0.0530 2.3851 -1.0678 
-1.9381 0.9405 0.0000 -1.4665 -0.0529 2.3849 -1.0664 
-1.9380 0.9404 0.0000 -1.4665 -0.0529 2.3847 -1.0647 
-1.9379 0.9403 0.0000 -1.4665 -0.0528 2.3845 -1.0627 
-1.9379 0.9402 0.0000 -1.4665 -0.0527 2.3843 -1.0603 
-1.9378 0.9401 0.0000 -1.4665 -0.0526 2.3842 -1.0576 
-1.9377 0.9400 0.0000 -1.4665 -0.0525 2.3841 -1.0544 
-1.9377 0.9400 0.0000 -1.4665 -0.0524 2.3840 -1.0506 
-1.9377 0.9401 0.0000 -1.4665 -0.0523 2.3839 -1.0463 
-1.9377 0.9401 0.0000 -1.4664 -0.0521 2.3839 -1.0412 
-1.9377 0.9403 0.0000 -1.4663 -0.0519 2.3839 -1.0355 
-1.9377 0.9405 0.0000 -1.4662 -0.0517 2.3838 -1.0291 
-1.9378 0.9408 0.0000 -1.4660 -0.0515 2.3838 -1.0218 
-1.9379 0.9412 0.0000 -1.4658 -0.0512 2.3838 -1.0138 
-1.9380 0.9417 0.0000 -1.4655 -0.0510 2.3838 -1.0050 
-1.9381 0.9423 0.0000 -1.4652 -0.0507 2.3838 -0.9954 
-1.9383 0.9429 0.0000 -1.4648 -0.0503 2.3838 -0.9850 
-1.9385 0.9436 0.0000 -1.4644 -0.0499 2.3838 -0.9738 
-1.9387 0.9444 0.0000 -1.4639 -0.0495 2.3838 -0.9620 
-1.9389 0.9451 0.0000 -1.4635 -0.0491 2.3837 -0.9495 
-1.9391 0.9460 0.0000 -1.4629 -0.0487 2.3837 -0.9364 
-1.9394 0.9468 0.0000 -1.4624 -0.0482 2.3836 -0.9228 
-1.9396 0.9477 0.0000 -1.4619 -0.0477 2.3836 -0.9087 
-1.9398 0.9485 0.0000 -1.4613 -0.0472 2.3835 -0.8942 
-1.9401 0.9494 0.0000 -1.4608 -0.0466 2.3834 -0.8793 
-1.9403 0.9502 0.0000 -1.4602 -0.0460 2.3834 -0.8641 
-1.9406 0.9511 0.0000 -1.4597 -0.0454 2.3833 -0.8487 
-1.9408 0.9519 0.0000 -1.4592 -0.0448 2.3832 -0.8331 
-1.9410 0.9526 0.0000 -1.4587 -0.0442 2.3831 -0.8174 
-1.9412 0.9533 0.0000 -1.4582 -0.0436 2.3831 -0.8017 
-1.9415 0.9540 0.0000 -1.4578 -0.0430 2.3830 -0.7859 
-1.9417 0.9547 0.0000 -1.4573 -0.0423 2.3829 -0.7702 
-1.9419 0.9553 0.0000 -1.4569 -0.0417 2.3828 -0.7545 
-1.9420 0.9558 0.0000 -1.4566 -0.0410 2.3828 -0.7389 
-1.9422 0.9564 0.0000 -1.4563 -0.0404 2.3827 -0.7235 
-1.9424 0.9568 0.0000 -1.4560 -0.0397 2.3827 -0.7083 
-1.9425 0.9573 0.0000 -1.4557 -0.0391 2.3826 -0.6934 
-1.9427 0.9576 0.0000 -1.4555 -0.0384 2.3826 -0.6786 
-1.9428 0.9580 0.0000 -1.4553 -0.0378 2.3826 -0.6642 
-1.9429 0.9583 0.0000 -1.4551 -0.0371 2.3825 -0.6500 
-1.9430 0.9585 0.0000 -1.4549 -0.0365 2.3825 -0.6361 
-1.9431 0.9587 0.0000 -1.4548 -0.0358 2.3825 -0.6226 
-1.9432 0.9589 0.0000 -1.4547 -0.0352 2.3825 -0.6093 
-1.9433 0.9590 0.0000 -1.4547 -0.0346 2.3825 -0.5964 
-1.9433 0.9591 0.0000 -1.4546 -0.0340 2.3825 -0.5837 
-1.9434 0.9592 0.0000 -1.4546 -0.0334 2.3825 -0.5713 
-1.9434 0.9592 0.0000 -1.4546 -0.0328 2.3824 -0.5591 
-1.9435 0.9592 0.0000 -1.4546 -0.0321 2.3824 -0.5470 
-1.9435 0.9592 0.0000 -1.4546 -0.0315 2.3824 -0.5350 
-1.9436 0.9592 0.0000 -1.4547 -0.0309 2.3824 -0.5229 
-1.9436 0.9592 0.0000 -1.4547 -0.0302 2.3824 -0.5106 
-1.9437 0.9592 0.0000 -1.4547 -0.0295 2.3823 -0.4980 
-1.9437 0.9592 0.0000 -1.4547 -0.0288 2.3823 -0.4849 
-1.9438 0.9593 0.0000 -1.4547 -0.0281 2.3822 -0.4711 
-1.9439 0.9594 0.0000 -1.4546 -0.0273 2.3822 -0.4565 
-1.9440 0.9595 0.0000 -1.4545 -0.0264 2.3821 -0.4407 
-1.9441 0.9597 0.0000 -1.4543 -0.0255 2.3820 -0.4237 
-1.9442 0.9601 0.0000 -1.4541 -0.0245 2.3818 -0.4053 
-1.9444 0.9605 0.0000 -1.4539 -0.0234 2.3817 -0.3854 
-1.9446 0.9610 0.0000 -1.4535 -0.0223 2.3815 -0.3639 
-1.9448 0.9616 0.0000 -1.4531 -0.0210 2.3813 -0.3408 
-1.9450 0.9623 0.0000 -1.4526 -0.0197 2.3811 -0.3163 
-1.9453 0.9630 0.0000 -1.4521 -0.0184 2.3808 -0.2905 
-1.9456 0.9639 0.0000 -1.4515 -0.0170 2.3806 -0.2636 
-1.9459 0.9648 0.0000 -1.4508 -0.0155 2.3804 -0.2360 
-1.9462 0.9658 0.0000 -1.4501 -0.0141 2.3802 -0.2080 
-1.9465 0.9668 0.0000 -1.4495 -0.0126 2.3800 -0.1799 
-1.9468 0.9678 0.0000 -1.4488 -0.0112 2.3798 -0.1520 
-1.9471 0.9688 0.0000 -1.4481 -0.0098 2.3796 -0.1247 
-1.9474 0.9698 0.0000 -1.4474 -0.0085 2.3795 -0.0981 
-1.9476 0.9708 0.0000 -1.4468 -0.0072 2.3794 -0.0725 
-1.9479 0.9717 0.0000 -1.4462 -0.0059 2.3793 -0.0480 
-1.9481 0.9725 0.0000 -1.4456 -0.0048 2.3792 -0.0248 
-1.9483 0.9733 0.0000 -1.4451 -0.0036 2.3792 -0.0028 
-1.9485 0.9740 0.0000 -1.4446 -0.0026 2.3791 0.0180 
-1.9487 0.9747 0.0000 -1.4442 -0.0016 2.3792 0.0375 
-1.9489 0.9753 0.0000 -1.4438 -0.0007 2.3792 0.0558 
-1.9490 0.9759 0.0000 -1.4435 0.0002 2.3793 0.0730 
-1.9492 0.9764 0.0000 -1.4431 0.0010 2.3793 0.0891 
-1.9493 0.9768 0.0000 -1.4429 0.0018 2.3795 0.1042 
-1.9494 0.9772 0.0000 -1.4426 0.0025 2.3796 0.1185 
-1.9495 0.9776 0.0000 -1.4424 0.0032 2.3797 0.1319 
-1.9495 0.9779 0.0000 -1.4422 0.0039 2.3799 0.1445 
-1.9496 0.9782 0.0000 -1.4420 0.0045 2.3801 0.1565 
-1.9496 0.9785 0.0000 -1.4419 0.0052 2.3803 0.1680 
-1.9497 0.9787 0.0000 -1.4418 0.0057 2.3805 0.1789 
-1.9497 0.9789 0.0000 -1.4416 0.0063 2.3808 0.1895 
-1.9498 0.9791 0.0000 -1.4415 0.0069 2.3811 0.1997 
-1.9498 0.9793 0.0000 -1.4414 0.0074 2.3814 0.2097 
-1.9498 0.9795 0.0000 -1.4413 0.0080 2.3817 0.2195 
-1.9498 0.9797 0.0000 -1.4412 0.0085 2.3820 0.2292 
-1.9499 0.9798 0.0000 -1.4411 0.0090 2.3824 0.2389 
-1.9499 0.9800 0.0000 -1.4410 0.0096 2.3827 0.2486 
-1.9499 0.9803 0.0000 -1.4408 0.0101 2.3831 0.2584 
-1.9500 0.9805 0.0000 -1.4407 0.0107 2.3835 0.2682 
-1.9500 0.9807 0.0000 -1.4405 0.0112 2.3838 0.2781 
-1.9500 0.9810 0.0000 -1.4403 0.0117 2.3842 0.2880 
-1.9501 0.9813 0.0000 -1.4401 0.0123 2.3845 0.2979 
-1.9502 0.9816 0.0000 -1.4399 0.0128 2.3848 0.3077 
-1.9502 0.9819 0.0000 -1.4396 0.0133 2.3851 0.3173 
-1.9503 0.9822 0.0000 -1.4394 0.0138 2.3853 0.3266 
-1.9504 0.9826 0.0000 -1.4391 0.0142 2.3855 0.3355 
-1.9504 0.9829 0.0000 -1.4389 0.0147 2.3857 0.3440 
-1.9505 0.9832 0.0000 -1.4386 0.0151 2.3858 0.3519 
-1.9506 0.9835 0.0000 -1.4384 0.0154 2.3858 0.3593 
-1.9507 0.9838 0.0000 -1.4382 0.0157 2.3858 0.3661 
-1.9507 0.9841 0.0000 -1.4380 0.0160 2.3858 0.3723 
-1.9508 0.9844 0.0000 -1.4378 0.0163 2.3858 0.3780 
-1.9509 0.9846 0.0000 -1.4376 0.0166 2.3857 0.3831 
-1.9509 0.9848 0.0000 -1.4375 0.0168 2.3856 0.3876 
-1.9510 0.9850 0.0000 -1.4373 0.0170 2.3855 0.3917 
-1.9510 0.9852 0.0000 -1.4372 0.0171 2.3854 0.3954 
-1.9511 0.9853 0.0000 -1.4371 0.0173 2.3853 0.3986 
-1.9511 0.9855 0.0000 -1.4370 0.0174 2.3851 0.4015 
-1.9511 0.9856 0.0000 -1.4369 0.0175 2.3850 0.4041 
-1.9512 0.9857 0.0000 -1.4369 0.0176 2.3848 0.4064 
-1.9512 0.9858 0.0000 -1.4368 0.0177 2.3847 0.4084 
-1.9512 0.9858 0.0000 -1.4368 0.0178 2.3845 0.4102 
-1.9512 0.9859 0.0000 -1.4367 0.0179 2.3844 0.4117 
-1.9513 0.9860 0.0000 -1.4367 0.0179 2.3842 0.4131 
-1.9513 0.9860 0.0000 -1.4367 0.0180 2.3840 0.4143 
-1.9513 0.9860 0.0000 -1.4366 0.0180 2.3839 0.4153 
-1.9513 0.9861 0.0000 -1.4366 0.0181 2.3837 0.4162 
-1.9513 0.9861 0.0000 -1.4366 0.0181 2.3835 0.4170 
-1.9513 0.9861 0.0000 -1.4366 0.0181 2.3834 0.4176 
-1.9513 0.9861 0.0000 -1.4366 0.0181 2.3832 0.4182 
-1.9513 0.9861 0.0000 -1.4366 0.0182 2.3831 0.4186 
-1.9513 0.9861 0.0000 -1.4366 0.0182 2.3829 0.4189 
-1.9513 0.9861 0.0000 -1.4366 0.0182 2.3827 0.4191 
-1.9513 0.9861 0.0000 -1.4366 0.0182 2.3826 0.4193 
-1.9513 0.9861 0.0000 -1.4366 0.0182 2.3824 0.4193 
-1.9513 0.9861 0.0000 -1.4366 0.0182 2.3823 0.4192 
-1.9513 0.9861 0.0000 -1.4367 0.0182 2.3821 0.4191 
-1.9513 0.9861 0.0000 -1.4367 0.0182 2.3820 0.4188 
-1.9513 0.9861 0.0000 -1.4367 0.0181 2.3818 0.4185 
-1.9513 0.9860 0.0000 -1.4367 0.0181 2.3816 0.4181 
-1.9513 0.9860 0.0000 -1.4368 0.0181 2.3815 0.4176 
-1.9513 0.9860 0.0000 -1.4368 0.0181 2.3813 0.4169 
-1.9513 0.9859 0.0000 -1.4368 0.0180 2.3812 0.4162 
-1.9513 0.9859 0.0000 -1.4369 0.0180 2.3810 0.4153 
