-2.01841 -0.202412 -0.0122796 -1.74357 -0.0553282 1.55885 -1.28381 
-2.0184 -0.202397 -0.0122671 -1.74358 -0.0553288 1.55885 -1.28382 
-2.01837 -0.202391 -0.0122464 -1.74358 -0.0553282 1.55885 -1.28381 
-2.01836 -0.202389 -0.0122399 -1.74358 -0.05533 1.55885 -1.28381 
-2.01836 -0.202388 -0.012238 -1.74358 -0.05533 1.55885 -1.28381 
-2.01835 -0.202388 -0.0122262 -1.74358 -0.05533 1.55885 -1.28381 
-2.01834 -0.202386 -0.0122151 -1.74358 -0.0553293 1.55885 -1.28381 
-2.01836 -0.202384 -0.0122376 -1.74357 -0.0553294 1.55885 -1.28381 
-2.01838 -0.202382 -0.0122514 -1.74357 -0.0553307 1.55885 -1.28381 
-2.01838 -0.202389 -0.0122543 -1.74356 -0.0553288 1.55886 -1.28381 
-2.0184 -0.202395 -0.0122599 -1.74356 -0.0553288 1.55885 -1.28381 
-2.01839 -0.202386 -0.0122544 -1.74357 -0.0553283 1.55885 -1.28382 
-2.0184 -0.202389 -0.0122679 -1.74355 -0.0553277 1.55885 -1.28381 
-2.01843 -0.202395 -0.0122924 -1.74354 -0.05533 1.55886 -1.28382 
-2.01842 -0.202393 -0.0122802 -1.74355 -0.0553307 1.55885 -1.28382 
-2.01843 -0.202399 -0.0122944 -1.74354 -0.0553319 1.55886 -1.28381 
-2.01843 -0.202394 -0.0122834 -1.74355 -0.0553307 1.55885 -1.28382 
-2.01843 -0.202395 -0.012285 -1.74355 -0.0553307 1.55886 -1.28381 
-2.01844 -0.202398 -0.0122987 -1.74354 -0.0553319 1.55886 -1.28381 
-2.01847 -0.202386 -0.0123194 -1.74355 -0.0553333 1.55886 -1.28381 
-2.01843 -0.202361 -0.0122944 -1.74357 -0.0553293 1.55886 -1.28382 
-2.01844 -0.202297 -0.0122982 -1.74362 -0.0553313 1.55885 -1.28382 
-2.01862 -0.202238 -0.0121767 -1.74194 -0.055309 1.55886 -1.28381 
-2.01861 -0.202084 -0.0120646 -1.73896 -0.0552748 1.55886 -1.2838 
-2.01848 -0.199025 -0.0120105 -1.74294 -0.0552432 1.5589 -1.28327 
-2.01821 -0.189141 -0.0118918 -1.74959 -0.0552419 1.56379 -1.28045 
-2.01506 -0.169625 -0.0117783 -1.75065 -0.0552611 1.56733 -1.27503 
-2.01018 -0.1424 -0.01166 -1.75067 -0.0552767 1.56904 -1.26348 
-2.00343 -0.1102 -0.0116168 -1.75106 -0.0552873 1.58397 -1.25051 
-1.99565 -0.0762443 -0.0116192 -1.75525 -0.0552733 1.6373 -1.24624 
-1.98723 -0.043521 -0.011585 -1.76416 -0.0552635 1.69189 -1.21685 
-1.97713 -0.010466 -0.0115815 -1.77025 -0.0552672 1.72988 -1.17799 
-1.96568 0.0218501 -0.0116048 -1.77275 -0.0552659 1.76174 -1.15125 
-1.95463 0.0547333 -0.0116022 -1.77507 -0.0552626 1.79036 -1.13097 
-1.94651 0.0904106 -0.0116078 -1.77664 -0.0552493 1.82888 -1.11938 
-1.94147 0.128379 -0.0116166 -1.77807 -0.0551431 1.87703 -1.10969 
-1.93694 0.167114 -0.011602 -1.78115 -0.0550756 1.92584 -1.09074 
-1.93239 0.206459 -0.0115982 -1.78698 -0.0549029 1.97217 -1.07976 
-1.92701 0.24733 -0.0115938 -1.79005 -0.0547775 2.0245 -1.06279 
-1.9211 0.291845 -0.0116028 -1.79034 -0.0547269 2.07514 -1.05345 
-1.91722 0.332856 -0.0116055 -1.79034 -0.0544737 2.1161 -1.03792 
-1.9131 0.370834 -0.0116006 -1.79014 -0.0544506 2.15726 -1.02132 
-1.90918 0.407576 -0.0116148 -1.7896 -0.05444 2.20028 -1.01394 
-1.90737 0.444481 -0.0116244 -1.78861 -0.0543604 2.24274 -1.00026 
-1.90792 0.482929 -0.0118422 -1.78588 -0.054355 2.28161 -0.991901 
-1.91016 0.522711 -0.0119209 -1.78003 -0.0543576 2.31946 -0.991457 
-1.91243 0.560805 -0.0119245 -1.7665 -0.0543764 2.35743 -0.991492 
-1.91345 0.595676 -0.0119418 -1.74799 -0.0543712 2.37235 -0.991524 
-1.91398 0.625643 -0.0120133 -1.72832 -0.0544135 2.37237 -0.993696 
-1.91463 0.652508 -0.0120822 -1.70661 -0.0544907 2.37241 -1.0023 
-1.91488 0.679643 -0.0120819 -1.68185 -0.054508 2.37241 -1.0251 
-1.91505 0.707366 -0.0121034 -1.6555 -0.0545229 2.37242 -1.02893 
-1.91548 0.733765 -0.0121255 -1.6315 -0.0545587 2.37245 -1.03436 
-1.91659 0.759164 -0.0121612 -1.60907 -0.054572 2.37247 -1.04481 
-1.91817 0.782901 -0.0121624 -1.58753 -0.0545778 2.3725 -1.05804 
-1.91946 0.803437 -0.0122288 -1.5669 -0.0545818 2.37251 -1.07462 
-1.92094 0.820036 -0.0122379 -1.55118 -0.054596 2.37251 -1.08373 
-1.92279 0.83339 -0.0122411 -1.54323 -0.0545932 2.37419 -1.08607 
-1.9242 0.84364 -0.012221 -1.53776 -0.0544055 2.37544 -1.08563 
-1.92474 0.854714 -0.012214 -1.52867 -0.0541701 2.37846 -1.07568 
-1.92561 0.864593 -0.0122114 -1.51889 -0.0540914 2.37864 -1.06839 
-1.9267 0.874665 -0.0122097 -1.50953 -0.0539148 2.37867 -1.0623 
-1.92741 0.880999 -0.012213 -1.50579 -0.0535822 2.37872 -1.0589 
-1.92757 0.883084 -0.0122167 -1.5055 -0.0534164 2.37874 -1.05311 
-1.92788 0.884294 -0.0122183 -1.50546 -0.0532963 2.37878 -1.05234 
-1.92836 0.886543 -0.0122182 -1.50533 -0.0533094 2.38855 -1.05229 
-1.92816 0.89112 -0.012175 -1.50525 -0.0534113 2.41584 -1.05307 
-1.92798 0.893917 -0.0120499 -1.50535 -0.0535107 2.41969 -1.06236 
-1.92654 0.894233 -0.0118262 -1.50527 -0.0534944 2.41964 -1.07075 
-1.92444 0.894298 -0.0118007 -1.5053 -0.0534944 2.41956 -1.07407 
-1.92344 0.894379 -0.0117753 -1.50534 -0.0534957 2.41949 -1.082 
-1.92298 0.894895 -0.0117274 -1.50653 -0.0535018 2.41904 -1.08876 
-1.92209 0.896181 -0.0117145 -1.50706 -0.0535111 2.41905 -1.09511 
-1.92223 0.896485 -0.011757 -1.50695 -0.053486 2.41907 -1.09731 
-1.92243 0.897509 -0.0117284 -1.50697 -0.0534319 2.41908 -1.09728 
-1.92217 0.89965 -0.0116463 -1.50672 -0.0531985 2.41911 -1.09527 
-1.92222 0.901068 -0.0116821 -1.50636 -0.0523864 2.41912 -1.09232 
-1.92272 0.901091 -0.0117047 -1.50582 -0.0517517 2.41913 -1.09149 
-1.92237 0.901474 -0.0116536 -1.5056 -0.0514985 2.41914 -1.08479 
-1.92211 0.902628 -0.0116621 -1.50548 -0.0514877 2.41916 -1.08245 
-1.92233 0.903923 -0.0116894 -1.50502 -0.0514964 2.41916 -1.08232 
-1.92229 0.904819 -0.0116698 -1.50476 -0.0514832 2.41918 -1.08224 
-1.92212 0.905543 -0.0116423 -1.50427 -0.0514836 2.4192 -1.08208 
-1.92175 0.906856 -0.011609 -1.50326 -0.0514577 2.41956 -1.08173 
-1.92134 0.90941 -0.0115841 -1.50017 -0.0514313 2.41956 -1.08086 
-1.92063 0.911228 -0.0115467 -1.49784 -0.0513286 2.41955 -1.0784 
-1.92088 0.913024 -0.0116967 -1.49776 -0.0513856 2.41955 -1.07848 
-1.92134 0.914655 -0.0117298 -1.49629 -0.0515545 2.41956 -1.08088 
-1.92127 0.915026 -0.0117266 -1.49512 -0.0516806 2.41955 -1.08457 
-1.92144 0.916038 -0.0118241 -1.49449 -0.0517374 2.41955 -1.09193 
-1.9219 0.917323 -0.01184 -1.49312 -0.0517361 2.41955 -1.09692 
-1.92188 0.91934 -0.0118169 -1.49176 -0.051746 2.41955 -1.09817 
-1.9222 0.922255 -0.0118608 -1.48933 -0.0517416 2.41955 -1.09949 
-1.92221 0.923674 -0.0118572 -1.48839 -0.0517297 2.41955 -1.0995 
-1.92235 0.925207 -0.0118555 -1.48795 -0.0517083 2.41956 -1.09949 
-1.92275 0.929475 -0.0118669 -1.4871 -0.0516731 2.41957 -1.09948 
-1.92286 0.934487 -0.0118169 -1.48618 -0.0515849 2.42184 -1.09945 
-1.92303 0.939259 -0.0118379 -1.4836 -0.0514818 2.42624 -1.09934 
-1.92383 0.945384 -0.0118358 -1.47991 -0.0513265 2.42688 -1.09923 
-1.92476 0.95355 -0.0117477 -1.47404 -0.0509745 2.42824 -1.09861 
-1.92509 0.958501 -0.0117081 -1.47175 -0.0495135 2.43014 -1.09854 
-1.92516 0.960096 -0.0117021 -1.47137 -0.0483183 2.43185 -1.09853 
-1.92511 0.961887 -0.0116732 -1.4709 -0.0481043 2.43313 -1.09852 
-1.92499 0.963816 -0.0116525 -1.4707 -0.0480302 2.43597 -1.09849 
-1.9252 0.965783 -0.0116842 -1.46954 -0.0479776 2.43695 -1.09816 
-1.92525 0.968804 -0.0116718 -1.46734 -0.047926 2.43703 -1.09812 
-1.92541 0.971917 -0.0117037 -1.46478 -0.0478941 2.43705 -1.09811 
-1.92597 0.972657 -0.0116949 -1.46401 -0.047873 2.43706 -1.09811 
-1.92609 0.972999 -0.0116702 -1.46401 -0.0476006 2.43706 -1.09811 
-1.92633 0.973399 -0.0116234 -1.46405 -0.0460856 2.43706 -1.09811 
-1.92649 0.973646 -0.0115582 -1.46406 -0.0432464 2.43706 -1.09812 
-1.92658 0.97373 -0.0115316 -1.46407 -0.0424347 2.43705 -1.09813 
-1.92665 0.973753 -0.0114742 -1.46411 -0.040616 2.43702 -1.09813 
-1.92666 0.973758 -0.0114748 -1.46416 -0.0378096 2.43701 -1.09813 
-1.92664 0.973781 -0.01148 -1.46415 -0.03092 2.437 -1.09286 
-1.92611 0.973778 -0.0114732 -1.46416 -0.028378 2.43698 -1.06685 
-1.92558 0.973774 -0.0114769 -1.46417 -0.0283592 2.43696 -1.04154 
-1.9254 0.973768 -0.0114816 -1.46416 -0.0283536 2.43696 -1.00944 
-1.92567 0.973763 -0.0115355 -1.46416 -0.0283422 2.43695 -0.975963 
-1.92632 0.973751 -0.0115781 -1.46415 -0.0283368 2.43693 -0.940619 
-1.92658 0.973743 -0.0116893 -1.46415 -0.0283432 2.43681 -0.9021 
-1.92713 0.973717 -0.0117411 -1.46414 -0.0283345 2.43671 -0.858507 
-1.92773 0.973715 -0.0117416 -1.46412 -0.0283176 2.43663 -0.805076 
-1.92793 0.973685 -0.011753 -1.46411 -0.0283195 2.43631 -0.744715 
-1.92795 0.973535 -0.0117347 -1.46411 -0.0283068 2.43498 -0.680169 
-1.9288 0.973473 -0.0117239 -1.46401 -0.0282615 2.43439 -0.619799 
-1.92985 0.973475 -0.0116982 -1.46401 -0.0282307 2.43431 -0.568941 
-1.93055 0.973482 -0.0116921 -1.46402 -0.0280508 2.43428 -0.517969 
-1.93087 0.973475 -0.0117112 -1.46402 -0.0280056 2.43392 -0.457866 
-1.93074 0.973448 -0.0116173 -1.464 -0.0280249 2.43344 -0.387877 
-1.93071 0.973435 -0.0115839 -1.46401 -0.0280085 2.43343 -0.324757 
-1.93127 0.97339 -0.0116339 -1.46404 -0.027987 2.43314 -0.260639 
-1.93178 0.973345 -0.0116348 -1.46404 -0.027973 2.43279 -0.212997 
-1.93209 0.973337 -0.0116823 -1.46404 -0.0279258 2.43278 -0.177854 
-1.93207 0.973305 -0.0115453 -1.46405 -0.0278449 2.43254 -0.130731 
-1.93111 0.973234 -0.0113672 -1.46405 -0.0274064 2.43187 -0.076892 
-1.9297 0.973218 -0.0112685 -1.46405 -0.0272328 2.43181 -0.0230861 
-1.92854 0.973191 -0.0111593 -1.46407 -0.0269318 2.43178 0.0311006 
-1.92673 0.973167 -0.0110694 -1.46411 -0.026419 2.43177 0.0796787 
-1.92434 0.9731 -0.0110515 -1.46418 -0.0244723 2.4318 0.122905 
-1.92385 0.973112 -0.0110838 -1.46414 -0.0204917 2.43182 0.16542 
-1.92446 0.973135 -0.011171 -1.46405 -0.016882 2.43184 0.199528 
-1.92485 0.973148 -0.0111896 -1.46405 -0.0158182 2.43183 0.230167 
-1.92542 0.973152 -0.0111903 -1.46402 -0.0143395 2.43185 0.261869 
-1.92607 0.973162 -0.0111933 -1.464 -0.0124944 2.43187 0.293473 
-1.9266 0.973185 -0.0112046 -1.46396 -0.0103455 2.43188 0.322326 
-1.92711 0.97338 -0.0112286 -1.46368 -0.00828427 2.43242 0.355905 
-1.92736 0.973385 -0.0112 -1.46369 -0.00756805 2.4324 0.384955 
-1.92724 0.973388 -0.0111775 -1.46369 -0.00710755 2.43241 0.414711 
-1.92695 0.974441 -0.0110812 -1.46208 -0.00685646 2.43436 0.436255 
-1.927 0.974448 -0.0110879 -1.46205 -0.00638052 2.43437 0.438632 
-1.9271 0.974458 -0.0110938 -1.46205 -0.00593571 2.4344 0.441804 
-1.92715 0.974461 -0.0110914 -1.46205 -0.0057779 2.43444 0.443568 
-1.92711 0.974454 -0.0111207 -1.46205 -0.00584289 2.43443 0.44354 
-1.92697 0.974375 -0.0112615 -1.46201 -0.00612997 2.43439 0.441627 
-1.92691 0.974235 -0.0112776 -1.46203 -0.0063194 2.43433 0.441582 
-1.92685 0.97414 -0.0112905 -1.46206 -0.00659767 2.43428 0.441546 
-1.92686 0.974128 -0.0113058 -1.46205 -0.00659771 2.43428 0.441539 
-1.92686 0.974121 -0.0113073 -1.46205 -0.00659988 2.43428 0.441535 
-1.92687 0.974094 -0.011312 -1.46205 -0.00659927 2.43428 0.441535 
-1.92687 0.974089 -0.011313 -1.46205 -0.00659866 2.43428 0.441537 
-1.92687 0.974084 -0.0113212 -1.46205 -0.00660049 2.43428 0.441538 
-1.92687 0.97409 -0.0113196 -1.46205 -0.00659927 2.43428 0.441535 
-1.92688 0.974074 -0.0113239 -1.46205 -0.00659794 2.43428 0.441538 
-1.92688 0.974069 -0.011323 -1.46205 -0.00659992 2.43428 0.441534 
-1.92687 0.974069 -0.0113211 -1.46205 -0.00659988 2.43428 0.441535 
-1.92686 0.974077 -0.0113244 -1.46205 -0.00659938 2.43428 0.441532 
