-1.41021 -0.303489 -0.0147645 -1.71295 -0.0418451 1.42816 2.48325 
-1.41021 -0.303488 -0.0147652 -1.71294 -0.0418465 1.42816 2.48325 
-1.41021 -0.303489 -0.0147645 -1.71295 -0.0418465 1.42816 2.48326 
-1.41021 -0.303487 -0.0147671 -1.71294 -0.0418465 1.42816 2.48325 
-1.41022 -0.303486 -0.0147688 -1.71295 -0.0418471 1.42816 2.48326 
-1.41021 -0.303487 -0.0147669 -1.71294 -0.0418451 1.42816 2.48326 
-1.41021 -0.303489 -0.0147652 -1.71294 -0.0418458 1.42816 2.48326 
-1.41021 -0.303487 -0.014763 -1.71294 -0.0418465 1.42816 2.48325 
-1.41022 -0.303493 -0.0147644 -1.71294 -0.0418451 1.42816 2.48326 
-1.41022 -0.303487 -0.0147635 -1.71295 -0.0418465 1.42816 2.48326 
-1.41021 -0.303489 -0.0147671 -1.71294 -0.0418465 1.42816 2.48326 
-1.41021 -0.303486 -0.0147652 -1.71294 -0.0418465 1.42816 2.48326 
-1.41021 -0.303491 -0.0147651 -1.71294 -0.0418458 1.42816 2.48326 
-1.41022 -0.303487 -0.0147632 -1.71294 -0.0418458 1.42816 2.48326 
-1.41021 -0.303484 -0.0147635 -1.71294 -0.0418451 1.42816 2.48326 
-1.41021 -0.303487 -0.0147652 -1.71294 -0.0418458 1.42816 2.48326 
-1.41022 -0.303489 -0.0147671 -1.71294 -0.0418465 1.42816 2.48326 
-1.41021 -0.303486 -0.0147652 -1.71294 -0.0418451 1.42816 2.48326 
-1.41021 -0.303489 -0.0147649 -1.71294 -0.0418458 1.42816 2.48326 
-1.41022 -0.303489 -0.0147635 -1.71294 -0.0418451 1.42816 2.48326 
-1.41021 -0.303488 -0.0147652 -1.71295 -0.0418458 1.42816 2.48326 
-1.41021 -0.303489 -0.0147652 -1.71294 -0.0418458 1.42816 2.48326 
-1.41021 -0.303486 -0.0147671 -1.71294 -0.0418471 1.42816 2.48326 
-1.41021 -0.303486 -0.0147671 -1.71295 -0.0418458 1.42816 2.48326 
-1.41021 -0.303489 -0.0147635 -1.71294 -0.0418467 1.42816 2.48325 
-1.41021 -0.303489 -0.0147652 -1.71294 -0.0418465 1.42816 2.48326 
-1.41022 -0.303487 -0.0147652 -1.71294 -0.0418465 1.42816 2.48326 
-1.41021 -0.303489 -0.0147652 -1.71294 -0.0418451 1.42816 2.48326 
-1.41021 -0.303484 -0.0147635 -1.71295 -0.0418465 1.42816 2.48326 
-1.41022 -0.303489 -0.0147635 -1.71295 -0.0418465 1.42816 2.48325 
-1.41022 -0.303489 -0.0147652 -1.71295 -0.0418451 1.42816 2.48326 
-1.41021 -0.303487 -0.0147671 -1.71295 -0.0418471 1.42816 2.48326 
-1.41022 -0.303487 -0.0147652 -1.71294 -0.0418478 1.42816 2.48326 
-1.41021 -0.303489 -0.0147652 -1.71294 -0.0418458 1.42816 2.48326 
-1.41022 -0.303487 -0.0147635 -1.71294 -0.0418451 1.42816 2.48326 
-1.41022 -0.303489 -0.0147628 -1.71295 -0.0418465 1.42816 2.48326 
-1.41022 -0.303491 -0.0147635 -1.71294 -0.0418471 1.42816 2.48326 
-1.41021 -0.303487 -0.0147652 -1.71294 -0.0418451 1.42816 2.48326 
-1.41021 -0.303487 -0.0147635 -1.71294 -0.0418458 1.42816 2.48326 
-1.41021 -0.303486 -0.0147652 -1.71294 -0.0418451 1.42817 2.48326 
-1.41021 -0.303486 -0.0147618 -1.71294 -0.0418458 1.42816 2.48325 
-1.41021 -0.303484 -0.0147599 -1.71294 -0.0418451 1.42816 2.48326 
-1.41022 -0.303489 -0.0147688 -1.71295 -0.0418478 1.42816 2.48326 
-1.41023 -0.303487 -0.0147777 -1.71294 -0.0418478 1.42816 2.48326 
-1.41022 -0.303491 -0.0147635 -1.71294 -0.0418471 1.42816 2.48326 
-1.4102 -0.303491 -0.0147503 -1.71294 -0.0418458 1.42816 2.48326 
-1.4102 -0.303488 -0.0147514 -1.71295 -0.0418471 1.42816 2.48326 
-1.4102 -0.303492 -0.0147586 -1.71294 -0.0418458 1.42816 2.48325 
-1.4102 -0.303486 -0.0147461 -1.71294 -0.0418471 1.42816 2.48326 
-1.4102 -0.303483 -0.0147478 -1.71294 -0.0418458 1.42816 2.48326 
-1.41021 -0.303487 -0.0147586 -1.71295 -0.0418471 1.42816 2.48326 
-1.41023 -0.303487 -0.014781 -1.71295 -0.041849 1.42816 2.48326 
-1.41026 -0.303486 -0.0148052 -1.71294 -0.0418529 1.42816 2.48325 
-1.41028 -0.303482 -0.0148206 -1.71295 -0.0418529 1.42816 2.48326 
-1.41028 -0.303479 -0.0148165 -1.71295 -0.0418535 1.42816 2.48327 
-1.41028 -0.303468 -0.014805 -1.71297 -0.0418535 1.42816 2.48326 
-1.41028 -0.303447 -0.0148201 -1.71299 -0.0418535 1.42816 2.48326 
-1.41031 -0.303408 -0.0148353 -1.71301 -0.0418542 1.42816 2.48326 
-1.41033 -0.303362 -0.0148347 -1.71305 -0.0418587 1.42816 2.48326 
-1.41032 -0.303327 -0.0148294 -1.71306 -0.041858 1.42816 2.48325 
-1.41032 -0.303218 -0.0148255 -1.71311 -0.041856 1.42815 2.48326 
-1.41032 -0.303064 -0.0148233 -1.71318 -0.0418597 1.42815 2.48326 
-1.41036 -0.302943 -0.0148442 -1.71348 -0.0419113 1.42829 2.48326 
-1.41067 -0.302783 -0.0148694 -1.71395 -0.0421924 1.42948 2.48325 
-1.4112 -0.302572 -0.0148973 -1.71456 -0.0424148 1.43039 2.48324 
-1.41199 -0.302364 -0.0149109 -1.71542 -0.042479 1.43097 2.48315 
-1.41289 -0.302224 -0.0149818 -1.71666 -0.0425504 1.43158 2.4824 
-1.41414 -0.302131 -0.0150151 -1.71826 -0.042741 1.43252 2.48115 
-1.41587 -0.302003 -0.0150227 -1.72024 -0.0428746 1.43389 2.47997 
-1.41769 -0.301865 -0.0150706 -1.72265 -0.0428877 1.43537 2.47891 
-1.41973 -0.301647 -0.0151043 -1.72553 -0.0428934 1.43733 2.4777 
-1.42199 -0.301387 -0.0151207 -1.72891 -0.042939 1.44045 2.47568 
-1.42452 -0.301131 -0.0151382 -1.73299 -0.0429859 1.44491 2.47328 
-1.42742 -0.300805 -0.015167 -1.73773 -0.043158 1.45037 2.47091 
-1.43061 -0.30032 -0.0152204 -1.74266 -0.0434503 1.45553 2.46807 
-1.43457 -0.299755 -0.0152433 -1.74853 -0.0437385 1.46228 2.46453 
-1.43916 -0.29912 -0.0152103 -1.75511 -0.0439035 1.47055 2.46022 
-1.44422 -0.298427 -0.0152173 -1.76222 -0.0440502 1.4786 2.45506 
-1.45029 -0.297548 -0.0152806 -1.77017 -0.0442474 1.48753 2.44953 
-1.45716 -0.296631 -0.015345 -1.77823 -0.044421 1.49642 2.44316 
-1.46502 -0.295713 -0.0152779 -1.78657 -0.0445682 1.50627 2.43531 
-1.47346 -0.294749 -0.0152811 -1.79537 -0.0446778 1.51635 2.42707 
-1.4824 -0.293754 -0.0153917 -1.80387 -0.0447432 1.52633 2.41865 
-1.49291 -0.292617 -0.0153246 -1.81258 -0.0448492 1.53662 2.40875 
-1.50373 -0.291442 -0.015294 -1.8216 -0.044853 1.54741 2.39819 
-1.51528 -0.290198 -0.0154105 -1.83076 -0.0448617 1.55802 2.38709 
-1.52742 -0.288827 -0.0152984 -1.83946 -0.0448689 1.56859 2.37556 
-1.53998 -0.287326 -0.0153818 -1.84788 -0.0448611 1.57828 2.36377 
-1.5529 -0.285717 -0.0153473 -1.8561 -0.0448611 1.58895 2.35098 
-1.56612 -0.284053 -0.0153691 -1.86381 -0.0448593 1.59876 2.33881 
-1.57947 -0.282189 -0.0153685 -1.87106 -0.044863 1.60842 2.32608 
-1.59339 -0.280066 -0.0153741 -1.8778 -0.0448553 1.61741 2.31216 
-1.60743 -0.27781 -0.0153702 -1.8842 -0.044855 1.62728 2.29897 
-1.62185 -0.275468 -0.0153781 -1.89013 -0.0448537 1.63607 2.28557 
-1.63708 -0.27283 -0.015379 -1.89589 -0.0448534 1.64512 2.27047 
-1.65151 -0.270199 -0.015359 -1.90072 -0.0448515 1.65272 2.25655 
-1.66751 -0.267162 -0.0154304 -1.90548 -0.0448505 1.66162 2.24092 
-1.6832 -0.264076 -0.015371 -1.90966 -0.044825 1.67009 2.22522 
-1.69863 -0.260844 -0.0154193 -1.9132 -0.0448195 1.67742 2.21056 
-1.71472 -0.257139 -0.015452 -1.91652 -0.0447801 1.68527 2.19438 
-1.73188 -0.252694 -0.0153623 -1.9196 -0.0446457 1.69295 2.1776 
-1.7483 -0.247776 -0.0154645 -1.92228 -0.0443766 1.70144 2.16146 
-1.76386 -0.242835 -0.0154059 -1.92472 -0.0440271 1.70991 2.14608 
-1.78009 -0.237482 -0.0154009 -1.9269 -0.0438848 1.71817 2.13048 
-1.79589 -0.231828 -0.0154501 -1.92877 -0.0435558 1.72632 2.11455 
-1.81155 -0.225383 -0.0153692 -1.93036 -0.0432609 1.73423 2.0994 
-1.82615 -0.218523 -0.0154586 -1.93184 -0.0428932 1.74352 2.08502 
-1.84091 -0.211251 -0.015351 -1.93313 -0.0423994 1.75297 2.07019 
-1.85462 -0.203975 -0.0153839 -1.93377 -0.0420505 1.76157 2.05707 
-1.86821 -0.195048 -0.0153549 -1.93404 -0.0416307 1.77057 2.04338 
-1.88191 -0.185402 -0.0153764 -1.93411 -0.0411449 1.78145 2.03012 
-1.89426 -0.176178 -0.0153325 -1.93406 -0.0405891 1.79171 2.01784 
-1.90661 -0.165159 -0.0154084 -1.93408 -0.0401356 1.80281 2.00559 
-1.91802 -0.15498 -0.0152537 -1.93391 -0.0394614 1.81371 1.99403 
-1.92793 -0.144722 -0.0153671 -1.93395 -0.0388215 1.82442 1.98407 
-1.93813 -0.13329 -0.0152884 -1.93391 -0.0381254 1.83579 1.97424 
-1.94692 -0.122399 -0.0152098 -1.9339 -0.037352 1.84672 1.96494 
-1.95484 -0.110795 -0.0153575 -1.93399 -0.036672 1.85769 1.95743 
-1.96271 -0.0994497 -0.0152076 -1.93398 -0.0361336 1.86953 1.94992 
-1.96922 -0.0869854 -0.0152147 -1.93401 -0.035299 1.88105 1.94303 
-1.9751 -0.0751282 -0.0152258 -1.93389 -0.0347267 1.89316 1.93763 
-1.98038 -0.0625656 -0.0152347 -1.93399 -0.0342141 1.90555 1.93259 
-1.9851 -0.0503202 -0.0151929 -1.93391 -0.033561 1.91783 1.92744 
-1.98899 -0.037363 -0.0151677 -1.93394 -0.0326715 1.92996 1.92371 
-1.992 -0.0249813 -0.0151514 -1.93394 -0.0319987 1.94291 1.92133 
-1.99394 -0.0127387 -0.0151706 -1.93398 -0.0314197 1.95419 1.9199 
-1.99509 -0.00235299 -0.0151469 -1.93398 -0.0309939 1.96402 1.91924 
-1.99555 0.0112983 -0.0150513 -1.93403 -0.030487 1.97737 1.9191 
-1.99531 0.0234007 -0.0149623 -1.93416 -0.0298635 1.98881 1.9191 
-1.99417 0.0337074 -0.0148645 -1.93416 -0.0289641 1.99874 1.91917 
-1.99223 0.045113 -0.0148484 -1.93421 -0.0278585 2.00846 1.91976 
-1.98948 0.0556068 -0.0147518 -1.93422 -0.0268049 2.01946 1.92149 
-1.98609 0.0656551 -0.0147082 -1.93428 -0.0258067 2.02845 1.92368 
-1.98198 0.0754337 -0.0146926 -1.93443 -0.025021 2.0379 1.92668 
-1.97728 0.0840155 -0.0146981 -1.93445 -0.024607 2.04617 1.93066 
-1.9723 0.0928596 -0.0147077 -1.93469 -0.0243345 2.05452 1.93524 
-1.96691 0.101459 -0.0147076 -1.93533 -0.0242384 2.06356 1.94072 
-1.96145 0.108704 -0.0146767 -1.93617 -0.0241626 2.0712 1.94587 
-1.95546 0.115884 -0.0146647 -1.93749 -0.0240432 2.07859 1.95151 
-1.94918 0.12292 -0.0146684 -1.93943 -0.0239212 2.08619 1.95793 
-1.94279 0.12909 -0.0146958 -1.94215 -0.0238921 2.09505 1.96436 
-1.93643 0.134548 -0.0146557 -1.9456 -0.0238647 2.10361 1.97072 
-1.92969 0.139862 -0.0146501 -1.94962 -0.0238499 2.11172 1.97733 
-1.92214 0.145363 -0.0146701 -1.95486 -0.0238422 2.12124 1.98522 
-1.91524 0.149679 -0.0146762 -1.96043 -0.0238416 2.13035 1.99242 
-1.90826 0.153252 -0.0146436 -1.96673 -0.0238416 2.14022 1.99985 
-1.90074 0.156084 -0.0146446 -1.9737 -0.0238436 2.14933 2.00704 
-1.8929 0.158445 -0.0146702 -1.98161 -0.0238416 2.15884 2.01507 
-1.88552 0.160135 -0.0146535 -1.98957 -0.023842 2.16782 2.02306 
-1.87776 0.161283 -0.0146073 -1.9981 -0.0238439 2.17776 2.03091 
-1.87004 0.161843 -0.0146418 -2.00692 -0.0238442 2.18615 2.03915 
-1.8622 0.161958 -0.0146582 -2.01643 -0.0238503 2.19549 2.04701 
-1.85443 0.161763 -0.0146231 -2.02594 -0.0238484 2.20435 2.05488 
-1.84632 0.161528 -0.0146537 -2.03568 -0.0238541 2.21394 2.0635 
-1.83861 0.161411 -0.0146756 -2.04529 -0.0238844 2.22352 2.07138 
-1.83102 0.161463 -0.0146428 -2.05515 -0.0239332 2.23341 2.07919 
-1.82366 0.161533 -0.0146398 -2.06453 -0.0239466 2.24269 2.08598 
-1.81685 0.161605 -0.0146739 -2.07341 -0.0239526 2.25235 2.09264 
-1.80946 0.161857 -0.0146873 -2.08414 -0.0241459 2.26336 2.10072 
-1.80286 0.162256 -0.0146631 -2.09429 -0.0243711 2.27416 2.10736 
-1.79703 0.162675 -0.0146737 -2.10335 -0.024497 2.28356 2.1133 
-1.79176 0.163304 -0.014685 -2.11248 -0.0246346 2.29365 2.11899 
-1.78705 0.164179 -0.0147122 -2.12138 -0.0247062 2.30349 2.12382 
-1.78289 0.165368 -0.0147477 -2.13 -0.0248665 2.31356 2.12841 
-1.7792 0.166889 -0.0147159 -2.13839 -0.0249885 2.32316 2.1327 
-1.77596 0.168684 -0.0147036 -2.14626 -0.0251708 2.33351 2.13658 
-1.77297 0.170785 -0.0147272 -2.15389 -0.0254098 2.34348 2.13978 
-1.77033 0.17339 -0.0147387 -2.16151 -0.0255802 2.35383 2.1424 
-1.76812 0.176212 -0.0147138 -2.16823 -0.0256829 2.36342 2.14482 
-1.76613 0.179634 -0.0147499 -2.17474 -0.0257574 2.37423 2.14683 
-1.76461 0.183478 -0.0147446 -2.18065 -0.0258599 2.38411 2.14856 
-1.76353 0.188106 -0.0147665 -2.18606 -0.0260917 2.39438 2.15023 
-1.76307 0.193456 -0.01477 -2.1905 -0.0263272 2.40421 2.15129 
-1.76303 0.199746 -0.0147945 -2.19456 -0.0264884 2.41532 2.15174 
-1.76322 0.206454 -0.0148858 -2.19782 -0.0267024 2.42564 2.15179 
-1.76379 0.213775 -0.0149332 -2.20015 -0.0270014 2.43602 2.15178 
-1.76476 0.222106 -0.0149719 -2.20152 -0.0273537 2.44565 2.15179 
-1.76603 0.230953 -0.0150035 -2.20244 -0.0278078 2.45577 2.15178 
-1.76754 0.240045 -0.0150202 -2.20257 -0.0285286 2.46539 2.15176 
-1.7692 0.249785 -0.0150216 -2.20241 -0.0292234 2.47466 2.15166 
-1.77082 0.25884 -0.0150579 -2.20224 -0.0299868 2.48378 2.15134 
-1.77306 0.270156 -0.0150645 -2.20183 -0.0310491 2.49608 2.1506 
-1.77526 0.281384 -0.0150836 -2.20132 -0.0321104 2.50616 2.14982 
-1.77763 0.291691 -0.015053 -2.20048 -0.0330992 2.51647 2.14861 
-1.78013 0.302623 -0.0150793 -2.19927 -0.0339479 2.52625 2.147 
-1.78285 0.313445 -0.0150761 -2.19799 -0.034652 2.53662 2.14503 
-1.78572 0.324154 -0.0151056 -2.19609 -0.03531 2.54591 2.14303 
-1.78859 0.334749 -0.0151121 -2.19405 -0.0358662 2.55425 2.14096 
-1.79175 0.344742 -0.0151055 -2.19149 -0.0362508 2.56283 2.13883 
-1.79512 0.355347 -0.0151266 -2.18877 -0.0368214 2.57126 2.1364 
-1.7988 0.366028 -0.01514 -2.18552 -0.0375282 2.57925 2.13344 
-1.80224 0.375273 -0.015139 -2.18178 -0.0380188 2.58567 2.13074 
-1.80588 0.385847 -0.0151144 -2.17752 -0.0384533 2.59148 2.1274 
-1.80949 0.39537 -0.0151143 -2.17277 -0.0385302 2.59691 2.12415 
-1.81325 0.405558 -0.0151285 -2.16706 -0.0386401 2.60191 2.12065 
-1.81724 0.416253 -0.0151421 -2.1606 -0.0387662 2.60711 2.11701 
-1.82097 0.425187 -0.0151553 -2.1537 -0.0389265 2.61024 2.11369 
-1.82461 0.43438 -0.0151559 -2.14672 -0.0390243 2.61193 2.1105 
-1.82889 0.444604 -0.0151368 -2.13791 -0.0391011 2.61357 2.10616 
-1.83252 0.452964 -0.0151183 -2.12944 -0.0391044 2.61371 2.10262 
-1.83601 0.461964 -0.0151058 -2.12107 -0.0391022 2.61372 2.09971 
-1.83929 0.470266 -0.0151061 -2.11257 -0.0391352 2.61373 2.0969 
-1.84229 0.477604 -0.0151089 -2.10424 -0.0391404 2.61373 2.0939 
-1.84538 0.48577 -0.0151197 -2.096 -0.0391402 2.61373 2.09088 
-1.84837 0.493569 -0.0150973 -2.08829 -0.0391327 2.61373 2.087 
-1.8511 0.500491 -0.0150972 -2.08092 -0.0391334 2.61373 2.08382 
-1.85366 0.507439 -0.0150979 -2.07404 -0.0391353 2.61373 2.08114 
-1.85601 0.514493 -0.0150817 -2.06814 -0.0391412 2.61372 2.07882 
-1.85822 0.521061 -0.0150872 -2.06253 -0.0391431 2.61372 2.07643 
-1.86022 0.526621 -0.0150788 -2.05752 -0.0391449 2.61372 2.07423 
-1.86212 0.532062 -0.0150929 -2.05274 -0.0391469 2.61372 2.07228 
-1.86405 0.53793 -0.0150918 -2.04815 -0.0391488 2.61387 2.07025 
-1.86579 0.542837 -0.0150901 -2.04447 -0.0391487 2.61437 2.06823 
-1.86759 0.547351 -0.0150963 -2.04096 -0.0391479 2.61498 2.06636 
-1.86937 0.55141 -0.015093 -2.03745 -0.0391485 2.61544 2.06449 
-1.87109 0.555295 -0.0151051 -2.034 -0.0391399 2.61564 2.0626 
-1.87282 0.559026 -0.0150976 -2.03084 -0.0391399 2.61586 2.06128 
-1.87444 0.562413 -0.0150996 -2.02818 -0.0391373 2.61616 2.06007 
-1.87608 0.565618 -0.015103 -2.02579 -0.0391373 2.61663 2.05852 
-1.87769 0.568411 -0.0150899 -2.02381 -0.0391373 2.61739 2.05708 
-1.87916 0.570683 -0.0150912 -2.02239 -0.039138 2.61837 2.05557 
-1.88059 0.572698 -0.0150962 -2.02131 -0.0391324 2.61944 2.05415 
-1.88204 0.574503 -0.0150894 -2.02059 -0.0391361 2.62048 2.05303 
-1.88352 0.576147 -0.0150847 -2.02011 -0.0391361 2.62175 2.05161 
-1.88506 0.577761 -0.015077 -2.01981 -0.0391313 2.62333 2.04982 
-1.88652 0.579248 -0.0150723 -2.01976 -0.039125 2.62522 2.04813 
-1.88793 0.580798 -0.0150889 -2.01976 -0.039124 2.62689 2.04676 
-1.88935 0.582466 -0.015084 -2.01976 -0.0391253 2.62816 2.04525 
-1.8906 0.583995 -0.015065 -2.01976 -0.0391281 2.62925 2.04381 
-1.89182 0.585724 -0.0150668 -2.01976 -0.0391287 2.63075 2.04226 
-1.89279 0.58742 -0.0150643 -2.01976 -0.0391278 2.63253 2.04111 
-1.89356 0.589099 -0.0150644 -2.01974 -0.0391316 2.63432 2.04026 
-1.89421 0.590754 -0.0150558 -2.01974 -0.0391354 2.63631 2.03938 
-1.89469 0.592141 -0.015051 -2.01974 -0.0391373 2.63835 2.03863 
-1.89509 0.593741 -0.0150441 -2.01971 -0.0391406 2.64091 2.0378 
-1.89542 0.595238 -0.0150474 -2.0197 -0.0391431 2.64316 2.03715 
-1.89572 0.596685 -0.0150474 -2.01967 -0.0391409 2.64525 2.0366 
-1.89597 0.598207 -0.0150506 -2.01948 -0.0391454 2.64701 2.03602 
-1.89626 0.599815 -0.0150665 -2.01908 -0.039146 2.64819 2.03547 
-1.89659 0.601398 -0.0150685 -2.01842 -0.0391417 2.64904 2.0351 
-1.89693 0.603196 -0.0150657 -2.01741 -0.0391406 2.64979 2.03483 
-1.89721 0.60514 -0.0150557 -2.01605 -0.0391401 2.65033 2.03465 
-1.89742 0.607312 -0.0150521 -2.01423 -0.0391367 2.65061 2.03461 
-1.89761 0.609729 -0.0150505 -2.01195 -0.0391348 2.65068 2.03458 
-1.89772 0.612076 -0.0150458 -2.00955 -0.0391243 2.65069 2.03458 
-1.89775 0.614561 -0.0150345 -2.00701 -0.039093 2.65069 2.03458 
-1.89774 0.616904 -0.0149986 -2.00451 -0.0390212 2.65069 2.03458 
-1.89773 0.618984 -0.0149538 -2.00217 -0.0389186 2.65069 2.03459 
-1.8977 0.620811 -0.0149474 -1.99996 -0.0388121 2.65069 2.03459 
-1.89767 0.622849 -0.0149343 -1.99751 -0.0385976 2.65069 2.0346 
-1.89765 0.624427 -0.0149372 -1.99571 -0.0384071 2.65069 2.03461 
-1.89767 0.62581 -0.014948 -1.99437 -0.0382653 2.65069 2.03461 
-1.89769 0.626916 -0.0149545 -1.99356 -0.0381532 2.65069 2.03462 
-1.89769 0.62785 -0.0149613 -1.99317 -0.0380711 2.65069 2.03463 
-1.8977 0.62863 -0.0149625 -1.99313 -0.0379839 2.65068 2.03463 
-1.89773 0.629321 -0.0149677 -1.99314 -0.0378995 2.65068 2.03464 
-1.89775 0.629955 -0.0149724 -1.99313 -0.0378443 2.65068 2.03465 
-1.89779 0.630494 -0.0149747 -1.99314 -0.0378338 2.65068 2.03465 
-1.89781 0.630954 -0.0149675 -1.99313 -0.0378296 2.65069 2.03465 
-1.89781 0.631302 -0.0149709 -1.99313 -0.0378302 2.65072 2.03464 
-1.89781 0.631596 -0.0149624 -1.99313 -0.0378286 2.65075 2.03465 
-1.89779 0.631786 -0.0149541 -1.99313 -0.0378254 2.65076 2.03465 
-1.89776 0.631915 -0.0149361 -1.99313 -0.0378248 2.65077 2.03466 
-1.89774 0.632001 -0.0149291 -1.99312 -0.0378219 2.65079 2.03466 
-1.89772 0.632077 -0.0149197 -1.99311 -0.037815 2.65082 2.03467 
-1.89771 0.632191 -0.0149268 -1.99311 -0.0378136 2.65086 2.03467 
-1.89772 0.632345 -0.0149314 -1.9931 -0.037797 2.65094 2.03466 
-1.89772 0.63251 -0.0149196 -1.99309 -0.0377576 2.65112 2.03468 
-1.89769 0.632746 -0.0149087 -1.99309 -0.0376728 2.65135 2.0347 
-1.89764 0.633002 -0.0149025 -1.99309 -0.0375482 2.65152 2.03472 
-1.8976 0.6333 -0.0148969 -1.99309 -0.0374942 2.65174 2.03474 
-1.89757 0.633609 -0.0148962 -1.99309 -0.0374662 2.6519 2.03474 
-1.89753 0.633948 -0.0148929 -1.99309 -0.0374586 2.65207 2.03475 
-1.89753 0.634259 -0.0149186 -1.99308 -0.0374586 2.65247 2.03475 
-1.8976 0.634546 -0.014937 -1.99307 -0.037458 2.65285 2.03476 
-1.89765 0.63479 -0.0149389 -1.99308 -0.037458 2.6531 2.03476 
-1.89766 0.634996 -0.0149393 -1.99308 -0.0374592 2.65339 2.03476 
-1.89767 0.635168 -0.0149384 -1.99307 -0.0374666 2.65359 2.03475 
-1.89767 0.635333 -0.0149421 -1.99306 -0.0374672 2.65379 2.03475 
-1.89767 0.635488 -0.0149402 -1.99305 -0.0374712 2.654 2.03476 
-1.89766 0.635613 -0.0149394 -1.99301 -0.0374789 2.6542 2.03475 
-1.89766 0.635814 -0.0149402 -1.99287 -0.0374838 2.65434 2.03475 
-1.89766 0.63608 -0.0149335 -1.9927 -0.0374912 2.65448 2.03475 
-1.89767 0.636412 -0.0149454 -1.99249 -0.0374967 2.65467 2.03475 
-1.8977 0.636851 -0.0149555 -1.99223 -0.0375019 2.65481 2.03475 
-1.89776 0.637408 -0.0149622 -1.99197 -0.0375082 2.655 2.03474 
-1.89782 0.638051 -0.0149634 -1.99179 -0.0375215 2.65519 2.03474 
-1.89785 0.638719 -0.0149629 -1.99167 -0.0375402 2.65556 2.03473 
-1.8979 0.639376 -0.0149774 -1.99163 -0.0375548 2.65619 2.03472 
-1.89801 0.640102 -0.0149814 -1.99163 -0.0375801 2.65714 2.0347 
-1.89818 0.64089 -0.0149928 -1.99163 -0.0376658 2.65818 2.03469 
-1.89847 0.641656 -0.0150171 -1.99163 -0.0378976 2.65927 2.03467 
-1.89891 0.642347 -0.0150978 -1.99162 -0.0380355 2.66009 2.03462 
-1.89953 0.64294 -0.015073 -1.99162 -0.0381492 2.66077 2.03442 
-1.90019 0.643446 -0.0149559 -1.99163 -0.0381427 2.66112 2.03424 
-1.90036 0.643741 -0.0148572 -1.99163 -0.0381333 2.66116 2.03421 
-1.90017 0.643916 -0.0148241 -1.99163 -0.0381338 2.66118 2.03421 
-1.8999 0.644042 -0.0148503 -1.99163 -0.038132 2.66125 2.03421 
-1.89977 0.644181 -0.0148575 -1.99162 -0.0381334 2.66152 2.03422 
-1.89973 0.644336 -0.0148551 -1.99162 -0.0381386 2.66179 2.03422 
-1.89974 0.644514 -0.0148643 -1.99161 -0.0381341 2.66205 2.03422 
-1.89978 0.644756 -0.0148801 -1.9916 -0.038135 2.66233 2.03422 
-1.8998 0.645085 -0.0148852 -1.9916 -0.0381357 2.66263 2.03422 
-1.8998 0.645516 -0.014875 -1.9916 -0.0381374 2.66295 2.03421 
-1.89977 0.646134 -0.0148599 -1.9916 -0.038135 2.66345 2.03422 
-1.89974 0.646906 -0.0148409 -1.9916 -0.0381313 2.6641 2.03422 
-1.8997 0.647824 -0.0148383 -1.9916 -0.0381342 2.66477 2.03422 
-1.89967 0.648882 -0.0148322 -1.99159 -0.038133 2.66566 2.03421 
-1.89966 0.650261 -0.0148344 -1.99155 -0.0381307 2.66673 2.03422 
-1.89964 0.651865 -0.0148156 -1.99131 -0.0381233 2.66824 2.03422 
-1.89956 0.653834 -0.0148002 -1.9907 -0.0381192 2.6701 2.03422 
-1.89945 0.656029 -0.0148063 -1.98983 -0.0381144 2.67183 2.03422 
-1.89939 0.658381 -0.0148054 -1.98882 -0.0381156 2.67309 2.03422 
-1.89937 0.661176 -0.014801 -1.98759 -0.0381083 2.67443 2.03422 
-1.89934 0.664273 -0.0147939 -1.98625 -0.0380981 2.67615 2.03422 
-1.89929 0.667675 -0.0147917 -1.98492 -0.0380788 2.67858 2.03422 
-1.89919 0.671114 -0.0147952 -1.98371 -0.0380689 2.68119 2.03422 
-1.89912 0.674496 -0.0147974 -1.98264 -0.0380519 2.68387 2.03422 
-1.89909 0.677716 -0.014796 -1.98166 -0.0380088 2.68636 2.03423 
-1.89912 0.681333 -0.0148069 -1.98048 -0.0378974 2.68872 2.03423 
-1.89917 0.684566 -0.014829 -1.9794 -0.0378643 2.69082 2.03424 
-1.89917 0.688207 -0.0148262 -1.97796 -0.0378559 2.69345 2.03423 
-1.89914 0.691936 -0.0148138 -1.97636 -0.0378473 2.69556 2.03424 
-1.89912 0.695746 -0.0147997 -1.97475 -0.0378392 2.69758 2.03425 
-1.89909 0.699498 -0.0148026 -1.97307 -0.0378369 2.69942 2.03425 
-1.89909 0.702839 -0.0147997 -1.97141 -0.0378244 2.70101 2.03425 
-1.89907 0.706096 -0.0147896 -1.96962 -0.0378164 2.7025 2.03427 
-1.89901 0.709192 -0.0147928 -1.96792 -0.0378018 2.70368 2.03427 
-1.89898 0.712036 -0.014805 -1.96643 -0.0377932 2.70452 2.03428 
-1.89902 0.714787 -0.0148118 -1.9651 -0.0377837 2.7054 2.03429 
-1.89905 0.717633 -0.0148394 -1.96374 -0.0377641 2.70635 2.0343 
-1.89907 0.720418 -0.0148309 -1.96238 -0.0377472 2.70748 2.03432 
-1.89903 0.722926 -0.0148097 -1.9611 -0.0377453 2.70857 2.03432 
-1.89901 0.725116 -0.0148078 -1.95997 -0.0377454 2.70927 2.03432 
-1.89902 0.726931 -0.014815 -1.95905 -0.0377452 2.70979 2.03433 
-1.89902 0.728643 -0.0148166 -1.95816 -0.0377491 2.71045 2.03432 
-1.89903 0.730145 -0.0148193 -1.95737 -0.0377471 2.71103 2.03433 
-1.89903 0.731457 -0.0148261 -1.95671 -0.0377419 2.71156 2.03432 
-1.89905 0.732967 -0.0148245 -1.9559 -0.0377397 2.71231 2.03433 
-1.89905 0.734323 -0.0148269 -1.95511 -0.0377382 2.71283 2.03433 
-1.89905 0.735698 -0.0148283 -1.95429 -0.0377357 2.71314 2.03433 
-1.89906 0.737175 -0.0148245 -1.95333 -0.0377341 2.71359 2.03432 
-1.89906 0.738695 -0.0148311 -1.95239 -0.0377294 2.71398 2.03433 
-1.89909 0.740262 -0.0148251 -1.95148 -0.0377235 2.71442 2.03433 
-1.89907 0.74174 -0.0148187 -1.95061 -0.0377201 2.71493 2.03433 
-1.89906 0.743329 -0.0148145 -1.94981 -0.0377171 2.71563 2.03433 
-1.89905 0.744834 -0.0148097 -1.94916 -0.037721 2.71645 2.03432 
-1.89903 0.746222 -0.0148151 -1.94867 -0.0377191 2.71743 2.03433 
-1.89904 0.747475 -0.0148215 -1.9483 -0.0377216 2.71855 2.03433 
-1.89907 0.748536 -0.0148264 -1.94799 -0.0377204 2.71961 2.03434 
-1.89907 0.749486 -0.0148277 -1.94772 -0.037719 2.72055 2.03433 
-1.89908 0.750417 -0.0148291 -1.94745 -0.0377203 2.72141 2.03433 
-1.89908 0.751327 -0.0148276 -1.9471 -0.0377171 2.72221 2.03434 
-1.89909 0.752247 -0.0148326 -1.94676 -0.0377161 2.7228 2.03434 
-1.89909 0.753101 -0.0148317 -1.94638 -0.0377125 2.72333 2.03435 
-1.89909 0.75393 -0.014843 -1.94598 -0.0377111 2.72376 2.03435 
-1.89911 0.754841 -0.0148394 -1.9455 -0.0377104 2.72411 2.03435 
-1.89912 0.755813 -0.0148404 -1.94498 -0.0377117 2.72437 2.03435 
-1.89915 0.756791 -0.0148342 -1.94439 -0.037718 2.72473 2.03435 
-1.89913 0.757873 -0.0148334 -1.94377 -0.0377168 2.72498 2.03435 
-1.89914 0.758916 -0.0148471 -1.94321 -0.0377129 2.72527 2.03435 
-1.89917 0.759988 -0.0148426 -1.94258 -0.0377129 2.72563 2.03435 
-1.89918 0.76111 -0.0148345 -1.94192 -0.0377136 2.72597 2.03434 
-1.89918 0.762176 -0.0148458 -1.94129 -0.0377165 2.72623 2.03435 
-1.89922 0.763302 -0.0148439 -1.94054 -0.0377204 2.72651 2.03435 
-1.89925 0.764412 -0.0148454 -1.93978 -0.037719 2.72665 2.03435 
-1.89928 0.765537 -0.0148331 -1.93895 -0.0377163 2.72705 2.03435 
-1.89925 0.76673 -0.0148119 -1.93783 -0.0377166 2.72788 2.03435 
-1.89915 0.768035 -0.0147804 -1.93633 -0.0377146 2.7283 2.03435 
-1.89902 0.769386 -0.0147872 -1.93487 -0.0377162 2.72831 2.03435 
-1.89893 0.770764 -0.0147721 -1.93335 -0.0377135 2.72834 2.03435 
-1.89881 0.772084 -0.0147539 -1.93182 -0.0376953 2.72833 2.03436 
-1.89867 0.77342 -0.0147577 -1.93035 -0.0376893 2.72835 2.03436 
-1.89855 0.774642 -0.0147454 -1.92881 -0.037681 2.72836 2.03437 
-1.89841 0.775645 -0.0147381 -1.92735 -0.0376635 2.72836 2.03439 
-1.89821 0.776511 -0.014728 -1.92596 -0.0376195 2.72836 2.03449 
-1.89796 0.777355 -0.0147153 -1.92464 -0.0374868 2.72836 2.03462 
-1.8977 0.778099 -0.0147117 -1.9233 -0.0374469 2.72836 2.03467 
-1.8974 0.778788 -0.0147076 -1.92201 -0.0374008 2.72836 2.0347 
-1.89713 0.779492 -0.0147117 -1.92078 -0.0373404 2.72836 2.03473 
-1.89689 0.780418 -0.0147324 -1.91936 -0.0372434 2.72835 2.03477 
-1.89678 0.781501 -0.0147205 -1.91781 -0.0371835 2.72836 2.03481 
-1.89668 0.782763 -0.0147094 -1.91595 -0.0371352 2.72835 2.03489 
-1.89656 0.784089 -0.0147078 -1.91398 -0.0370802 2.72836 2.035 
-1.89642 0.78555 -0.014701 -1.91181 -0.0370596 2.72836 2.03508 
-1.89624 0.787213 -0.0146856 -1.90933 -0.0369983 2.72835 2.03515 
-1.89598 0.789054 -0.0146227 -1.90663 -0.0369399 2.72831 2.03524 
-1.89553 0.791042 -0.0146263 -1.90386 -0.0368729 2.72831 2.03539 
-1.89502 0.793257 -0.0146246 -1.90091 -0.0367701 2.72829 2.03563 
-1.89446 0.795621 -0.0146284 -1.89791 -0.0366215 2.72826 2.0359 
-1.89388 0.797602 -0.014711 -1.89482 -0.0364854 2.72815 2.03618 
-1.89339 0.798867 -0.0145994 -1.89186 -0.0362936 2.72728 2.03639 
-1.89279 0.800011 -0.0146813 -1.88945 -0.0360625 2.72667 2.03647 
-1.89234 0.801107 -0.0146898 -1.88719 -0.0358577 2.72632 2.03651 
-1.89199 0.802124 -0.0146695 -1.88517 -0.0356965 2.72609 2.03658 
-1.89171 0.803157 -0.0146853 -1.8832 -0.0355639 2.72585 2.03668 
-1.8916 0.804146 -0.0146889 -1.88137 -0.0354819 2.72553 2.03677 
-1.8916 0.805051 -0.0146862 -1.87965 -0.0354701 2.72526 2.03681 
-1.89162 0.805768 -0.0146565 -1.87814 -0.0354341 2.72496 2.03683 
-1.89149 0.806264 -0.0146165 -1.8771 -0.0353688 2.72452 2.03687 
-1.89125 0.806624 -0.0146321 -1.87627 -0.0352596 2.72438 2.03703 
-1.89107 0.806796 -0.0146424 -1.87555 -0.0352156 2.72434 2.03738 
-1.89095 0.806789 -0.0146434 -1.87497 -0.0352123 2.72418 2.03774 
-1.89087 0.806734 -0.0146321 -1.87439 -0.0352089 2.72403 2.03793 
-1.89073 0.806719 -0.0146329 -1.87367 -0.0351987 2.72366 2.03807 
-1.89056 0.806719 -0.0146329 -1.87287 -0.0351954 2.72325 2.03824 
-1.8904 0.806717 -0.0146235 -1.872 -0.0351846 2.72276 2.03836 
-1.89019 0.806712 -0.0146261 -1.87098 -0.0351692 2.72211 2.03847 
-1.88996 0.806707 -0.014631 -1.86989 -0.0351555 2.72132 2.03852 
-1.88976 0.806713 -0.01463 -1.86882 -0.0351446 2.72051 2.03854 
-1.88956 0.80695 -0.0146644 -1.8676 -0.035118 2.71836 2.03857 
-1.88956 0.807212 -0.0146564 -1.86687 -0.0351049 2.71704 2.03857 
-1.88955 0.807335 -0.0146436 -1.86643 -0.0350932 2.71646 2.03859 
-1.88949 0.807355 -0.0146489 -1.8662 -0.0350679 2.71609 2.03862 
-1.88948 0.807355 -0.0146537 -1.86614 -0.0350482 2.71586 2.03867 
-1.88948 0.807354 -0.0146537 -1.86609 -0.0350445 2.71576 2.03877 
-1.88947 0.807356 -0.0146537 -1.86606 -0.0350384 2.71568 2.0389 
-1.88946 0.807349 -0.0146554 -1.86605 -0.0350397 2.71564 2.03896 
-1.88941 0.807351 -0.0146511 -1.86602 -0.035033 2.71561 2.03911 
-1.88933 0.807352 -0.0146554 -1.86596 -0.0350324 2.71556 2.03928 
-1.8892 0.807362 -0.0146469 -1.86589 -0.035033 2.71553 2.03938 
-1.889 0.807399 -0.0146405 -1.86579 -0.0350302 2.71549 2.03953 
-1.88874 0.807443 -0.0146541 -1.8657 -0.0350295 2.71543 2.0397 
-1.88845 0.807532 -0.014624 -1.86552 -0.035026 2.71539 2.0399 
-1.88803 0.807639 -0.0146539 -1.86522 -0.0350148 2.71537 2.04021 
-1.88778 0.807942 -0.0148177 -1.86468 -0.034995 2.7153 2.04056 
-1.8879 0.808261 -0.0147477 -1.86417 -0.0349921 2.71525 2.04067 
-1.88785 0.808459 -0.0147183 -1.86384 -0.0349946 2.71524 2.04073 
-1.88779 0.808539 -0.0147167 -1.86357 -0.0349913 2.71523 2.04075 
-1.88775 0.808625 -0.014712 -1.86337 -0.0349906 2.71517 2.04079 
-1.88771 0.808746 -0.0147156 -1.86319 -0.0349915 2.71515 2.04088 
-1.88768 0.808833 -0.0147139 -1.86299 -0.0349958 2.71514 2.04095 
-1.88765 0.808899 -0.0147178 -1.86285 -0.0349875 2.71513 2.04106 
-1.88763 0.808934 -0.0147156 -1.86278 -0.0349869 2.71511 2.04126 
-1.8876 0.808946 -0.0147194 -1.86275 -0.0349876 2.7151 2.04136 
-1.88759 0.808944 -0.0147204 -1.86274 -0.0349841 2.71508 2.04151 
-1.88759 0.80895 -0.0147209 -1.86274 -0.0349803 2.71507 2.04182 
-1.88757 0.808949 -0.0147254 -1.86274 -0.0349859 2.71507 2.04208 
-1.88756 0.808951 -0.0147301 -1.86274 -0.0349834 2.71506 2.04223 
-1.88757 0.80896 -0.0147325 -1.86274 -0.0349763 2.71506 2.04238 
-1.88759 0.808963 -0.0147374 -1.86273 -0.0349733 2.71506 2.04247 
-1.88759 0.808961 -0.0147321 -1.86274 -0.0349722 2.71506 2.04254 
-1.88758 0.808972 -0.0147394 -1.86274 -0.0349723 2.71506 2.0426 
-1.88763 0.809014 -0.0147457 -1.86273 -0.0349732 2.71506 2.04259 
-1.88769 0.809133 -0.0147405 -1.86263 -0.034979 2.71506 2.04259 
-1.88769 0.809354 -0.0147257 -1.86241 -0.034979 2.71507 2.04259 
-1.88767 0.809782 -0.0147276 -1.86206 -0.0349811 2.71507 2.04257 
-1.88774 0.810629 -0.0147321 -1.86158 -0.0349811 2.71507 2.04257 
-1.88778 0.811835 -0.0147395 -1.86113 -0.0349859 2.71507 2.04256 
-1.88785 0.813485 -0.0147661 -1.86061 -0.0349987 2.71508 2.04254 
-1.88801 0.815028 -0.0148285 -1.85981 -0.0350953 2.7164 2.04253 
-1.88805 0.815333 -0.0145608 -1.85912 -0.0350963 2.71668 2.04253 
-1.88763 0.815573 -0.0147065 -1.85858 -0.0350567 2.71644 2.04253 
-1.88755 0.815629 -0.0147666 -1.85828 -0.0350396 2.71618 2.04255 
-1.88758 0.8156 -0.0147468 -1.85824 -0.0350391 2.71596 2.04256 
-1.88752 0.815578 -0.0147417 -1.85823 -0.0350378 2.71594 2.04258 
-1.88747 0.81556 -0.0147497 -1.85821 -0.0350305 2.71592 2.04273 
-1.88745 0.815543 -0.0147525 -1.85822 -0.0350346 2.7159 2.04315 
-1.88745 0.815512 -0.0147497 -1.85819 -0.0350366 2.71589 2.04343 
-1.88744 0.815387 -0.0147437 -1.85808 -0.0350288 2.7159 2.04377 
-1.88732 0.815058 -0.0147447 -1.85799 -0.0350323 2.71583 2.04426 
-1.88718 0.814569 -0.0147571 -1.85793 -0.0350404 2.71572 2.04465 
-1.88709 0.813869 -0.0147516 -1.85792 -0.0350532 2.71547 2.04502 
-1.88698 0.812926 -0.0147311 -1.85793 -0.0350331 2.71501 2.04531 
-1.88685 0.811859 -0.0147353 -1.85794 -0.0350485 2.71424 2.04553 
-1.88673 0.810747 -0.0147296 -1.85797 -0.0350524 2.71297 2.04554 
-1.88671 0.810755 -0.0148361 -1.85788 -0.0350647 2.71099 2.04554 
-1.88691 0.810863 -0.014786 -1.85806 -0.0350784 2.7109 2.04553 
-1.88692 0.810746 -0.0147893 -1.85832 -0.0350874 2.71091 2.04552 
-1.88695 0.810601 -0.0148007 -1.85848 -0.0350878 2.7109 2.04552 
-1.88701 0.810479 -0.0148055 -1.85867 -0.0350934 2.71088 2.04549 
-1.8871 0.810288 -0.0148119 -1.85903 -0.0351224 2.71085 2.04543 
-1.88722 0.810013 -0.0148119 -1.85959 -0.0352056 2.71084 2.04525 
-1.88737 0.809589 -0.0148411 -1.86038 -0.0354074 2.71083 2.0447 
-1.88765 0.809004 -0.0148722 -1.86149 -0.0355286 2.71083 2.04373 
-1.88806 0.808415 -0.0149374 -1.86269 -0.0357388 2.71083 2.0426 
-1.88867 0.807843 -0.0149273 -1.86383 -0.0360201 2.71082 2.04135 
-1.88937 0.80735 -0.0149307 -1.86483 -0.03629 2.71082 2.04008 
-1.88997 0.806732 -0.0146709 -1.86587 -0.0363363 2.71082 2.03885 
-1.88995 0.806143 -0.0147144 -1.86684 -0.0363278 2.71081 2.03829 
-1.88994 0.805878 -0.0148171 -1.86748 -0.0363245 2.71082 2.03812 
-1.89002 0.805696 -0.0148126 -1.86771 -0.0363121 2.71081 2.03811 
-1.89004 0.805674 -0.0148107 -1.86772 -0.0362959 2.71082 2.03812 
-1.89006 0.80567 -0.0148151 -1.8677 -0.0362819 2.71082 2.03811 
-1.89008 0.805667 -0.0148035 -1.8677 -0.036257 2.71081 2.03812 
-1.89007 0.805664 -0.0147834 -1.86772 -0.0361089 2.71081 2.03814 
-1.89001 0.805607 -0.0147857 -1.86773 -0.0358119 2.7108 2.03816 
-1.88999 0.805441 -0.0147887 -1.86785 -0.0355223 2.71077 2.03823 
-1.88999 0.805205 -0.0147976 -1.86822 -0.0352831 2.71064 2.03842 
-1.89003 0.804923 -0.0148076 -1.86862 -0.0352443 2.7106 2.03867 
-1.89 0.80466 -0.014804 -1.86902 -0.035236 2.71053 2.03906 
-1.88997 0.804473 -0.0148132 -1.86943 -0.035236 2.71053 2.03937 
-1.88995 0.80419 -0.0147943 -1.86979 -0.0352388 2.71052 2.0397 
-1.88974 0.80396 -0.014798 -1.87011 -0.0352364 2.71047 2.04013 
-1.8895 0.803848 -0.0147843 -1.87046 -0.0352375 2.71045 2.0405 
-1.8891 0.803708 -0.0147738 -1.87082 -0.0352351 2.71044 2.04107 
-1.88863 0.803461 -0.0149564 -1.8711 -0.0352375 2.71045 2.04146 
-1.8888 0.803344 -0.0149525 -1.8712 -0.035233 2.71042 2.04151 
-1.88902 0.803315 -0.0148391 -1.8715 -0.0352462 2.71043 2.0415 
-1.88903 0.803114 -0.0148586 -1.87193 -0.0352448 2.71044 2.04151 
-1.88905 0.802723 -0.0148876 -1.87249 -0.0352474 2.71043 2.0415 
-1.8892 0.80228 -0.0149149 -1.87329 -0.0352583 2.71044 2.04149 
-1.88949 0.801708 -0.0149185 -1.87432 -0.0352972 2.71045 2.04143 
-1.88979 0.80108 -0.0148876 -1.87532 -0.0353777 2.71044 2.04131 
-1.88992 0.800691 -0.0148621 -1.87596 -0.0355794 2.71045 2.04123 
-1.88986 0.800682 -0.014854 -1.87594 -0.0355998 2.71045 2.04123 
-1.88976 0.800792 -0.0148438 -1.87572 -0.0355963 2.71045 2.04123 
-1.88963 0.800989 -0.0148444 -1.87533 -0.0355981 2.71045 2.04123 
-1.88949 0.801396 -0.0148461 -1.8746 -0.0356 2.71044 2.04123 
-1.88935 0.802016 -0.014837 -1.87359 -0.0356073 2.71044 2.04122 
-1.8892 0.802672 -0.0148289 -1.87246 -0.0356099 2.71045 2.04123 
-1.889 0.803417 -0.0148195 -1.87109 -0.0356074 2.71044 2.04122 
-1.88877 0.804234 -0.0148199 -1.86966 -0.0356163 2.71043 2.04122 
-1.88858 0.805134 -0.0148195 -1.86816 -0.0356352 2.71041 2.04121 
-1.88838 0.806098 -0.0148078 -1.86652 -0.0357011 2.71034 2.04119 
-1.88816 0.806952 -0.0148026 -1.86499 -0.0357572 2.71025 2.04115 
-1.88796 0.807603 -0.0148074 -1.86369 -0.0357859 2.71013 2.04107 
-1.88782 0.808227 -0.0147923 -1.86238 -0.0358097 2.70977 2.04087 
-1.88767 0.808772 -0.0147849 -1.86112 -0.0358086 2.70895 2.04084 
-1.8875 0.809157 -0.0147834 -1.86012 -0.0358135 2.708 2.04084 
-1.88735 0.809392 -0.0148039 -1.8593 -0.0358161 2.7069 2.04084 
-1.88733 0.809409 -0.0148019 -1.85883 -0.0358295 2.70568 2.04084 
-1.88732 0.8094 -0.0147936 -1.85855 -0.0358682 2.70472 2.04083 
-1.88731 0.809356 -0.0148002 -1.85845 -0.0358704 2.70414 2.04084 
-1.88732 0.809301 -0.0148067 -1.85841 -0.0358852 2.70379 2.04084 
-1.88731 0.809307 -0.0148051 -1.85825 -0.036025 2.7034 2.04083 
-1.88729 0.809293 -0.0148066 -1.85808 -0.0360844 2.70277 2.04084 
-1.88725 0.809289 -0.0148144 -1.85787 -0.0361064 2.70212 2.04084 
-1.88725 0.809297 -0.0148229 -1.8576 -0.0361264 2.7013 2.04084 
-1.88722 0.80931 -0.0148163 -1.8573 -0.0361914 2.70045 2.04084 
-1.88717 0.809316 -0.0148284 -1.85702 -0.0363065 2.69961 2.04086 
-1.88718 0.809347 -0.0148376 -1.85681 -0.0363102 2.69894 2.04086 
-1.88719 0.809354 -0.014831 -1.8567 -0.0363349 2.69871 2.04086 
-1.8872 0.809392 -0.0148464 -1.85662 -0.0363372 2.69859 2.04086 
-1.88725 0.809463 -0.014848 -1.85662 -0.0363333 2.69856 2.04086 
-1.88731 0.809522 -0.0148359 -1.85661 -0.0363516 2.69857 2.04083 
-1.88731 0.809528 -0.0148376 -1.85657 -0.0364149 2.69857 2.04081 
-1.88733 0.809529 -0.0148443 -1.85653 -0.0364529 2.69857 2.04078 
-1.88734 0.809549 -0.0148403 -1.85653 -0.0364533 2.69856 2.04077 
-1.88735 0.809597 -0.0148342 -1.85653 -0.0364859 2.69857 2.04068 
-1.88734 0.809653 -0.0148338 -1.85651 -0.0365977 2.69858 2.04021 
-1.88735 0.809623 -0.0148374 -1.8565 -0.0366098 2.69857 2.04003 
-1.88735 0.809641 -0.0148307 -1.8565 -0.0366068 2.69857 2.04002 
-1.88732 0.809641 -0.0148291 -1.8565 -0.0366326 2.69857 2.04001 
-1.88731 0.809637 -0.0148258 -1.8565 -0.0367386 2.69857 2.03998 
-1.88726 0.809632 -0.0148215 -1.85649 -0.0367875 2.69857 2.03999 
-1.88721 0.809668 -0.0148303 -1.85637 -0.0368316 2.69857 2.03999 
-1.88722 0.809756 -0.0148274 -1.85621 -0.0369558 2.69857 2.03998 
-1.8872 0.809807 -0.0148217 -1.85613 -0.0370439 2.69856 2.03999 
-1.88717 0.809799 -0.0148189 -1.85611 -0.0370352 2.69857 2.04 
-1.88717 0.809782 -0.0148226 -1.85609 -0.0370209 2.69857 2.04003 
-1.88717 0.809749 -0.0148166 -1.85609 -0.0369841 2.69857 2.04011 
-1.88715 0.80973 -0.0148142 -1.8561 -0.0369672 2.69856 2.04037 
-1.88714 0.809662 -0.0148262 -1.85611 -0.0369653 2.69856 2.04066 
-1.88716 0.809544 -0.0148248 -1.85615 -0.0369358 2.69854 2.04078 
-1.88716 0.809513 -0.0148247 -1.85622 -0.0369135 2.69855 2.04086 
-1.88716 0.809466 -0.0148217 -1.85624 -0.0369161 2.69854 2.04087 
-1.88716 0.809404 -0.0148312 -1.8563 -0.0368993 2.69854 2.04087 
-1.88719 0.80933 -0.0148363 -1.85655 -0.0367459 2.69855 2.04087 
-1.88724 0.809077 -0.0148385 -1.85699 -0.0367283 2.69855 2.04087 
-1.8873 0.808738 -0.0148557 -1.85752 -0.0367268 2.69854 2.04087 
-1.88745 0.808399 -0.0148636 -1.8583 -0.036726 2.69855 2.04087 
-1.88762 0.807803 -0.0148837 -1.8594 -0.0367446 2.69855 2.04084 
-1.88782 0.80695 -0.0149617 -1.86088 -0.0367737 2.69854 2.04077 
-1.88817 0.805965 -0.0149867 -1.86268 -0.0367812 2.69854 2.04034 
-1.8887 0.804678 -0.0150246 -1.86492 -0.0369519 2.69855 2.03961 
-1.88945 0.803432 -0.0150558 -1.86689 -0.0371965 2.69856 2.03854 
-1.89033 0.802663 -0.0149943 -1.86832 -0.0372357 2.69858 2.0378 
-1.89092 0.802241 -0.0146494 -1.8692 -0.0372507 2.69878 2.03747 
-1.89062 0.802189 -0.0147177 -1.86924 -0.0372389 2.69903 2.03744 
-1.8902 0.802357 -0.0148657 -1.8689 -0.0372106 2.69903 2.03745 
-1.88999 0.802778 -0.0148234 -1.86826 -0.037212 2.69904 2.03745 
-1.88969 0.803468 -0.014802 -1.86707 -0.037211 2.69905 2.03745 
-1.88922 0.804388 -0.0147742 -1.86547 -0.0371831 2.69904 2.03748 
-1.88855 0.805499 -0.0147519 -1.86382 -0.037124 2.69906 2.03752 
-1.88782 0.80669 -0.0149406 -1.86189 -0.0370003 2.69908 2.0376 
-1.88768 0.808015 -0.014888 -1.85957 -0.0369819 2.69908 2.03767 
-1.8876 0.809307 -0.0147775 -1.8571 -0.0369951 2.69908 2.03765 
-1.88745 0.810499 -0.0147802 -1.85479 -0.0369995 2.69907 2.03764 
-1.88732 0.8118 -0.0147775 -1.85229 -0.037013 2.69909 2.03764 
-1.88728 0.812977 -0.0147838 -1.84955 -0.037002 2.69909 2.03764 
-1.8873 0.813491 -0.0147246 -1.84734 -0.0369954 2.69896 2.03764 
-1.88706 0.813502 -0.0145738 -1.8456 -0.0370207 2.69854 2.0376 
-1.88648 0.813278 -0.0146199 -1.8439 -0.0370232 2.69831 2.03759 
-1.8859 0.812934 -0.0147801 -1.84275 -0.0370452 2.69564 2.03757 
-1.8859 0.812331 -0.0149221 -1.84258 -0.0370497 2.69293 2.03744 
-1.88619 0.811764 -0.0147378 -1.84255 -0.0370668 2.69197 2.03728 
-1.8861 0.811204 -0.0147256 -1.84262 -0.0370696 2.69113 2.03726 
-1.88596 0.810608 -0.0147425 -1.84283 -0.0370642 2.69044 2.03726 
-1.88586 0.809668 -0.0147617 -1.84337 -0.0370654 2.68983 2.03726 
-1.88584 0.808421 -0.0147734 -1.84409 -0.0370596 2.68939 2.03728 
-1.88587 0.806928 -0.0147707 -1.84492 -0.0370392 2.68877 2.03729 
-1.88584 0.804721 -0.0147647 -1.84619 -0.0370348 2.68788 2.03731 
-1.88584 0.801958 -0.0147632 -1.84779 -0.0370245 2.68704 2.03734 
-1.88589 0.798612 -0.0147949 -1.84957 -0.0370043 2.68608 2.03737 
-1.88601 0.794719 -0.0147834 -1.85156 -0.0369769 2.68462 2.03739 
-1.88605 0.791111 -0.0147758 -1.85347 -0.0368903 2.683 2.03742 
-1.88605 0.788512 -0.0147509 -1.85477 -0.0366194 2.68156 2.03745 
-1.88601 0.784762 -0.0147343 -1.85661 -0.0363394 2.67913 2.03764 
-1.88599 0.781773 -0.0147489 -1.85811 -0.0362881 2.67722 2.03772 
-1.88603 0.778812 -0.0147542 -1.85959 -0.0361962 2.6755 2.0379 
-1.88603 0.775462 -0.0147542 -1.86122 -0.0360276 2.67372 2.03803 
-1.88603 0.772308 -0.0147508 -1.86273 -0.0360168 2.67237 2.03806 
-1.88603 0.768904 -0.014754 -1.86428 -0.0359846 2.67068 2.03812 
-1.88602 0.767577 -0.0147347 -1.86477 -0.0359747 2.66779 2.03813 
-1.88598 0.768742 -0.014715 -1.86358 -0.0359505 2.66723 2.03823 
-1.88591 0.770125 -0.0147354 -1.86247 -0.0359377 2.66723 2.03859 
-1.88587 0.770383 -0.0147406 -1.86236 -0.0359318 2.66725 2.03891 
-1.88584 0.769742 -0.0147374 -1.86262 -0.0359256 2.6672 2.03927 
-1.88583 0.768972 -0.0147451 -1.86313 -0.0359171 2.66702 2.03954 
-1.88584 0.768709 -0.0147386 -1.86334 -0.0359056 2.66681 2.03975 
-1.88581 0.768766 -0.0147322 -1.8633 -0.0358916 2.66681 2.03999 
-1.88576 0.768715 -0.0147327 -1.8633 -0.0358921 2.66679 2.04025 
-1.88567 0.768651 -0.014741 -1.86328 -0.0358947 2.66676 2.04049 
-1.88561 0.768565 -0.0147524 -1.86327 -0.0358918 2.66658 2.04064 
-1.88563 0.76842 -0.0147575 -1.86324 -0.0358883 2.66611 2.04077 
-1.88562 0.768324 -0.0147575 -1.86318 -0.035889 2.66572 2.04092 
-1.88563 0.768298 -0.0147564 -1.86303 -0.0358957 2.66548 2.04093 
-1.88561 0.768284 -0.0147438 -1.86293 -0.0358914 2.6652 2.04095 
-1.88557 0.768244 -0.0147491 -1.86287 -0.0358896 2.66496 2.04101 
-1.88554 0.768144 -0.0147575 -1.86283 -0.0358881 2.6647 2.04119 
-1.88554 0.768068 -0.0147578 -1.86274 -0.0358854 2.66424 2.04136 
-1.88553 0.76804 -0.0147524 -1.86256 -0.0358841 2.66373 2.04158 
-1.88551 0.768004 -0.014756 -1.86243 -0.0358843 2.66327 2.04174 
-1.8855 0.767977 -0.0147524 -1.8623 -0.035886 2.66282 2.04186 
-1.88547 0.767977 -0.0147543 -1.86214 -0.0358879 2.66228 2.04199 
-1.88543 0.767967 -0.0147596 -1.86196 -0.035886 2.66175 2.04216 
-1.8854 0.767952 -0.0147628 -1.86182 -0.0358848 2.66125 2.0423 
-1.88539 0.767951 -0.0147628 -1.86169 -0.0358851 2.66084 2.04242 
-1.88539 0.767954 -0.0147628 -1.8616 -0.0358834 2.66057 2.04253 
-1.88538 0.767954 -0.0147547 -1.86156 -0.0358835 2.66043 2.04265 
-1.88536 0.76796 -0.0147591 -1.86155 -0.0358835 2.66041 2.04285 
-1.88534 0.767954 -0.0147659 -1.86156 -0.0358837 2.66039 2.04302 
-1.88534 0.767956 -0.0147662 -1.86155 -0.0358808 2.66038 2.04313 
-1.88534 0.767963 -0.0147645 -1.86155 -0.0358788 2.66038 2.04322 
-1.88532 0.767961 -0.0147621 -1.86155 -0.0358749 2.66037 2.04335 
-1.88532 0.767964 -0.0147662 -1.86154 -0.0358765 2.66037 2.04355 
-1.88532 0.76796 -0.0147645 -1.86154 -0.035874 2.66036 2.04366 
-1.8853 0.767968 -0.0147631 -1.86155 -0.0358726 2.66036 2.04373 
-1.88525 0.767967 -0.0147666 -1.86155 -0.0358786 2.66036 2.04388 
-1.88524 0.767977 -0.0147705 -1.86155 -0.0358742 2.66036 2.04398 
-1.88524 0.767983 -0.0147681 -1.86155 -0.0358669 2.66036 2.04417 
-1.88522 0.767998 -0.0147666 -1.86155 -0.0358665 2.66037 2.04438 
-1.88521 0.768011 -0.014763 -1.86155 -0.0358642 2.66037 2.04456 
-1.88516 0.768041 -0.0147602 -1.86156 -0.0358553 2.66037 2.04487 
-1.8851 0.768088 -0.014763 -1.86156 -0.0358445 2.66038 2.04546 
-1.88506 0.768129 -0.0147606 -1.86158 -0.0358438 2.66038 2.04609 
-1.88501 0.768175 -0.0147563 -1.86158 -0.0358412 2.66039 2.04667 
-1.88498 0.768237 -0.0147644 -1.86158 -0.0358412 2.6604 2.047 
-1.885 0.768307 -0.0147744 -1.86158 -0.035835 2.66041 2.0472 
-1.88503 0.768438 -0.0147751 -1.86156 -0.0358293 2.66044 2.0473 
-1.88505 0.768572 -0.0147825 -1.86153 -0.0358169 2.66049 2.04732 
-1.88508 0.768619 -0.0147825 -1.86153 -0.035821 2.66055 2.04734 
-1.88507 0.768616 -0.0147759 -1.86154 -0.0358356 2.66055 2.04733 
-1.88507 0.76863 -0.0147723 -1.86156 -0.0358409 2.66056 2.04733 
-1.88508 0.768629 -0.0147812 -1.86156 -0.0358482 2.66056 2.04732 
-1.88508 0.768636 -0.0147846 -1.86157 -0.0358516 2.66056 2.04732 
-1.88509 0.768636 -0.0147865 -1.86157 -0.0358517 2.66056 2.04731 
-1.88508 0.768637 -0.0147829 -1.86158 -0.035853 2.66056 2.04731 
-1.88508 0.768636 -0.0147829 -1.86158 -0.0358517 2.66056 2.04731 
-1.88508 0.768636 -0.0147812 -1.86158 -0.0358524 2.66057 2.04731 
-1.88508 0.768637 -0.0147829 -1.86158 -0.0358567 2.66056 2.04731 
-1.88508 0.768634 -0.0147865 -1.86158 -0.0358578 2.66056 2.04731 
-1.88508 0.768637 -0.0147829 -1.86158 -0.0358578 2.66057 2.04731 
-1.88508 0.768638 -0.0147846 -1.86158 -0.0358572 2.66056 2.04731 
-1.88508 0.76864 -0.0147829 -1.86158 -0.0358584 2.66057 2.0473 
-1.88508 0.76864 -0.0147846 -1.86158 -0.0358579 2.66056 2.04731 
-1.88508 0.768637 -0.0147829 -1.86158 -0.0358616 2.66056 2.04731 
-1.88508 0.76864 -0.0147829 -1.86158 -0.035862 2.66056 2.04731 
-1.88509 0.76864 -0.0147829 -1.86158 -0.0358572 2.66057 2.0473 
-1.88508 0.768636 -0.0147812 -1.86158 -0.0358621 2.66056 2.04731 
-1.88508 0.768638 -0.0147846 -1.86158 -0.0358616 2.66057 2.04731 
-1.88508 0.76864 -0.0147846 -1.86158 -0.0358596 2.66056 2.0473 
-1.88508 0.768638 -0.0147812 -1.86158 -0.0358589 2.66056 2.04731 
-1.88509 0.768642 -0.0147829 -1.86158 -0.0358631 2.66056 2.0473 
-1.88508 0.768638 -0.0147793 -1.86158 -0.0358617 2.66056 2.0473 
-1.88508 0.768638 -0.0147812 -1.86158 -0.0358589 2.66057 2.0473 
-1.88508 0.768638 -0.0147829 -1.86158 -0.0358609 2.66056 2.0473 
-1.88508 0.768638 -0.0147846 -1.86158 -0.0358577 2.66056 2.04731 
-1.88508 0.76864 -0.0147829 -1.86158 -0.035862 2.66056 2.0473 
-1.88508 0.768637 -0.0147846 -1.86158 -0.0358618 2.66057 2.04731 
-1.88509 0.76864 -0.0147812 -1.86158 -0.0358632 2.66057 2.04731 
-1.88508 0.768638 -0.0147833 -1.86158 -0.0358605 2.66056 2.0473 
-1.88508 0.76864 -0.0147829 -1.86158 -0.03586 2.66056 2.04731 
-1.88508 0.768638 -0.014785 -1.86158 -0.0358632 2.66056 2.0473 
-1.88508 0.768638 -0.0147829 -1.86158 -0.0358611 2.66057 2.0473 
-1.88509 0.76864 -0.0147846 -1.86158 -0.035862 2.66057 2.0473 
-1.88508 0.768642 -0.014785 -1.86158 -0.0358621 2.66056 2.04731 
-1.88508 0.768637 -0.0147848 -1.86158 -0.0358613 2.66056 2.0473 
-1.88508 0.768638 -0.0147812 -1.86158 -0.035862 2.66056 2.04731 
-1.88508 0.768638 -0.0147846 -1.86158 -0.035862 2.66057 2.04731 
-1.88508 0.768638 -0.0147829 -1.86158 -0.0358625 2.66057 2.0473 
-1.88508 0.76864 -0.0147829 -1.86158 -0.0358639 2.66057 2.04731 
-1.88508 0.768638 -0.0147793 -1.86158 -0.0358626 2.66056 2.04731 
-1.88508 0.768638 -0.0147812 -1.86158 -0.0358619 2.66056 2.04731 
-1.88508 0.768637 -0.0147846 -1.86158 -0.035862 2.66057 2.0473 
-1.88508 0.768637 -0.0147812 -1.86158 -0.035862 2.66056 2.04731 
-1.88508 0.768635 -0.0147829 -1.86158 -0.0358613 2.66057 2.0473 
-1.88508 0.76864 -0.0147846 -1.86158 -0.0358639 2.66056 2.0473 
-1.88508 0.768638 -0.0147812 -1.86158 -0.0358609 2.66056 2.0473 
-1.88508 0.76864 -0.0147793 -1.86158 -0.035862 2.66057 2.04731 
-1.88508 0.76864 -0.0147829 -1.86158 -0.0358626 2.66056 2.04731 
-1.88508 0.768638 -0.0147846 -1.86157 -0.035862 2.66056 2.0473 
-1.88508 0.768638 -0.0147829 -1.86157 -0.0358632 2.66056 2.04731 
