-2.09975 -0.368632 -0.0149609 -1.91435 -0.00523895 1.58982 1.82045 
-2.09975 -0.368632 -0.0149576 -1.91436 -0.00523859 1.58982 1.82044 
-2.09975 -0.36863 -0.0149592 -1.91436 -0.0052382 1.58982 1.82045 
-2.09975 -0.36863 -0.0149609 -1.91436 -0.0052392 1.58983 1.82045 
-2.09975 -0.368633 -0.0149645 -1.91436 -0.00523895 1.58982 1.82045 
-2.09975 -0.368634 -0.0149609 -1.91436 -0.00523575 1.58982 1.82045 
-2.09975 -0.368632 -0.0149629 -1.91436 -0.00523788 1.58982 1.82045 
-2.09975 -0.368632 -0.014959 -1.91436 -0.00523759 1.58982 1.82044 
-2.09975 -0.368634 -0.0149592 -1.91436 -0.00523617 1.58982 1.82045 
-2.09975 -0.368636 -0.0149592 -1.91436 -0.00523823 1.58982 1.82044 
-2.09975 -0.368634 -0.0149609 -1.91436 -0.00523944 1.58982 1.82045 
-2.09975 -0.368632 -0.0149629 -1.91436 -0.00523717 1.58982 1.82044 
-2.09975 -0.368636 -0.0149609 -1.91435 -0.00523894 1.58983 1.82044 
-2.09975 -0.368634 -0.0149645 -1.91436 -0.00523895 1.58982 1.82045 
-2.09975 -0.368634 -0.0149592 -1.91436 -0.00523859 1.58982 1.82045 
-2.09975 -0.36863 -0.0149576 -1.91436 -0.00523895 1.58982 1.82045 
-2.09975 -0.368632 -0.0149645 -1.91436 -0.00523895 1.58982 1.82045 
-2.09975 -0.368632 -0.0149592 -1.91436 -0.00523895 1.58983 1.82045 
-2.09975 -0.368635 -0.0149576 -1.91436 -0.00523952 1.58982 1.82044 
-2.09975 -0.368636 -0.0149592 -1.91435 -0.0052354 1.58982 1.82045 
-2.09975 -0.36863 -0.0149629 -1.91435 -0.00523824 1.58982 1.82044 
-2.09975 -0.368634 -0.0149592 -1.91436 -0.00523824 1.58982 1.82044 
-2.09975 -0.368634 -0.0149628 -1.91436 -0.00523824 1.58982 1.82045 
-2.09975 -0.36863 -0.0149609 -1.91436 -0.00523761 1.58982 1.82044 
-2.09975 -0.368632 -0.0149609 -1.91436 -0.00523824 1.58982 1.82045 
-2.09975 -0.368629 -0.0149629 -1.91436 -0.00523824 1.58982 1.82044 
-2.09975 -0.368634 -0.0149662 -1.91436 -0.00523895 1.58982 1.82044 
-2.09975 -0.36863 -0.0149629 -1.91435 -0.00523956 1.58982 1.82045 
-2.09975 -0.368632 -0.0149576 -1.91436 -0.00523594 1.58983 1.82045 
-2.09975 -0.368632 -0.0149573 -1.91436 -0.00524017 1.58982 1.82044 
-2.09975 -0.368632 -0.0149645 -1.91436 -0.00523784 1.58982 1.82045 
-2.09975 -0.368634 -0.0149629 -1.91436 -0.00523895 1.58982 1.82044 
-2.09975 -0.36863 -0.0149645 -1.91435 -0.0052391 1.58982 1.82045 
-2.09975 -0.36863 -0.0149629 -1.91436 -0.00523955 1.58982 1.82045 
-2.09975 -0.36863 -0.0149609 -1.91436 -0.00523575 1.58982 1.82045 
-2.09975 -0.36863 -0.0149592 -1.91436 -0.00523763 1.58983 1.82045 
-2.09975 -0.368632 -0.0149645 -1.91436 -0.00523895 1.58982 1.82045 
-2.09976 -0.368632 -0.0149681 -1.91436 -0.00523895 1.58983 1.82045 
-2.09975 -0.368634 -0.0149629 -1.91435 -0.00523895 1.58982 1.82044 
-2.09975 -0.36863 -0.0149539 -1.91436 -0.00523504 1.58982 1.82045 
-2.09974 -0.368634 -0.0149516 -1.91435 -0.00523759 1.58982 1.82045 
-2.09975 -0.368634 -0.0149645 -1.91436 -0.00523824 1.58983 1.82044 
-2.09975 -0.368629 -0.0149681 -1.91436 -0.00523944 1.58982 1.82044 
-2.09974 -0.368629 -0.014947 -1.91436 -0.0052337 1.58982 1.82045 
-2.09973 -0.368636 -0.0149332 -1.91436 -0.0052363 1.58982 1.82044 
-2.09973 -0.36863 -0.0149386 -1.91436 -0.00523763 1.58983 1.82044 
-2.09974 -0.368629 -0.014955 -1.91436 -0.00523763 1.58982 1.82044 
-2.09975 -0.368632 -0.0149602 -1.91436 -0.00523894 1.58982 1.82045 
-2.09981 -0.368648 -0.0150035 -1.91436 -0.00524149 1.58982 1.82045 
-2.09985 -0.368677 -0.0150699 -1.91434 -0.00524149 1.58982 1.82045 
-2.0999 -0.36868 -0.0150969 -1.91433 -0.00523956 1.58983 1.82044 
-2.09986 -0.368676 -0.0150497 -1.91434 -0.00524017 1.58982 1.82044 
-2.09985 -0.368677 -0.0150381 -1.91434 -0.00523895 1.58983 1.82044 
-2.09986 -0.368679 -0.0150573 -1.91434 -0.00523956 1.58982 1.82044 
-2.09987 -0.368679 -0.0150633 -1.91434 -0.00523956 1.58982 1.82045 
-2.09986 -0.368661 -0.0150433 -1.91435 -0.00524017 1.58982 1.82045 
-2.09984 -0.368652 -0.0150332 -1.91435 -0.00523981 1.58982 1.82044 
-2.09982 -0.368648 -0.0150211 -1.91436 -0.00523749 1.58982 1.82044 
-2.09978 -0.368636 -0.0149837 -1.91437 -0.0052363 1.58982 1.82045 
-2.09976 -0.368611 -0.0149395 -1.9144 -0.00523895 1.58982 1.82045 
-2.09976 -0.368606 -0.0149474 -1.9144 -0.00523437 1.58981 1.82045 
-2.09977 -0.368659 -0.0149479 -1.9144 -0.00523251 1.58989 1.82045 
-2.09971 -0.368758 -0.0149254 -1.9142 -0.00522491 1.59089 1.82045 
-2.09956 -0.368951 -0.0149067 -1.91374 -0.00521111 1.59125 1.82047 
-2.09932 -0.369159 -0.0148814 -1.91307 -0.00519038 1.59125 1.82048 
-2.09893 -0.369351 -0.0148566 -1.91218 -0.00513529 1.59124 1.82052 
-2.09818 -0.3695 -0.0148165 -1.91121 -0.00491892 1.59119 1.82098 
-2.09693 -0.369668 -0.0147764 -1.91033 -0.00467826 1.59114 1.8217 
-2.0954 -0.369872 -0.0146962 -1.90971 -0.00447348 1.5909 1.82282 
-2.09329 -0.370181 -0.0146419 -1.90948 -0.00420849 1.59082 1.82457 
-2.09059 -0.370508 -0.0145982 -1.90951 -0.00401774 1.59075 1.82682 
-2.08735 -0.37071 -0.0145798 -1.90954 -0.0038975 1.59063 1.82953 
-2.08311 -0.370812 -0.0145743 -1.90979 -0.00359288 1.59051 1.83342 
-2.07796 -0.370814 -0.0145464 -1.91035 -0.0032599 1.5905 1.83844 
-2.07212 -0.370801 -0.0145287 -1.91113 -0.00318463 1.5905 1.84414 
-2.0651 -0.3708 -0.014482 -1.91215 -0.00312973 1.59051 1.85075 
-2.05674 -0.370805 -0.0143463 -1.91333 -0.00306915 1.59052 1.85856 
-2.04772 -0.370792 -0.0144074 -1.91453 -0.00306513 1.59054 1.86747 
-2.03768 -0.370788 -0.0144325 -1.91579 -0.00306189 1.59065 1.8772 
-2.02714 -0.37079 -0.0143033 -1.91691 -0.00306473 1.59083 1.8875 
-2.01524 -0.370769 -0.0143952 -1.91786 -0.00307737 1.59099 1.89885 
-2.00268 -0.370763 -0.0143719 -1.9185 -0.00307659 1.59114 1.91146 
-1.98969 -0.370751 -0.0143478 -1.91888 -0.00308749 1.59119 1.92487 
-1.97647 -0.37074 -0.0143556 -1.91897 -0.0030955 1.59122 1.93752 
-1.96242 -0.370728 -0.014329 -1.91895 -0.00312373 1.59125 1.95173 
-1.94751 -0.370748 -0.0143547 -1.91888 -0.00313711 1.59128 1.96628 
-1.93331 -0.370741 -0.0143097 -1.9189 -0.00325806 1.59129 1.98021 
-1.91767 -0.370733 -0.0143191 -1.91886 -0.00332011 1.59134 1.99591 
-1.90159 -0.370726 -0.0142888 -1.91889 -0.0033866 1.59143 2.01188 
-1.88588 -0.370658 -0.0143054 -1.9189 -0.00347289 1.59146 2.02773 
-1.86861 -0.370572 -0.014262 -1.91893 -0.0035801 1.59149 2.04466 
-1.85109 -0.370362 -0.0141822 -1.919 -0.00384174 1.59156 2.06176 
-1.8338 -0.370057 -0.0142517 -1.91903 -0.00401758 1.59169 2.07942 
-1.81598 -0.369649 -0.0142259 -1.91904 -0.00420915 1.59191 2.09645 
-1.7973 -0.369012 -0.0141339 -1.91908 -0.00439808 1.59229 2.11525 
-1.77818 -0.368167 -0.0142194 -1.91903 -0.00458922 1.59278 2.1345 
-1.75947 -0.367249 -0.0142224 -1.91905 -0.00477495 1.59337 2.15313 
-1.73984 -0.366124 -0.0141308 -1.91909 -0.00508296 1.59406 2.17268 
-1.72035 -0.364708 -0.0141326 -1.91909 -0.00529644 1.5948 2.19243 
-1.70149 -0.363155 -0.0142186 -1.91906 -0.00550626 1.59576 2.21129 
-1.6816 -0.361328 -0.0141681 -1.91917 -0.0057432 1.59724 2.23125 
-1.66199 -0.359116 -0.0141238 -1.91927 -0.00620423 1.5991 2.2509 
-1.64356 -0.356571 -0.0141824 -1.91934 -0.00661245 1.60119 2.26962 
-1.62434 -0.353605 -0.0142393 -1.9194 -0.00704199 1.60416 2.28877 
-1.60544 -0.350308 -0.014176 -1.91949 -0.00764214 1.60741 2.30756 
-1.58708 -0.346702 -0.0141664 -1.91957 -0.00844108 1.6107 2.326 
-1.56932 -0.34285 -0.0142733 -1.91958 -0.00917036 1.61449 2.34412 
-1.55194 -0.338676 -0.0142401 -1.91964 -0.00968623 1.61905 2.36151 
-1.53617 -0.334208 -0.0142147 -1.91979 -0.0103049 1.62428 2.37739 
-1.52017 -0.328625 -0.0143052 -1.92003 -0.0109173 1.63011 2.39378 
-1.50477 -0.322684 -0.014263 -1.92033 -0.0115196 1.6361 2.409 
-1.49092 -0.316874 -0.014268 -1.92061 -0.0121121 1.64225 2.42341 
-1.47671 -0.31054 -0.0142937 -1.92079 -0.0126499 1.64853 2.43777 
-1.46422 -0.303704 -0.0142951 -1.92101 -0.0132389 1.65448 2.45053 
-1.45166 -0.2959 -0.0142983 -1.92148 -0.0137662 1.66267 2.46378 
-1.43899 -0.287599 -0.0143425 -1.92216 -0.0146202 1.67179 2.47698 
-1.42826 -0.279563 -0.0143353 -1.92271 -0.0154922 1.67972 2.48751 
-1.41884 -0.271016 -0.0143697 -1.92345 -0.0161821 1.68832 2.49723 
-1.41052 -0.262805 -0.0144345 -1.92414 -0.0168373 1.69695 2.5055 
-1.40267 -0.254129 -0.0143111 -1.92488 -0.0174771 1.70655 2.51343 
-1.39534 -0.244509 -0.0144559 -1.92587 -0.0179688 1.71602 2.52063 
-1.3896 -0.235765 -0.0145167 -1.92684 -0.0183719 1.72575 2.52659 
-1.38447 -0.226581 -0.0143901 -1.92781 -0.0187277 1.73491 2.53201 
-1.37998 -0.217157 -0.014425 -1.92915 -0.018918 1.74504 2.53639 
-1.37628 -0.208507 -0.0144425 -1.93063 -0.0191073 1.75487 2.54023 
-1.37318 -0.199351 -0.0144428 -1.9323 -0.0192734 1.76475 2.54358 
-1.37076 -0.189718 -0.0144749 -1.93419 -0.0194466 1.77506 2.5464 
-1.36906 -0.180936 -0.0145012 -1.93626 -0.0195713 1.7863 2.54834 
-1.36788 -0.171969 -0.0145187 -1.93869 -0.0197423 1.79664 2.54983 
-1.36749 -0.16291 -0.0145199 -1.94168 -0.0199087 1.808 2.55075 
-1.36751 -0.154719 -0.0145587 -1.94503 -0.0201172 1.81951 2.55102 
-1.36782 -0.146386 -0.0147076 -1.94886 -0.0204115 1.8307 2.55102 
-1.36864 -0.137846 -0.0147645 -1.95323 -0.0207194 1.84268 2.55102 
-1.36968 -0.130482 -0.0147912 -1.95767 -0.0209848 1.85421 2.55102 
-1.37092 -0.123028 -0.0148051 -1.96274 -0.0212216 1.86656 2.551 
-1.37236 -0.115165 -0.0148376 -1.96839 -0.0215018 1.87894 2.55091 
-1.37393 -0.108213 -0.0149064 -1.97421 -0.0219181 1.89132 2.55052 
-1.37591 -0.10123 -0.014936 -1.98113 -0.0223904 1.90515 2.5496 
-1.37806 -0.094436 -0.0149599 -1.98819 -0.0228721 1.91792 2.54841 
-1.38035 -0.0879137 -0.0149806 -1.99526 -0.0233572 1.93079 2.54684 
-1.38315 -0.0815882 -0.0149927 -2.00336 -0.0239702 1.94514 2.54468 
-1.38641 -0.0758124 -0.014993 -2.01185 -0.0246763 1.95918 2.54206 
-1.39002 -0.0702932 -0.0149962 -2.02004 -0.0251877 1.97245 2.5391 
-1.39397 -0.0646188 -0.0150596 -2.029 -0.0253924 1.98671 2.5359 
-1.39872 -0.0591019 -0.0150905 -2.03893 -0.0256069 2.00175 2.53184 
-1.40404 -0.0540309 -0.0150984 -2.04891 -0.0258533 2.01691 2.52738 
-1.4099 -0.0492337 -0.0151057 -2.05943 -0.0261337 2.0319 2.52215 
-1.41613 -0.0444553 -0.0150771 -2.07002 -0.0263546 2.04665 2.51609 
-1.42263 -0.0395461 -0.0151173 -2.08117 -0.0264029 2.06231 2.50995 
-1.42946 -0.0351021 -0.0151232 -2.09228 -0.026471 2.07764 2.50389 
-1.43696 -0.0307805 -0.0151126 -2.10377 -0.0265391 2.0937 2.49677 
-1.44451 -0.0267375 -0.0150852 -2.11576 -0.0265749 2.10979 2.48967 
-1.45176 -0.0230555 -0.0151369 -2.12693 -0.0266697 2.12499 2.48294 
-1.45991 -0.0190158 -0.0151246 -2.13883 -0.026766 2.141 2.47446 
-1.4681 -0.0147442 -0.0150884 -2.15056 -0.0268017 2.1572 2.4665 
-1.47586 -0.01066 -0.0151606 -2.16162 -0.0268661 2.17245 2.45883 
-1.48514 -0.00635922 -0.015171 -2.17374 -0.0269022 2.1894 2.44989 
-1.49423 -0.00239403 -0.0151169 -2.18491 -0.02696 2.20487 2.4413 
-1.50272 0.00132003 -0.0151755 -2.19548 -0.0269622 2.21968 2.43298 
-1.51217 0.00525468 -0.0151873 -2.20602 -0.0269932 2.23436 2.42458 
-1.52177 0.00952803 -0.0151203 -2.21634 -0.0270374 2.24879 2.41538 
-1.53084 0.0138785 -0.0152039 -2.22601 -0.0270437 2.26352 2.40715 
-1.54093 0.0184477 -0.015188 -2.23569 -0.0270652 2.27837 2.39747 
-1.55078 0.0229372 -0.0151508 -2.24503 -0.0270675 2.29276 2.38761 
-1.5604 0.0271912 -0.0152715 -2.25348 -0.0270673 2.30603 2.37861 
-1.5711 0.0318663 -0.0151913 -2.26168 -0.0270866 2.3193 2.36849 
-1.58148 0.0370553 -0.015224 -2.26939 -0.0270872 2.33245 2.35827 
-1.59202 0.0423464 -0.0152768 -2.2763 -0.027089 2.34523 2.34849 
-1.60242 0.0475651 -0.0151511 -2.28251 -0.0270871 2.35756 2.33879 
-1.61314 0.0529748 -0.0152803 -2.28818 -0.0270862 2.36971 2.32877 
-1.62411 0.0585689 -0.015194 -2.29308 -0.0270861 2.38113 2.31772 
-1.63416 0.064453 -0.0152327 -2.29708 -0.0270859 2.3913 2.30771 
-1.64615 0.0714723 -0.0152699 -2.3007 -0.0270839 2.40236 2.29626 
-1.65672 0.0777292 -0.0151923 -2.30311 -0.0270902 2.41269 2.28564 
-1.66687 0.0837101 -0.0153173 -2.30455 -0.0270849 2.42081 2.27496 
-1.67767 0.0906909 -0.0152025 -2.3053 -0.0270892 2.42866 2.26446 
-1.68795 0.0978772 -0.0152812 -2.30548 -0.0270872 2.43628 2.25417 
-1.69813 0.104396 -0.0152915 -2.30528 -0.0270846 2.44336 2.24445 
-1.70841 0.111083 -0.0152098 -2.305 -0.0270667 2.45103 2.23373 
-1.71862 0.118449 -0.0153258 -2.3047 -0.02707 2.45797 2.22449 
-1.72898 0.125829 -0.0152136 -2.30433 -0.0270668 2.46517 2.21441 
-1.73863 0.132793 -0.0152345 -2.30375 -0.0270674 2.47238 2.20494 
-1.74849 0.13997 -0.0152886 -2.30291 -0.027054 2.4785 2.1951 
-1.75759 0.147395 -0.0151761 -2.30226 -0.027053 2.48547 2.18644 
-1.76658 0.154863 -0.0152425 -2.30161 -0.0270415 2.49346 2.17744 
-1.77555 0.162042 -0.015262 -2.30056 -0.0270402 2.50006 2.16883 
-1.78368 0.169506 -0.0151331 -2.29926 -0.027005 2.5061 2.16007 
-1.79129 0.177197 -0.0152067 -2.29785 -0.0269491 2.5126 2.15241 
-1.79925 0.18472 -0.0151978 -2.29599 -0.0269448 2.51882 2.14477 
-1.80652 0.191958 -0.0151529 -2.29389 -0.0269373 2.52492 2.1375 
-1.81349 0.200223 -0.0151854 -2.29152 -0.0269351 2.53118 2.13061 
-1.82038 0.208127 -0.0151926 -2.28869 -0.0268777 2.53671 2.1233 
-1.82688 0.215391 -0.0152032 -2.28533 -0.0267857 2.54113 2.11688 
-1.83316 0.223365 -0.0151516 -2.28163 -0.026783 2.54543 2.11118 
-1.8393 0.231689 -0.0151851 -2.27733 -0.0267808 2.55005 2.10491 
-1.84546 0.239503 -0.0151822 -2.27199 -0.0267559 2.55316 2.09858 
-1.85199 0.248358 -0.0151947 -2.26555 -0.0267483 2.55563 2.09229 
-1.85817 0.257075 -0.0151566 -2.25861 -0.0267177 2.55772 2.08572 
-1.86389 0.265171 -0.0151658 -2.25107 -0.0264161 2.55941 2.07943 
-1.86928 0.273396 -0.0151826 -2.24322 -0.026302 2.56027 2.07428 
-1.87493 0.282448 -0.0151726 -2.23444 -0.026303 2.5609 2.06886 
-1.88046 0.290852 -0.0151698 -2.22528 -0.0262518 2.56099 2.06287 
-1.88553 0.299284 -0.0151384 -2.21612 -0.0261676 2.56099 2.05771 
-1.89055 0.308639 -0.0151514 -2.20613 -0.0261101 2.56099 2.05253 
-1.89553 0.317332 -0.0151607 -2.19606 -0.0259147 2.561 2.04701 
-1.90054 0.326559 -0.0151534 -2.18573 -0.0254784 2.56099 2.04134 
-1.90551 0.336196 -0.0151505 -2.17556 -0.0252354 2.56099 2.03627 
-1.91027 0.345129 -0.0151124 -2.16546 -0.0251902 2.56099 2.03152 
-1.91452 0.354439 -0.0150908 -2.15573 -0.0250589 2.56097 2.0268 
-1.9185 0.363786 -0.0151051 -2.14639 -0.0247904 2.56097 2.02243 
-1.9225 0.372958 -0.0151021 -2.13658 -0.0246529 2.56097 2.01853 
-1.92619 0.382682 -0.0150948 -2.12743 -0.0245971 2.56096 2.01473 
-1.9298 0.392525 -0.0150925 -2.11828 -0.0245193 2.56097 2.01089 
-1.93315 0.402037 -0.0150719 -2.10897 -0.0242523 2.56097 2.0063 
-1.93611 0.41206 -0.015012 -2.10013 -0.023809 2.56097 2.00253 
-1.93886 0.421761 -0.0149992 -2.09092 -0.0235113 2.56098 1.99932 
-1.94132 0.431895 -0.0150165 -2.08136 -0.0233476 2.56098 1.99645 
-1.94354 0.441969 -0.0149939 -2.07228 -0.0231728 2.56098 1.99404 
-1.9455 0.451247 -0.0150054 -2.06316 -0.0230694 2.56099 1.9919 
-1.94743 0.461907 -0.014985 -2.05337 -0.0229425 2.561 1.98965 
-1.94909 0.472056 -0.0149769 -2.04358 -0.0227246 2.56102 1.98761 
-1.95044 0.481473 -0.0149636 -2.03422 -0.0224524 2.56102 1.98598 
-1.95151 0.491569 -0.0149453 -2.02505 -0.0221723 2.56102 1.98465 
-1.95226 0.50106 -0.0149198 -2.01576 -0.0219167 2.56104 1.98371 
-1.95267 0.510414 -0.0149153 -2.00703 -0.0217664 2.56104 1.98311 
-1.95277 0.520187 -0.0148859 -1.99821 -0.0216189 2.56118 1.98275 
-1.95269 0.528931 -0.0147987 -1.98978 -0.0214136 2.56126 1.98263 
-1.95251 0.537671 -0.0147278 -1.98218 -0.021265 2.56135 1.98258 
-1.95213 0.546516 -0.0146993 -1.97482 -0.0210677 2.56212 1.98256 
-1.95165 0.554346 -0.0146987 -1.96796 -0.0208463 2.56291 1.98256 
-1.95117 0.562348 -0.0146789 -1.96188 -0.020551 2.56391 1.98256 
-1.95064 0.570164 -0.0146606 -1.95651 -0.0201375 2.56593 1.98256 
-1.94998 0.576927 -0.0146514 -1.95181 -0.0195844 2.56823 1.98256 
-1.94927 0.582914 -0.0146425 -1.94781 -0.0189455 2.56989 1.98256 
-1.9485 0.58922 -0.0146349 -1.94439 -0.0182761 2.57155 1.98257 
-1.94767 0.595001 -0.0146021 -1.942 -0.0174987 2.57413 1.9826 
-1.94679 0.599648 -0.0145897 -1.94054 -0.0165817 2.57686 1.98266 
-1.94582 0.60368 -0.0146002 -1.93981 -0.0154283 2.57998 1.98276 
-1.94503 0.606525 -0.0145961 -1.93978 -0.0145556 2.58247 1.98289 
-1.94394 0.609997 -0.0145951 -1.94013 -0.0135054 2.58575 1.9831 
-1.94294 0.612833 -0.0145844 -1.94076 -0.0126041 2.58868 1.98344 
-1.94177 0.615393 -0.0145723 -1.94166 -0.0118034 2.59117 1.98398 
-1.94061 0.617055 -0.0145728 -1.94268 -0.0112076 2.5934 1.98458 
-1.93931 0.618212 -0.0145618 -1.94394 -0.0106344 2.59542 1.9855 
-1.9379 0.618855 -0.0145412 -1.94525 -0.010145 2.59716 1.98655 
-1.93641 0.619087 -0.0145408 -1.9465 -0.00969102 2.59895 1.98772 
-1.9349 0.619051 -0.0145277 -1.94758 -0.0092356 2.60031 1.98892 
-1.93329 0.618991 -0.014524 -1.94841 -0.00879022 2.60107 1.99011 
-1.93159 0.618987 -0.0145284 -1.94902 -0.0084586 2.60148 1.9915 
-1.92972 0.618987 -0.0145203 -1.94957 -0.00821772 2.60167 1.99333 
-1.92778 0.618992 -0.0145385 -1.95007 -0.00807092 2.60174 1.99529 
-1.92592 0.61899 -0.0145235 -1.9506 -0.0078805 2.60183 1.99696 
-1.92388 0.618981 -0.0145306 -1.95133 -0.00770595 2.60204 1.99865 
-1.92182 0.618981 -0.0145444 -1.95221 -0.00749206 2.60249 2.00053 
-1.91986 0.618968 -0.0145561 -1.95329 -0.00732378 2.60337 2.00233 
-1.91797 0.618966 -0.0145716 -1.95454 -0.00723812 2.60471 2.00388 
-1.91635 0.618967 -0.0145668 -1.95589 -0.00717242 2.60621 2.00538 
-1.91488 0.618964 -0.0145932 -1.95737 -0.00714085 2.60764 2.00667 
-1.91371 0.618966 -0.0146399 -1.95889 -0.00709821 2.60902 2.00766 
-1.91279 0.618969 -0.0146304 -1.96046 -0.00709118 2.61044 2.00852 
-1.91214 0.61895 -0.0146421 -1.96212 -0.00707917 2.61196 2.00918 
-1.91177 0.618894 -0.0146356 -1.96385 -0.00706783 2.61342 2.00965 
-1.91153 0.618765 -0.0146342 -1.96585 -0.00706191 2.61483 2.01008 
-1.91141 0.618539 -0.0146325 -1.96814 -0.00706204 2.61642 2.01038 
-1.91137 0.618233 -0.0146226 -1.97055 -0.00705512 2.61853 2.01065 
-1.91132 0.617818 -0.0146246 -1.97329 -0.00705258 2.62078 2.011 
-1.91127 0.617282 -0.0146153 -1.97614 -0.00705456 2.62302 2.0114 
-1.91114 0.616689 -0.0146126 -1.97897 -0.00705497 2.62549 2.01187 
-1.9109 0.615932 -0.014586 -1.98208 -0.00705229 2.62785 2.01244 
-1.91054 0.615097 -0.0145636 -1.98517 -0.00705361 2.62975 2.01291 
-1.91009 0.614267 -0.0145636 -1.98799 -0.00705035 2.63162 2.01346 
-1.90952 0.613373 -0.0145628 -1.99096 -0.00705097 2.63382 2.01416 
-1.90892 0.612376 -0.0145666 -1.99393 -0.00705333 2.63592 2.01487 
-1.9084 0.611439 -0.0145653 -1.99669 -0.00705527 2.63829 2.01535 
-1.90788 0.61064 -0.0145621 -1.99942 -0.00705063 2.641 2.01589 
-1.90737 0.610091 -0.0145646 -2.00183 -0.00705209 2.6435 2.01651 
-1.90692 0.609726 -0.0145713 -2.00388 -0.00705259 2.646 2.01708 
-1.9065 0.609517 -0.0145732 -2.0056 -0.00705261 2.64786 2.01755 
-1.90611 0.609487 -0.014573 -2.00686 -0.00705383 2.64923 2.01797 
-1.90573 0.609543 -0.0145716 -2.00767 -0.00705257 2.65043 2.01835 
-1.90533 0.609591 -0.0145701 -2.00809 -0.00705128 2.65125 2.01876 
-1.90491 0.609636 -0.0145636 -2.00827 -0.00705199 2.65159 2.01924 
-1.9045 0.609647 -0.0145636 -2.00826 -0.00705199 2.65171 2.01955 
-1.90414 0.609605 -0.0145483 -2.00823 -0.00705286 2.65173 2.0198 
-1.90368 0.609611 -0.0145473 -2.0082 -0.00705454 2.65175 2.02011 
-1.90318 0.609624 -0.0145521 -2.00815 -0.00705073 2.6518 2.02034 
-1.90272 0.609604 -0.0145497 -2.00809 -0.00705274 2.65184 2.02066 
-1.90224 0.609633 -0.0145593 -2.00804 -0.0070529 2.65185 2.02096 
-1.90177 0.609663 -0.0145684 -2.00799 -0.00705422 2.65188 2.02123 
-1.90138 0.609649 -0.0145817 -2.00787 -0.00705422 2.65191 2.02148 
-1.90108 0.609664 -0.0145812 -2.00768 -0.00705483 2.65192 2.0217 
-1.90084 0.609686 -0.014582 -2.00751 -0.00705809 2.65193 2.02177 
-1.90069 0.609698 -0.0145839 -2.00732 -0.00705992 2.65193 2.02177 
-1.90064 0.609717 -0.0145802 -2.00711 -0.00706286 2.65193 2.02177 
-1.90064 0.609772 -0.014586 -2.00692 -0.00707051 2.65194 2.02177 
-1.90064 0.609878 -0.0146069 -2.00667 -0.00708439 2.65194 2.02176 
-1.90065 0.610004 -0.0146601 -2.00637 -0.0070967 2.65194 2.02176 
-1.90067 0.610167 -0.0146624 -2.00605 -0.0071015 2.65195 2.02175 
-1.90066 0.610359 -0.0146581 -2.0058 -0.00710917 2.65195 2.02176 
-1.90064 0.610576 -0.0146474 -2.00556 -0.00712367 2.65195 2.02175 
-1.90061 0.610818 -0.0146485 -2.00526 -0.00713126 2.65195 2.02174 
-1.90057 0.611086 -0.0146468 -2.00497 -0.00712882 2.65196 2.02174 
-1.90055 0.611358 -0.0146468 -2.00478 -0.00712811 2.65196 2.02174 
-1.90055 0.611578 -0.0146566 -2.00471 -0.00713193 2.65196 2.02174 
-1.90058 0.611769 -0.0146686 -2.00471 -0.00712979 2.65197 2.02174 
-1.90059 0.611936 -0.0146714 -2.0047 -0.00712955 2.65197 2.02175 
-1.9006 0.612133 -0.0146814 -2.00471 -0.00713219 2.65198 2.02175 
-1.90062 0.612309 -0.0146925 -2.00471 -0.00712502 2.65198 2.02175 
-1.90066 0.612479 -0.0146908 -2.00471 -0.00712973 2.65199 2.02174 
-1.9007 0.612654 -0.0147063 -2.00471 -0.0071268 2.652 2.02174 
-1.90079 0.612766 -0.0147351 -2.00471 -0.0071304 2.65201 2.02174 
-1.90098 0.612774 -0.0147582 -2.00471 -0.00712772 2.65203 2.02174 
-1.9012 0.612778 -0.0147653 -2.00471 -0.00712578 2.65207 2.02174 
-1.90144 0.612811 -0.014783 -2.00471 -0.00712689 2.65229 2.02175 
-1.9017 0.612815 -0.0147925 -2.0047 -0.00712417 2.65244 2.02175 
-1.902 0.612817 -0.0147974 -2.00469 -0.00712642 2.65249 2.02174 
-1.90228 0.612887 -0.0147938 -2.0047 -0.00712719 2.65256 2.02174 
-1.90248 0.613009 -0.0147914 -2.0047 -0.00712507 2.65259 2.02175 
-1.9026 0.613198 -0.0147926 -2.0047 -0.00712685 2.65262 2.02175 
-1.90264 0.613513 -0.0147896 -2.0047 -0.007128 2.6527 2.02174 
-1.9026 0.613958 -0.0147688 -2.0047 -0.00712401 2.65293 2.02175 
-1.90253 0.61449 -0.0147397 -2.0047 -0.00712525 2.65322 2.02175 
-1.90241 0.615158 -0.0147261 -2.0047 -0.00712735 2.6538 2.02174 
-1.90225 0.615861 -0.0147261 -2.0047 -0.00712642 2.65443 2.02175 
-1.90211 0.616517 -0.0147185 -2.0047 -0.00712774 2.65504 2.02174 
-1.90198 0.617157 -0.0147213 -2.0047 -0.00712703 2.65588 2.02175 
-1.9019 0.617678 -0.0147213 -2.0047 -0.00712835 2.65684 2.02175 
-1.9019 0.618085 -0.0147266 -2.00468 -0.00712774 2.65761 2.02175 
-1.90193 0.618422 -0.014736 -2.00468 -0.00712703 2.65821 2.02174 
-1.90195 0.618683 -0.014749 -2.00468 -0.00712835 2.65864 2.02174 
-1.90197 0.61884 -0.0147574 -2.00468 -0.00712835 2.65885 2.02174 
-1.90198 0.618889 -0.0147485 -2.00468 -0.00712703 2.65894 2.02175 
-1.90197 0.618892 -0.0147403 -2.00466 -0.00712581 2.65901 2.02175 
-1.90195 0.61889 -0.0147366 -2.00461 -0.00712703 2.65906 2.02174 
-1.90192 0.618894 -0.0147209 -2.00457 -0.00712703 2.65907 2.02174 
-1.90188 0.618913 -0.0147198 -2.00456 -0.00712774 2.65907 2.02174 
-1.90188 0.618996 -0.0147246 -2.00456 -0.00712835 2.65907 2.02174 
-1.9019 0.619137 -0.0147298 -2.00455 -0.00712896 2.65908 2.02174 
-1.90188 0.619283 -0.0147201 -2.00453 -0.00712967 2.65911 2.02174 
-1.90187 0.619451 -0.0147193 -2.00452 -0.00713089 2.65912 2.02174 
-1.90188 0.619667 -0.0147246 -2.00452 -0.00712835 2.65913 2.02174 
-1.90188 0.619929 -0.0147246 -2.00452 -0.0071304 2.65914 2.02174 
-1.90187 0.620207 -0.0147193 -2.00452 -0.0071309 2.65919 2.02174 
-1.90188 0.620523 -0.0147246 -2.00452 -0.00713303 2.65935 2.02174 
-1.90189 0.620856 -0.0147314 -2.00452 -0.00713716 2.65957 2.02174 
-1.90191 0.621172 -0.0147446 -2.00452 -0.00713701 2.65985 2.02174 
-1.9019 0.621439 -0.0147357 -2.00451 -0.00713906 2.66014 2.02173 
-1.90187 0.621671 -0.0147212 -2.00451 -0.00715524 2.66045 2.02173 
-1.90187 0.621835 -0.0147225 -2.00451 -0.00717441 2.66074 2.02172 
-1.90189 0.621953 -0.0147376 -2.0045 -0.00718207 2.66101 2.02172 
-1.9019 0.622064 -0.0147459 -2.00447 -0.00719213 2.66132 2.02171 
-1.90192 0.622166 -0.0147542 -2.00443 -0.00720266 2.6616 2.0217 
-1.90193 0.622266 -0.0147514 -2.0044 -0.00720834 2.66176 2.0217 
-1.90192 0.622405 -0.0147453 -2.00436 -0.00721132 2.66186 2.0217 
-1.9019 0.622582 -0.0147336 -2.00428 -0.00721493 2.66193 2.0217 
-1.90187 0.622833 -0.0147261 -2.00418 -0.00721757 2.662 2.0217 
-1.90186 0.623151 -0.014716 -2.00404 -0.00721564 2.66212 2.0217 
-1.9018 0.623505 -0.0147032 -2.00388 -0.00721625 2.66228 2.0217 
-1.9017 0.624078 -0.0147034 -2.00357 -0.00721625 2.66255 2.0217 
-1.90163 0.624724 -0.0147061 -2.0032 -0.00721686 2.66277 2.0217 
-1.90161 0.6253 -0.0146981 -2.00286 -0.00721686 2.66297 2.0217 
-1.90161 0.626132 -0.0147101 -2.00231 -0.00721625 2.66339 2.0217 
-1.90162 0.626888 -0.0147134 -2.00171 -0.00721757 2.66384 2.0217 
-1.90162 0.627676 -0.0147119 -2.00108 -0.00721686 2.66409 2.0217 
-1.9016 0.628484 -0.0147013 -2.00043 -0.00721879 2.66429 2.0217 
-1.90156 0.62934 -0.0146886 -1.99971 -0.00721757 2.66442 2.0217 
-1.90147 0.63021 -0.0146853 -1.99902 -0.00721879 2.66448 2.0217 
-1.90137 0.63106 -0.0146872 -1.99838 -0.00721951 2.66456 2.0217 
-1.90125 0.631947 -0.0146812 -1.99775 -0.00722025 2.66472 2.0217 
-1.9011 0.6329 -0.0146759 -1.99716 -0.00721655 2.66492 2.0217 
-1.90092 0.633671 -0.0146429 -1.99669 -0.00721421 2.66548 2.0217 
-1.90062 0.63395 -0.0145952 -1.9965 -0.00721593 2.66569 2.0217 
-1.90029 0.633985 -0.0146125 -1.99648 -0.00721694 2.66574 2.0217 
-1.90012 0.63406 -0.0146201 -1.99647 -0.00721694 2.66574 2.0217 
-1.90008 0.634163 -0.0146209 -1.99647 -0.00721816 2.66575 2.0217 
-1.90013 0.634297 -0.0146427 -1.99647 -0.00721526 2.66576 2.0217 
-1.90019 0.63441 -0.0146575 -1.99647 -0.00721501 2.66578 2.0217 
-1.90019 0.634504 -0.0146408 -1.99647 -0.00721256 2.66578 2.02171 
-1.90013 0.634566 -0.0146192 -1.99647 -0.00720889 2.66578 2.02171 
-1.90004 0.634615 -0.0146016 -1.99647 -0.00721143 2.66579 2.02172 
-1.89989 0.634689 -0.0145884 -1.99648 -0.00721108 2.66579 2.02172 
-1.89969 0.63478 -0.0145783 -1.99649 -0.00720928 2.66578 2.02173 
-1.89947 0.634853 -0.0145569 -1.99649 -0.00720451 2.66578 2.02174 
-1.89921 0.634927 -0.0145569 -1.99649 -0.00720164 2.66578 2.02174 
-1.89893 0.634995 -0.0145533 -1.99649 -0.00719537 2.66578 2.02175 
-1.89864 0.635041 -0.014559 -1.99649 -0.00718622 2.66578 2.02177 
-1.89839 0.6351 -0.0145584 -1.9965 -0.0071816 2.66578 2.02179 
-1.89817 0.63518 -0.0145722 -1.9965 -0.00717928 2.66578 2.02189 
-1.89806 0.635241 -0.0145888 -1.9965 -0.00717795 2.66579 2.02201 
-1.89806 0.635307 -0.0146022 -1.9965 -0.00717663 2.66579 2.0221 
-1.8981 0.635422 -0.0146361 -1.99651 -0.00717602 2.66579 2.02213 
-1.89816 0.635524 -0.0146661 -1.99651 -0.00717287 2.66579 2.02216 
-1.8982 0.635651 -0.0146703 -1.99652 -0.00717409 2.66579 2.02216 
-1.89818 0.635871 -0.0146615 -1.99653 -0.0071747 2.66579 2.02217 
-1.89818 0.636129 -0.014667 -1.99652 -0.00717409 2.66582 2.02217 
-1.89819 0.636422 -0.0146787 -1.99653 -0.00717602 2.66586 2.02217 
-1.89823 0.6368 -0.0147023 -1.99652 -0.00717602 2.66603 2.02217 
-1.89833 0.637247 -0.0147106 -1.99652 -0.00717794 2.66633 2.02217 
-1.89843 0.637717 -0.0147108 -1.99652 -0.00717456 2.66666 2.02217 
-1.89852 0.638214 -0.0147075 -1.99652 -0.00717287 2.66694 2.02218 
-1.89859 0.638709 -0.0147212 -1.99652 -0.00718019 2.6672 2.02217 
-1.89868 0.639176 -0.0147129 -1.99652 -0.00717766 2.66756 2.02217 
-1.89875 0.639613 -0.0147172 -1.99653 -0.00717375 2.66795 2.02217 
-1.89878 0.640036 -0.0147139 -1.99652 -0.00717314 2.66821 2.02217 
-1.89879 0.640406 -0.0147257 -1.99651 -0.00717633 2.66853 2.02217 
-1.89881 0.640784 -0.0147171 -1.99651 -0.00717695 2.66897 2.02217 
-1.89881 0.641176 -0.0147172 -1.9965 -0.00717374 2.66945 2.02217 
-1.89882 0.641562 -0.0147257 -1.99651 -0.00717488 2.66993 2.02217 
-1.89887 0.641961 -0.014722 -1.9965 -0.00717588 2.67045 2.02217 
-1.89891 0.642387 -0.0147173 -1.9965 -0.00717425 2.67096 2.02218 
-1.89891 0.642862 -0.0147171 -1.9965 -0.00716961 2.67153 2.02217 
-1.89892 0.64335 -0.0147224 -1.9965 -0.00716829 2.67224 2.02217 
-1.89894 0.643858 -0.0147246 -1.9965 -0.00716707 2.67293 2.02218 
-1.89896 0.644445 -0.0147227 -1.99649 -0.00716575 2.67359 2.02217 
-1.89899 0.64506 -0.0147234 -1.99648 -0.00716575 2.6744 2.02218 
-1.89902 0.645796 -0.0147289 -1.99648 -0.00716575 2.67544 2.02217 
-1.8991 0.64663 -0.0147302 -1.99647 -0.00716646 2.67669 2.02217 
-1.89919 0.647514 -0.0147304 -1.99646 -0.00716707 2.67807 2.02217 
-1.8993 0.648484 -0.0147321 -1.99646 -0.00716576 2.6795 2.02218 
-1.89942 0.649561 -0.0147329 -1.99644 -0.00716514 2.68073 2.02217 
-1.89954 0.650796 -0.0147368 -1.99636 -0.00716525 2.68212 2.02218 
-1.89969 0.652184 -0.0147373 -1.99626 -0.00716703 2.68375 2.02218 
-1.89981 0.65371 -0.0147373 -1.99611 -0.00716662 2.6854 2.02218 
-1.89988 0.655392 -0.0147389 -1.99572 -0.00716702 2.68726 2.02217 
-1.89995 0.657457 -0.0147351 -1.99496 -0.00716545 2.68906 2.02218 
-1.89998 0.659686 -0.0147268 -1.99399 -0.00716737 2.69043 2.02217 
-1.89996 0.661964 -0.0147103 -1.9929 -0.00716593 2.69137 2.02217 
-1.89992 0.664473 -0.0147024 -1.99167 -0.00716259 2.6922 2.02217 
-1.89991 0.666981 -0.0146975 -1.99041 -0.00716561 2.69297 2.02218 
-1.8999 0.669498 -0.0146915 -1.98907 -0.00716514 2.69375 2.02218 
-1.89986 0.672018 -0.0146723 -1.98766 -0.0071632 2.69445 2.02218 
-1.89973 0.674364 -0.0146651 -1.9863 -0.00716045 2.69511 2.02217 
-1.89962 0.676471 -0.0146798 -1.98504 -0.00716095 2.69553 2.02218 
-1.89961 0.678549 -0.0146893 -1.98384 -0.00715973 2.69577 2.02217 
-1.89965 0.680499 -0.0146961 -1.98286 -0.00715937 2.69618 2.02217 
-1.89965 0.682405 -0.0146884 -1.98196 -0.00716107 2.69698 2.02217 
-1.89963 0.684192 -0.0146854 -1.9812 -0.00716034 2.69797 2.02218 
-1.89963 0.686113 -0.0146821 -1.98039 -0.00715841 2.69906 2.02218 
-1.89964 0.688019 -0.0146836 -1.97969 -0.00716034 2.70026 2.02218 
-1.89962 0.68983 -0.0146804 -1.9791 -0.00715663 2.70165 2.02218 
-1.8996 0.691729 -0.014663 -1.97864 -0.00715616 2.70336 2.02219 
-1.89956 0.693511 -0.0146532 -1.97831 -0.00715748 2.70515 2.02219 
-1.89952 0.695201 -0.0146555 -1.9779 -0.00715744 2.7067 2.0222 
-1.89951 0.696809 -0.0146522 -1.97731 -0.00714959 2.70787 2.02222 
-1.89952 0.698316 -0.0146517 -1.97664 -0.00714529 2.70869 2.0223 
-1.89953 0.699738 -0.0146601 -1.97595 -0.00713876 2.70925 2.0224 
-1.89954 0.701074 -0.0146587 -1.97526 -0.00713143 2.70976 2.02245 
-1.89952 0.702376 -0.0146517 -1.97457 -0.00712648 2.71013 2.02253 
-1.8995 0.703645 -0.0146458 -1.97389 -0.00711657 2.71049 2.02269 
-1.89951 0.705057 -0.014641 -1.97317 -0.00711869 2.71112 2.0228 
-1.8995 0.706581 -0.0146255 -1.97238 -0.0071144 2.71173 2.02283 
-1.89948 0.708187 -0.0146218 -1.97155 -0.00711691 2.71243 2.02286 
-1.89948 0.709968 -0.0146169 -1.97059 -0.00711943 2.71329 2.02288 
-1.89946 0.711878 -0.0146095 -1.9696 -0.00712072 2.7141 2.02289 
-1.89944 0.713776 -0.0145911 -1.96875 -0.00711813 2.71515 2.02289 
-1.89937 0.715744 -0.0145724 -1.96806 -0.00711945 2.71688 2.02289 
-1.89922 0.717626 -0.014575 -1.96751 -0.00712138 2.71875 2.02289 
-1.89911 0.719367 -0.0145724 -1.9672 -0.00711371 2.72047 2.0229 
-1.89898 0.721101 -0.014569 -1.96699 -0.00711592 2.72261 2.02294 
-1.89889 0.722729 -0.014567 -1.96689 -0.00711588 2.72473 2.02303 
-1.89883 0.724304 -0.0145645 -1.96662 -0.00711659 2.72675 2.02314 
-1.89881 0.725727 -0.0145691 -1.96616 -0.00711527 2.72798 2.02319 
-1.89881 0.727097 -0.0145756 -1.96561 -0.0071111 2.72886 2.02325 
-1.89881 0.728318 -0.0145743 -1.96498 -0.00710736 2.72938 2.02333 
-1.89883 0.729561 -0.0145844 -1.96417 -0.00710696 2.72956 2.02342 
-1.89886 0.730874 -0.0145972 -1.96325 -0.00710467 2.72958 2.02351 
-1.89889 0.732163 -0.0146169 -1.96239 -0.00710742 2.72959 2.02355 
-1.89893 0.733575 -0.0146132 -1.96146 -0.00710173 2.72966 2.02357 
-1.89894 0.735199 -0.014618 -1.96033 -0.00710485 2.72974 2.02361 
-1.89894 0.736859 -0.0146145 -1.95917 -0.00710229 2.72979 2.02368 
-1.89894 0.738816 -0.0146132 -1.95785 -0.00710168 2.72993 2.02372 
-1.89894 0.740796 -0.0146087 -1.95668 -0.00710166 2.73022 2.02376 
-1.89892 0.742798 -0.0145987 -1.95558 -0.00710131 2.7308 2.02382 
-1.8989 0.744813 -0.0145987 -1.95456 -0.00710203 2.73153 2.02388 
-1.89891 0.746818 -0.0146053 -1.9536 -0.00710239 2.73234 2.02391 
-1.89892 0.748568 -0.0146036 -1.95282 -0.00710329 2.73308 2.02394 
-1.89889 0.749999 -0.0145923 -1.95222 -0.007106 2.73386 2.02397 
-1.89885 0.751314 -0.0145864 -1.95171 -0.00710493 2.73461 2.02399 
-1.89884 0.752429 -0.0145823 -1.95127 -0.00710659 2.73551 2.02403 
-1.89884 0.753408 -0.0145816 -1.95093 -0.00710463 2.73642 2.02407 
-1.89884 0.754356 -0.0145775 -1.95058 -0.00710563 2.73725 2.02411 
-1.89884 0.755334 -0.0145806 -1.95015 -0.00710535 2.73788 2.02415 
-1.89884 0.756305 -0.0145695 -1.94965 -0.00710361 2.7383 2.02422 
-1.8988 0.757357 -0.0145561 -1.94904 -0.00710313 2.73877 2.02426 
-1.89874 0.758455 -0.0145552 -1.94843 -0.00710525 2.73915 2.02431 
-1.8987 0.759667 -0.0145519 -1.94773 -0.00710539 2.73955 2.02437 
-1.89867 0.760973 -0.0145465 -1.94697 -0.00710416 2.74002 2.02443 
-1.89864 0.762335 -0.0145457 -1.94612 -0.00710148 2.74049 2.02448 
-1.89864 0.763682 -0.0145541 -1.94531 -0.00710426 2.74089 2.02451 
-1.89865 0.765131 -0.0145573 -1.9445 -0.00710279 2.74152 2.02453 
-1.89864 0.766525 -0.0145489 -1.94381 -0.00710217 2.7426 2.02455 
-1.89862 0.767749 -0.014544 -1.94322 -0.00710356 2.74374 2.02457 
-1.8986 0.768928 -0.0145425 -1.94265 -0.00710299 2.7446 2.02461 
-1.89858 0.769928 -0.0145393 -1.94218 -0.00710267 2.74521 2.02463 
-1.89858 0.770706 -0.0145383 -1.94181 -0.00710312 2.74556 2.02465 
-1.89858 0.771326 -0.0145419 -1.94152 -0.00709963 2.74578 2.02469 
-1.89858 0.771802 -0.0145458 -1.94131 -0.00710366 2.74588 2.02471 
-1.89859 0.772133 -0.0145461 -1.94113 -0.00710466 2.74593 2.02473 
-1.89859 0.77239 -0.0145444 -1.94101 -0.00710225 2.74596 2.02475 
-1.89859 0.772594 -0.0145461 -1.94098 -0.00710203 2.74599 2.02477 
-1.89859 0.772807 -0.0145425 -1.94098 -0.00709967 2.74601 2.02478 
-1.89858 0.773059 -0.0145318 -1.94091 -0.00710406 2.74614 2.02478 
-1.89855 0.773345 -0.0145265 -1.94078 -0.00710349 2.74635 2.02478 
-1.89852 0.773635 -0.0145212 -1.94069 -0.00710357 2.7465 2.02478 
-1.89848 0.773982 -0.0145318 -1.94054 -0.00710432 2.74662 2.02478 
-1.89847 0.774397 -0.0145301 -1.94034 -0.00710467 2.74681 2.02479 
-1.89847 0.774861 -0.0145246 -1.94012 -0.00710467 2.747 2.02479 
-1.89846 0.775379 -0.0145126 -1.93984 -0.00710518 2.74718 2.02478 
-1.89844 0.776041 -0.0145233 -1.9395 -0.00710539 2.74733 2.02478 
-1.89845 0.776858 -0.0145164 -1.93907 -0.00710549 2.74757 2.02479 
-1.89843 0.777723 -0.0145216 -1.93857 -0.00711262 2.74841 2.02479 
-1.89835 0.777935 -0.0144907 -1.93817 -0.00709673 2.74915 2.02481 
-1.89817 0.778282 -0.0145199 -1.93776 -0.00709154 2.74933 2.02487 
-1.89813 0.778449 -0.0145198 -1.93745 -0.00709771 2.74937 2.02491 
-1.89811 0.778595 -0.0145009 -1.93719 -0.00709702 2.74938 2.02496 
-1.89806 0.778682 -0.0145045 -1.93704 -0.00709472 2.74939 2.0251 
-1.89802 0.778777 -0.0145029 -1.93688 -0.00709448 2.7494 2.02522 
-1.89798 0.778945 -0.0145029 -1.93656 -0.00709509 2.7494 2.02532 
-1.8979 0.779238 -0.0144997 -1.93604 -0.00709509 2.74941 2.02543 
-1.89779 0.779639 -0.0144883 -1.93531 -0.00709448 2.74941 2.02566 
-1.89758 0.780292 -0.0144716 -1.93409 -0.00709448 2.74941 2.02595 
-1.89725 0.78123 -0.014463 -1.93229 -0.00709387 2.74941 2.02634 
-1.89683 0.782376 -0.0144683 -1.93016 -0.00709254 2.74941 2.02691 
-1.89633 0.783767 -0.0144715 -1.92759 -0.00709387 2.74941 2.02741 
-1.89586 0.785183 -0.0144743 -1.92477 -0.00709326 2.7494 2.02781 
-1.8954 0.786601 -0.0144698 -1.92192 -0.00709505 2.74937 2.02815 
-1.89487 0.788167 -0.0144528 -1.91878 -0.00709408 2.74931 2.02849 
-1.89429 0.789648 -0.014473 -1.91588 -0.00708152 2.74925 2.02888 
-1.89377 0.790973 -0.0144909 -1.91331 -0.00705889 2.74916 2.02924 
-1.89334 0.792231 -0.0145215 -1.91091 -0.00702598 2.74895 2.0297 
-1.89303 0.79337 -0.0145106 -1.90869 -0.00702023 2.7486 2.03007 
-1.89272 0.794456 -0.0145127 -1.90664 -0.00702308 2.74827 2.0304 
-1.8924 0.795395 -0.0145235 -1.90482 -0.00701615 2.74791 2.0308 
-1.89214 0.796222 -0.0145395 -1.90327 -0.00701835 2.74756 2.03135 
-1.89197 0.796883 -0.0145356 -1.90204 -0.00702103 2.74727 2.03169 
-1.89182 0.797536 -0.0145224 -1.90085 -0.00701839 2.74712 2.03193 
-1.89165 0.79809 -0.0145274 -1.89985 -0.00701971 2.74696 2.03217 
-1.89153 0.798539 -0.0145258 -1.89897 -0.0070191 2.74682 2.03234 
-1.89142 0.798959 -0.0145142 -1.89815 -0.00702103 2.74664 2.03252 
-1.89131 0.799405 -0.0145162 -1.89732 -0.00701971 2.7464 2.03268 
-1.89121 0.799828 -0.0145126 -1.89652 -0.00701971 2.74613 2.03284 
-1.8911 0.800201 -0.0145094 -1.89579 -0.00702085 2.74593 2.03294 
-1.89097 0.800641 -0.0145114 -1.89497 -0.00702103 2.74579 2.03299 
-1.89085 0.801158 -0.0145152 -1.8941 -0.00701971 2.74572 2.03308 
-1.89074 0.801671 -0.0145094 -1.89319 -0.00701975 2.74558 2.03323 
-1.89057 0.802236 -0.0145052 -1.89218 -0.00702033 2.74546 2.03338 
-1.89039 0.802822 -0.0145183 -1.8912 -0.00702164 2.74538 2.03346 
-1.89026 0.803336 -0.0145136 -1.89027 -0.00702103 2.74529 2.03352 
-1.89012 0.803909 -0.0145145 -1.88926 -0.00702616 2.74516 2.03359 
-1.88995 0.804457 -0.0145198 -1.88825 -0.00702164 2.74498 2.03369 
-1.88981 0.804927 -0.014523 -1.8874 -0.00702358 2.74481 2.03386 
-1.8897 0.805384 -0.0145175 -1.88656 -0.00702639 2.74462 2.03393 
-1.88959 0.805777 -0.0145166 -1.88581 -0.00703433 2.74445 2.03398 
-1.88948 0.806198 -0.0145177 -1.88503 -0.00703747 2.74432 2.034 
-1.88936 0.806678 -0.0145177 -1.88414 -0.00703726 2.74417 2.03406 
-1.88918 0.807199 -0.014523 -1.88313 -0.00703556 2.74397 2.03415 
-1.88903 0.807714 -0.0145294 -1.88213 -0.00703829 2.74376 2.0342 
-1.88888 0.808268 -0.0145255 -1.881 -0.00704272 2.74349 2.03426 
-1.8887 0.808906 -0.0145192 -1.87968 -0.00703652 2.74312 2.03441 
-1.88852 0.809461 -0.0145328 -1.87843 -0.0070425 2.74256 2.03453 
-1.88838 0.809953 -0.0145306 -1.87731 -0.00703562 2.74195 2.03461 
-1.88826 0.810448 -0.0145226 -1.87618 -0.00703647 2.74137 2.0347 
-1.8881 0.810934 -0.0145289 -1.87505 -0.00703925 2.74081 2.03476 
-1.88796 0.811381 -0.014539 -1.87399 -0.0070328 2.74019 2.03485 
-1.88785 0.811842 -0.0145316 -1.87287 -0.00703243 2.73952 2.03496 
-1.88769 0.812366 -0.0145192 -1.87161 -0.00703401 2.73882 2.03514 
-1.88753 0.812953 -0.014522 -1.87025 -0.00703867 2.73821 2.03536 
-1.88736 0.813603 -0.0145072 -1.86874 -0.00703675 2.73755 2.03557 
-1.88716 0.814316 -0.0144979 -1.86714 -0.00703721 2.73684 2.03575 
-1.88697 0.815 -0.0145019 -1.8656 -0.00704391 2.73607 2.03587 
-1.88677 0.815666 -0.014503 -1.864 -0.00704294 2.73515 2.03595 
-1.88658 0.816361 -0.0144962 -1.86239 -0.00704025 2.73405 2.03605 
-1.8864 0.816947 -0.0145016 -1.86091 -0.0070368 2.73288 2.03615 
-1.88625 0.817494 -0.0145 -1.85955 -0.00703492 2.73173 2.03629 
-1.8861 0.818019 -0.0144997 -1.85825 -0.00703843 2.73071 2.03637 
-1.88593 0.818565 -0.0145045 -1.85696 -0.00703569 2.72978 2.03644 
-1.8858 0.819024 -0.0144999 -1.85581 -0.00703641 2.72897 2.03661 
-1.88565 0.819461 -0.014498 -1.85468 -0.00703702 2.72817 2.03673 
-1.88548 0.819917 -0.0144897 -1.85345 -0.00703898 2.72748 2.03685 
-1.88529 0.820469 -0.014503 -1.85207 -0.00703894 2.72681 2.03701 
-1.88513 0.821075 -0.0144879 -1.85056 -0.00703762 2.72617 2.03717 
-1.88489 0.821547 -0.0144943 -1.84923 -0.007037 2.7255 2.03733 
-1.88471 0.821974 -0.0144992 -1.84792 -0.00703833 2.72487 2.0375 
-1.88455 0.822275 -0.0145183 -1.84674 -0.007037 2.72412 2.03769 
-1.88443 0.8224 -0.0144961 -1.84572 -0.00703762 2.72329 2.03787 
-1.88432 0.822366 -0.0145246 -1.84505 -0.00703959 2.72158 2.03802 
-1.88435 0.822379 -0.0145354 -1.84467 -0.00703639 2.72019 2.03807 
-1.88437 0.822397 -0.0145422 -1.84442 -0.00703446 2.71953 2.03813 
-1.88437 0.822372 -0.0145471 -1.84432 -0.00703253 2.7192 2.03823 
-1.88439 0.822365 -0.0145503 -1.84427 -0.00703816 2.71904 2.03835 
-1.88438 0.822367 -0.0145467 -1.84423 -0.00703873 2.71898 2.03839 
-1.88438 0.822364 -0.0145535 -1.8442 -0.00703852 2.71889 2.03842 
-1.88439 0.822347 -0.0145585 -1.84418 -0.00703553 2.71881 2.03844 
-1.8844 0.822303 -0.0145671 -1.84417 -0.00703813 2.71876 2.03846 
-1.88442 0.822211 -0.0145678 -1.84418 -0.00703438 2.71873 2.03847 
-1.88445 0.822097 -0.0145739 -1.8442 -0.00703732 2.71856 2.03848 
-1.88449 0.822014 -0.0145827 -1.8442 -0.00703849 2.71837 2.03848 
-1.88453 0.821875 -0.014592 -1.8442 -0.00703732 2.71823 2.03848 
-1.88462 0.821611 -0.0146202 -1.84423 -0.00703732 2.718 2.03848 
-1.88478 0.821276 -0.0146667 -1.84429 -0.00704103 2.71763 2.03847 
-1.885 0.820813 -0.0147006 -1.84432 -0.00704079 2.71719 2.03847 
-1.88527 0.820256 -0.0146948 -1.8444 -0.0070389 2.71653 2.03848 
-1.88553 0.819643 -0.0146373 -1.84457 -0.00704049 2.71578 2.03847 
-1.88555 0.818978 -0.0145695 -1.8448 -0.00704303 2.71497 2.03847 
-1.88545 0.818173 -0.014606 -1.84508 -0.00704116 2.71397 2.03847 
-1.88547 0.817329 -0.0146178 -1.84542 -0.00704304 2.71306 2.03848 
-1.8855 0.816562 -0.0146142 -1.84568 -0.00704243 2.71228 2.03847 
-1.8855 0.81587 -0.0146202 -1.84601 -0.00704198 2.71146 2.03848 
-1.88553 0.8154 -0.0146234 -1.84632 -0.00704304 2.71088 2.03848 
-1.88559 0.815175 -0.0146327 -1.84658 -0.00704111 2.7105 2.03848 
-1.88564 0.815133 -0.0146231 -1.84673 -0.0070405 2.71043 2.03847 
-1.88564 0.815129 -0.0146189 -1.84679 -0.0070405 2.71043 2.03847 
-1.88564 0.81509 -0.0146225 -1.8468 -0.0070405 2.71042 2.03847 
-1.88564 0.815039 -0.0146189 -1.84681 -0.00704243 2.71041 2.03847 
-1.88564 0.81501 -0.0146189 -1.84686 -0.00704111 2.7104 2.03848 
-1.88563 0.814958 -0.0146259 -1.84696 -0.00704182 2.7104 2.03847 
-1.88565 0.814857 -0.0146263 -1.84707 -0.0070405 2.7104 2.03847 
-1.88565 0.814721 -0.014631 -1.84727 -0.0070405 2.71038 2.03847 
-1.88566 0.814497 -0.0146355 -1.84759 -0.00704243 2.71038 2.03847 
-1.88566 0.81414 -0.0146385 -1.84801 -0.00704182 2.71037 2.03847 
-1.88565 0.813605 -0.0146385 -1.84864 -0.00704817 2.71033 2.03847 
-1.88564 0.81292 -0.0146317 -1.84944 -0.00705358 2.71024 2.03847 
-1.88563 0.812117 -0.0146285 -1.85028 -0.00705863 2.71017 2.03847 
-1.88561 0.811148 -0.0145712 -1.85114 -0.00706068 2.71017 2.03847 
-1.88542 0.81006 -0.0145763 -1.85172 -0.00706261 2.71016 2.03847 
-1.88532 0.808653 -0.0146022 -1.85232 -0.00706068 2.71 2.03847 
-1.88529 0.806816 -0.0145933 -1.85325 -0.0070619 2.7093 2.03847 
-1.88529 0.804494 -0.0146003 -1.85444 -0.00706265 2.70785 2.03848 
-1.88535 0.801728 -0.0146178 -1.85585 -0.00705997 2.70611 2.03848 
-1.88541 0.798555 -0.0146116 -1.8575 -0.00705549 2.70466 2.03848 
-1.88537 0.794999 -0.0145969 -1.85925 -0.0070562 2.70347 2.03848 
-1.88529 0.791723 -0.0145886 -1.86086 -0.00705427 2.70216 2.0385 
-1.88525 0.788749 -0.0145764 -1.86236 -0.00705163 2.7006 2.03852 
-1.88522 0.785968 -0.0145829 -1.86367 -0.00705514 2.69906 2.03853 
-1.8852 0.783211 -0.0145765 -1.86497 -0.00705328 2.69736 2.03854 
-1.88513 0.780524 -0.0145743 -1.86621 -0.00704815 2.69567 2.03859 
-1.88504 0.777951 -0.0145738 -1.86723 -0.00704705 2.6939 2.03868 
-1.88495 0.775437 -0.0145749 -1.86804 -0.00704307 2.69185 2.03882 
-1.88489 0.773271 -0.0145793 -1.86865 -0.00704429 2.68995 2.03894 
-1.88486 0.77129 -0.0145818 -1.86921 -0.00704597 2.68811 2.039 
-1.88484 0.769803 -0.0145812 -1.86949 -0.00704784 2.68659 2.03912 
-1.88479 0.769086 -0.0145629 -1.86959 -0.00703833 2.68515 2.03923 
-1.8847 0.769377 -0.0145871 -1.86943 -0.00703736 2.68487 2.0394 
-1.88468 0.769664 -0.0146004 -1.86922 -0.00704302 2.68491 2.03953 
-1.88467 0.769595 -0.0145901 -1.86911 -0.00704307 2.68488 2.0396 
-1.88465 0.769586 -0.0145931 -1.86911 -0.00704236 2.68488 2.03964 
-1.88465 0.769563 -0.014595 -1.86912 -0.00704175 2.68487 2.03971 
-1.88463 0.769541 -0.0145947 -1.86912 -0.00704053 2.68487 2.03981 
-1.88462 0.76949 -0.0145986 -1.86911 -0.00704236 2.68487 2.03989 
-1.88462 0.7694 -0.0145986 -1.86912 -0.00704942 2.68484 2.0399 
-1.8846 0.769325 -0.0146035 -1.86911 -0.00704847 2.68481 2.03991 
-1.8846 0.769278 -0.0146049 -1.8691 -0.00705102 2.6847 2.03991 
-1.88461 0.769225 -0.0146118 -1.86907 -0.00704908 2.68458 2.03991 
-1.88462 0.769172 -0.0146159 -1.86906 -0.0070498 2.68443 2.0399 
-1.88462 0.769117 -0.0146182 -1.86902 -0.00705209 2.68428 2.0399 
-1.88463 0.769064 -0.0146214 -1.86897 -0.00705102 2.68405 2.0399 
-1.88462 0.769025 -0.0146263 -1.86889 -0.00705311 2.68378 2.0399 
-1.88463 0.768991 -0.0146294 -1.86881 -0.00705581 2.68354 2.03991 
-1.88463 0.768967 -0.014636 -1.86874 -0.00705688 2.68329 2.03991 
-1.88464 0.768946 -0.0146327 -1.86872 -0.00705582 2.68313 2.0399 
-1.88464 0.768926 -0.0146321 -1.86867 -0.00706116 2.68298 2.0399 
-1.88464 0.768929 -0.0146376 -1.86861 -0.00706059 2.68281 2.03991 
-1.88464 0.768922 -0.0146376 -1.86857 -0.00705999 2.68269 2.03991 
-1.88465 0.768918 -0.0146427 -1.86855 -0.00706132 2.68265 2.03991 
-1.88465 0.768916 -0.0146391 -1.86851 -0.00706132 2.6826 2.0399 
-1.88465 0.768915 -0.0146454 -1.86848 -0.00705999 2.68251 2.0399 
-1.88465 0.768915 -0.0146423 -1.86847 -0.00706132 2.68244 2.03991 
-1.88466 0.768907 -0.0146455 -1.86845 -0.00706064 2.68239 2.0399 
-1.88465 0.768908 -0.0146491 -1.86843 -0.00706548 2.68235 2.0399 
-1.88466 0.768908 -0.0146503 -1.86842 -0.00706478 2.68232 2.0399 
-1.88468 0.768908 -0.0146495 -1.86838 -0.0070654 2.68227 2.0399 
-1.88468 0.768911 -0.0146482 -1.86835 -0.0070654 2.68221 2.0399 
-1.88467 0.768909 -0.014642 -1.8683 -0.00706725 2.68208 2.0399 
-1.88467 0.768914 -0.0146419 -1.86827 -0.00707146 2.68199 2.0399 
-1.88467 0.768914 -0.0146473 -1.86826 -0.00706956 2.68194 2.03991 
-1.88467 0.768911 -0.0146434 -1.86825 -0.00706664 2.68193 2.03991 
-1.88466 0.768917 -0.0146428 -1.86823 -0.00707019 2.68192 2.03991 
-1.88466 0.768921 -0.0146354 -1.86823 -0.00707019 2.68191 2.03991 
-1.88464 0.768933 -0.0146334 -1.86823 -0.00707151 2.68191 2.03991 
-1.88464 0.768936 -0.014637 -1.86823 -0.00707019 2.68191 2.03991 
-1.88466 0.768948 -0.014637 -1.86823 -0.0070709 2.68191 2.03991 
-1.88464 0.768954 -0.0146353 -1.86823 -0.00706851 2.68191 2.03991 
-1.88465 0.768975 -0.0146367 -1.86824 -0.00706633 2.68191 2.03991 
-1.88466 0.768984 -0.0146376 -1.86824 -0.00706637 2.68191 2.03991 
-1.88465 0.769002 -0.0146302 -1.86824 -0.00706542 2.68192 2.03992 
-1.88464 0.769029 -0.01462 -1.86824 -0.00706596 2.68192 2.03995 
-1.88464 0.769071 -0.0146242 -1.86824 -0.00706703 2.68193 2.03998 
-1.88465 0.76912 -0.0146225 -1.86824 -0.00706295 2.68194 2.04 
-1.88466 0.769149 -0.014626 -1.86823 -0.00706382 2.68195 2.04 
-1.88465 0.769156 -0.014621 -1.86822 -0.00706124 2.68196 2.04 
-1.88466 0.769164 -0.0146167 -1.86822 -0.00706266 2.68197 2.04 
-1.88467 0.769164 -0.0146171 -1.86822 -0.00706306 2.68197 2.04 
-1.88467 0.769163 -0.0146152 -1.86823 -0.00705965 2.68197 2.04 
-1.88466 0.769178 -0.014613 -1.86823 -0.00705894 2.68198 2.04001 
-1.88466 0.769178 -0.014611 -1.86823 -0.00706093 2.68198 2.04001 
-1.88466 0.769181 -0.0146103 -1.86823 -0.00706045 2.68198 2.04 
-1.88466 0.769185 -0.0146103 -1.86823 -0.00706132 2.68198 2.04 
-1.88466 0.769185 -0.014612 -1.86823 -0.00706058 2.68198 2.04 
-1.88466 0.769183 -0.014612 -1.86823 -0.00706036 2.68198 2.04001 
-1.88466 0.769181 -0.0146103 -1.86823 -0.00707587 2.68198 2.04 
-1.88466 0.769184 -0.0146103 -1.86823 -0.00707606 2.68198 2.04 
-1.88466 0.769186 -0.0146139 -1.86824 -0.00708068 2.68198 2.04001 
-1.88466 0.769185 -0.014612 -1.86823 -0.00708129 2.68199 2.04001 
-1.88466 0.769186 -0.014612 -1.86823 -0.007082 2.68198 2.04001 
-1.88466 0.769186 -0.014612 -1.86823 -0.00708129 2.68199 2.04 
-1.88466 0.769186 -0.0146139 -1.86823 -0.00708129 2.68198 2.04 
-1.88466 0.769186 -0.014612 -1.86823 -0.00708129 2.68199 2.04 
-1.88466 0.769188 -0.0146139 -1.86823 -0.00708297 2.68198 2.04 
-1.88466 0.769188 -0.014612 -1.86823 -0.00708068 2.68199 2.04 
-1.88466 0.76919 -0.0146156 -1.86823 -0.0070853 2.68199 2.04001 
-1.88465 0.769191 -0.0146139 -1.86823 -0.0070808 2.68199 2.04001 
-1.88466 0.769186 -0.014612 -1.86823 -0.00708331 2.68199 2.04001 
-1.88466 0.76919 -0.0146139 -1.86824 -0.0070832 2.68199 2.04 
-1.88466 0.769191 -0.014612 -1.86823 -0.00708192 2.68199 2.04 
-1.88466 0.769186 -0.014612 -1.86823 -0.00708569 2.68199 2.04 
-1.88466 0.769186 -0.0146139 -1.86823 -0.00708535 2.68199 2.04 
-1.88466 0.76919 -0.0146139 -1.86823 -0.00708498 2.68198 2.04 
-1.88466 0.769188 -0.0146139 -1.86823 -0.00708502 2.68199 2.04 
-1.88465 0.76919 -0.014612 -1.86823 -0.00708485 2.68199 2.04 
-1.88465 0.769186 -0.014612 -1.86823 -0.00708608 2.68199 2.04001 
-1.88466 0.769187 -0.0146139 -1.86823 -0.00708608 2.68199 2.04 
-1.88466 0.769188 -0.014612 -1.86823 -0.00708608 2.68199 2.04 
-1.88466 0.769188 -0.0146139 -1.86823 -0.00708547 2.68199 2.04 
-1.88465 0.769189 -0.0146103 -1.86823 -0.0070868 2.68199 2.04001 
-1.88466 0.769188 -0.014612 -1.86823 -0.0070868 2.68198 2.04 
-1.88465 0.769188 -0.0146103 -1.86823 -0.00708608 2.68199 2.04 
-1.88465 0.76919 -0.0146103 -1.86824 -0.00708547 2.68199 2.04 
-1.88466 0.769192 -0.014612 -1.86823 -0.00708547 2.68198 2.04 
-1.88466 0.769188 -0.014612 -1.86823 -0.00708547 2.68198 2.04 
-1.88466 0.769188 -0.014612 -1.86823 -0.00708608 2.68198 2.04 
