-2.09327 -0.588897 -0.0149352 -2.15382 -0.0483186 1.63392 1.79274 
-2.09326 -0.588895 -0.0149344 -2.15382 -0.0483186 1.63392 1.79274 
-2.09326 -0.588895 -0.0149291 -2.15382 -0.0483199 1.63392 1.79274 
-2.09326 -0.588899 -0.0149329 -2.15381 -0.048318 1.63392 1.79275 
-2.09326 -0.588897 -0.0149385 -2.15382 -0.0483192 1.63392 1.79274 
-2.09326 -0.588895 -0.0149346 -2.15382 -0.0483192 1.63392 1.79275 
-2.09326 -0.588901 -0.0149297 -2.15382 -0.0483174 1.63392 1.79274 
-2.09326 -0.588897 -0.0149262 -2.15382 -0.0483186 1.63392 1.79275 
-2.09326 -0.588897 -0.0149352 -2.15382 -0.0483199 1.63392 1.79274 
-2.09326 -0.588897 -0.0149337 -2.15382 -0.0483199 1.63392 1.79275 
-2.09327 -0.588897 -0.0149353 -2.15382 -0.0483186 1.63392 1.79275 
-2.09326 -0.588895 -0.0149337 -2.15381 -0.048318 1.63392 1.79274 
-2.09326 -0.588894 -0.0149318 -2.15382 -0.0483192 1.63392 1.79274 
-2.09326 -0.588897 -0.0149278 -2.15382 -0.0483186 1.63392 1.79274 
-2.09326 -0.588895 -0.0149345 -2.15382 -0.0483186 1.63392 1.79275 
-2.09326 -0.588897 -0.0149279 -2.15381 -0.0483174 1.63392 1.79275 
-2.09326 -0.588895 -0.014931 -2.15382 -0.0483199 1.63392 1.79275 
-2.09326 -0.588899 -0.0149336 -2.15382 -0.0483199 1.63392 1.79275 
-2.09326 -0.588899 -0.0149336 -2.15382 -0.0483186 1.63392 1.79274 
-2.09326 -0.588897 -0.0149336 -2.15381 -0.0483192 1.63392 1.79275 
-2.09326 -0.588897 -0.0149289 -2.15382 -0.0483186 1.63392 1.79274 
-2.09326 -0.588895 -0.0149279 -2.15382 -0.0483186 1.63392 1.79275 
-2.09326 -0.588899 -0.0149329 -2.15382 -0.0483192 1.63392 1.79274 
-2.09326 -0.588895 -0.014933 -2.15382 -0.0483186 1.63392 1.79274 
-2.09326 -0.588899 -0.0149298 -2.15381 -0.0483192 1.63392 1.79274 
-2.09326 -0.588895 -0.0149306 -2.15382 -0.0483186 1.63392 1.79275 
-2.09327 -0.588895 -0.0149322 -2.15382 -0.0483186 1.63392 1.79275 
-2.09326 -0.588897 -0.0149291 -2.15382 -0.048318 1.63392 1.79275 
-2.09326 -0.588897 -0.0149317 -2.15382 -0.0483192 1.63392 1.79275 
-2.09326 -0.588895 -0.0149262 -2.15382 -0.0483192 1.63392 1.79274 
-2.09326 -0.588897 -0.0149291 -2.15382 -0.048318 1.63392 1.79275 
-2.09326 -0.588901 -0.0149334 -2.15382 -0.0483167 1.63392 1.79275 
-2.09326 -0.588897 -0.0149312 -2.15382 -0.048318 1.63392 1.79275 
-2.09326 -0.588895 -0.0149312 -2.15381 -0.0483192 1.63392 1.79275 
-2.09326 -0.588897 -0.0149312 -2.15382 -0.0483192 1.63392 1.79274 
-2.09327 -0.588899 -0.0149406 -2.15381 -0.0483192 1.63392 1.79274 
-2.09326 -0.588897 -0.0149315 -2.15381 -0.0483186 1.63392 1.79274 
-2.09325 -0.588899 -0.014911 -2.15381 -0.0483186 1.63392 1.79275 
-2.09325 -0.588904 -0.0149193 -2.15381 -0.0483192 1.63392 1.79274 
-2.09327 -0.588901 -0.0149407 -2.15381 -0.0483219 1.63392 1.79275 
-2.09328 -0.588899 -0.01495 -2.15381 -0.0483219 1.63392 1.79274 
-2.09325 -0.588895 -0.0149182 -2.15381 -0.0483205 1.63392 1.79274 
-2.09324 -0.588876 -0.0148908 -2.15381 -0.0483199 1.63392 1.79274 
-2.09325 -0.588897 -0.0149063 -2.15379 -0.0483199 1.63393 1.79274 
-2.09323 -0.588874 -0.0148888 -2.1538 -0.0483129 1.63393 1.79275 
-2.09315 -0.58878 -0.0148106 -2.15386 -0.0483061 1.63393 1.79275 
-2.09299 -0.588725 -0.0146903 -2.15383 -0.0482922 1.63395 1.79275 
-2.09283 -0.588717 -0.0145705 -2.15385 -0.0482862 1.63395 1.79275 
-2.09284 -0.588683 -0.0145482 -2.15385 -0.0482882 1.63397 1.79275 
-2.09243 -0.588421 -0.0146166 -2.15348 -0.0482924 1.63626 1.79276 
-2.09149 -0.587585 -0.0146201 -2.1524 -0.0482892 1.63836 1.79275 
-2.08999 -0.586098 -0.0145044 -2.15078 -0.0482682 1.63915 1.79277 
-2.08755 -0.584051 -0.014503 -2.14879 -0.0482377 1.63967 1.7935 
-2.08418 -0.58139 -0.0145154 -2.14643 -0.0482038 1.63998 1.7964 
-2.08014 -0.578347 -0.0145176 -2.14402 -0.0481879 1.64038 1.80039 
-2.07528 -0.574708 -0.0145161 -2.14135 -0.0481582 1.64145 1.80462 
-2.06968 -0.570307 -0.0144996 -2.13868 -0.0480622 1.64315 1.8096 
-2.06358 -0.565079 -0.0144732 -2.1363 -0.0480543 1.64556 1.81547 
-2.05638 -0.558915 -0.0144624 -2.13373 -0.0480592 1.64903 1.82289 
-2.04823 -0.551869 -0.014478 -2.13063 -0.0480593 1.65373 1.83101 
-2.04037 -0.544809 -0.0144818 -2.12758 -0.0480598 1.65848 1.83895 
-2.03168 -0.535939 -0.014452 -2.12449 -0.0480687 1.66487 1.84786 
-2.02255 -0.526593 -0.0144686 -2.12125 -0.0480702 1.67188 1.85713 
-2.0132 -0.51692 -0.0144803 -2.11755 -0.0480899 1.67812 1.86694 
-2.00385 -0.505982 -0.014441 -2.11354 -0.0481375 1.68491 1.87601 
-1.99448 -0.495209 -0.0144588 -2.1087 -0.0482923 1.69175 1.88561 
-1.98524 -0.482999 -0.014485 -2.10297 -0.0484139 1.69801 1.89434 
-1.97566 -0.469966 -0.0144165 -2.09644 -0.0485691 1.70591 1.90423 
-1.96647 -0.456509 -0.0144823 -2.08937 -0.0488023 1.71186 1.91367 
-1.9575 -0.442812 -0.014521 -2.08141 -0.0490839 1.71827 1.9232 
-1.94781 -0.426645 -0.0143886 -2.07178 -0.0493366 1.72431 1.93263 
-1.93871 -0.411542 -0.0145013 -2.0617 -0.0495627 1.72966 1.94233 
-1.93018 -0.395575 -0.0144781 -2.05112 -0.0497325 1.73461 1.95092 
-1.92181 -0.380052 -0.0143849 -2.04017 -0.0499008 1.73952 1.95959 
-1.91309 -0.363317 -0.0145793 -2.02803 -0.0500485 1.74499 1.96846 
-1.90483 -0.345679 -0.0144672 -2.01547 -0.0502332 1.74885 1.97685 
-1.89681 -0.329428 -0.0143992 -2.00287 -0.0503325 1.75238 1.98512 
-1.88849 -0.311639 -0.0145655 -1.98935 -0.0504898 1.75616 1.99364 
-1.88073 -0.293382 -0.0144668 -1.97543 -0.0506725 1.75927 2.00181 
-1.87249 -0.274816 -0.0143942 -1.96078 -0.0508039 1.76279 2.00976 
-1.86454 -0.256629 -0.01456 -1.94615 -0.05092 1.76606 2.01795 
-1.85764 -0.238421 -0.0145396 -1.93216 -0.0511442 1.76861 2.02517 
-1.85086 -0.220812 -0.0144557 -1.91788 -0.0513344 1.77135 2.03178 
-1.84381 -0.202371 -0.014506 -1.90311 -0.0514362 1.77493 2.03929 
-1.83732 -0.183095 -0.0145622 -1.88821 -0.0515682 1.77884 2.04572 
-1.83139 -0.164249 -0.0144964 -1.87353 -0.05171 1.78276 2.05167 
-1.82584 -0.146807 -0.0145086 -1.8595 -0.0518774 1.78604 2.05757 
-1.82041 -0.12863 -0.0145565 -1.84544 -0.0520776 1.78946 2.06319 
-1.8156 -0.110569 -0.0145667 -1.8315 -0.052232 1.79209 2.06841 
-1.81096 -0.0925505 -0.0145876 -1.81678 -0.0523569 1.79549 2.07366 
-1.80665 -0.0741324 -0.0145823 -1.80237 -0.0524649 1.79882 2.07832 
-1.80273 -0.0563471 -0.0145574 -1.78866 -0.0524938 1.80189 2.08242 
-1.79889 -0.0388686 -0.0145567 -1.77466 -0.0525243 1.80458 2.08653 
-1.79541 -0.0219445 -0.0146315 -1.76125 -0.052548 1.80768 2.08995 
-1.79248 -0.00486649 -0.0145809 -1.74843 -0.0526042 1.81049 2.09354 
-1.78983 0.0117772 -0.0146335 -1.73501 -0.0527836 1.81394 2.0966 
-1.78768 0.0281049 -0.0146831 -1.72261 -0.0530393 1.81783 2.09908 
-1.78608 0.0455182 -0.0146602 -1.70918 -0.0535287 1.82151 2.10067 
-1.78532 0.06096 -0.0147016 -1.69675 -0.0540637 1.82483 2.10151 
-1.78514 0.076409 -0.0147521 -1.68479 -0.0545885 1.8274 2.10193 
-1.78576 0.0910937 -0.0148746 -1.67233 -0.0553324 1.82914 2.10194 
-1.78728 0.105779 -0.0149791 -1.65976 -0.0560791 1.83109 2.10191 
-1.78938 0.119013 -0.0149916 -1.64789 -0.0569925 1.83199 2.10166 
-1.79255 0.132543 -0.0150571 -1.6354 -0.0576173 1.83351 2.10041 
-1.79593 0.144747 -0.0150651 -1.62375 -0.0580755 1.83371 2.09851 
-1.80019 0.156734 -0.0150943 -1.61232 -0.0583196 1.83434 2.09578 
-1.8048 0.168107 -0.015076 -1.60071 -0.0584262 1.83438 2.09187 
-1.80989 0.179865 -0.0150591 -1.58973 -0.0584448 1.83455 2.08696 
-1.81482 0.189737 -0.0150954 -1.57935 -0.0584421 1.83457 2.08178 
-1.82048 0.200665 -0.0151038 -1.56919 -0.0584361 1.83471 2.07676 
-1.82613 0.210258 -0.0150937 -1.55963 -0.0584241 1.83517 2.07151 
-1.83203 0.219873 -0.0150586 -1.54998 -0.0583954 1.83521 2.0656 
-1.83775 0.230012 -0.0150766 -1.54126 -0.0583352 1.83603 2.06 
-1.84325 0.238695 -0.015082 -1.53308 -0.0582633 1.83706 2.05548 
-1.84943 0.248405 -0.0150887 -1.52466 -0.0581604 1.83775 2.04959 
-1.85539 0.257728 -0.0150795 -1.51767 -0.0579426 1.83989 2.04335 
-1.86083 0.265717 -0.0150715 -1.51122 -0.0578639 1.84201 2.03813 
-1.86646 0.274384 -0.0150893 -1.50476 -0.0578567 1.84372 2.03292 
-1.87234 0.283198 -0.0150903 -1.49889 -0.0578282 1.84635 2.02706 
-1.87845 0.291172 -0.0150972 -1.49331 -0.0577437 1.84957 2.02078 
-1.88467 0.299361 -0.0150544 -1.48783 -0.0577071 1.85269 2.01457 
-1.89106 0.308253 -0.0150811 -1.48259 -0.057529 1.85752 2.00781 
-1.89745 0.316112 -0.0150843 -1.47776 -0.057239 1.86221 2.0011 
-1.9044 0.324509 -0.0150899 -1.47267 -0.0571402 1.86559 1.9946 
-1.91119 0.333136 -0.015056 -1.46842 -0.0570521 1.86958 1.98809 
-1.91765 0.341061 -0.015077 -1.46461 -0.0567055 1.87409 1.98153 
-1.92429 0.348809 -0.0150907 -1.4609 -0.0564973 1.87809 1.97533 
-1.93121 0.357224 -0.0150801 -1.45787 -0.0563246 1.8827 1.96855 
-1.93797 0.365043 -0.0150436 -1.45548 -0.056022 1.88765 1.96192 
-1.94388 0.37166 -0.0150577 -1.45368 -0.0557193 1.89228 1.95643 
-1.95114 0.380085 -0.0150549 -1.45228 -0.0553832 1.89902 1.94964 
-1.95791 0.387761 -0.0150499 -1.45207 -0.0550003 1.90627 1.943 
-1.96446 0.394887 -0.0150043 -1.45206 -0.0547164 1.91329 1.93684 
-1.9706 0.40214 -0.0150102 -1.45209 -0.0543664 1.92036 1.93087 
-1.97649 0.409786 -0.0150099 -1.45213 -0.053927 1.9272 1.92488 
-1.98257 0.417529 -0.0150109 -1.45211 -0.0533479 1.93529 1.91962 
-1.98841 0.424965 -0.0149577 -1.45211 -0.0528992 1.94362 1.91442 
-1.99347 0.43278 -0.0149348 -1.4522 -0.0524727 1.95077 1.90954 
-1.99838 0.441173 -0.0149528 -1.45225 -0.0519876 1.9591 1.90499 
-2.00364 0.44995 -0.014957 -1.45221 -0.0515861 1.96793 1.90061 
-2.00802 0.458299 -0.0149614 -1.45237 -0.0513295 1.97602 1.89653 
-2.01203 0.466949 -0.0149326 -1.45271 -0.0510758 1.98487 1.89315 
-2.01595 0.476135 -0.0149191 -1.45276 -0.0506497 1.99414 1.88938 
-2.01899 0.484833 -0.0149011 -1.45287 -0.0503497 2.00207 1.88693 
-2.02136 0.492996 -0.014906 -1.45309 -0.050065 2.00958 1.88514 
-2.02368 0.501605 -0.0149173 -1.45332 -0.0496859 2.01901 1.88366 
-2.02555 0.510294 -0.0148943 -1.45373 -0.0494351 2.02699 1.88255 
-2.0269 0.518804 -0.0148807 -1.45462 -0.0491992 2.03544 1.88179 
-2.0278 0.527204 -0.0148866 -1.45562 -0.0489768 2.04439 1.88149 
-2.02816 0.535476 -0.0148741 -1.45678 -0.0487592 2.05274 1.88147 
-2.02807 0.544042 -0.0148181 -1.45859 -0.0484403 2.06241 1.88147 
-2.02756 0.551768 -0.0147476 -1.46054 -0.0480545 2.0714 1.88147 
-2.02671 0.55935 -0.014733 -1.46259 -0.0476721 2.07992 1.88149 
-2.02555 0.567668 -0.0147167 -1.46513 -0.0471613 2.08898 1.88166 
-2.02409 0.575037 -0.0147174 -1.46853 -0.046528 2.09966 1.88246 
-2.02254 0.581227 -0.0147137 -1.47225 -0.0461383 2.10866 1.88351 
-2.02095 0.58733 -0.0147036 -1.47654 -0.0458334 2.11779 1.88462 
-2.01934 0.592835 -0.0147037 -1.48147 -0.0455779 2.12644 1.88613 
-2.01763 0.597583 -0.0146863 -1.4877 -0.0454153 2.137 1.88828 
-2.01583 0.601382 -0.0146809 -1.49458 -0.0454024 2.14707 1.89052 
-2.01409 0.604234 -0.0146877 -1.50188 -0.0453947 2.15637 1.89243 
-2.01233 0.606482 -0.0146724 -1.51036 -0.0453868 2.16563 1.89455 
-2.01054 0.608015 -0.0146877 -1.51982 -0.0453795 2.17623 1.89733 
-2.00877 0.608597 -0.0146777 -1.53004 -0.04538 2.18597 1.89996 
-2.00677 0.608337 -0.0146861 -1.54242 -0.0453783 2.19677 1.90307 
-2.00484 0.607537 -0.0146861 -1.55467 -0.0453794 2.20701 1.90603 
-2.00294 0.606461 -0.0146874 -1.56726 -0.0453784 2.21773 1.90896 
-2.00084 0.604962 -0.014682 -1.58092 -0.0453891 2.22884 1.91183 
-1.99872 0.603148 -0.014674 -1.59471 -0.0453891 2.2397 1.91469 
-1.99634 0.600894 -0.014693 -1.60948 -0.0454107 2.25179 1.91779 
-1.99359 0.597814 -0.0146813 -1.62654 -0.045463 2.26531 1.92092 
-1.991 0.594322 -0.0146735 -1.642 -0.0456455 2.27698 1.92378 
-1.98801 0.589804 -0.0146739 -1.65851 -0.0457054 2.28886 1.92683 
-1.98497 0.584846 -0.0146587 -1.67519 -0.0457603 2.30035 1.93022 
-1.9817 0.579774 -0.0146743 -1.69196 -0.045888 2.31148 1.93367 
-1.97818 0.57414 -0.0146799 -1.70949 -0.0462097 2.32314 1.93809 
-1.97461 0.56754 -0.0147082 -1.72743 -0.0465503 2.33513 1.9422 
-1.97118 0.56016 -0.0147115 -1.74468 -0.0468777 2.34525 1.94597 
-1.9675 0.552287 -0.0147024 -1.76267 -0.0471561 2.35547 1.95002 
-1.96374 0.544133 -0.0147033 -1.78061 -0.0473291 2.36517 1.95415 
-1.95954 0.534115 -0.0147044 -1.79916 -0.0476558 2.37496 1.95892 
-1.95525 0.524604 -0.0146759 -1.81683 -0.0479761 2.38258 1.96315 
-1.95086 0.51446 -0.0147296 -1.83451 -0.048089 2.39023 1.96777 
-1.94637 0.50316 -0.0147171 -1.85191 -0.0483527 2.3963 1.97232 
-1.94201 0.492987 -0.0147173 -1.86814 -0.0484768 2.40195 1.97691 
-1.93738 0.480997 -0.0147095 -1.885 -0.0486707 2.40819 1.98167 
-1.93252 0.469934 -0.0146999 -1.90151 -0.0488773 2.41354 1.98644 
-1.92759 0.458683 -0.014698 -1.91668 -0.0489963 2.41824 1.99133 
-1.92235 0.447302 -0.0147354 -1.93206 -0.0492338 2.42168 1.99666 
-1.91721 0.436779 -0.0147239 -1.94658 -0.0494617 2.42613 2.00154 
-1.91219 0.425973 -0.0147368 -1.96064 -0.0496257 2.42989 2.0059 
-1.90729 0.416897 -0.0147532 -1.97381 -0.0498229 2.43327 2.01031 
-1.9027 0.408275 -0.0147516 -1.98595 -0.0499492 2.43675 2.0147 
-1.89822 0.399751 -0.0147755 -1.99781 -0.050325 2.44014 2.0192 
-1.89418 0.392971 -0.0147819 -2.00929 -0.0506781 2.44474 2.02332 
-1.89058 0.387059 -0.0148097 -2.02 -0.0509842 2.45042 2.02712 
-1.88739 0.381675 -0.014825 -2.03025 -0.051348 2.4555 2.03034 
-1.88456 0.377094 -0.014804 -2.03987 -0.0516648 2.46048 2.03365 
-1.88192 0.373511 -0.0147852 -2.04913 -0.052089 2.4663 2.03698 
-1.87955 0.371283 -0.014806 -2.05754 -0.0524384 2.47236 2.03971 
-1.87739 0.370238 -0.0147805 -2.06502 -0.0527104 2.47872 2.04214 
-1.87535 0.370312 -0.0148054 -2.07166 -0.0529224 2.48642 2.04426 
-1.87347 0.371197 -0.0147914 -2.07855 -0.0532676 2.49499 2.04645 
-1.87196 0.372653 -0.0148025 -2.08442 -0.0536526 2.50247 2.04825 
-1.87066 0.374701 -0.0148221 -2.08982 -0.0539369 2.51033 2.04962 
-1.8696 0.377405 -0.0148347 -2.09459 -0.0541549 2.51771 2.05105 
-1.86893 0.380535 -0.014843 -2.09868 -0.05453 2.52571 2.05248 
-1.86856 0.384382 -0.0148574 -2.10276 -0.0550813 2.5345 2.05386 
-1.86853 0.388332 -0.0148855 -2.10569 -0.0557659 2.5417 2.05459 
-1.86867 0.392875 -0.014993 -2.10768 -0.0563659 2.54915 2.05503 
-1.86905 0.39791 -0.0150287 -2.10856 -0.0569225 2.55539 2.05534 
-1.86961 0.403754 -0.0150451 -2.10864 -0.0573905 2.56157 2.05543 
-1.87029 0.410161 -0.0150764 -2.10854 -0.057773 2.56883 2.05544 
-1.87099 0.416438 -0.0151315 -2.10818 -0.0583038 2.57525 2.05543 
-1.87183 0.422808 -0.0151331 -2.10728 -0.0590116 2.58133 2.05544 
-1.87273 0.429498 -0.0151377 -2.10601 -0.0598427 2.58696 2.05543 
-1.87368 0.436351 -0.0151366 -2.10475 -0.0607841 2.59223 2.05543 
-1.87469 0.443219 -0.0151553 -2.10313 -0.0617508 2.59772 2.05543 
-1.87564 0.449498 -0.0151823 -2.10126 -0.0624636 2.60328 2.05543 
-1.87666 0.456569 -0.0151894 -2.09928 -0.0631263 2.60876 2.05542 
-1.87775 0.463855 -0.0151893 -2.09736 -0.0638485 2.61391 2.05542 
-1.87881 0.470314 -0.0151963 -2.09539 -0.0644224 2.61854 2.05542 
-1.87983 0.47648 -0.0152184 -2.09309 -0.0647966 2.62287 2.05541 
-1.88098 0.4834 -0.0152164 -2.09041 -0.065309 2.62704 2.0554 
-1.88218 0.490449 -0.015199 -2.0875 -0.0658766 2.63062 2.05538 
-1.88345 0.497476 -0.0152032 -2.08409 -0.0665961 2.63464 2.05532 
-1.88457 0.503711 -0.0152062 -2.0805 -0.0673359 2.63785 2.05523 
-1.88562 0.510063 -0.0152081 -2.07687 -0.0679407 2.64115 2.05506 
-1.8867 0.516665 -0.0152049 -2.07303 -0.0684465 2.64458 2.05489 
-1.88767 0.522691 -0.0152113 -2.06911 -0.0689679 2.64739 2.05472 
-1.88837 0.527343 -0.0152177 -2.06562 -0.0693994 2.64858 2.05458 
-1.88924 0.534125 -0.015217 -2.06031 -0.070012 2.64937 2.05446 
-1.88983 0.539844 -0.015207 -2.05601 -0.070442 2.65003 2.05439 
-1.89023 0.544986 -0.0152012 -2.05192 -0.070837 2.65067 2.05435 
-1.89046 0.549558 -0.0151992 -2.04788 -0.0711607 2.65097 2.05431 
-1.89055 0.553727 -0.0152006 -2.04405 -0.0713894 2.6511 2.05427 
-1.89056 0.557379 -0.0151936 -2.0408 -0.0715326 2.65113 2.05424 
-1.89052 0.561757 -0.0151851 -2.03705 -0.0717215 2.65124 2.0542 
-1.8905 0.565139 -0.0151772 -2.03415 -0.0718882 2.6515 2.05417 
-1.89051 0.568254 -0.0151857 -2.03142 -0.071968 2.65178 2.05416 
-1.89055 0.571116 -0.0151974 -2.02896 -0.0720124 2.65185 2.05413 
-1.89061 0.573189 -0.0152089 -2.0272 -0.0720405 2.65187 2.05412 
-1.89077 0.574941 -0.0152137 -2.02583 -0.0720792 2.6519 2.0541 
-1.89098 0.576595 -0.0152155 -2.02471 -0.072142 2.65201 2.05409 
-1.89128 0.578157 -0.0152243 -2.02398 -0.0722494 2.65228 2.05395 
-1.89164 0.579616 -0.015227 -2.02366 -0.072341 2.65293 2.05376 
-1.89206 0.581202 -0.015245 -2.02358 -0.0724902 2.65401 2.05365 
-1.89253 0.582766 -0.0152563 -2.02365 -0.0726613 2.65531 2.05354 
-1.89306 0.584453 -0.0152542 -2.02373 -0.0728567 2.65708 2.05345 
-1.89365 0.586435 -0.0152569 -2.02374 -0.0731134 2.65951 2.05338 
-1.89429 0.588491 -0.0152534 -2.02373 -0.0734572 2.66206 2.05327 
-1.89494 0.590527 -0.0152527 -2.02373 -0.0737732 2.66471 2.05316 
-1.89568 0.592652 -0.0152479 -2.0237 -0.0741843 2.66713 2.05306 
-1.89646 0.594791 -0.0152561 -2.0237 -0.0745861 2.66902 2.05297 
-1.89725 0.596837 -0.0152547 -2.0237 -0.075033 2.6709 2.05283 
-1.89801 0.598812 -0.0152515 -2.02368 -0.075528 2.67299 2.05276 
-1.89871 0.600633 -0.0152553 -2.02365 -0.076084 2.675 2.05264 
-1.89947 0.602546 -0.0152499 -2.0236 -0.076658 2.67761 2.05257 
-1.90015 0.604299 -0.0152469 -2.02359 -0.0771407 2.68014 2.05252 
-1.90081 0.606197 -0.0152552 -2.02351 -0.0776656 2.6826 2.05248 
-1.90134 0.608097 -0.0152552 -2.02335 -0.077982 2.6849 2.05246 
-1.90178 0.609935 -0.0152536 -2.02323 -0.0781637 2.68669 2.05246 
-1.9021 0.611711 -0.0152552 -2.02311 -0.0782942 2.68807 2.05246 
-1.90236 0.613335 -0.0152519 -2.02302 -0.0784434 2.68931 2.05245 
-1.90252 0.614701 -0.0152521 -2.02297 -0.0785514 2.69049 2.05245 
-1.90257 0.615814 -0.0152487 -2.02288 -0.0786225 2.69137 2.05245 
-1.90255 0.616613 -0.0152256 -2.0228 -0.0786613 2.69187 2.05245 
-1.90251 0.617054 -0.0152111 -2.02276 -0.0787136 2.69212 2.05245 
-1.90247 0.617163 -0.0152042 -2.02267 -0.0787648 2.69221 2.05245 
-1.90242 0.617138 -0.0151947 -2.02247 -0.0787659 2.69222 2.05245 
-1.90233 0.617141 -0.0151861 -2.02212 -0.0787633 2.69222 2.05245 
-1.90227 0.617139 -0.0151866 -2.02166 -0.0787633 2.69222 2.05245 
-1.90224 0.617147 -0.0151858 -2.02109 -0.0787646 2.69222 2.05245 
-1.90222 0.617156 -0.0151785 -2.0205 -0.0787667 2.69222 2.05245 
-1.9022 0.617159 -0.0151818 -2.01995 -0.0787657 2.69222 2.05245 
-1.90218 0.617168 -0.0151731 -2.01939 -0.0787678 2.69222 2.05245 
-1.90213 0.617199 -0.0151581 -2.01886 -0.0787655 2.69222 2.05245 
-1.90207 0.617236 -0.0151427 -2.0184 -0.0787641 2.69222 2.05245 
-1.90201 0.617286 -0.0151325 -2.01806 -0.0787673 2.69223 2.05245 
-1.90195 0.617335 -0.015127 -2.01789 -0.0787653 2.69222 2.05244 
-1.9019 0.617411 -0.0151152 -2.01784 -0.0787685 2.69222 2.05245 
-1.90185 0.617553 -0.015112 -2.01784 -0.078766 2.69222 2.05244 
-1.90181 0.617784 -0.0151051 -2.01784 -0.078766 2.69222 2.05244 
-1.90176 0.618095 -0.0150977 -2.01784 -0.0787673 2.69223 2.05245 
-1.9017 0.618474 -0.0150945 -2.01782 -0.0787673 2.69222 2.05245 
-1.90168 0.618919 -0.0150927 -2.01775 -0.078766 2.69222 2.05245 
-1.90166 0.619444 -0.015086 -2.01763 -0.0787666 2.69222 2.05245 
-1.90161 0.62003 -0.0150854 -2.01743 -0.078766 2.69223 2.05245 
-1.90155 0.620614 -0.0150849 -2.01717 -0.0787673 2.69223 2.05245 
-1.90149 0.621179 -0.0150764 -2.01682 -0.078768 2.69223 2.05245 
-1.9014 0.621736 -0.0150785 -2.01644 -0.0787676 2.69223 2.05245 
-1.90134 0.622263 -0.0150768 -2.01598 -0.0787705 2.69223 2.05244 
-1.90124 0.6229 -0.0150684 -2.0153 -0.0787699 2.69223 2.05245 
-1.90109 0.623664 -0.0150587 -2.01441 -0.0787703 2.69223 2.05245 
-1.90093 0.624634 -0.0150625 -2.01326 -0.0787657 2.69223 2.05245 
-1.90082 0.625744 -0.0150568 -2.01192 -0.0787663 2.69223 2.05245 
-1.90074 0.627002 -0.0150505 -2.01053 -0.0787663 2.69223 2.05245 
-1.90065 0.628393 -0.0150504 -2.00917 -0.0787635 2.69223 2.05245 
-1.9006 0.629839 -0.0150487 -2.00786 -0.0787661 2.69223 2.05245 
-1.90058 0.631329 -0.0150439 -2.00668 -0.0787621 2.69223 2.05246 
-1.90052 0.632903 -0.0150387 -2.00565 -0.0787712 2.69233 2.05246 
-1.90038 0.633316 -0.0150388 -2.00464 -0.0787381 2.69332 2.05248 
-1.90027 0.633521 -0.0150019 -2.004 -0.078737 2.69332 2.05248 
-1.90016 0.633722 -0.0150054 -2.00368 -0.0787408 2.69331 2.05248 
-1.90014 0.633928 -0.0150287 -2.0036 -0.0787382 2.69331 2.05248 
-1.90019 0.634028 -0.0150471 -2.0036 -0.078735 2.69332 2.05248 
-1.90021 0.633986 -0.0150416 -2.00364 -0.078737 2.69332 2.05248 
-1.90019 0.633976 -0.015044 -2.00365 -0.0787376 2.69331 2.05248 
-1.90018 0.633961 -0.0150412 -2.00366 -0.0787451 2.69331 2.05248 
-1.90019 0.633954 -0.015048 -2.00366 -0.0787507 2.69331 2.05248 
-1.90023 0.633953 -0.0150693 -2.00366 -0.0787494 2.69331 2.05248 
-1.90025 0.633946 -0.0150594 -2.00368 -0.0787531 2.69331 2.05248 
-1.9002 0.633931 -0.0150423 -2.00374 -0.07876 2.69331 2.05248 
-1.90017 0.633874 -0.0150459 -2.00379 -0.078774 2.69331 2.05248 
-1.90023 0.633881 -0.0150792 -2.00379 -0.0787811 2.69331 2.05247 
-1.9003 0.633855 -0.0150768 -2.00385 -0.0787825 2.69331 2.05247 
-1.90028 0.633773 -0.0150749 -2.00398 -0.0787871 2.69331 2.05247 
-1.90029 0.63369 -0.0150838 -2.00414 -0.078792 2.69331 2.05247 
-1.90033 0.633565 -0.0150928 -2.00436 -0.0787973 2.69331 2.05246 
-1.90036 0.633392 -0.0151023 -2.0047 -0.078798 2.69331 2.05247 
-1.9004 0.633166 -0.0151203 -2.00511 -0.0788022 2.69331 2.05246 
-1.90044 0.632979 -0.0151114 -2.0055 -0.0788136 2.69331 2.05246 
-1.9004 0.63277 -0.0150858 -2.00586 -0.0788166 2.69331 2.05246 
-1.90034 0.632588 -0.0150857 -2.00615 -0.078816 2.69331 2.05247 
-1.90034 0.632451 -0.0150876 -2.00641 -0.0788166 2.6933 2.05246 
-1.90035 0.632388 -0.0150892 -2.00653 -0.0788155 2.69331 2.05247 
-1.90031 0.632359 -0.0150589 -2.00661 -0.0788138 2.6933 2.05247 
-1.90016 0.632248 -0.0150534 -2.00677 -0.0788161 2.6933 2.05246 
-1.90007 0.632178 -0.0150616 -2.00688 -0.0788248 2.6933 2.05247 
-1.90011 0.632182 -0.0150833 -2.00689 -0.0788214 2.6933 2.05247 
-1.90017 0.632174 -0.0150927 -2.00691 -0.078822 2.6933 2.05247 
-1.90016 0.632154 -0.015086 -2.00693 -0.0788214 2.6933 2.05246 
-1.90015 0.632148 -0.0150892 -2.00695 -0.0788269 2.6933 2.05246 
-1.90017 0.632122 -0.0150852 -2.00702 -0.0788293 2.6933 2.05247 
-1.90014 0.632055 -0.0150775 -2.00711 -0.0788469 2.6933 2.05246 
-1.9001 0.631983 -0.0150735 -2.00726 -0.0788821 2.6933 2.05246 
-1.90011 0.631897 -0.0150796 -2.00742 -0.078931 2.6933 2.05246 
-1.9001 0.631809 -0.015062 -2.00759 -0.0789546 2.6933 2.05247 
-1.89999 0.631671 -0.015045 -2.00786 -0.0789614 2.69329 2.05247 
-1.8999 0.631604 -0.0150519 -2.00817 -0.0789687 2.69329 2.05246 
-1.89983 0.631652 -0.0150304 -2.00844 -0.0789789 2.69329 2.05246 
-1.89967 0.631685 -0.0150206 -2.00891 -0.0789811 2.69328 2.05246 
-1.89949 0.631638 -0.0150324 -2.00946 -0.0789783 2.69328 2.05246 
-1.89936 0.631662 -0.0150261 -2.0099 -0.0789795 2.69329 2.05246 
-1.89928 0.631694 -0.0150275 -2.01035 -0.0789795 2.69328 2.05247 
-1.89926 0.63162 -0.0150546 -2.01094 -0.0789863 2.69328 2.05246 
-1.89935 0.631609 -0.0151041 -2.01129 -0.0789936 2.69328 2.05246 
-1.89955 0.631653 -0.0151239 -2.01148 -0.0790108 2.69328 2.05246 
-1.89979 0.63164 -0.0151449 -2.01162 -0.0790616 2.69328 2.05246 
-1.90004 0.631603 -0.0151993 -2.01158 -0.0791782 2.69329 2.05246 
-1.9003 0.63159 -0.0151658 -2.01156 -0.079202 2.69329 2.05245 
-1.90037 0.631663 -0.0151269 -2.0116 -0.0792141 2.69329 2.05245 
-1.9003 0.631695 -0.0151154 -2.0116 -0.0792359 2.69329 2.05244 
-1.90023 0.63168 -0.0151122 -2.0116 -0.0792564 2.69329 2.05245 
-1.90018 0.631744 -0.0151105 -2.01161 -0.0792871 2.69329 2.05244 
-1.90018 0.631864 -0.0151101 -2.0116 -0.0793501 2.69329 2.05244 
-1.90017 0.632031 -0.0151075 -2.01161 -0.0794927 2.69329 2.05243 
-1.90018 0.63226 -0.0151156 -2.0116 -0.079607 2.69329 2.05243 
-1.90016 0.632524 -0.0150915 -2.01158 -0.0796472 2.6933 2.05243 
-1.90007 0.632894 -0.0150449 -2.01158 -0.0796532 2.69332 2.05243 
-1.89985 0.633375 -0.015026 -2.01154 -0.079666 2.69336 2.05243 
-1.89961 0.633891 -0.0150395 -2.01139 -0.0796775 2.69369 2.05243 
-1.89949 0.634463 -0.0150343 -2.01105 -0.0796762 2.69399 2.05243 
-1.89946 0.635065 -0.0150375 -2.01064 -0.0796762 2.69426 2.05243 
-1.89949 0.635681 -0.0150484 -2.01013 -0.0796859 2.69456 2.05243 
-1.89949 0.636308 -0.0150498 -2.00952 -0.0797385 2.69473 2.05243 
-1.89948 0.637028 -0.0150434 -2.00879 -0.0798486 2.69488 2.05243 
-1.89947 0.637784 -0.015037 -2.00805 -0.0799214 2.69497 2.05242 
-1.89946 0.638538 -0.0150165 -2.00736 -0.0800167 2.69502 2.05242 
-1.89938 0.639341 -0.0150046 -2.00667 -0.0801052 2.69508 2.05241 
-1.89931 0.640196 -0.0150163 -2.00604 -0.0801516 2.69521 2.05241 
-1.89929 0.641186 -0.0150123 -2.00539 -0.0801809 2.69558 2.05241 
-1.8993 0.64227 -0.0150142 -2.00477 -0.0801867 2.69614 2.05242 
-1.89931 0.643398 -0.0150247 -2.00435 -0.0801851 2.69681 2.05242 
-1.89937 0.644603 -0.015049 -2.00406 -0.0801855 2.69769 2.05242 
-1.8995 0.646047 -0.0150577 -2.00378 -0.0801876 2.69873 2.05241 
-1.89966 0.647636 -0.0150716 -2.00359 -0.0802007 2.69983 2.05241 
-1.89985 0.649335 -0.0150883 -2.00353 -0.0802115 2.70133 2.05241 
-1.90004 0.651452 -0.0151264 -2.00348 -0.0802128 2.70358 2.05241 
-1.90018 0.653562 -0.0151244 -2.00341 -0.0802115 2.70583 2.05242 
-1.90025 0.655983 -0.0151361 -2.003 -0.0802022 2.70845 2.05243 
-1.90032 0.658512 -0.015134 -2.00215 -0.0801896 2.7114 2.05243 
-1.90031 0.661088 -0.0151344 -2.00114 -0.0801852 2.71342 2.05243 
-1.90036 0.66387 -0.0151581 -1.99996 -0.0801761 2.71515 2.05244 
-1.90046 0.666721 -0.0151571 -1.99874 -0.0801614 2.71703 2.05244 
-1.90051 0.669483 -0.0151543 -1.99775 -0.0801444 2.71879 2.05245 
-1.90052 0.672039 -0.0151596 -1.99702 -0.0801173 2.72066 2.05248 
-1.90055 0.674328 -0.0151624 -1.99648 -0.0800846 2.72303 2.05252 
-1.90058 0.676479 -0.0151586 -1.99596 -0.0800702 2.72552 2.0527 
-1.90057 0.678498 -0.0151517 -1.99534 -0.0800687 2.72715 2.0528 
-1.90057 0.680524 -0.0151575 -1.9945 -0.0800683 2.72845 2.05284 
-1.90057 0.682564 -0.015157 -1.99344 -0.0800593 2.72946 2.05285 
-1.90055 0.684589 -0.015149 -1.99229 -0.0800606 2.73003 2.05286 
-1.90054 0.686667 -0.0151426 -1.99102 -0.0800583 2.73038 2.05286 
-1.90055 0.688574 -0.015149 -1.98978 -0.0800564 2.73059 2.05286 
-1.90054 0.69034 -0.0151429 -1.98866 -0.0800577 2.73064 2.05286 
-1.90052 0.6919 -0.0151563 -1.98781 -0.0800161 2.73072 2.05287 
-1.90057 0.693183 -0.0151669 -1.98718 -0.0800093 2.73104 2.05286 
-1.90059 0.694373 -0.015174 -1.98656 -0.0800157 2.73121 2.05287 
-1.9006 0.695502 -0.0151666 -1.986 -0.0800084 2.73138 2.05286 
-1.90061 0.696641 -0.0151767 -1.98541 -0.0800019 2.73169 2.05286 
-1.90062 0.697701 -0.0151812 -1.98483 -0.0800046 2.73192 2.05287 
-1.90063 0.698966 -0.0151772 -1.98421 -0.0800093 2.73222 2.05287 
-1.90068 0.700314 -0.0152017 -1.98352 -0.0800032 2.73268 2.05287 
-1.90078 0.701772 -0.0151738 -1.98277 -0.0799796 2.73312 2.05287 
-1.90078 0.703585 -0.0151899 -1.98182 -0.0799666 2.73373 2.05286 
-1.90083 0.705492 -0.015182 -1.98078 -0.0799635 2.73453 2.05286 
-1.90082 0.707591 -0.0151734 -1.97973 -0.0799621 2.73551 2.05286 
-1.90085 0.710134 -0.0152007 -1.97845 -0.0799633 2.73704 2.05286 
-1.90099 0.712657 -0.0151909 -1.97714 -0.0799607 2.73841 2.05286 
-1.90106 0.71523 -0.0151842 -1.97582 -0.0799564 2.73983 2.05286 
-1.90103 0.717645 -0.0151955 -1.97471 -0.0799587 2.74114 2.05286 
-1.90107 0.720019 -0.0152244 -1.97372 -0.0799684 2.74251 2.05286 
-1.90116 0.722377 -0.0152065 -1.97286 -0.0799768 2.74393 2.05286 
-1.90117 0.724612 -0.0152118 -1.97202 -0.0799766 2.74534 2.05286 
-1.90118 0.727032 -0.0152182 -1.97085 -0.0799753 2.74672 2.05286 
-1.90119 0.729357 -0.0152082 -1.96965 -0.0799771 2.74767 2.05285 
-1.90119 0.731676 -0.0152103 -1.96833 -0.0799865 2.74848 2.05285 
-1.90121 0.734069 -0.0152147 -1.96688 -0.0799846 2.74918 2.05285 
-1.90124 0.736807 -0.0152222 -1.9653 -0.0799852 2.75007 2.05285 
-1.90123 0.739848 -0.0152138 -1.96357 -0.0799859 2.75108 2.05284 
-1.90124 0.743097 -0.0152164 -1.96178 -0.0799905 2.75205 2.05283 
-1.90125 0.746898 -0.0152173 -1.95989 -0.0799958 2.75329 2.05284 
-1.90123 0.750661 -0.0152181 -1.95811 -0.0799958 2.75514 2.05284 
-1.90124 0.754352 -0.0152263 -1.95654 -0.0799968 2.75774 2.05283 
-1.90127 0.758249 -0.0152747 -1.9548 -0.0799946 2.76075 2.05284 
-1.90142 0.761832 -0.015301 -1.95306 -0.0799891 2.76349 2.05284 
-1.90155 0.76564 -0.0152822 -1.95109 -0.0799978 2.76589 2.05284 
-1.90158 0.769568 -0.0152923 -1.94885 -0.0799995 2.76768 2.05284 
-1.90163 0.773887 -0.0152971 -1.94655 -0.0799981 2.76897 2.05284 
-1.90169 0.778031 -0.0152637 -1.94421 -0.0800825 2.77112 2.05284 
-1.90176 0.778945 -0.0151463 -1.94244 -0.0800175 2.77392 2.05283 
-1.90143 0.780037 -0.0150292 -1.94108 -0.0800561 2.7739 2.05282 
-1.90092 0.780438 -0.0151795 -1.94005 -0.080024 2.77391 2.05283 
-1.90069 0.780933 -0.0151954 -1.93931 -0.0800251 2.77395 2.05282 
-1.90069 0.781334 -0.0151508 -1.93851 -0.0800281 2.77393 2.05282 
-1.90059 0.781813 -0.015098 -1.93766 -0.0800281 2.77393 2.05282 
-1.90047 0.782269 -0.015083 -1.93669 -0.0800294 2.77393 2.05282 
-1.90033 0.782897 -0.0150679 -1.93531 -0.080032 2.77393 2.05282 
-1.90014 0.783688 -0.0150168 -1.93361 -0.0800351 2.77386 2.05282 
-1.8998 0.784677 -0.0149916 -1.93146 -0.0800415 2.77359 2.05281 
-1.89939 0.785811 -0.0149892 -1.92901 -0.0800422 2.77322 2.05281 
-1.8989 0.787057 -0.0149667 -1.92619 -0.08004 2.7726 2.05281 
-1.89839 0.788298 -0.0149809 -1.92335 -0.0800416 2.77175 2.05281 
-1.89794 0.789755 -0.0149614 -1.92024 -0.0800442 2.77089 2.0528 
-1.89744 0.791393 -0.014943 -1.91717 -0.0800406 2.77026 2.0528 
-1.89683 0.793169 -0.0149554 -1.91408 -0.0800364 2.76972 2.05279 
-1.89635 0.794746 -0.0149866 -1.91112 -0.0799966 2.76934 2.0528 
-1.89601 0.796208 -0.0149385 -1.90826 -0.0799742 2.76845 2.0528 
-1.89558 0.797688 -0.0149027 -1.90529 -0.0799133 2.76724 2.05279 
-1.89514 0.799001 -0.0148999 -1.90256 -0.0797641 2.76601 2.0528 
-1.89472 0.800072 -0.0149075 -1.90009 -0.0796093 2.7648 2.0528 
-1.89438 0.80094 -0.0148985 -1.89782 -0.0793683 2.76357 2.0528 
-1.89408 0.801578 -0.0148938 -1.89589 -0.0791766 2.7624 2.0528 
-1.89379 0.802132 -0.0148778 -1.89391 -0.0790128 2.7612 2.05281 
-1.89345 0.802582 -0.0148762 -1.89202 -0.0788143 2.75963 2.05281 
-1.89307 0.802885 -0.014873 -1.89024 -0.0786598 2.75806 2.05282 
-1.89271 0.803044 -0.0148755 -1.88844 -0.0784987 2.75663 2.05287 
-1.89234 0.803077 -0.0148746 -1.88658 -0.078307 2.75478 2.0531 
-1.89198 0.80332 -0.0148994 -1.88464 -0.0781079 2.7509 2.05334 
-1.89184 0.804041 -0.0148762 -1.88249 -0.0779459 2.74713 2.05342 
-1.89171 0.804656 -0.0148314 -1.88061 -0.0779149 2.7449 2.05346 
-1.89144 0.8053 -0.0147681 -1.87872 -0.0778174 2.74319 2.05352 
-1.8911 0.805978 -0.014801 -1.87696 -0.07768 2.74153 2.05362 
-1.89092 0.806618 -0.0148002 -1.87536 -0.0775447 2.74007 2.05373 
-1.89077 0.807275 -0.0147909 -1.8736 -0.0775131 2.73884 2.05379 
-1.89054 0.807966 -0.0147583 -1.87177 -0.0774451 2.7376 2.05389 
-1.89021 0.808642 -0.0147872 -1.87006 -0.077345 2.73647 2.05419 
-1.88992 0.809294 -0.0147912 -1.86824 -0.0773387 2.73536 2.05427 
-1.88972 0.809978 -0.0147852 -1.86635 -0.0773052 2.73362 2.0543 
-1.88949 0.810588 -0.0147781 -1.86451 -0.0772718 2.73195 2.05433 
-1.8892 0.811119 -0.014768 -1.86279 -0.0772507 2.73083 2.05433 
-1.88887 0.811639 -0.0147913 -1.8611 -0.077202 2.72989 2.05434 
-1.88857 0.811942 -0.0147776 -1.85943 -0.0771178 2.72969 2.05444 
-1.88817 0.811805 -0.0147765 -1.85774 -0.0770796 2.7292 2.0546 
-1.88776 0.811451 -0.0147796 -1.85594 -0.0769362 2.72788 2.05472 
-1.8874 0.810876 -0.0147781 -1.854 -0.0767138 2.72546 2.05479 
-1.88716 0.809854 -0.0148296 -1.85342 -0.0764594 2.72078 2.05484 
-1.88722 0.808678 -0.0148377 -1.85353 -0.0763874 2.71836 2.05487 
-1.88727 0.807262 -0.0148004 -1.85393 -0.0762813 2.71672 2.0549 
-1.88725 0.805713 -0.0147973 -1.85467 -0.076203 2.71529 2.05492 
-1.88723 0.804 -0.0147744 -1.85544 -0.076178 2.71427 2.05494 
-1.88716 0.80216 -0.0147882 -1.85624 -0.0761571 2.713 2.05497 
-1.88719 0.800092 -0.0147944 -1.85715 -0.0761204 2.71185 2.05499 
-1.88721 0.797706 -0.014782 -1.85834 -0.0759763 2.71058 2.055 
-1.8872 0.795236 -0.0147718 -1.85964 -0.075747 2.70945 2.05501 
-1.88719 0.792881 -0.0147604 -1.86082 -0.0755722 2.70841 2.05501 
-1.88717 0.790677 -0.0147369 -1.86194 -0.0753983 2.70717 2.05501 
-1.88714 0.788791 -0.0147226 -1.86291 -0.0751457 2.70604 2.05502 
-1.88712 0.787296 -0.014723 -1.86372 -0.0749638 2.70511 2.05502 
-1.88711 0.785917 -0.0147125 -1.8645 -0.074879 2.70449 2.05502 
-1.88706 0.78496 -0.0147067 -1.86506 -0.0748023 2.70408 2.05502 
-1.88707 0.7842 -0.0147166 -1.8655 -0.0746273 2.70375 2.05503 
-1.88707 0.783728 -0.0147114 -1.86578 -0.0743975 2.70359 2.05504 
-1.88703 0.783398 -0.0147114 -1.86598 -0.0742354 2.70355 2.05508 
-1.88699 0.783033 -0.0147088 -1.86619 -0.0742086 2.70353 2.05509 
-1.88702 0.782594 -0.014718 -1.86638 -0.0741311 2.70338 2.05511 
-1.88702 0.781992 -0.0147067 -1.86666 -0.0739529 2.70281 2.05521 
-1.88697 0.781222 -0.0147018 -1.86701 -0.0738497 2.70244 2.05542 
-1.88697 0.780276 -0.014712 -1.86741 -0.0738073 2.70186 2.05555 
-1.88696 0.778808 -0.0147116 -1.86796 -0.0736906 2.70063 2.0559 
-1.88693 0.777021 -0.0146942 -1.86858 -0.0736243 2.69924 2.05623 
-1.88687 0.774808 -0.0146997 -1.86927 -0.0735974 2.69748 2.05651 
-1.88686 0.772191 -0.0146807 -1.87017 -0.0735697 2.69535 2.05671 
-1.88682 0.769308 -0.0146921 -1.87118 -0.0735528 2.69296 2.05685 
-1.8868 0.767618 -0.0146804 -1.87139 -0.0735508 2.69023 2.05685 
-1.88678 0.767978 -0.0146837 -1.87051 -0.0735439 2.68835 2.05686 
-1.88677 0.768693 -0.0146732 -1.86969 -0.0735367 2.68825 2.05686 
-1.88669 0.768752 -0.0146809 -1.86967 -0.0735383 2.68823 2.05688 
-1.88664 0.768692 -0.0147059 -1.86974 -0.073533 2.68823 2.05701 
-1.8867 0.768647 -0.0147235 -1.86974 -0.0735291 2.68821 2.05725 
-1.88676 0.768586 -0.0147129 -1.86974 -0.0735237 2.68815 2.05735 
-1.88672 0.768461 -0.0147019 -1.86974 -0.0735243 2.688 2.05749 
-1.88664 0.768242 -0.0147071 -1.86971 -0.0735301 2.68776 2.05759 
-1.88655 0.768006 -0.0147188 -1.86967 -0.0735374 2.68726 2.05761 
-1.88651 0.767954 -0.0147345 -1.86949 -0.0735362 2.68665 2.05765 
-1.88653 0.767986 -0.0147418 -1.86934 -0.0735455 2.68641 2.05766 
-1.88652 0.767969 -0.014738 -1.86931 -0.0735515 2.68634 2.05767 
-1.8865 0.767955 -0.0147404 -1.86926 -0.0735515 2.68632 2.05769 
-1.88649 0.767903 -0.0147505 -1.86921 -0.0735522 2.6863 2.05773 
-1.88652 0.767828 -0.0147688 -1.86918 -0.073557 2.68609 2.05773 
-1.88652 0.767789 -0.0147599 -1.8691 -0.0735551 2.68575 2.05774 
-1.88648 0.767775 -0.0147708 -1.86901 -0.0735608 2.68553 2.05774 
-1.88651 0.767718 -0.0147883 -1.86896 -0.0735666 2.68543 2.05775 
-1.88653 0.76766 -0.0147818 -1.86895 -0.0735717 2.6852 2.05775 
-1.88644 0.767651 -0.0147918 -1.86892 -0.0735874 2.68507 2.05775 
-1.88643 0.767633 -0.014815 -1.86885 -0.0735886 2.68502 2.05775 
-1.88645 0.767627 -0.0148214 -1.86876 -0.0735874 2.68484 2.05776 
-1.88643 0.767613 -0.0148109 -1.86869 -0.0735905 2.68458 2.05776 
-1.8864 0.767583 -0.0148162 -1.86859 -0.0735925 2.68444 2.05778 
-1.88641 0.767541 -0.0148222 -1.86849 -0.0735934 2.68404 2.0578 
-1.88641 0.767534 -0.0148231 -1.86834 -0.0735947 2.68364 2.0578 
-1.88638 0.767535 -0.0148146 -1.86821 -0.073602 2.68335 2.05781 
-1.88636 0.767532 -0.0148231 -1.86817 -0.0736001 2.68313 2.05782 
-1.88638 0.767532 -0.0148332 -1.86815 -0.0735982 2.68309 2.05783 
-1.88638 0.767536 -0.014829 -1.86814 -0.0736007 2.68308 2.05784 
-1.88635 0.767548 -0.0148318 -1.86814 -0.0736035 2.68308 2.05785 
-1.88635 0.767558 -0.0148326 -1.86815 -0.0736068 2.68308 2.05786 
-1.88635 0.767573 -0.014829 -1.86815 -0.0736132 2.68308 2.05788 
-1.88632 0.767614 -0.0148326 -1.86816 -0.0736192 2.68309 2.05791 
-1.88631 0.767673 -0.014841 -1.86817 -0.073628 2.6831 2.05797 
-1.88631 0.767751 -0.0148458 -1.86817 -0.0736327 2.68311 2.05814 
-1.88631 0.767878 -0.0148591 -1.86818 -0.0736311 2.68313 2.05846 
-1.88632 0.768013 -0.0148607 -1.86818 -0.0736301 2.68317 2.05897 
-1.88631 0.768226 -0.0148518 -1.86818 -0.0736291 2.68336 2.05956 
-1.88623 0.768641 -0.0148669 -1.86818 -0.0736946 2.68405 2.06024 
-1.88619 0.768963 -0.0148711 -1.86826 -0.0739479 2.68503 2.06114 
-1.88618 0.769081 -0.014866 -1.86838 -0.0740282 2.68528 2.06147 
-1.88623 0.769047 -0.0148569 -1.86836 -0.0740194 2.68527 2.06148 
-1.88622 0.769063 -0.0148488 -1.86836 -0.0740167 2.68527 2.06147 
-1.88622 0.769064 -0.0148477 -1.86836 -0.0740146 2.68527 2.06147 
-1.88624 0.769062 -0.0148446 -1.86835 -0.0740136 2.68527 2.06148 
-1.88621 0.769064 -0.0148343 -1.86836 -0.0740144 2.68527 2.06147 
-1.88623 0.769062 -0.0148396 -1.86836 -0.0740141 2.68527 2.06147 
-1.88622 0.769059 -0.014835 -1.86836 -0.0740146 2.68527 2.06148 
-1.88622 0.769061 -0.0148324 -1.86835 -0.0740133 2.68527 2.06148 
-1.88623 0.76906 -0.0148222 -1.86837 -0.0740157 2.68527 2.06147 
-1.88623 0.769058 -0.0147843 -1.86838 -0.0740146 2.68527 2.06148 
-1.88625 0.769065 -0.0147868 -1.86838 -0.0740172 2.68526 2.06147 
-1.88624 0.769058 -0.0147863 -1.86838 -0.074014 2.68526 2.06147 
-1.88624 0.76906 -0.0147863 -1.86838 -0.0740133 2.68527 2.06148 
-1.88625 0.769056 -0.0147875 -1.86838 -0.074014 2.68527 2.06147 
-1.88625 0.769057 -0.0147788 -1.86838 -0.074014 2.68527 2.06148 
-1.88625 0.769061 -0.0147842 -1.86838 -0.0740133 2.68527 2.06147 
-1.88624 0.769059 -0.0147822 -1.86838 -0.0740143 2.68526 2.06148 
-1.88625 0.769055 -0.0147883 -1.86838 -0.074014 2.68527 2.06147 
-1.88625 0.769059 -0.0147839 -1.86838 -0.0740143 2.68527 2.06148 
-1.88625 0.769056 -0.014788 -1.86838 -0.0740133 2.68527 2.06147 
-1.88625 0.769058 -0.0147847 -1.86838 -0.0740146 2.68526 2.06147 
-1.88624 0.769059 -0.0147847 -1.86838 -0.0740151 2.68527 2.06147 
-1.88625 0.769063 -0.0147883 -1.86839 -0.0740127 2.68527 2.06148 
-1.88624 0.769061 -0.0147863 -1.86839 -0.074014 2.68527 2.06147 
-1.88624 0.769059 -0.0147839 -1.86838 -0.0740127 2.68527 2.06147 
-1.88625 0.769058 -0.0147863 -1.86838 -0.074014 2.68527 2.06148 
-1.88625 0.769056 -0.0147846 -1.86838 -0.0740147 2.68526 2.06147 
-1.88624 0.769059 -0.0147823 -1.86838 -0.0740146 2.68527 2.06148 
-1.88624 0.769058 -0.0147829 -1.86838 -0.0740137 2.68527 2.06147 
-1.88625 0.769056 -0.0147835 -1.86838 -0.0740172 2.68527 2.06147 
-1.88624 0.769063 -0.0147809 -1.86838 -0.0740175 2.68527 2.06147 
-1.88625 0.769056 -0.0147863 -1.86838 -0.0740133 2.68526 2.06147 
-1.88624 0.769056 -0.0147808 -1.86838 -0.0740133 2.68527 2.06147 
-1.88625 0.769056 -0.0147839 -1.86838 -0.0740141 2.68527 2.06147 
-1.88624 0.769054 -0.0147815 -1.86839 -0.0740137 2.68526 2.06147 
-1.88624 0.769058 -0.0147823 -1.86838 -0.0740127 2.68527 2.06147 
-1.88625 0.769056 -0.0147789 -1.86838 -0.074012 2.68527 2.06147 
-1.88625 0.769056 -0.014782 -1.86839 -0.0740172 2.68527 2.06147 
-1.88625 0.769056 -0.014783 -1.86838 -0.074014 2.68526 2.06147 
-1.88624 0.769058 -0.0147802 -1.86838 -0.0740178 2.68527 2.06147 
-1.88625 0.769059 -0.014784 -1.86839 -0.074014 2.68527 2.06147 
-1.88625 0.769057 -0.0147822 -1.86838 -0.0740134 2.68527 2.06147 
-1.88625 0.769058 -0.0147825 -1.86839 -0.0740147 2.68526 2.06148 
-1.88625 0.769058 -0.0147823 -1.86839 -0.0740172 2.68527 2.06147 
-1.88624 0.769062 -0.014782 -1.86839 -0.0740145 2.68527 2.06148 
-1.88625 0.769057 -0.0147836 -1.86838 -0.0740146 2.68527 2.06148 
-1.88624 0.769058 -0.014781 -1.86839 -0.0740133 2.68527 2.06147 
-1.88624 0.769056 -0.0147822 -1.86839 -0.0740146 2.68526 2.06148 
-1.88624 0.769058 -0.0147837 -1.86839 -0.0740147 2.68527 2.06148 
-1.88625 0.769054 -0.0147822 -1.86838 -0.0740147 2.68527 2.06148 
-1.88625 0.769058 -0.0147822 -1.86838 -0.0740133 2.68527 2.06147 
-1.88624 0.769055 -0.0147789 -1.86838 -0.0740133 2.68527 2.06147 
-1.88624 0.76906 -0.0147827 -1.86838 -0.0740146 2.68527 2.06148 
-1.88625 0.769054 -0.0147856 -1.86838 -0.074014 2.68527 2.06147 
-1.88625 0.769061 -0.0147842 -1.86838 -0.074013 2.68527 2.06147 
-1.88624 0.769054 -0.0147833 -1.86838 -0.0740179 2.68527 2.06147 
-1.88624 0.769058 -0.0147839 -1.86838 -0.074014 2.68527 2.06147 
-1.88625 0.769054 -0.0147863 -1.86838 -0.0740133 2.68527 2.06147 
-1.88624 0.769054 -0.0147834 -1.86838 -0.0740147 2.68527 2.06147 
-1.88625 0.769058 -0.0147823 -1.86838 -0.0740136 2.68527 2.06147 
-1.88625 0.76906 -0.0147856 -1.86838 -0.0740146 2.68527 2.06147 
-1.88624 0.769058 -0.0147823 -1.86838 -0.0740143 2.68527 2.06147 
-1.88624 0.769059 -0.0147802 -1.86838 -0.0740127 2.68527 2.06148 
-1.88625 0.769058 -0.0147844 -1.86838 -0.0740127 2.68527 2.06147 
-1.88625 0.769057 -0.0147815 -1.86838 -0.0740147 2.68527 2.06147 
-1.88624 0.769054 -0.0147781 -1.86838 -0.074012 2.68527 2.06147 
-1.88625 0.769056 -0.0147822 -1.86838 -0.0740133 2.68527 2.06148 
-1.88624 0.769058 -0.0147806 -1.86838 -0.0740146 2.68527 2.06147 
-1.88624 0.769059 -0.0147843 -1.86838 -0.074015 2.68527 2.06147 
-1.88625 0.769056 -0.0147805 -1.86838 -0.0740137 2.68527 2.06147 
-1.88624 0.769055 -0.0147822 -1.86839 -0.0740182 2.68527 2.06147 
-1.88625 0.769058 -0.0147854 -1.86838 -0.0740138 2.68527 2.06147 
-1.88625 0.769058 -0.0147839 -1.86838 -0.0740127 2.68527 2.06147 
