-0.999325 -0.0126494 0.0342049 0 -0.0134505 0.999629 -0.0232927 0 -0.0338982 -0.0237375 -0.999143 0 0.0542362 -0.438732 0.593745 1 
-0.999325 -0.0126497 0.0342056 0 -0.013451 0.999628 -0.0232955 0 -0.0338989 -0.0237404 -0.999143 0 0.0542357 -0.438733 0.593746 1 
-0.999325 -0.0126427 0.0342061 0 -0.0134438 0.999629 -0.0232918 0 -0.0338996 -0.0237364 -0.999143 0 0.0542359 -0.438732 0.593745 1 
-0.999325 -0.0126481 0.0342048 0 -0.0134494 0.999628 -0.0232976 0 -0.033898 -0.0237424 -0.999143 0 0.0542356 -0.438733 0.593747 1 
-0.999325 -0.0126338 0.0342059 0 -0.0134348 0.999629 -0.0232886 0 -0.0338997 -0.0237329 -0.999143 0 0.0542314 -0.438734 0.593744 1 
-0.999325 -0.0126403 0.034204 0 -0.0134414 0.999629 -0.0232929 0 -0.0338975 -0.0237374 -0.999143 0 0.0542351 -0.438733 0.593745 1 
-0.999325 -0.0126443 0.0342046 0 -0.0134455 0.999629 -0.0232975 0 -0.0338979 -0.0237421 -0.999143 0 0.0542366 -0.438732 0.593748 1 
-0.999325 -0.0126506 0.0342066 0 -0.0134517 0.999629 -0.0232926 0 -0.0338999 -0.0237375 -0.999143 0 0.0542367 -0.438733 0.593745 1 
-0.999325 -0.0126422 0.0342039 0 -0.0134435 0.999629 -0.0232985 0 -0.0338973 -0.023743 -0.999143 0 0.0542354 -0.438732 0.593748 1 
-0.999325 -0.0126444 0.0342065 0 -0.0134455 0.999629 -0.0232918 0 -0.0339 -0.0237365 -0.999143 0 0.054236 -0.438733 0.593745 1 
-0.999325 -0.0126396 0.0342048 0 -0.0134408 0.999629 -0.0232955 0 -0.0338983 -0.02374 -0.999143 0 0.0542347 -0.438732 0.593747 1 
-0.999325 -0.0126424 0.0342057 0 -0.0134435 0.999629 -0.0232939 0 -0.0338992 -0.0237385 -0.999143 0 0.0542357 -0.438733 0.593746 1 
-0.999325 -0.0126426 0.0342045 0 -0.0134439 0.999629 -0.0232983 0 -0.0338979 -0.0237429 -0.999143 0 0.0542356 -0.438732 0.593748 1 
-0.999325 -0.0126411 0.0342052 0 -0.0134424 0.999629 -0.0232971 0 -0.0338987 -0.0237416 -0.999143 0 0.0542361 -0.438733 0.593747 1 
-0.999325 -0.0126415 0.0342049 0 -0.0134426 0.999629 -0.0232937 0 -0.0338984 -0.0237383 -0.999143 0 0.054237 -0.438734 0.593746 1 
-0.999325 -0.0126443 0.0342052 0 -0.0134455 0.999629 -0.0232935 0 -0.0338986 -0.0237382 -0.999143 0 0.0542358 -0.438733 0.593746 1 
-0.999325 -0.0126411 0.0342052 0 -0.0134423 0.999629 -0.0232937 0 -0.0338987 -0.0237383 -0.999143 0 0.0542331 -0.438733 0.593746 1 
-0.999325 -0.0126449 0.0342046 0 -0.0134459 0.999629 -0.0232927 0 -0.033898 -0.0237374 -0.999143 0 0.054236 -0.438733 0.593745 1 
-0.999325 -0.0126467 0.0342052 0 -0.0134478 0.999629 -0.0232938 0 -0.0338986 -0.0237386 -0.999143 0 0.0542358 -0.438732 0.593746 1 
-0.999325 -0.0126428 0.0342046 0 -0.013444 0.999629 -0.0232961 0 -0.0338981 -0.0237407 -0.999143 0 0.0542344 -0.438733 0.593747 1 
-0.999325 -0.0126411 0.0342053 0 -0.0134422 0.999629 -0.0232922 0 -0.0338988 -0.0237367 -0.999143 0 0.0542358 -0.438733 0.593745 1 
-0.999325 -0.0126422 0.034205 0 -0.0134433 0.999629 -0.023294 0 -0.0338985 -0.0237386 -0.999143 0 0.0542357 -0.438732 0.593746 1 
-0.999325 -0.012644 0.0342063 0 -0.013445 0.999629 -0.0232903 0 -0.0338997 -0.023735 -0.999143 0 0.0542355 -0.438733 0.593744 1 
-0.999325 -0.0126436 0.0342053 0 -0.0134446 0.999629 -0.0232884 0 -0.0338988 -0.0237331 -0.999143 0 0.0542348 -0.438733 0.593744 1 
-0.999325 -0.0126527 0.034206 0 -0.013454 0.999628 -0.023298 0 -0.0338992 -0.023743 -0.999143 0 0.0542364 -0.438733 0.593748 1 
-0.999325 -0.0126462 0.0342056 0 -0.0134474 0.999629 -0.0232952 0 -0.0338989 -0.0237399 -0.999143 0 0.0542356 -0.438733 0.593746 1 
-0.999325 -0.012643 0.0342059 0 -0.0134441 0.999629 -0.0232927 0 -0.0338994 -0.0237373 -0.999143 0 0.0542349 -0.438733 0.593745 1 
-0.999325 -0.0126442 0.0342042 0 -0.0134454 0.999629 -0.0232947 0 -0.0338976 -0.0237394 -0.999143 0 0.0542367 -0.438732 0.593747 1 
-0.999325 -0.0126477 0.0342071 0 -0.0134487 0.999629 -0.0232878 0 -0.0339006 -0.0237326 -0.999143 0 0.0542366 -0.438734 0.593743 1 
-0.999325 -0.0126515 0.0342065 0 -0.0134527 0.999629 -0.0232927 0 -0.0338998 -0.0237377 -0.999143 0 0.0542356 -0.438732 0.593745 1 
-0.999325 -0.0126455 0.0342046 0 -0.0134466 0.999629 -0.0232927 0 -0.033898 -0.0237373 -0.999143 0 0.0542351 -0.438732 0.593745 1 
-0.999325 -0.0126403 0.0342062 0 -0.0134413 0.999629 -0.0232904 0 -0.0338997 -0.023735 -0.999143 0 0.0542345 -0.438733 0.593744 1 
-0.999325 -0.0126367 0.0342072 0 -0.0134378 0.999629 -0.0232922 0 -0.0339008 -0.0237366 -0.999143 0 0.0542339 -0.438733 0.593745 1 
-0.999325 -0.0126399 0.0342049 0 -0.0134411 0.999629 -0.0232947 0 -0.0338984 -0.0237392 -0.999143 0 0.0542357 -0.438732 0.593746 1 
-0.999325 -0.0126457 0.034205 0 -0.0134468 0.999629 -0.0232932 0 -0.0338984 -0.0237379 -0.999143 0 0.0542361 -0.438733 0.593745 1 
-0.999325 -0.0126468 0.0342068 0 -0.0134479 0.999629 -0.0232915 0 -0.0339002 -0.0237363 -0.999143 0 0.054236 -0.438732 0.593745 1 
-0.999325 -0.0126417 0.0342058 0 -0.0134431 0.999628 -0.0233008 0 -0.0338992 -0.0237453 -0.999143 0 0.0542357 -0.438732 0.593749 1 
-0.999325 -0.0126444 0.034204 0 -0.0134456 0.999629 -0.0232968 0 -0.0338974 -0.0237415 -0.999143 0 0.0542368 -0.438733 0.593747 1 
-0.999325 -0.0126429 0.0342058 0 -0.013444 0.999629 -0.023292 0 -0.0338993 -0.0237366 -0.999143 0 0.0542362 -0.438733 0.593745 1 
-0.999325 -0.0126428 0.0342044 0 -0.0134439 0.999629 -0.0232942 0 -0.0338978 -0.0237387 -0.999143 0 0.0542361 -0.438734 0.593745 1 
-0.999325 -0.0126545 0.0342063 0 -0.0134556 0.999628 -0.0232932 0 -0.0338995 -0.0237383 -0.999143 0 0.0542384 -0.438733 0.593746 1 
-0.999325 -0.0126527 0.0342065 0 -0.0134538 0.999629 -0.0232907 0 -0.0338998 -0.0237356 -0.999143 0 0.0542397 -0.438733 0.593745 1 
-0.999325 -0.0126331 0.0342062 0 -0.0134342 0.999629 -0.0232916 0 -0.0338999 -0.0237359 -0.999143 0 0.0542311 -0.438733 0.593745 1 
-0.999326 -0.0126199 0.0342035 0 -0.013421 0.999629 -0.0232922 0 -0.0338976 -0.023736 -0.999143 0 0.054223 -0.438735 0.593745 1 
-0.999325 -0.0126463 0.0342057 0 -0.0134478 0.999628 -0.0233026 0 -0.0338989 -0.0237473 -0.999143 0 0.0542355 -0.438733 0.593749 1 
-0.999325 -0.0126709 0.0342089 0 -0.0134723 0.999628 -0.0232989 0 -0.0339016 -0.0237445 -0.999143 0 0.0542485 -0.43873 0.593748 1 
-0.999325 -0.0126644 0.0342106 0 -0.0134657 0.999628 -0.0232927 0 -0.0339035 -0.0237381 -0.999143 0 0.0542467 -0.438731 0.593745 1 
-0.999325 -0.0126646 0.0342066 0 -0.0134659 0.999628 -0.0232979 0 -0.0338995 -0.0237433 -0.999143 0 0.0542431 -0.438731 0.593748 1 
-0.999325 -0.0126704 0.0342123 0 -0.0134717 0.999628 -0.023292 0 -0.0339052 -0.0237376 -0.999143 0 0.0542494 -0.438732 0.593745 1 
-0.999325 -0.0126717 0.034211 0 -0.0134728 0.999628 -0.0232889 0 -0.0339039 -0.0237346 -0.999143 0 0.0542506 -0.438732 0.593744 1 
-0.999325 -0.0126485 0.0342089 0 -0.0134496 0.999629 -0.0232891 0 -0.0339023 -0.023734 -0.999143 0 0.0542394 -0.438732 0.593744 1 
-0.999326 -0.0126154 0.0342042 0 -0.0134163 0.999629 -0.023289 0 -0.0338983 -0.0237326 -0.999143 0 0.0542211 -0.438735 0.593744 1 
-0.999326 -0.0125636 0.0342005 0 -0.0133645 0.99963 -0.0232914 0 -0.0338958 -0.0237332 -0.999144 0 0.0541947 -0.438739 0.593745 1 
-0.999327 -0.0125207 0.0341965 0 -0.0133213 0.99963 -0.023286 0 -0.033893 -0.0237263 -0.999144 0 0.054178 -0.438742 0.593742 1 
-0.999327 -0.0125217 0.0341992 0 -0.0133221 0.999631 -0.0232797 0 -0.0338957 -0.0237201 -0.999144 0 0.0541799 -0.438742 0.59374 1 
-0.999326 -0.0125415 0.034207 0 -0.0133411 0.999631 -0.0232493 0 -0.0339034 -0.0236905 -0.999144 0 0.054187 -0.438743 0.593726 1 
-0.999327 -0.0125164 0.0342083 0 -0.0133146 0.999632 -0.0232073 0 -0.0339059 -0.0236476 -0.999145 0 0.054177 -0.438748 0.593707 1 
-0.999327 -0.0124918 0.0342132 0 -0.0132881 0.999634 -0.0231472 0 -0.0339122 -0.0235867 -0.999146 0 0.0541612 -0.438758 0.593681 1 
-0.999327 -0.0124707 0.0342303 0 -0.0132644 0.999636 -0.0230588 0 -0.0339309 -0.0234977 -0.999148 0 0.0541537 -0.438768 0.593642 1 
-0.999326 -0.0124853 0.0342382 0 -0.0132776 0.999637 -0.0230114 0 -0.0339391 -0.023451 -0.999149 0 0.0541588 -0.438776 0.593621 1 
-0.999325 -0.0124917 0.0342605 0 -0.0132791 0.999641 -0.02285 0 -0.0339635 -0.02329 -0.999152 0 0.0541668 -0.438799 0.593549 1 
-0.999324 -0.0125032 0.0342979 0 -0.0132836 0.999646 -0.02262 0 -0.0340036 -0.0230607 -0.999156 0 0.0541732 -0.438833 0.593447 1 
-0.999322 -0.0124449 0.0343814 0 -0.0132181 0.999653 -0.0223549 0 -0.034092 -0.0227947 -0.999159 0 0.0541405 -0.43888 0.59327 1 
-0.999319 -0.0121078 0.0345849 0 -0.0129057 0.999644 -0.0229434 0 -0.0342954 -0.0233746 -0.999138 0 0.0539738 -0.439161 0.593098 1 
-0.999318 -0.0115548 0.0347916 0 -0.0123614 0.999648 -0.0230609 0 -0.0345135 -0.0234757 -0.999128 0 0.0537108 -0.439401 0.592808 1 
-0.999321 -0.0108744 0.0349249 0 -0.0116672 0.999667 -0.0225777 0 -0.0346684 -0.0229703 -0.999135 0 0.0533615 -0.439561 0.592376 1 
-0.999317 -0.0107026 0.0350988 0 -0.0114721 0.999687 -0.0217954 0 -0.0348552 -0.0221836 -0.999146 0 0.0529311 -0.439695 0.591802 1 
-0.999306 -0.0107146 0.0354085 0 -0.0114641 0.999703 -0.0210334 0 -0.0351733 -0.0214251 -0.999152 0 0.0523483 -0.439879 0.591116 1 
-0.999302 -0.0102239 0.0356681 0 -0.0109522 0.999725 -0.0202813 0 -0.0354516 -0.0206582 -0.999158 0 0.0515857 -0.440155 0.59028 1 
-0.999303 -0.00951307 0.0358379 0 -0.0102052 0.999754 -0.0191805 0 -0.0356473 -0.0195333 -0.999174 0 0.0507886 -0.440425 0.589249 1 
-0.999303 -0.00878685 0.0360172 0 -0.00944023 0.999784 -0.018011 0 -0.0358519 -0.0183388 -0.999189 0 0.0499206 -0.440789 0.588009 1 
-0.999298 -0.00867143 0.0361818 0 -0.00930673 0.999795 -0.017427 0 -0.036024 -0.0177519 -0.999193 0 0.0489826 -0.441372 0.586628 1 
-0.999294 -0.00870842 0.0362802 0 -0.00934693 0.999794 -0.0174669 0 -0.0361214 -0.0177941 -0.999189 0 0.0479607 -0.442186 0.585045 1 
-0.99929 -0.00834858 0.0364721 0 -0.00900202 0.999792 -0.0177885 0 -0.0363167 -0.0181045 -0.999176 0 0.0467615 -0.443188 0.583216 1 
-0.999278 -0.00813515 0.0368603 0 -0.00878371 0.999799 -0.0174673 0 -0.0367115 -0.0177788 -0.999168 0 0.0453843 -0.444157 0.581199 1 
-0.999266 -0.00793731 0.0372095 0 -0.00859961 0.999797 -0.0176728 0 -0.0370624 -0.0179801 -0.999151 0 0.0437126 -0.445416 0.57885 1 
-0.999259 -0.00797372 0.0373942 0 -0.00867342 0.99978 -0.0185867 0 -0.0372385 -0.0188977 -0.999128 0 0.0418401 -0.44695 0.576278 1 
-0.999246 -0.00839015 0.0376564 0 -0.00909758 0.999775 -0.0186544 0 -0.0374921 -0.0189833 -0.999117 0 0.0397191 -0.448399 0.573404 1 
-0.999236 -0.00816285 0.0379794 0 -0.00887277 0.999779 -0.0185611 0 -0.0378202 -0.0188842 -0.999106 0 0.0371123 -0.450008 0.570129 1 
-0.999224 -0.0079802 0.0383091 0 -0.00868392 0.999786 -0.0182382 0 -0.0381561 -0.0185571 -0.999099 0 0.0341287 -0.451589 0.566771 1 
-0.999209 -0.00843312 0.0386186 0 -0.00915433 0.999777 -0.0185364 0 -0.0384544 -0.0188757 -0.999082 0 0.0307646 -0.453319 0.56336 1 
-0.999196 -0.00865117 0.038902 0 -0.00937828 0.999774 -0.0185472 0 -0.0387335 -0.0188975 -0.999071 0 0.0270811 -0.455024 0.559727 1 
-0.99919 -0.00844784 0.0391025 0 -0.00918438 0.999773 -0.0186947 0 -0.0389365 -0.0190391 -0.99906 0 0.0231041 -0.456692 0.556195 1 
-0.999178 -0.00833955 0.0394288 0 -0.0090846 0.999773 -0.0187547 0 -0.0392642 -0.0190978 -0.999046 0 0.0184595 -0.458391 0.552522 1 
-0.999167 -0.00856479 0.0396512 0 -0.00932047 0.999768 -0.0189125 0 -0.0394807 -0.0192667 -0.999035 0 0.0136539 -0.460085 0.548714 1 
-0.99916 -0.00847015 0.0398625 0 -0.00922057 0.999773 -0.0186789 0 -0.039696 -0.0190311 -0.999031 0 0.00839297 -0.461662 0.544788 1 
-0.999149 -0.00841982 0.0401365 0 -0.00917641 0.999773 -0.0187034 0 -0.0399707 -0.0190561 -0.999019 0 0.00294468 -0.463208 0.541003 1 
-0.999144 -0.00802142 0.0403533 0 -0.00875324 0.99979 -0.0179911 0 -0.0402013 -0.0183293 -0.999023 0 -0.00283356 -0.464527 0.537198 1 
-0.99913 -0.00836454 0.0406202 0 -0.00911412 0.999781 -0.0183031 0 -0.040459 -0.0186578 -0.999007 0 -0.00875162 -0.465985 0.533522 1 
-0.999125 -0.00771959 0.0408622 0 -0.00847049 0.999788 -0.0182351 0 -0.0407135 -0.0185656 -0.998998 0 -0.0148766 -0.467222 0.529975 1 
-0.999116 -0.00750911 0.041133 0 -0.0082656 0.99979 -0.0182519 0 -0.0409881 -0.0185761 -0.998987 0 -0.0210892 -0.468413 0.526531 1 
-0.999102 -0.00789553 0.0414014 0 -0.0086385 0.999795 -0.0177973 0 -0.0412532 -0.0181393 -0.998984 0 -0.027608 -0.46945 0.523141 1 
-0.999092 -0.00743925 0.0417234 0 -0.00821492 0.999786 -0.0184502 0 -0.041578 -0.0187766 -0.998959 0 -0.0342164 -0.470618 0.519926 1 
-0.999084 -0.00677957 0.0420189 0 -0.00755797 0.999793 -0.0183937 0 -0.0418863 -0.0186947 -0.998947 0 -0.0410426 -0.471505 0.516788 1 
-0.999068 -0.0070337 0.0423678 0 -0.00781916 0.99979 -0.0184018 0 -0.0422303 -0.0187163 -0.998933 0 -0.0482839 -0.472361 0.513612 1 
-0.999057 -0.00686677 0.0426573 0 -0.00763822 0.9998 -0.0179482 0 -0.0425263 -0.0182575 -0.998929 0 -0.0551652 -0.47296 0.510745 1 
-0.99904 -0.00677514 0.0430606 0 -0.00757154 0.999793 -0.0183587 0 -0.0429281 -0.0186674 -0.998904 0 -0.0628923 -0.473681 0.507829 1 
-0.999018 -0.00717047 0.0435127 0 -0.0079977 0.99978 -0.0188668 0 -0.0433687 -0.0191967 -0.998875 0 -0.0704366 -0.474294 0.505126 1 
-0.999005 -0.00665349 0.0438717 0 -0.00748326 0.999786 -0.0187764 0 -0.0437382 -0.0190864 -0.998861 0 -0.0779386 -0.474666 0.50255 1 
-0.998985 -0.00700995 0.0442839 0 -0.00785261 0.999781 -0.0188831 0 -0.0441427 -0.019212 -0.99884 0 -0.0857987 -0.475067 0.499895 1 
-0.998973 -0.0070306 0.044546 0 -0.0078522 0.999792 -0.0182957 0 -0.0444089 -0.0186271 -0.99884 0 -0.0941384 -0.475355 0.496973 1 
-0.998964 -0.00695266 0.0447583 0 -0.00778693 0.999789 -0.0184919 0 -0.0446211 -0.0188216 -0.998827 0 -0.102279 -0.475841 0.494079 1 
-0.998953 -0.00710309 0.0449761 0 -0.00796098 0.99978 -0.0189239 0 -0.0448327 -0.0192625 -0.998809 0 -0.109961 -0.476322 0.49128 1 
-0.998939 -0.00678481 0.0453295 0 -0.00764974 0.999782 -0.0189346 0 -0.045192 -0.0192616 -0.998793 0 -0.118077 -0.476623 0.488372 1 
-0.99893 -0.0071368 0.0454894 0 -0.00800277 0.99978 -0.018883 0 -0.0453455 -0.0192272 -0.998786 0 -0.126036 -0.476895 0.485448 1 
-0.998929 -0.00700673 0.0455234 0 -0.00783892 0.999795 -0.0181277 0 -0.0453879 -0.0184655 -0.998799 0 -0.133929 -0.477164 0.482232 1 
-0.998921 -0.00698301 0.0457144 0 -0.00783432 0.999789 -0.0184697 0 -0.0455767 -0.0188083 -0.998784 0 -0.141511 -0.47776 0.478977 1 
-0.998912 -0.00742902 0.0458381 0 -0.00829571 0.99978 -0.0187462 0 -0.0456896 -0.0191064 -0.998773 0 -0.149122 -0.478342 0.475605 1 
-0.998907 -0.00705728 0.0460027 0 -0.00793335 0.99978 -0.018889 0 -0.0458602 -0.0192337 -0.998763 0 -0.156355 -0.478859 0.472451 1 
-0.998909 -0.00748289 0.045876 0 -0.00832408 0.999791 -0.0181726 0 -0.0457313 -0.018535 -0.998782 0 -0.16363 -0.479636 0.46866 1 
-0.998901 -0.00730151 0.0460984 0 -0.00817495 0.99978 -0.0187872 0 -0.045952 -0.0191438 -0.99876 0 -0.171172 -0.480744 0.464749 1 
-0.998892 -0.00751946 0.0462458 0 -0.00842419 0.999767 -0.0193996 0 -0.04609 -0.0197681 -0.998742 0 -0.178017 -0.481805 0.461024 1 
-0.998896 -0.00766894 0.046146 0 -0.00855403 0.999773 -0.0190134 0 -0.0459906 -0.0193875 -0.998754 0 -0.185108 -0.483067 0.456386 1 
-0.998891 -0.00819295 0.0461511 0 -0.0091013 0.999759 -0.0195062 0 -0.045981 -0.019905 -0.998744 0 -0.191592 -0.484322 0.45222 1 
-0.998899 -0.00836009 0.0459598 0 -0.00927075 0.999755 -0.0196368 0 -0.0457852 -0.0200416 -0.99875 0 -0.197503 -0.485622 0.447859 1 
-0.998916 -0.00832226 0.0455915 0 -0.00921372 0.99976 -0.0193779 0 -0.0454202 -0.0197773 -0.998772 0 -0.203581 -0.487057 0.442941 1 
-0.998928 -0.00910374 0.0451687 0 -0.00998215 0.999755 -0.01926 0 -0.0449832 -0.0196906 -0.998794 0 -0.208928 -0.488525 0.438218 1 
-0.998962 -0.00877988 0.0444732 0 -0.00961013 0.999773 -0.0184893 0 -0.0443016 -0.0188979 -0.998839 0 -0.214023 -0.490071 0.433033 1 
-0.998965 -0.00880789 0.0444081 0 -0.0096503 0.999767 -0.018791 0 -0.0442331 -0.0192004 -0.998837 0 -0.219049 -0.491744 0.428077 1 
-0.999001 -0.00937012 0.0434736 0 -0.0101559 0.999779 -0.01789 0 -0.0432972 -0.018314 -0.998894 0 -0.223465 -0.493625 0.422423 1 
-0.999012 -0.009095 0.0432793 0 -0.00989021 0.999776 -0.0181952 0 -0.043105 -0.0186056 -0.998897 0 -0.227662 -0.49563 0.417187 1 
-0.99903 -0.00909569 0.0428665 0 -0.00987049 0.999781 -0.0178976 0 -0.0426952 -0.0183037 -0.99892 0 -0.231598 -0.497733 0.411439 1 
-0.999039 -0.00975259 0.0425027 0 -0.0105265 0.999773 -0.0180234 0 -0.0423181 -0.0184538 -0.998934 0 -0.235205 -0.499899 0.405903 1 
-0.999081 -0.00973231 0.0415024 0 -0.0104627 0.999784 -0.0174173 0 -0.0413247 -0.0178359 -0.998987 0 -0.238365 -0.502174 0.399858 1 
-0.999096 -0.00925429 0.0412556 0 -0.0100068 0.999777 -0.0180711 0 -0.0410799 -0.0184679 -0.998985 0 -0.241165 -0.504687 0.394179 1 
-0.999134 -0.00889397 0.0404142 0 -0.00960019 0.999794 -0.0173142 0 -0.0402527 -0.0176876 -0.999033 0 -0.243297 -0.507035 0.388364 1 
-0.999158 -0.00857905 0.0398707 0 -0.00926044 0.999804 -0.0169366 0 -0.0397183 -0.0172919 -0.999061 0 -0.244854 -0.509157 0.383443 1 
-0.999179 -0.00856295 0.0393438 0 -0.00922933 0.999807 -0.0167868 0 -0.0391932 -0.0171365 -0.999085 0 -0.246346 -0.512209 0.376944 1 
-0.999207 -0.00900477 0.038524 0 -0.00963857 0.999811 -0.0162981 0 -0.0383707 -0.0166568 -0.999125 0 -0.247233 -0.514924 0.371065 1 
-0.999231 -0.0100974 0.0376453 0 -0.0107174 0.9998 -0.0163025 0 -0.0374739 -0.0166938 -0.999158 0 -0.24745 -0.517508 0.366102 1 
-0.999277 -0.0113334 0.0360224 0 -0.0118864 0.999805 -0.0151738 0 -0.0358441 -0.0155913 -0.999236 0 -0.247229 -0.520213 0.360435 1 
-0.999289 -0.012285 0.0353662 0 -0.0128603 0.999778 -0.0160863 0 -0.0351614 -0.01653 -0.999245 0 -0.246617 -0.523313 0.355405 1 
-0.999321 -0.0133557 0.0340707 0 -0.0138908 0.999773 -0.0155191 0 -0.0338564 -0.0159822 -0.999299 0 -0.245496 -0.526098 0.350395 1 
-0.999335 -0.0143815 0.0332127 0 -0.0149019 0.99976 -0.0154742 0 -0.0329828 -0.0159592 -0.999328 0 -0.244032 -0.529052 0.34552 1 
-0.999341 -0.0151148 0.032703 0 -0.0156263 0.999749 -0.0154401 0 -0.032462 -0.0159412 -0.999346 0 -0.242191 -0.531875 0.341278 1 
-0.999352 -0.0156022 0.0321428 0 -0.0160914 0.999748 -0.0150155 0 -0.031901 -0.0155233 -0.99937 0 -0.240165 -0.534678 0.336773 1 
-0.999358 -0.0156818 0.031924 0 -0.0161681 0.999747 -0.0150319 0 -0.0316808 -0.0155387 -0.999377 0 -0.237907 -0.537542 0.332267 1 
-0.999359 -0.0161794 0.0316198 0 -0.0166541 0.999742 -0.0148095 0 -0.0313727 -0.0153269 -0.99939 0 -0.235429 -0.540062 0.328323 1 
-0.99937 -0.016673 0.0310098 0 -0.0171139 0.999746 -0.0140063 0 -0.030769 -0.0145285 -0.999421 0 -0.23256 -0.542476 0.324156 1 
-0.999393 -0.0166751 0.0302868 0 -0.0170744 0.99976 -0.0129745 0 -0.0300638 -0.013484 -0.999457 0 -0.229449 -0.544768 0.319794 1 
-0.999394 -0.0168047 0.0301612 0 -0.0172078 0.999756 -0.0131554 0 -0.0299334 -0.0136667 -0.999458 0 -0.226271 -0.547053 0.31569 1 
-0.999399 -0.017018 0.0298927 0 -0.0174139 0.999754 -0.0130336 0 -0.0296641 -0.0135466 -0.999468 0 -0.222943 -0.549026 0.311631 1 
-0.99941 -0.0173553 0.0293139 0 -0.0177169 0.99976 -0.0121192 0 -0.0290971 -0.0126316 -0.999497 0 -0.219298 -0.550772 0.307358 1 
-0.999429 -0.0172304 0.0287234 0 -0.0175589 0.999773 -0.0112245 0 -0.0285241 -0.0117227 -0.999524 0 -0.215144 -0.552518 0.30253 1 
-0.999443 -0.0171349 0.0283127 0 -0.0174446 0.999781 -0.0107263 0 -0.0281232 -0.0112145 -0.999542 0 -0.211266 -0.55391 0.298225 1 
-0.999451 -0.0169246 0.0281601 0 -0.017239 0.999782 -0.0109575 0 -0.027969 -0.0114371 -0.999543 0 -0.207273 -0.555209 0.294098 1 
-0.999453 -0.0174473 0.0277669 0 -0.0177456 0.999777 -0.010533 0 -0.0275775 -0.0110202 -0.999559 0 -0.202864 -0.556207 0.290039 1 
-0.999464 -0.0174549 0.0273371 0 -0.0177358 0.999782 -0.0100676 0 -0.0271559 -0.0105472 -0.999576 0 -0.198195 -0.55699 0.285871 1 
-0.999482 -0.0170573 0.0269405 0 -0.0173238 0.999793 -0.0096889 0 -0.0267702 -0.0101508 -0.99959 0 -0.193723 -0.557527 0.282046 1 
-0.999482 -0.0172008 0.0268373 0 -0.0174795 0.999786 -0.0101862 0 -0.0266568 -0.0106502 -0.999588 0 -0.18902 -0.5581 0.278376 1 
-0.999502 -0.0168335 0.0263382 0 -0.0170889 0.999799 -0.00950106 0 -0.0261734 -0.00994661 -0.999608 0 -0.18426 -0.558204 0.274793 1 
-0.999506 -0.0169848 0.0260587 0 -0.0172365 0.999797 -0.00946627 0 -0.0258932 -0.00991095 -0.999616 0 -0.179415 -0.558238 0.271254 1 
-0.999513 -0.0171038 0.02572 0 -0.0173476 0.999797 -0.00928685 0 -0.0255564 -0.0097287 -0.999626 0 -0.174555 -0.558124 0.267871 1 
-0.999524 -0.0167402 0.0255376 0 -0.0169904 0.9998 -0.00960846 0 -0.0253721 -0.010038 -0.999628 0 -0.169568 -0.558044 0.264481 1 
-0.999528 -0.016752 0.0253848 0 -0.0170088 0.999796 -0.00993083 0 -0.0252138 -0.0103581 -0.999628 0 -0.16481 -0.55787 0.261102 1 
-0.999532 -0.0167766 0.0251976 0 -0.0170366 0.999794 -0.0101377 0 -0.0250228 -0.0105624 -0.999631 0 -0.160085 -0.557571 0.257553 1 
-0.999525 -0.0175385 0.0249603 0 -0.017797 0.99978 -0.0101741 0 -0.0247769 -0.0106137 -0.999637 0 -0.15552 -0.557207 0.254165 1 
-0.99952 -0.0178202 0.0249598 0 -0.0181006 0.999765 -0.0110524 0 -0.0247575 -0.0114991 -0.999627 0 -0.151357 -0.556949 0.25105 1 
-0.999529 -0.0174547 0.02487 0 -0.0177396 0.999769 -0.0112803 0 -0.0246679 -0.0117164 -0.999627 0 -0.146762 -0.55629 0.247153 1 
-0.999523 -0.0177734 0.0248699 0 -0.0180682 0.999759 -0.0116777 0 -0.0246569 -0.0121217 -0.999622 0 -0.142639 -0.555604 0.243425 1 
-0.999524 -0.0179112 0.0247379 0 -0.0182062 0.999756 -0.0117517 0 -0.0245218 -0.0121968 -0.999625 0 -0.138995 -0.55487 0.240057 1 
-0.999527 -0.017754 0.0247111 0 -0.0180601 0.999753 -0.0122227 0 -0.0244885 -0.0126634 -0.99962 0 -0.135687 -0.554102 0.23662 1 
-0.999529 -0.0178303 0.0245848 0 -0.01814 0.999749 -0.012431 0 -0.0243574 -0.0128713 -0.99962 0 -0.132703 -0.553222 0.233138 1 
-0.999533 -0.0176472 0.0245696 0 -0.0179656 0.999747 -0.0127996 0 -0.024338 -0.0132353 -0.999616 0 -0.130067 -0.552342 0.229637 1 
-0.999542 -0.0173519 0.0243881 0 -0.0176632 0.999755 -0.0126056 0 -0.0241639 -0.0130308 -0.999623 0 -0.127641 -0.551326 0.22602 1 
-0.999546 -0.0170323 0.0244824 0 -0.0173631 0.99975 -0.0133641 0 -0.0242491 -0.0137833 -0.999611 0 -0.125548 -0.550541 0.222562 1 
-0.999543 -0.0171369 0.0245318 0 -0.0174758 0.999744 -0.0136672 0 -0.0242917 -0.0140899 -0.999606 0 -0.123621 -0.549665 0.219019 1 
-0.999538 -0.0174641 0.0245052 0 -0.0178071 0.999736 -0.0138494 0 -0.0242573 -0.0142796 -0.999604 0 -0.12187 -0.548733 0.215248 1 
-0.999538 -0.0175359 0.0244247 0 -0.0178808 0.999733 -0.0139739 0 -0.0241736 -0.0144045 -0.999604 0 -0.120373 -0.547906 0.211689 1 
-0.999533 -0.0177173 0.0245085 0 -0.0180856 0.999716 -0.0148886 0 -0.0242382 -0.0153252 -0.999589 0 -0.119075 -0.547268 0.208008 1 
-0.999533 -0.0177691 0.0244579 0 -0.0181409 0.999712 -0.0150637 0 -0.0241837 -0.0155007 -0.999587 0 -0.118013 -0.546551 0.204277 1 
-0.999536 -0.0175186 0.0245234 0 -0.0178974 0.999713 -0.0153132 0 -0.0242485 -0.0157453 -0.999582 0 -0.117252 -0.545928 0.200368 1 
-0.999539 -0.0172851 0.0245686 0 -0.0176658 0.999716 -0.0153621 0 -0.0242965 -0.0157893 -0.99958 0 -0.116858 -0.545425 0.19644 1 
-0.999537 -0.0171619 0.0247217 0 -0.0175633 0.999706 -0.0161136 0 -0.0244384 -0.0165407 -0.999564 0 -0.116755 -0.545128 0.192271 1 
-0.999534 -0.0171933 0.0248539 0 -0.0176049 0.9997 -0.0164353 0 -0.0245643 -0.0168655 -0.999556 0 -0.116832 -0.544878 0.18814 1 
-0.99953 -0.0169967 0.0251223 0 -0.0174297 0.999692 -0.0171194 0 -0.0248241 -0.0175496 -0.999538 0 -0.117162 -0.544875 0.184065 1 
-0.999536 -0.0164577 0.025269 0 -0.0168906 0.999703 -0.0170139 0 -0.024982 -0.0174331 -0.999536 0 -0.117725 -0.544901 0.179755 1 
-0.99954 -0.0157129 0.0255617 0 -0.0161579 0.99971 -0.017295 0 -0.025283 -0.0177004 -0.999524 0 -0.118488 -0.545066 0.175385 1 
-0.999539 -0.0149559 0.0260372 0 -0.0154168 0.999717 -0.0175923 0 -0.0257672 -0.017986 -0.999506 0 -0.119432 -0.545368 0.171153 1 
-0.999543 -0.0141376 0.0263385 0 -0.0145934 0.999736 -0.017194 0 -0.026089 -0.0175708 -0.999505 0 -0.120429 -0.545563 0.166637 1 
-0.999539 -0.0136041 0.0268018 0 -0.0140714 0.999741 -0.0173233 0 -0.0265597 -0.0176927 -0.999491 0 -0.121434 -0.545807 0.162494 1 
-0.999521 -0.013174 0.0276524 0 -0.0136893 0.999725 -0.0185299 0 -0.0274012 -0.0188999 -0.999446 0 -0.122834 -0.546305 0.157469 1 
-0.999514 -0.0128419 0.0280748 0 -0.0133434 0.999744 -0.0177467 0 -0.0278402 -0.0181131 -0.999448 0 -0.124128 -0.546356 0.15232 1 
-0.999496 -0.0127134 0.028752 0 -0.0132462 0.999733 -0.0184174 0 -0.0285107 -0.0187893 -0.999417 0 -0.12555 -0.546699 0.147832 1 
-0.999483 -0.012732 0.0291926 0 -0.01327 0.999735 -0.0183125 0 -0.0289522 -0.0186907 -0.999406 0 -0.127046 -0.546914 0.143078 1 
-0.999467 -0.0127965 0.0297014 0 -0.0133641 0.999721 -0.0189896 0 -0.0294507 -0.0193768 -0.999378 0 -0.12866 -0.547236 0.138463 1 
-0.999456 -0.0126634 0.0301269 0 -0.0132489 0.999716 -0.0193129 0 -0.0298743 -0.0197019 -0.999359 0 -0.130393 -0.547563 0.134035 1 
-0.999451 -0.0125451 0.0303405 0 -0.0131248 0.999724 -0.0189823 0 -0.0300946 -0.0193705 -0.999359 0 -0.13208 -0.547747 0.129631 1 
-0.999445 -0.0120329 0.0307647 0 -0.0126519 0.99971 -0.0200056 0 -0.0305156 -0.0203841 -0.999326 0 -0.133998 -0.548262 0.125774 1 
-0.999435 -0.0117603 0.0311642 0 -0.0123993 0.999706 -0.0203886 0 -0.0309158 -0.0207639 -0.999306 0 -0.136032 -0.548617 0.121603 1 
-0.999419 -0.0118302 0.0316575 0 -0.0124907 0.999697 -0.0207501 0 -0.031403 -0.0211339 -0.999283 0 -0.138265 -0.54903 0.117537 1 
-0.999406 -0.0116612 0.0321372 0 -0.0123555 0.999683 -0.021491 0 -0.0318771 -0.0218757 -0.999252 0 -0.140407 -0.549651 0.114304 1 
-0.999398 -0.0119342 0.0322649 0 -0.0126108 0.999693 -0.0208489 0 -0.0320068 -0.0212436 -0.999262 0 -0.142612 -0.550049 0.11044 1 
-0.999392 -0.0117992 0.0325018 0 -0.0124976 0.999684 -0.0213697 0 -0.03224 -0.0217633 -0.999243 0 -0.144893 -0.550794 0.107301 1 
-0.999384 -0.0117759 0.0327562 0 -0.0124919 0.999676 -0.0217416 0 -0.0324902 -0.0221378 -0.999227 0 -0.147329 -0.551698 0.104081 1 
-0.999373 -0.0116684 0.033143 0 -0.0124191 0.999659 -0.0225353 0 -0.0328694 -0.0229332 -0.999197 0 -0.149964 -0.552812 0.100844 1 
-0.999359 -0.0114739 0.0336212 0 -0.0122658 0.99964 -0.0234424 0 -0.0333408 -0.0238402 -0.99916 0 -0.152526 -0.554114 0.0985621 1 
-0.99936 -0.0112162 0.0336717 0 -0.0119879 0.999658 -0.0228027 0 -0.0334051 -0.0231922 -0.999173 0 -0.154966 -0.555095 0.0960081 1 
-0.999348 -0.0114542 0.0339465 0 -0.0122334 0.999655 -0.022837 0 -0.0336738 -0.0232379 -0.999163 0 -0.157923 -0.556563 0.0935057 1 
-0.99934 -0.0114327 0.0341956 0 -0.0122207 0.999653 -0.0229244 0 -0.0339223 -0.0233277 -0.999152 0 -0.160526 -0.558067 0.0917906 1 
-0.999346 -0.0109397 0.0341968 0 -0.0117031 0.999675 -0.0222031 0 -0.0339434 -0.0225892 -0.999168 0 -0.163001 -0.55935 0.0896406 1 
-0.999341 -0.0105547 0.0344434 0 -0.0113259 0.999678 -0.0222709 0 -0.0341979 -0.0226467 -0.999158 0 -0.165434 -0.560862 0.0879242 1 
-0.999325 -0.010586 0.0348953 0 -0.0113955 0.999659 -0.0230796 0 -0.0346397 -0.0234621 -0.999124 0 -0.167761 -0.562539 0.0866913 1 
-0.999318 -0.0105671 0.035096 0 -0.0113789 0.999661 -0.023012 0 -0.0348416 -0.0233961 -0.999119 0 -0.170079 -0.563945 0.0849277 1 
-0.999303 -0.0115255 0.035244 0 -0.0123324 0.999655 -0.0227654 0 -0.0349702 -0.0231846 -0.999119 0 -0.17228 -0.565189 0.083168 1 
-0.999286 -0.012016 0.0355382 0 -0.01284 0.999642 -0.0230499 0 -0.0352492 -0.0234902 -0.999102 0 -0.174369 -0.566503 0.0817886 1 
-0.99928 -0.0121945 0.035669 0 -0.0130151 0.999644 -0.0228642 0 -0.0353781 -0.0233124 -0.999102 0 -0.176293 -0.567599 0.0802038 1 
-0.999287 -0.012257 0.0354513 0 -0.0130298 0.999671 -0.0216504 0 -0.035175 -0.0220973 -0.999137 0 -0.17795 -0.568227 0.0781795 1 
-0.999289 -0.0125195 0.0352928 0 -0.013253 0.99969 -0.0206245 0 -0.0350244 -0.0210779 -0.999164 0 -0.179526 -0.568848 0.0763283 1 
-0.999288 -0.0127831 0.0352348 0 -0.0134938 0.999699 -0.0200059 0 -0.0349691 -0.0204675 -0.999179 0 -0.180968 -0.569466 0.0748523 1 
-0.99929 -0.0128816 0.035142 0 -0.0135651 0.999712 -0.0192832 0 -0.0348841 -0.0197466 -0.999196 0 -0.182342 -0.570007 0.0733532 1 
-0.999296 -0.0130651 0.034896 0 -0.0137036 0.999732 -0.0181208 0 -0.0346506 -0.0185866 -0.999227 0 -0.183674 -0.570372 0.0715384 1 
-0.999297 -0.0134076 0.0347454 0 -0.0140165 0.999742 -0.0173423 0 -0.0345046 -0.0178175 -0.999246 0 -0.18486 -0.570642 0.06999 1 
-0.999297 -0.0135368 0.0346921 0 -0.0141293 0.999748 -0.0168923 0 -0.0344554 -0.0173709 -0.999255 0 -0.186091 -0.570939 0.0686245 1 
-0.999294 -0.0136787 0.0347288 0 -0.0142665 0.999749 -0.0167327 0 -0.0344919 -0.0172166 -0.999257 0 -0.187328 -0.571317 0.0675103 1 
-0.999291 -0.0138615 0.0347277 0 -0.0144388 0.999751 -0.0164297 0 -0.034492 -0.0169198 -0.999262 0 -0.188541 -0.571661 0.0664541 1 
-0.999298 -0.0135092 0.0346722 0 -0.0140722 0.999763 -0.0160443 0 -0.0344479 -0.0165212 -0.99927 0 -0.189712 -0.571909 0.065382 1 
-0.999306 -0.013141 0.0345833 0 -0.0136864 0.999775 -0.0155836 0 -0.0343714 -0.0160464 -0.99928 0 -0.190782 -0.572039 0.0643379 1 
-0.999309 -0.0130858 0.0345207 0 -0.013617 0.999782 -0.0151952 0 -0.034315 -0.0156551 -0.999288 0 -0.191852 -0.572115 0.0633197 1 
-0.99931 -0.0129746 0.0345246 0 -0.0135019 0.999785 -0.0150818 0 -0.0343221 -0.0155379 -0.99929 0 -0.19288 -0.572165 0.062424 1 
-0.999307 -0.0130532 0.034589 0 -0.0135841 0.999783 -0.0151588 0 -0.0343843 -0.0156185 -0.999287 0 -0.193804 -0.57216 0.061663 1 
-0.999305 -0.013071 0.0346456 0 -0.0136057 0.999782 -0.0152424 0 -0.0344395 -0.0157035 -0.999283 0 -0.194684 -0.57208 0.060938 1 
-0.999309 -0.012783 0.0346356 0 -0.0133148 0.999787 -0.0151679 0 -0.034435 -0.0156189 -0.999285 0 -0.195531 -0.571876 0.060207 1 
-0.999308 -0.0127603 0.0346695 0 -0.0132947 0.999786 -0.0152268 0 -0.0344684 -0.0156774 -0.999283 0 -0.196385 -0.57164 0.0595072 1 
-0.999301 -0.0130545 0.0347439 0 -0.0135967 0.999779 -0.0154152 0 -0.0345357 -0.0158771 -0.999277 0 -0.19726 -0.57137 0.0587843 1 
-0.999293 -0.0133183 0.0348756 0 -0.0138762 0.999769 -0.0158041 0 -0.0346577 -0.0162771 -0.999267 0 -0.198083 -0.571098 0.0580819 1 
-0.999292 -0.0133114 0.0349097 0 -0.0138723 0.999768 -0.0158739 0 -0.034691 -0.0163472 -0.999264 0 -0.19886 -0.570742 0.0573006 1 
-0.999295 -0.0134577 0.0347769 0 -0.014002 0.999773 -0.0154535 0 -0.0345617 -0.0159299 -0.999276 0 -0.199599 -0.570275 0.056411 1 
-0.999297 -0.0137116 0.0346289 0 -0.0142383 0.999776 -0.01501 0 -0.034416 -0.0154928 -0.999288 0 -0.200232 -0.569849 0.0555911 1 
-0.999294 -0.0140925 0.0345479 0 -0.0146092 0.999775 -0.0147491 0 -0.0343329 -0.0152437 -0.999294 0 -0.200862 -0.569449 0.0546872 1 
-0.999291 -0.0143114 0.0345551 0 -0.0148301 0.999771 -0.0148012 0 -0.034336 -0.0153034 -0.999293 0 -0.201373 -0.56916 0.0538291 1 
-0.999288 -0.0144493 0.0345736 0 -0.0149716 0.999767 -0.0148956 0 -0.0343509 -0.015403 -0.999291 0 -0.201768 -0.568924 0.0529879 1 
-0.999281 -0.0147308 0.0346552 0 -0.0152648 0.999758 -0.015196 0 -0.0344236 -0.0157144 -0.999284 0 -0.202105 -0.568751 0.052175 1 
-0.99927 -0.015045 0.0348416 0 -0.0156031 0.999744 -0.0158023 0 -0.0345956 -0.0163347 -0.999268 0 -0.202371 -0.568693 0.0515284 1 
-0.999253 -0.0155208 0.0351307 0 -0.016116 0.999721 -0.0167243 0 -0.034862 -0.0172783 -0.999243 0 -0.202608 -0.568709 0.0508114 1 
-0.999239 -0.0158771 0.0353552 0 -0.0165014 0.999702 -0.0174387 0 -0.0350684 -0.0180092 -0.999223 0 -0.202799 -0.568696 0.050124 1 
-0.999228 -0.0161617 0.0355462 0 -0.0168118 0.999686 -0.0180662 0 -0.0352437 -0.0186502 -0.999205 0 -0.202967 -0.568678 0.0494571 1 
-0.999217 -0.0165385 0.0356664 0 -0.0172044 0.999672 -0.0184469 0 -0.0353503 -0.0190464 -0.999193 0 -0.203107 -0.568653 0.0487687 1 
-0.999213 -0.0168202 0.0356595 0 -0.017485 0.999668 -0.0184126 0 -0.0353386 -0.019022 -0.999194 0 -0.203272 -0.568584 0.0480547 1 
-0.999213 -0.0168865 0.0356302 0 -0.0175478 0.999668 -0.018331 0 -0.0353096 -0.0189422 -0.999197 0 -0.203475 -0.568569 0.0474141 1 
-0.999214 -0.0168487 0.0356175 0 -0.0175083 0.99967 -0.0182895 0 -0.0352983 -0.0188991 -0.999198 0 -0.203711 -0.568639 0.0467593 1 
-0.999215 -0.0167798 0.0356067 0 -0.0174377 0.999672 -0.0182461 0 -0.0352895 -0.018853 -0.999199 0 -0.203942 -0.568808 0.0461218 1 
-0.999218 -0.0166394 0.0355944 0 -0.0172943 0.999676 -0.0181698 0 -0.0352812 -0.0187715 -0.999201 0 -0.204174 -0.569089 0.0454834 1 
-0.999221 -0.0164969 0.0355941 0 -0.017149 0.99968 -0.0180935 0 -0.0352849 -0.0186902 -0.999203 0 -0.204433 -0.569483 0.0448407 1 
-0.999221 -0.016397 0.0356351 0 -0.0170516 0.99968 -0.0181443 0 -0.0353269 -0.0187381 -0.9992 0 -0.20467 -0.569955 0.0442769 1 
-0.99922 -0.0163729 0.0356615 0 -0.0170297 0.99968 -0.0181904 0 -0.035353 -0.0187839 -0.999198 0 -0.204864 -0.570471 0.0436765 1 
-0.999219 -0.0163714 0.0356907 0 -0.0170343 0.999677 -0.018349 0 -0.0353795 -0.018943 -0.999194 0 -0.205021 -0.571022 0.0431472 1 
-0.999218 -0.0163345 0.035734 0 -0.0170076 0.999672 -0.0186142 0 -0.035419 -0.0192077 -0.999188 0 -0.205174 -0.57157 0.0427199 1 
-0.999216 -0.0162707 0.0358337 0 -0.0169588 0.999666 -0.018982 0 -0.0355136 -0.0195752 -0.999177 0 -0.205345 -0.572117 0.042398 1 
-0.999216 -0.0161283 0.0358929 0 -0.0168324 0.99966 -0.0194004 0 -0.0355685 -0.0199897 -0.999167 0 -0.205521 -0.572723 0.0420321 1 
-0.999218 -0.0159853 0.0359017 0 -0.0166979 0.999658 -0.0196374 0 -0.0355762 -0.020222 -0.999162 0 -0.205654 -0.573144 0.0417155 1 
-0.999222 -0.0158379 0.0358434 0 -0.0165486 0.999661 -0.0196175 0 -0.0355213 -0.0201958 -0.999165 0 -0.205759 -0.57339 0.0413532 1 
-0.999229 -0.0157265 0.0357048 0 -0.016425 0.999668 -0.0193551 0 -0.0353892 -0.019927 -0.999175 0 -0.205799 -0.573463 0.040969 1 
-0.999238 -0.0156562 0.0354885 0 -0.0163324 0.999679 -0.0188452 0 -0.0351827 -0.0194108 -0.999192 0 -0.20578 -0.573382 0.0405356 1 
-0.999249 -0.0155922 0.035202 0 -0.0162391 0.999693 -0.0181668 0 -0.0349086 -0.0187252 -0.999215 0 -0.20572 -0.573184 0.0400763 1 
-0.99926 -0.0155036 0.0349301 0 -0.016123 0.999707 -0.0175207 0 -0.0346489 -0.0180713 -0.999236 0 -0.205668 -0.572982 0.0396521 1 
-0.999269 -0.0154433 0.0346955 0 -0.0160382 0.999718 -0.0169356 0 -0.0344248 -0.01748 -0.999254 0 -0.205625 -0.572802 0.0392678 1 
-0.999276 -0.0154082 0.0345099 0 -0.0159825 0.999728 -0.0164272 0 -0.0342481 -0.0169672 -0.999269 0 -0.205595 -0.572643 0.0389388 1 
-0.999281 -0.0154086 0.0343531 0 -0.0159658 0.999735 -0.0160058 0 -0.034098 -0.0165431 -0.999282 0 -0.20556 -0.572515 0.038661 1 
-0.999285 -0.0154189 0.0342498 0 -0.0159644 0.999739 -0.0157106 0 -0.0339993 -0.0162465 -0.99929 0 -0.205533 -0.572425 0.0384539 1 
-0.999288 -0.0154331 0.0341543 0 -0.0159686 0.999743 -0.0154622 0 -0.0339075 -0.0159969 -0.999297 0 -0.205499 -0.57235 0.0382767 1 
-0.99929 -0.0154516 0.0340892 0 -0.0159806 0.999746 -0.0153001 0 -0.0338447 -0.0158343 -0.999302 0 -0.20547 -0.572305 0.0381627 1 
-0.999291 -0.0155013 0.0340382 0 -0.0160258 0.999747 -0.0151902 0 -0.0337948 -0.0157252 -0.999305 0 -0.205426 -0.572283 0.0380857 1 
-0.999291 -0.0155292 0.0340153 0 -0.0160518 0.999747 -0.0151432 0 -0.0337722 -0.0156788 -0.999307 0 -0.205405 -0.572275 0.0380399 1 
-0.999292 -0.0155395 0.0339925 0 -0.0160606 0.999747 -0.0151086 0 -0.0337498 -0.0156441 -0.999308 0 -0.205384 -0.572267 0.0379978 1 
-0.999292 -0.0155393 0.0339683 0 -0.0160574 0.999748 -0.0150329 0 -0.0337269 -0.015568 -0.99931 0 -0.205377 -0.572242 0.0379315 1 
-0.999294 -0.0155195 0.0339437 0 -0.0160356 0.99975 -0.0149844 0 -0.0337033 -0.0155185 -0.999311 0 -0.205379 -0.572219 0.0378511 1 
-0.999295 -0.0154867 0.0339214 0 -0.0160033 0.99975 -0.0150122 0 -0.0336811 -0.0155448 -0.999312 0 -0.205364 -0.572216 0.0377699 1 
-0.999297 -0.0154424 0.03387 0 -0.0159587 0.99975 -0.0150274 0 -0.0336301 -0.0155577 -0.999313 0 -0.205327 -0.572206 0.0376479 1 
-0.999302 -0.0153696 0.0337755 0 -0.0158825 0.999752 -0.0149683 0 -0.0335377 -0.0154946 -0.999317 0 -0.20528 -0.572179 0.0375069 1 
-0.999304 -0.0153602 0.0337194 0 -0.0158704 0.999753 -0.0149143 0 -0.0334826 -0.0154394 -0.99932 0 -0.205239 -0.572152 0.037349 1 
-0.999306 -0.0153713 0.0336534 0 -0.015876 0.999755 -0.0147819 0 -0.0334186 -0.0153062 -0.999324 0 -0.205198 -0.572105 0.037176 1 
-0.999307 -0.0154066 0.0335888 0 -0.0159052 0.999757 -0.0146285 0 -0.0333559 -0.0151529 -0.999329 0 -0.205154 -0.572053 0.0369862 1 
-0.999306 -0.0153903 0.0336273 0 -0.0158924 0.999756 -0.0147155 0 -0.0333933 -0.01524 -0.999326 0 -0.205167 -0.572043 0.0368371 1 
-0.999306 -0.0153114 0.0336613 0 -0.0158169 0.999756 -0.0148028 0 -0.033427 -0.0153253 -0.999324 0 -0.205212 -0.572021 0.0366993 1 
-0.999307 -0.0152684 0.0336608 0 -0.0157743 0.999756 -0.0148137 0 -0.0334271 -0.0153347 -0.999324 0 -0.205233 -0.571993 0.0365745 1 
-0.999306 -0.01526 0.0336826 0 -0.0157687 0.999755 -0.0148898 0 -0.0334478 -0.0154109 -0.999322 0 -0.20524 -0.571989 0.0364762 1 
-0.999306 -0.0152712 0.0336922 0 -0.0157811 0.999755 -0.0149196 0 -0.0334567 -0.0154413 -0.999321 0 -0.205239 -0.57198 0.036391 1 
-0.999306 -0.0152702 0.0337048 0 -0.0157816 0.999754 -0.0149593 0 -0.0334688 -0.0154811 -0.99932 0 -0.205241 -0.571977 0.0363127 1 
-0.999305 -0.0152725 0.0337267 0 -0.0157867 0.999753 -0.0150311 0 -0.0334894 -0.0155533 -0.999318 0 -0.20524 -0.571984 0.0362445 1 
-0.999303 -0.0152927 0.0337641 0 -0.015811 0.999751 -0.015137 0 -0.0335249 -0.0156606 -0.999315 0 -0.205242 -0.572008 0.0362007 1 
-0.999302 -0.0152997 0.0337901 0 -0.0158207 0.99975 -0.0152048 0 -0.0335497 -0.0157291 -0.999313 0 -0.205256 -0.572044 0.0361397 1 
-0.999301 -0.015317 0.0338063 0 -0.0158399 0.999749 -0.015254 0 -0.0335648 -0.0157792 -0.999312 0 -0.205263 -0.572081 0.0360522 1 
-0.9993 -0.0153177 0.0338357 0 -0.015843 0.999748 -0.0153111 0 -0.0335932 -0.0158367 -0.99931 0 -0.205287 -0.57212 0.0359417 1 
-0.999301 -0.0152881 0.0338332 0 -0.0158123 0.999749 -0.0152784 0 -0.0335918 -0.015803 -0.999311 0 -0.20532 -0.572143 0.0357822 1 
-0.999303 -0.0152543 0.0337997 0 -0.0157741 0.999751 -0.0151647 0 -0.0335606 -0.0156876 -0.999314 0 -0.205357 -0.572129 0.0355505 1 
-0.999306 -0.0152184 0.0337156 0 -0.0157284 0.999755 -0.0149121 0 -0.033481 -0.0154323 -0.99932 0 -0.205373 -0.572062 0.0352429 1 
-0.999308 -0.0152238 0.0336572 0 -0.0157271 0.999758 -0.0147398 0 -0.0334253 -0.0152592 -0.999325 0 -0.205371 -0.571995 0.0349128 1 
-0.999308 -0.0152094 0.0336643 0 -0.0157131 0.999758 -0.0147492 0 -0.0334325 -0.0152683 -0.999324 0 -0.205388 -0.571942 0.0345865 1 
-0.999306 -0.0151557 0.0337346 0 -0.0156675 0.999756 -0.0149598 0 -0.0335002 -0.0154783 -0.999319 0 -0.205441 -0.571902 0.034234 1 
-0.999304 -0.0150748 0.033846 0 -0.0155961 0.999753 -0.0151919 0 -0.0336092 -0.0157095 -0.999312 0 -0.205539 -0.571848 0.033853 1 
-0.999298 -0.0150083 0.0340526 0 -0.0155418 0.99975 -0.0154585 0 -0.0338127 -0.0159772 -0.9993 0 -0.205715 -0.571783 0.0334901 1 
-0.999298 -0.0147005 0.0341902 0 -0.0152392 0.999753 -0.0155483 0 -0.0339539 -0.0160587 -0.999294 0 -0.206002 -0.571645 0.0331497 1 
-0.9993 -0.0144134 0.0342441 0 -0.0149548 0.999757 -0.0156061 0 -0.0340115 -0.0161076 -0.999292 0 -0.20633 -0.571485 0.0328516 1 
-0.99931 -0.0140329 0.0341145 0 -0.0145674 0.999765 -0.0154705 0 -0.03389 -0.0159571 -0.999298 0 -0.206601 -0.571297 0.0325728 1 
-0.999316 -0.0139721 0.03397 0 -0.014497 0.999769 -0.0152561 0 -0.0337497 -0.0157384 -0.999306 0 -0.20661 -0.57121 0.0323975 1 
-0.999315 -0.0141937 0.0338985 0 -0.0147129 0.999768 -0.0151158 0 -0.0336768 -0.0156044 -0.999311 0 -0.206466 -0.57121 0.0322924 1 
-0.999311 -0.0144438 0.0338947 0 -0.0149614 0.999765 -0.0150656 0 -0.0336698 -0.0155626 -0.999312 0 -0.206321 -0.57124 0.032224 1 
-0.999308 -0.0145717 0.0339391 0 -0.0150942 0.999761 -0.0151923 0 -0.0337102 -0.0156944 -0.999308 0 -0.206252 -0.571282 0.0321663 1 
-0.999306 -0.0146167 0.0339759 0 -0.0151438 0.999758 -0.0153091 0 -0.0337446 -0.0158133 -0.999305 0 -0.206234 -0.571303 0.0320995 1 
-0.999305 -0.0146047 0.0340027 0 -0.015135 0.999757 -0.0153901 0 -0.0337703 -0.0158943 -0.999303 0 -0.206242 -0.571303 0.0320175 1 
-0.999306 -0.0145543 0.0340211 0 -0.0150862 0.999758 -0.0154294 0 -0.0337889 -0.0159322 -0.999302 0 -0.206272 -0.571281 0.0319001 1 
-0.999306 -0.0145364 0.0340091 0 -0.0150673 0.999758 -0.015405 0 -0.0337776 -0.015907 -0.999303 0 -0.206274 -0.571242 0.0317291 1 
-0.999307 -0.0145666 0.0339631 0 -0.0150936 0.999759 -0.0153125 0 -0.0337325 -0.0158148 -0.999306 0 -0.206243 -0.571188 0.031498 1 
-0.999309 -0.0146203 0.0339045 0 -0.015143 0.99976 -0.0152112 0 -0.0336746 -0.0157144 -0.999309 0 -0.206187 -0.571122 0.0311706 1 
-0.99931 -0.0146856 0.0338347 0 -0.0152034 0.999761 -0.015097 0 -0.0336056 -0.0156013 -0.999313 0 -0.20612 -0.571039 0.0307603 1 
-0.999312 -0.014758 0.0337394 0 -0.0152669 0.999763 -0.0148737 0 -0.0335125 -0.0153789 -0.99932 0 -0.206048 -0.57092 0.0302669 1 
-0.999314 -0.0148189 0.0336598 0 -0.0153214 0.999765 -0.0147203 0 -0.0334344 -0.0152262 -0.999325 0 -0.205979 -0.570801 0.0297088 1 
-0.999317 -0.0148691 0.0335496 0 -0.0153619 0.999768 -0.0144791 0 -0.0333271 -0.0149848 -0.999332 0 -0.205907 -0.570642 0.0289871 1 
-0.999316 -0.0149246 0.0335584 0 -0.0154229 0.999764 -0.0146375 0 -0.0333327 -0.0151453 -0.99933 0 -0.205861 -0.570605 0.0282397 1 
-0.999309 -0.0150584 0.0336837 0 -0.0155747 0.999755 -0.0151192 0 -0.0334484 -0.0156337 -0.999318 0 -0.205825 -0.570717 0.0274308 1 
-0.999304 -0.0151929 0.0337954 0 -0.0157242 0.999746 -0.0155089 0 -0.0335518 -0.0160298 -0.999308 0 -0.205799 -0.570864 0.0265642 1 
-0.999304 -0.0152978 0.0337513 0 -0.0158258 0.999746 -0.0154324 0 -0.0335073 -0.0159561 -0.999311 0 -0.205776 -0.570925 0.0256051 1 
-0.999306 -0.0153745 0.0336579 0 -0.0158944 0.999748 -0.0152334 0 -0.0334158 -0.0157581 -0.999317 0 -0.20577 -0.570974 0.0244637 1 
-0.999306 -0.0154596 0.0336162 0 -0.0159781 0.999747 -0.0152101 0 -0.0333732 -0.015737 -0.999319 0 -0.205764 -0.571063 0.0232114 1 
-0.999302 -0.0155628 0.0336886 0 -0.016094 0.99974 -0.0155549 0 -0.0334384 -0.0160865 -0.999311 0 -0.20576 -0.571195 0.0218334 1 
-0.999296 -0.0157103 0.0337744 0 -0.0162556 0.999731 -0.0159311 0 -0.0335157 -0.0164692 -0.999302 0 -0.205722 -0.5713 0.0204086 1 
-0.999292 -0.0158408 0.0338468 0 -0.0163994 0.999723 -0.0162913 0 -0.03358 -0.0168351 -0.999294 0 -0.205679 -0.571358 0.0189738 1 
-0.99929 -0.0158929 0.0338716 0 -0.0164607 0.999718 -0.016553 0 -0.0335996 -0.0170991 -0.999289 0 -0.205648 -0.571376 0.0175917 1 
-0.999295 -0.0158291 0.0337678 0 -0.0163937 0.99972 -0.0165105 0 -0.0334976 -0.0170528 -0.999293 0 -0.20564 -0.571325 0.0160231 1 
-0.999297 -0.0158021 0.0337146 0 -0.0163644 0.999721 -0.0164669 0 -0.0334456 -0.0170074 -0.999296 0 -0.205656 -0.571275 0.0146267 1 
-0.999293 -0.0158674 0.0338119 0 -0.0164452 0.999713 -0.0168788 0 -0.033535 -0.0174233 -0.999286 0 -0.205679 -0.571393 0.0131546 1 
-0.999293 -0.0159636 0.0337674 0 -0.0165405 0.999711 -0.0168746 0 -0.0334889 -0.0174215 -0.999287 0 -0.205667 -0.571464 0.0116362 1 
-0.999294 -0.0160515 0.0336705 0 -0.0166216 0.999712 -0.016722 0 -0.033393 -0.0172702 -0.999293 0 -0.205641 -0.571494 0.0100632 1 
-0.999296 -0.0161472 0.0335731 0 -0.0167087 0.999714 -0.016514 0 -0.0332975 -0.0170637 -0.9993 0 -0.205628 -0.57153 0.00852986 1 
-0.999297 -0.0161924 0.0335168 0 -0.0167502 0.999715 -0.0164297 0 -0.0332419 -0.0169799 -0.999303 0 -0.205652 -0.571622 0.00721317 1 
-0.999297 -0.0162591 0.0335025 0 -0.0168177 0.999713 -0.0164605 0 -0.0332259 -0.0170127 -0.999303 0 -0.20568 -0.571788 0.00598254 1 
-0.999298 -0.0163509 0.0334179 0 -0.0169015 0.999715 -0.01626 0 -0.0331431 -0.0168137 -0.999309 0 -0.205679 -0.571902 0.00478981 1 
-0.999303 -0.0164111 0.0332453 0 -0.0169428 0.999722 -0.0157744 0 -0.0329779 -0.016327 -0.999323 0 -0.20567 -0.57191 0.00364424 1 
-0.999309 -0.0164004 0.033057 0 -0.0169123 0.999731 -0.0152646 0 -0.0327984 -0.0158134 -0.999337 0 -0.205679 -0.571864 0.0025051 1 
-0.999315 -0.0163794 0.0328798 0 -0.016872 0.999739 -0.0147626 0 -0.0326301 -0.0153076 -0.99935 0 -0.205695 -0.571813 0.00132439 1 
-0.999319 -0.0163812 0.0327559 0 -0.016863 0.999743 -0.0144884 0 -0.0325108 -0.0150312 -0.999358 0 -0.205701 -0.57182 0.000194873 1 
-0.99932 -0.0164821 0.0326858 0 -0.016959 0.999743 -0.0143681 0 -0.0324412 -0.0149129 -0.999362 0 -0.205675 -0.571886 -0.00079508 1 
-0.999323 -0.0165368 0.0325613 0 -0.0170011 0.999747 -0.0140351 0 -0.0323216 -0.0145795 -0.999371 0 -0.205662 -0.57189 -0.00167902 1 
-0.999327 -0.0165568 0.0324368 0 -0.0170079 0.999752 -0.0136801 0 -0.0322029 -0.0142229 -0.99938 0 -0.205661 -0.571863 -0.00242532 1 
-0.999328 -0.0165873 0.0323789 0 -0.0170326 0.999754 -0.0135255 0 -0.0321472 -0.0140682 -0.999384 0 -0.20567 -0.571883 -0.00310582 1 
-0.99933 -0.016605 0.0323339 0 -0.017046 0.999755 -0.0134115 0 -0.0321039 -0.0139539 -0.999387 0 -0.20568 -0.571908 -0.00369757 1 
-0.999331 -0.0166166 0.0322879 0 -0.0170531 0.999757 -0.0132905 0 -0.0320598 -0.0138325 -0.99939 0 -0.205689 -0.571912 -0.00422588 1 
-0.999331 -0.016622 0.0322929 0 -0.01706 0.999756 -0.0133353 0 -0.032064 -0.0138776 -0.999389 0 -0.205712 -0.571971 -0.00480377 1 
-0.999331 -0.016644 0.0322765 0 -0.0170806 0.999756 -0.0132965 0 -0.032048 -0.0138392 -0.999391 0 -0.205731 -0.572027 -0.00531486 1 
-0.999333 -0.0166553 0.0321959 0 -0.0170834 0.999759 -0.0130668 0 -0.0319712 -0.0136084 -0.999396 0 -0.205744 -0.57205 -0.0058462 1 
-0.999334 -0.0166831 0.0321668 0 -0.0171085 0.99976 -0.0129941 0 -0.0319429 -0.013536 -0.999398 0 -0.20577 -0.572132 -0.00638337 1 
-0.999335 -0.0166904 0.03211 0 -0.0171096 0.999762 -0.0128257 0 -0.0318889 -0.0133669 -0.999402 0 -0.205795 -0.572182 -0.00695469 1 
-0.999338 -0.0166911 0.0320272 0 -0.0171025 0.999765 -0.0126148 0 -0.0318097 -0.0131545 -0.999407 0 -0.205813 -0.572205 -0.00756401 1 
-0.999338 -0.0167386 0.0319894 0 -0.017147 0.999765 -0.0125339 0 -0.0317727 -0.0130744 -0.99941 0 -0.205813 -0.572264 -0.00812369 1 
-0.999339 -0.0167713 0.0319459 0 -0.0171763 0.999765 -0.0124467 0 -0.0317303 -0.0129874 -0.999412 0 -0.205809 -0.572283 -0.00875926 1 
-0.999339 -0.0168219 0.0319206 0 -0.0172257 0.999765 -0.0124158 0 -0.0317048 -0.0129577 -0.999413 0 -0.205794 -0.57228 -0.0093824 1 
-0.999338 -0.0168651 0.0319366 0 -0.0172718 0.999763 -0.0125027 0 -0.0317188 -0.0130463 -0.999412 0 -0.205775 -0.572272 -0.00997001 1 
-0.999336 -0.0168726 0.0320032 0 -0.0172877 0.99976 -0.0127379 0 -0.0317812 -0.013283 -0.999407 0 -0.205778 -0.572267 -0.0105044 1 
-0.999333 -0.016857 0.0320884 0 -0.0172825 0.999756 -0.0130297 0 -0.0318616 -0.0135758 -0.9994 0 -0.205794 -0.572277 -0.0109497 1 
-0.999331 -0.0168804 0.0321589 0 -0.0173148 0.999752 -0.0132799 0 -0.0319274 -0.0138281 -0.999395 0 -0.205792 -0.572288 -0.0113501 1 
-0.999329 -0.0168822 0.0322109 0 -0.0173235 0.99975 -0.0134704 0 -0.031976 -0.0140197 -0.99939 0 -0.205795 -0.572285 -0.0117461 1 
-0.999327 -0.0168916 0.0322731 0 -0.017341 0.999746 -0.013695 0 -0.0320342 -0.0142457 -0.999385 0 -0.205799 -0.572317 -0.0121111 1 
-0.999327 -0.0168995 0.0322719 0 -0.0173494 0.999746 -0.0137121 0 -0.0320326 -0.0142631 -0.999385 0 -0.205798 -0.572301 -0.0125013 1 
-0.999326 -0.016896 0.0322804 0 -0.0173478 0.999745 -0.0137672 0 -0.0320402 -0.0143182 -0.999384 0 -0.205802 -0.572312 -0.0128457 1 
-0.999326 -0.0169034 0.032283 0 -0.0173553 0.999745 -0.01377 0 -0.0320426 -0.0143213 -0.999384 0 -0.205809 -0.572323 -0.0131759 1 
-0.999327 -0.0169044 0.0322488 0 -0.0173534 0.999746 -0.0136926 0 -0.0320098 -0.0142433 -0.999386 0 -0.205816 -0.572325 -0.0135401 1 
-0.999329 -0.0169061 0.0321831 0 -0.0173482 0.999749 -0.013507 0 -0.0319473 -0.0140565 -0.999391 0 -0.205822 -0.572309 -0.0139348 1 
-0.99933 -0.0169175 0.0321726 0 -0.0173588 0.999749 -0.013488 0 -0.031937 -0.0140378 -0.999391 0 -0.205844 -0.572349 -0.0142994 1 
-0.999331 -0.0169454 0.0321001 0 -0.0173793 0.999751 -0.0132873 0 -0.0318676 -0.0138365 -0.999396 0 -0.205836 -0.572349 -0.0147296 1 
-0.999333 -0.0169433 0.0320415 0 -0.0173706 0.999754 -0.0131039 0 -0.0318122 -0.013652 -0.999401 0 -0.205843 -0.572336 -0.0151512 1 
-0.999334 -0.0169376 0.0320076 0 -0.0173618 0.999755 -0.0130232 0 -0.0317798 -0.0135705 -0.999403 0 -0.205864 -0.572357 -0.0155624 1 
-0.999336 -0.0169586 0.0319634 0 -0.0173789 0.999756 -0.0129183 0 -0.0317372 -0.0134655 -0.999406 0 -0.205873 -0.572383 -0.0159933 1 
-0.999337 -0.0169599 0.0319114 0 -0.017374 0.999758 -0.0127455 0 -0.0316881 -0.0132918 -0.999409 0 -0.205886 -0.572386 -0.0164109 1 
-0.999338 -0.0169532 0.0318808 0 -0.0173641 0.99976 -0.0126551 0 -0.0316592 -0.0132005 -0.999412 0 -0.20592 -0.572433 -0.016822 1 
-0.999341 -0.0169338 0.0318149 0 -0.0173375 0.999762 -0.0124562 0 -0.031597 -0.0129998 -0.999416 0 -0.205953 -0.57246 -0.0172332 1 
-0.99934 -0.0169262 0.0318403 0 -0.0173334 0.999761 -0.0125564 0 -0.0316208 -0.0131003 -0.999414 0 -0.206 -0.572573 -0.0176063 1 
-0.999332 -0.0169796 0.0320765 0 -0.0174129 0.999751 -0.0132786 0 -0.0318436 -0.0138286 -0.999397 0 -0.206076 -0.572906 -0.0178852 1 
-0.999323 -0.0171068 0.0322653 0 -0.0175612 0.99974 -0.0138521 0 -0.0320206 -0.0144096 -0.999383 0 -0.206131 -0.573319 -0.0181479 1 
-0.999319 -0.0172468 0.0323283 0 -0.0177058 0.999736 -0.0139666 0 -0.0320796 -0.0145298 -0.99938 0 -0.206157 -0.573619 -0.0184859 1 
-0.999315 -0.0173526 0.0323897 0 -0.0178177 0.999732 -0.0141256 0 -0.0321366 -0.0146934 -0.999375 0 -0.206201 -0.573938 -0.0188201 1 
-0.999311 -0.0174706 0.0324543 0 -0.0179428 0.999727 -0.0143182 0 -0.0321959 -0.0148909 -0.999371 0 -0.206227 -0.574279 -0.0191215 1 
-0.999306 -0.0176153 0.0325211 0 -0.0180932 0.999722 -0.0144591 0 -0.032258 -0.0150378 -0.999366 0 -0.206247 -0.574591 -0.0194481 1 
-0.9993 -0.0177393 0.0326328 0 -0.0182286 0.999715 -0.0147577 0 -0.0323624 -0.0153425 -0.999358 0 -0.206294 -0.574969 -0.019685 1 
-0.999293 -0.0178459 0.0327909 0 -0.0183518 0.999707 -0.015191 0 -0.0325108 -0.0157824 -0.999347 0 -0.206342 -0.575384 -0.0198148 1 
-0.999287 -0.0179081 0.0329558 0 -0.0184329 0.999697 -0.0156898 0 -0.0326655 -0.0162864 -0.999334 0 -0.206358 -0.575822 -0.0198842 1 
-0.999283 -0.0179167 0.0330658 0 -0.0184586 0.999689 -0.0161575 0 -0.0327667 -0.0167566 -0.999323 0 -0.206334 -0.576242 -0.0199637 1 
-0.999273 -0.0180853 0.0332633 0 -0.0186494 0.999677 -0.016727 0 -0.0329506 -0.0173355 -0.999307 0 -0.206325 -0.57671 -0.0199728 1 
-0.999263 -0.0183147 0.0334579 0 -0.0189012 0.999662 -0.0172977 0 -0.0331304 -0.0179176 -0.99929 0 -0.206287 -0.577178 -0.0199664 1 
-0.999254 -0.0184899 0.0336254 0 -0.0190961 0.99965 -0.0177964 0 -0.0332852 -0.0184256 -0.999276 0 -0.206262 -0.577601 -0.0199891 1 
-0.999247 -0.0185811 0.0337794 0 -0.0192058 0.999639 -0.018264 0 -0.0334285 -0.0188994 -0.999262 0 -0.206273 -0.578033 -0.0200854 1 
-0.999242 -0.0186051 0.0339203 0 -0.0192476 0.99963 -0.0187133 0 -0.0335602 -0.0193524 -0.999249 0 -0.206339 -0.578458 -0.0202348 1 
-0.999235 -0.0185991 0.0341121 0 -0.0192644 0.999619 -0.0192809 0 -0.0337411 -0.0199237 -0.999232 0 -0.206441 -0.578974 -0.0203905 1 
-0.999229 -0.0185484 0.0343234 0 -0.0192387 0.999607 -0.0198935 0 -0.0339416 -0.0205389 -0.999213 0 -0.206554 -0.579521 -0.0205495 1 
-0.999219 -0.0186048 0.0345711 0 -0.0193232 0.999592 -0.0205643 0 -0.0341751 -0.0212167 -0.999191 0 -0.206667 -0.58013 -0.0207229 1 
-0.999209 -0.0186588 0.0348323 0 -0.0194093 0.999574 -0.0213334 0 -0.0344201 -0.0219931 -0.999165 0 -0.206781 -0.58083 -0.0209183 1 
-0.999198 -0.0188279 0.0350674 0 -0.0196109 0.999553 -0.0221202 0 -0.034636 -0.0227906 -0.99914 0 -0.206827 -0.581595 -0.0211566 1 
-0.999184 -0.0190666 0.0353279 0 -0.0198813 0.999531 -0.0228554 0 -0.0348762 -0.0235396 -0.999114 0 -0.206804 -0.582378 -0.0214567 1 
-0.999173 -0.0192483 0.0355498 0 -0.0200925 0.999511 -0.0235442 0 -0.0350799 -0.0242395 -0.999091 0 -0.206747 -0.583181 -0.0218392 1 
-0.999163 -0.0194185 0.0357209 0 -0.0202879 0.999493 -0.0241394 0 -0.0352347 -0.0248444 -0.99907 0 -0.206653 -0.583967 -0.0222969 1 
-0.999148 -0.019528 0.0360835 0 -0.02044 0.999467 -0.0250833 0 -0.0355751 -0.0258 -0.999034 0 -0.20665 -0.584895 -0.0224939 1 
-0.999139 -0.0196916 0.0362462 0 -0.0206372 0.999442 -0.0258998 0 -0.0357166 -0.0266261 -0.999007 0 -0.206585 -0.585869 -0.0223677 1 
-0.999127 -0.0199328 0.0364627 0 -0.0209067 0.99942 -0.026528 0 -0.0359134 -0.0272677 -0.998983 0 -0.20652 -0.586649 -0.0223217 1 
-0.999114 -0.020146 0.0366844 0 -0.0211544 0.999393 -0.027312 0 -0.0361126 -0.0280643 -0.998954 0 -0.206489 -0.587405 -0.022275 1 
-0.999104 -0.0202839 0.0368873 0 -0.0213256 0.999369 -0.0280685 0 -0.0362954 -0.0288306 -0.998925 0 -0.206473 -0.588082 -0.0222462 1 
-0.999096 -0.0203081 0.0370997 0 -0.0213806 0.999349 -0.0287434 0 -0.0364925 -0.0295112 -0.998898 0 -0.206517 -0.588704 -0.0222439 1 
-0.999091 -0.0202423 0.0372633 0 -0.0213378 0.999335 -0.0292381 0 -0.0366474 -0.0300072 -0.998878 0 -0.206625 -0.589223 -0.0222702 1 
-0.999084 -0.0201956 0.0374591 0 -0.0213157 0.999321 -0.0297461 0 -0.0368336 -0.0305179 -0.998855 0 -0.206784 -0.589705 -0.0222784 1 
-0.99908 -0.0201278 0.037607 0 -0.0212696 0.999308 -0.0302109 0 -0.0369736 -0.0309836 -0.998836 0 -0.20693 -0.59014 -0.022243 1 
-0.999079 -0.0201827 0.0376079 0 -0.021329 0.999303 -0.0303317 0 -0.0369702 -0.0311066 -0.998832 0 -0.206916 -0.590431 -0.0222409 1 
-0.999077 -0.0201455 0.0376883 0 -0.0213063 0.999293 -0.0306551 0 -0.0370449 -0.0314304 -0.998819 0 -0.20687 -0.590732 -0.0221979 1 
-0.999075 -0.0199282 0.037843 0 -0.0211121 0.999282 -0.031146 0 -0.0371959 -0.0319167 -0.998798 0 -0.206863 -0.591054 -0.0220633 1 
-0.999075 -0.0196706 0.0379837 0 -0.0208746 0.999274 -0.0315642 0 -0.0373359 -0.0323285 -0.99878 0 -0.20688 -0.591331 -0.0218769 1 
-0.999072 -0.0195538 0.0381374 0 -0.02078 0.999261 -0.0320243 0 -0.0374837 -0.0327877 -0.998759 0 -0.206916 -0.591622 -0.0216589 1 
-0.999067 -0.019518 0.0382671 0 -0.0207617 0.99925 -0.0323765 0 -0.0376072 -0.0331415 -0.998743 0 -0.206934 -0.591935 -0.0214376 1 
-0.999062 -0.0195012 0.0384012 0 -0.0207628 0.999239 -0.0327326 0 -0.0377344 -0.0334999 -0.998726 0 -0.206936 -0.592274 -0.0212073 1 
-0.999057 -0.0195168 0.0385332 0 -0.0207967 0.999226 -0.0330991 0 -0.0378581 -0.0338699 -0.998709 0 -0.206953 -0.592636 -0.0209554 1 
-0.99905 -0.0195864 0.0386718 0 -0.0208844 0.999213 -0.0334484 0 -0.0379869 -0.034225 -0.998692 0 -0.206956 -0.593049 -0.0206657 1 
-0.999043 -0.0197298 0.0387957 0 -0.0210428 0.9992 -0.0337312 0 -0.0380999 -0.0345159 -0.998678 0 -0.206953 -0.593472 -0.020365 1 
-0.999036 -0.0198768 0.0389038 0 -0.0212028 0.999188 -0.0339728 0 -0.0381977 -0.0347656 -0.998665 0 -0.206963 -0.593874 -0.0200776 1 
-0.999046 -0.0200029 0.0385802 0 -0.0212748 0.999224 -0.0328451 0 -0.037894 -0.0336352 -0.998716 0 -0.206914 -0.59399 -0.0200187 1 
-0.999056 -0.0200027 0.0383215 0 -0.0212356 0.999251 -0.0320397 0 -0.0376527 -0.0328239 -0.998752 0 -0.206919 -0.594002 -0.0200582 1 
-0.999059 -0.0199938 0.0382343 0 -0.0212144 0.99926 -0.0317882 0 -0.0375711 -0.0325701 -0.998763 0 -0.206926 -0.594062 -0.0200423 1 
-0.999061 -0.0199899 0.0381824 0 -0.0212031 0.999265 -0.0316373 0 -0.0375226 -0.0324178 -0.99877 0 -0.20691 -0.594104 -0.0200118 1 
-0.999064 -0.0199365 0.0381256 0 -0.021142 0.999271 -0.0314822 0 -0.0374709 -0.0322594 -0.998777 0 -0.206902 -0.594089 -0.0200139 1 
-0.999067 -0.0198269 0.0381071 0 -0.0210302 0.999275 -0.0314402 0 -0.0374569 -0.0322129 -0.998779 0 -0.206905 -0.594094 -0.0200057 1 
-0.999071 -0.0196967 0.0380881 0 -0.0208981 0.999279 -0.0314049 0 -0.0374428 -0.0321723 -0.998781 0 -0.206902 -0.594097 -0.0200013 1 
-0.999072 -0.0196555 0.0380813 0 -0.0208559 0.99928 -0.0313843 0 -0.0374377 -0.03215 -0.998782 0 -0.206894 -0.5941 -0.019997 1 
-0.999074 -0.0195414 0.0380683 0 -0.0207413 0.999283 -0.0313823 0 -0.0374285 -0.0321435 -0.998782 0 -0.206868 -0.594116 -0.0199917 1 
-0.999076 -0.0194557 0.0380694 0 -0.020656 0.999284 -0.0313939 0 -0.0374321 -0.0321519 -0.998782 0 -0.206825 -0.594149 -0.0199787 1 
-0.999075 -0.019486 0.0380708 0 -0.0206875 0.999282 -0.0314238 0 -0.0374319 -0.0321829 -0.998781 0 -0.206754 -0.594201 -0.0199637 1 
-0.999074 -0.0195405 0.0380713 0 -0.0207433 0.99928 -0.031457 0 -0.0374299 -0.0322182 -0.99878 0 -0.206638 -0.594274 -0.0199565 1 
-0.999073 -0.0196207 0.0380731 0 -0.0208231 0.999279 -0.0314476 0 -0.0374294 -0.0322118 -0.99878 0 -0.206502 -0.594342 -0.0199576 1 
-0.999071 -0.0197328 0.038063 0 -0.0209372 0.999275 -0.0315071 0 -0.0374144 -0.0322754 -0.998778 0 -0.206322 -0.594457 -0.0199576 1 
-0.999067 -0.0198038 0.0381319 0 -0.021017 0.999267 -0.0316829 0 -0.0374772 -0.0324554 -0.99877 0 -0.20613 -0.594646 -0.0199213 1 
-0.999066 -0.0195635 0.0382843 0 -0.0207864 0.999268 -0.0318113 0 -0.0376346 -0.032578 -0.99876 0 -0.206141 -0.594806 -0.0199324 1 
-0.999069 -0.0193861 0.0382838 0 -0.0206147 0.999267 -0.0319625 0 -0.0376368 -0.0327226 -0.998756 0 -0.206206 -0.594928 -0.0199635 1 
-0.999068 -0.019389 0.0383083 0 -0.0206232 0.999263 -0.0320905 0 -0.0376586 -0.0328513 -0.998751 0 -0.206193 -0.595037 -0.0199747 1 
-0.999065 -0.0194289 0.0383646 0 -0.0206711 0.999256 -0.0322531 0 -0.0377102 -0.0330166 -0.998743 0 -0.206186 -0.59515 -0.0199347 1 
-0.999065 -0.0194285 0.0383799 0 -0.0206731 0.999255 -0.032303 0 -0.0377244 -0.0330669 -0.998741 0 -0.206181 -0.595214 -0.019927 1 
-0.999065 -0.0193797 0.0383989 0 -0.0206269 0.999254 -0.0323535 0 -0.037744 -0.033116 -0.998739 0 -0.206171 -0.595271 -0.0199396 1 
-0.999064 -0.0193415 0.0384334 0 -0.0205935 0.999251 -0.0324524 0 -0.0377776 -0.0332141 -0.998734 0 -0.206175 -0.595343 -0.0199267 1 
-0.999066 -0.0192517 0.0384478 0 -0.0205062 0.999252 -0.0325059 0 -0.0377939 -0.0332646 -0.998732 0 -0.206172 -0.595388 -0.0199236 1 
-0.999069 -0.019076 0.0384482 0 -0.0203316 0.999254 -0.032535 0 -0.0377996 -0.0332871 -0.998731 0 -0.206168 -0.595413 -0.0199218 1 
-0.99907 -0.0190002 0.0384499 0 -0.0202562 0.999255 -0.0325417 0 -0.0378037 -0.0332909 -0.99873 0 -0.206158 -0.595425 -0.0199202 1 
-0.999073 -0.0188528 0.0384438 0 -0.0201086 0.999258 -0.0325458 0 -0.0378024 -0.0332893 -0.998731 0 -0.206152 -0.595431 -0.0199168 1 
-0.99908 -0.0185505 0.0384275 0 -0.0198057 0.999264 -0.0325431 0 -0.0377963 -0.0332749 -0.998731 0 -0.206148 -0.595427 -0.0199218 1 
-0.999084 -0.0183058 0.0384236 0 -0.019561 0.999269 -0.0325489 0 -0.0378004 -0.0332714 -0.998731 0 -0.206139 -0.595431 -0.0199206 1 
-0.999087 -0.0181563 0.0384166 0 -0.0194109 0.999272 -0.032541 0 -0.0377986 -0.0332576 -0.998732 0 -0.206139 -0.595427 -0.0199237 1 
-0.999091 -0.0179842 0.0384058 0 -0.0192382 0.999276 -0.0325346 0 -0.0377936 -0.0332445 -0.998732 0 -0.206146 -0.595419 -0.0199306 1 
-0.999092 -0.0178838 0.0384072 0 -0.0191381 0.999277 -0.0325429 0 -0.0377982 -0.033249 -0.998732 0 -0.206157 -0.595419 -0.0199294 1 
-0.999094 -0.0178073 0.0383991 0 -0.0190613 0.999279 -0.0325427 0 -0.0377926 -0.0332458 -0.998732 0 -0.206155 -0.595417 -0.0199305 1 
-0.999095 -0.0177531 0.0383984 0 -0.0190066 0.99928 -0.0325319 0 -0.0377939 -0.0332329 -0.998733 0 -0.206155 -0.595412 -0.0199378 1 
-0.999096 -0.0177133 0.0383954 0 -0.0189659 0.999282 -0.0325073 0 -0.0377927 -0.0332067 -0.998734 0 -0.206182 -0.595396 -0.019959 1 
-0.999097 -0.0176674 0.0383882 0 -0.018919 0.999283 -0.0324872 0 -0.0377875 -0.0331847 -0.998735 0 -0.206217 -0.595391 -0.0200012 1 
-0.999097 -0.0176836 0.0383843 0 -0.0189356 0.999283 -0.0325015 0 -0.0377828 -0.0331996 -0.998734 0 -0.20622 -0.59543 -0.0200624 1 
-0.999097 -0.017721 0.038362 0 -0.018969 0.999285 -0.0324168 0 -0.0377608 -0.0331159 -0.998738 0 -0.206221 -0.595457 -0.0202131 1 
-0.999102 -0.0176724 0.0382487 0 -0.0189034 0.999297 -0.0320662 0 -0.0376558 -0.0327611 -0.998754 0 -0.206246 -0.595391 -0.0205816 1 
-0.999111 -0.0176721 0.0380131 0 -0.0188686 0.999321 -0.0313507 0 -0.037434 -0.0320407 -0.998785 0 -0.206217 -0.595193 -0.0211867 1 
-0.999124 -0.0176621 0.0376747 0 -0.0188081 0.999355 -0.0302841 0 -0.0371162 -0.0309668 -0.998831 0 -0.206175 -0.594872 -0.0220458 1 
-0.999116 -0.0175721 0.0379314 0 -0.0187458 0.99934 -0.0308103 0 -0.0373656 -0.0314947 -0.998805 0 -0.206352 -0.594957 -0.0226124 1 
-0.999112 -0.0177163 0.0379658 0 -0.0189168 0.999315 -0.0314966 0 -0.0373825 -0.0321874 -0.998783 0 -0.20629 -0.595296 -0.0225434 1 
-0.999103 -0.0179861 0.0380796 0 -0.0191913 0.999309 -0.0315244 0 -0.037487 -0.0322276 -0.998777 0 -0.206184 -0.595484 -0.0225312 1 
-0.999102 -0.0179978 0.0381156 0 -0.019203 0.99931 -0.0314942 0 -0.0375232 -0.0321985 -0.998777 0 -0.206201 -0.595562 -0.0224889 1 
-0.999104 -0.0179673 0.0380556 0 -0.0191653 0.999315 -0.0313517 0 -0.037467 -0.0320536 -0.998784 0 -0.206202 -0.595547 -0.0224774 1 
-0.999104 -0.018004 0.038057 0 -0.0192027 0.999314 -0.0313701 0 -0.0374668 -0.0320734 -0.998783 0 -0.206169 -0.595569 -0.0224615 1 
-0.999106 -0.0178972 0.0380592 0 -0.0190966 0.999315 -0.0313867 0 -0.0374722 -0.032086 -0.998782 0 -0.206145 -0.595586 -0.0224479 1 
-0.999113 -0.0174919 0.0380478 0 -0.0186911 0.999323 -0.0313949 0 -0.0374736 -0.0320788 -0.998783 0 -0.206137 -0.59559 -0.0224396 1 
-0.999118 -0.0172192 0.0380527 0 -0.0184204 0.999326 -0.0314466 0 -0.0374863 -0.0321204 -0.998781 0 -0.206141 -0.595611 -0.0224131 1 
-0.999121 -0.016882 0.0381146 0 -0.0180944 0.999324 -0.0316903 0 -0.0375546 -0.0323527 -0.998771 0 -0.206161 -0.595711 -0.0222967 1 
-0.999124 -0.0164947 0.0382185 0 -0.0177236 0.99932 -0.03204 0 -0.0376648 -0.0326899 -0.998756 0 -0.20614 -0.595877 -0.022064 1 
-0.999122 -0.0162317 0.0383646 0 -0.0174814 0.99931 -0.0324662 0 -0.0378119 -0.033109 -0.998736 0 -0.206118 -0.596077 -0.0217454 1 
-0.999121 -0.0159383 0.0385095 0 -0.0172098 0.9993 -0.0329134 0 -0.0379587 -0.0335479 -0.998716 0 -0.206128 -0.596286 -0.0213253 1 
-0.99912 -0.0157272 0.0386398 0 -0.0170205 0.999288 -0.0333731 0 -0.0380882 -0.034002 -0.998696 0 -0.206127 -0.596534 -0.0207781 1 
-0.999117 -0.0156182 0.0387503 0 -0.0169256 0.999281 -0.0336434 0 -0.0381977 -0.0342703 -0.998682 0 -0.206123 -0.596761 -0.0201833 1 
-0.999117 -0.0157086 0.0387144 0 -0.017008 0.999285 -0.0334676 0 -0.0381618 -0.0340971 -0.99869 0 -0.206089 -0.596898 -0.0196129 1 
-0.999137 -0.0156846 0.038214 0 -0.0168976 0.999347 -0.0316293 0 -0.0376937 -0.0322483 -0.998769 0 -0.206049 -0.596524 -0.0197791 1 
-0.999145 -0.0155542 0.0380638 0 -0.0167493 0.999361 -0.031284 0 -0.0375536 -0.0318954 -0.998785 0 -0.206089 -0.596353 -0.0199183 1 
-0.999146 -0.0155554 0.0380228 0 -0.0167443 0.999365 -0.0311531 0 -0.0375148 -0.0317637 -0.998791 0 -0.206069 -0.596264 -0.0199337 1 
-0.999147 -0.0155263 0.0380199 0 -0.0167139 0.999366 -0.031122 0 -0.0375133 -0.0317315 -0.998792 0 -0.206082 -0.596224 -0.0198991 1 
-0.999148 -0.0154931 0.0379982 0 -0.0166771 0.999369 -0.0310429 0 -0.037494 -0.0316508 -0.998795 0 -0.206101 -0.596157 -0.0198892 1 
-0.99915 -0.0154805 0.0379505 0 -0.0166558 0.999376 -0.0308513 0 -0.0374499 -0.0314578 -0.998803 0 -0.206126 -0.59602 -0.0198944 1 
-0.99915 -0.0156214 0.0378876 0 -0.0167833 0.999383 -0.0305464 0 -0.0373877 -0.0311569 -0.998815 0 -0.206136 -0.595812 -0.0199164 1 
-0.999141 -0.0161948 0.0378821 0 -0.0173415 0.999386 -0.0301397 0 -0.0373714 -0.0307713 -0.998828 0 -0.206162 -0.595535 -0.0199205 1 
-0.999131 -0.0169768 0.0378009 0 -0.0181004 0.999389 -0.0295821 0 -0.0372763 -0.0302412 -0.998847 0 -0.206239 -0.595127 -0.0199338 1 
-0.999118 -0.0178488 0.0377547 0 -0.0189464 0.999393 -0.0289147 0 -0.0372164 -0.0296051 -0.998869 0 -0.206399 -0.594641 -0.0199759 1 
-0.999103 -0.0187526 0.0377043 0 -0.0198257 0.999393 -0.0282929 0 -0.0371516 -0.0290156 -0.998888 0 -0.206636 -0.594155 -0.0200073 1 
-0.999089 -0.019575 0.0376777 0 -0.0206264 0.999393 -0.0277225 0 -0.0371129 -0.0284749 -0.998905 0 -0.206946 -0.593688 -0.0200418 1 
-0.999082 -0.0204193 0.0374027 0 -0.0214488 0.999387 -0.0273332 0 -0.0368224 -0.0281109 -0.998926 0 -0.207037 -0.593322 -0.0200127 1 
-0.999074 -0.0209675 0.037306 0 -0.02198 0.999386 -0.0269418 0 -0.0367189 -0.0277374 -0.998941 0 -0.206961 -0.593042 -0.0199749 1 
-0.999074 -0.021084 0.0372519 0 -0.0220816 0.999393 -0.0265729 0 -0.0366698 -0.0273714 -0.998953 0 -0.206945 -0.592803 -0.0200256 1 
-0.999077 -0.021006 0.0372199 0 -0.0220006 0.999397 -0.0265147 0 -0.0366411 -0.0273096 -0.998955 0 -0.206969 -0.592731 -0.0199939 1 
-0.999078 -0.0209624 0.037218 0 -0.0219577 0.999397 -0.0265365 0 -0.03664 -0.0273297 -0.998955 0 -0.206984 -0.592732 -0.019982 1 
-0.999078 -0.0209335 0.037221 0 -0.0219295 0.999397 -0.0265533 0 -0.0366434 -0.0273456 -0.998954 0 -0.207 -0.592736 -0.0199746 1 
-0.99908 -0.020887 0.0372033 0 -0.0218828 0.999398 -0.0265625 0 -0.0366268 -0.0273527 -0.998955 0 -0.207008 -0.592734 -0.0199726 1 
-0.999085 -0.0207636 0.037123 0 -0.0217579 0.9994 -0.026582 0 -0.0365495 -0.027366 -0.998957 0 -0.206981 -0.592737 -0.019975 1 
-0.999094 -0.0205301 0.0370115 0 -0.0215243 0.999403 -0.0266654 0 -0.0364427 -0.0274384 -0.998959 0 -0.20695 -0.592762 -0.0199436 1 
-0.999105 -0.0202124 0.0368939 0 -0.0212055 0.999408 -0.026728 0 -0.0363325 -0.0274869 -0.998962 0 -0.206937 -0.592756 -0.019884 1 
-0.99912 -0.0198041 0.0367051 0 -0.0207845 0.999422 -0.0265229 0 -0.0361593 -0.0272629 -0.998974 0 -0.206898 -0.592627 -0.0198764 1 
-0.999129 -0.0194832 0.0366315 0 -0.0204564 0.999433 -0.0263816 0 -0.0360974 -0.0271085 -0.998981 0 -0.20689 -0.592507 -0.0198411 1 
-0.99914 -0.0191104 0.0365471 0 -0.0200751 0.999445 -0.0262128 0 -0.0360266 -0.0269245 -0.998988 0 -0.206834 -0.592396 -0.0198181 1 
-0.999148 -0.0188289 0.0364675 0 -0.0197842 0.999456 -0.0260129 0 -0.0359586 -0.0267127 -0.998996 0 -0.206778 -0.592263 -0.0198407 1 
-0.999155 -0.0185382 0.0364118 0 -0.0194892 0.999464 -0.0259387 0 -0.0359122 -0.026627 -0.999 0 -0.206721 -0.592187 -0.0197899 1 
-0.999162 -0.0183057 0.0363564 0 -0.0192513 0.999471 -0.0258302 0 -0.035865 -0.026509 -0.999005 0 -0.206573 -0.592143 -0.0197579 1 
-0.999168 -0.0181903 0.0362472 0 -0.0191245 0.99948 -0.0255973 0 -0.0357634 -0.0262697 -0.999015 0 -0.206375 -0.592057 -0.0198113 1 
-0.999174 -0.0180333 0.0361499 0 -0.0189586 0.999487 -0.0254184 0 -0.0356737 -0.0260833 -0.999023 0 -0.206088 -0.592016 -0.019845 1 
-0.999171 -0.0179895 0.0362526 0 -0.0189155 0.99949 -0.0253623 0 -0.0357786 -0.0260275 -0.999021 0 -0.20591 -0.59202 -0.0197841 1 
-0.999175 -0.0177675 0.0362408 0 -0.0186926 0.999494 -0.02535 0 -0.0357728 -0.0260071 -0.999021 0 -0.206003 -0.591967 -0.0197507 1 
-0.999183 -0.0176519 0.0360828 0 -0.0185652 0.999502 -0.0251358 0 -0.0356219 -0.0257857 -0.999033 0 -0.206016 -0.591816 -0.0198325 1 
-0.999186 -0.0176184 0.0360166 0 -0.0185223 0.999508 -0.0249201 0 -0.0355605 -0.0255674 -0.99904 0 -0.20599 -0.591666 -0.0198538 1 
-0.999188 -0.0175894 0.035973 0 -0.018486 0.999513 -0.0247452 0 -0.0355209 -0.0253906 -0.999046 0 -0.205969 -0.591512 -0.0198025 1 
-0.999194 -0.01745 0.0358733 0 -0.0183321 0.999524 -0.0244087 0 -0.035431 -0.0250471 -0.999058 0 -0.205996 -0.591236 -0.0197964 1 
-0.999203 -0.0172486 0.0357344 0 -0.0181119 0.999539 -0.0239777 0 -0.035305 -0.0246063 -0.999074 0 -0.206067 -0.590866 -0.01979 1 
-0.999208 -0.0171731 0.0356192 0 -0.0180211 0.999549 -0.0236235 0 -0.0351981 -0.0242471 -0.999086 0 -0.20613 -0.590538 -0.0197364 1 
-0.999206 -0.0173181 0.0355995 0 -0.0181564 0.999553 -0.0233612 0 -0.0351796 -0.0239895 -0.999093 0 -0.206133 -0.590333 -0.0197127 1 
-0.999205 -0.0174 0.0356114 0 -0.0182394 0.999551 -0.0233845 0 -0.0351892 -0.0240158 -0.999092 0 -0.206098 -0.590357 -0.0197014 1 
-0.999202 -0.017506 0.0356414 0 -0.01835 0.999546 -0.0234898 0 -0.0352147 -0.0241255 -0.999089 0 -0.206055 -0.590451 -0.0196951 1 
-0.999197 -0.0176402 0.0357119 0 -0.0184925 0.999539 -0.0236756 0 -0.0352785 -0.0243174 -0.999082 0 -0.206018 -0.590605 -0.0196833 1 
-0.99919 -0.017774 0.0358247 0 -0.0186394 0.999529 -0.0239687 0 -0.0353825 -0.0246175 -0.999071 0 -0.206011 -0.590849 -0.0196907 1 
-0.999183 -0.0179231 0.0359605 0 -0.0188049 0.999517 -0.0243349 0 -0.0355076 -0.0249918 -0.999057 0 -0.20602 -0.591164 -0.0197336 1 
-0.999174 -0.0180766 0.0361251 0 -0.0189787 0.999503 -0.0247854 0 -0.0356598 -0.025451 -0.99904 0 -0.206032 -0.591531 -0.0197571 1 
-0.999163 -0.0182772 0.0363325 0 -0.0192052 0.999484 -0.0253582 0 -0.035851 -0.0260352 -0.999018 0 -0.206049 -0.591986 -0.0197581 1 
-0.999151 -0.0185145 0.0365523 0 -0.0194688 0.999465 -0.0259281 0 -0.0360534 -0.0266182 -0.998995 0 -0.206055 -0.592455 -0.0197809 1 
-0.999139 -0.0187285 0.0367661 0 -0.0197081 0.999446 -0.0264652 0 -0.0362508 -0.0271675 -0.998973 0 -0.206083 -0.592918 -0.0198334 1 
-0.999125 -0.0190062 0.0370029 0 -0.0200125 0.999425 -0.0270191 0 -0.0364688 -0.0277365 -0.99895 0 -0.206114 -0.593422 -0.0198826 1 
-0.99911 -0.0193197 0.0372343 0 -0.0203523 0.999403 -0.0275569 0 -0.0366804 -0.0282908 -0.998927 0 -0.206125 -0.593908 -0.0199033 1 
-0.999097 -0.0196097 0.0374449 0 -0.0206667 0.999383 -0.028052 0 -0.0368724 -0.0288011 -0.998905 0 -0.206142 -0.594341 -0.0198752 1 
-0.999084 -0.0199817 0.0375758 0 -0.0210531 0.999367 -0.0283379 0 -0.0369865 -0.0291036 -0.998892 0 -0.206168 -0.594726 -0.019854 1 
-0.999081 -0.0201544 0.0375676 0 -0.0212219 0.999366 -0.0282364 0 -0.0369754 -0.0290083 -0.998895 0 -0.206171 -0.595028 -0.0198405 1 
-0.999081 -0.0203215 0.0374847 0 -0.0213743 0.999372 -0.0279036 0 -0.0368949 -0.0286797 -0.998908 0 -0.206135 -0.595226 -0.0198325 1 
-0.999083 -0.0204617 0.0373608 0 -0.0214927 0.999384 -0.027404 0 -0.0367778 -0.0281824 -0.998926 0 -0.2061 -0.595355 -0.0198025 1 
-0.99909 -0.0204919 0.0371418 0 -0.0214898 0.999404 -0.0266696 0 -0.0365738 -0.027444 -0.998954 0 -0.206094 -0.59534 -0.0197668 1 
-0.999096 -0.0205515 0.0369512 0 -0.0215205 0.99942 -0.0260188 0 -0.0363957 -0.0267911 -0.998978 0 -0.206069 -0.595289 -0.019759 1 
-0.999101 -0.0205554 0.036827 0 -0.0215061 0.999431 -0.0256065 0 -0.0362804 -0.026376 -0.998994 0 -0.206056 -0.595239 -0.0197513 1 
-0.999103 -0.0205544 0.0367587 0 -0.0214941 0.999438 -0.0253523 0 -0.0362176 -0.0261202 -0.999003 0 -0.206058 -0.595202 -0.0197375 1 
-0.999101 -0.0206967 0.0367502 0 -0.0216273 0.999441 -0.0251078 0 -0.0362107 -0.0258805 -0.999009 0 -0.206054 -0.595203 -0.0197223 1 
-0.999103 -0.0207614 0.0366459 0 -0.0216738 0.999451 -0.0246791 0 -0.0361141 -0.0254517 -0.999024 0 -0.206039 -0.59517 -0.0197141 1 
-0.999106 -0.0208204 0.0365318 0 -0.0217147 0.99946 -0.0242565 0 -0.0360077 -0.0250285 -0.999038 0 -0.206015 -0.595151 -0.019701 1 
-0.999111 -0.0208358 0.0363785 0 -0.0217066 0.999474 -0.0237106 0 -0.035866 -0.0244796 -0.999057 0 -0.206013 -0.595112 -0.0196929 1 
-0.999115 -0.0209156 0.0362373 0 -0.0217636 0.999485 -0.0231679 0 -0.0357348 -0.0239365 -0.999075 0 -0.205993 -0.595091 -0.0196781 1 
-0.999116 -0.0210446 0.0361266 0 -0.0218699 0.999496 -0.0226036 0 -0.0356334 -0.0233742 -0.999092 0 -0.205968 -0.595065 -0.0196647 1 
-0.999121 -0.0210299 0.0359891 0 -0.0218353 0.999507 -0.0221353 0 -0.0355065 -0.0229021 -0.999107 0 -0.205974 -0.595019 -0.0196753 1 
-0.999122 -0.0210481 0.0359593 0 -0.0218485 0.999509 -0.0220117 0 -0.035479 -0.0227784 -0.999111 0 -0.205977 -0.595025 -0.0196626 1 
-0.999123 -0.021034 0.0359483 0 -0.0218313 0.999511 -0.0219337 0 -0.03547 -0.0226997 -0.999113 0 -0.205992 -0.595022 -0.0196717 1 
-0.999125 -0.0209836 0.0359153 0 -0.0217768 0.999515 -0.0218388 0 -0.0354403 -0.0226023 -0.999116 0 -0.206015 -0.594982 -0.0197176 1 
-0.999126 -0.0209675 0.0359011 0 -0.0217589 0.999516 -0.0217978 0 -0.0354274 -0.0225603 -0.999118 0 -0.206041 -0.594957 -0.0197519 1 
-0.999123 -0.0210412 0.0359424 0 -0.0218344 0.999514 -0.0218209 0 -0.0354664 -0.022587 -0.999116 0 -0.20605 -0.594975 -0.0197405 1 
-0.999121 -0.0210899 0.0359739 0 -0.0218845 0.999512 -0.0218391 0 -0.0354964 -0.0226076 -0.999114 0 -0.206067 -0.594985 -0.0197305 1 
-0.999121 -0.0210891 0.0359642 0 -0.0218828 0.999513 -0.0218183 0 -0.0354872 -0.0225865 -0.999115 0 -0.206072 -0.594975 -0.0197436 1 
-0.999118 -0.0212096 0.0359645 0 -0.0220019 0.999511 -0.0217787 0 -0.0354856 -0.0225513 -0.999116 0 -0.206068 -0.594964 -0.0197707 1 
-0.999104 -0.0217825 0.0360122 0 -0.0225738 0.9995 -0.0217156 0 -0.0355219 -0.0225095 -0.999115 0 -0.206063 -0.594957 -0.0197983 1 
-0.999099 -0.0219674 0.0360357 0 -0.0227602 0.999495 -0.0217395 0 -0.0355406 -0.0225405 -0.999114 0 -0.206071 -0.59497 -0.0197766 1 
-0.9991 -0.0219778 0.0360232 0 -0.0227697 0.999495 -0.021722 0 -0.0355283 -0.0225231 -0.999115 0 -0.206064 -0.594965 -0.0197885 1 
-0.999098 -0.0220377 0.0360336 0 -0.0228297 0.999494 -0.0217176 0 -0.0355374 -0.0225211 -0.999115 0 -0.206052 -0.59497 -0.0197879 1 
-0.999093 -0.0221731 0.0360784 0 -0.0229657 0.999491 -0.0217037 0 -0.0355795 -0.022513 -0.999113 0 -0.206043 -0.594974 -0.0197854 1 
-0.99909 -0.0222656 0.0361022 0 -0.0230591 0.999489 -0.0217138 0 -0.0356009 -0.0225269 -0.999112 0 -0.206013 -0.594992 -0.0197791 1 
-0.999087 -0.0223478 0.0361526 0 -0.0231446 0.999485 -0.0217729 0 -0.0356481 -0.0225902 -0.999109 0 -0.206002 -0.595044 -0.0197625 1 
-0.999081 -0.0224601 0.0362287 0 -0.0232602 0.999482 -0.0218185 0 -0.0357205 -0.0226415 -0.999105 0 -0.206023 -0.595089 -0.0197634 1 
-0.999078 -0.0225525 0.0362747 0 -0.0233544 0.999479 -0.0218379 0 -0.035764 -0.0226654 -0.999103 0 -0.206019 -0.595119 -0.0197653 1 
-0.999077 -0.0225622 0.0362762 0 -0.023365 0.999478 -0.0218612 0 -0.0357648 -0.0226891 -0.999103 0 -0.206003 -0.595134 -0.0197558 1 
-0.999078 -0.0225174 0.0362843 0 -0.0233217 0.999479 -0.0218984 0 -0.0357729 -0.0227248 -0.999102 0 -0.206007 -0.59515 -0.0197382 1 
-0.999081 -0.0224119 0.0362738 0 -0.0232175 0.99948 -0.0219399 0 -0.0357639 -0.0227623 -0.999101 0 -0.206006 -0.595163 -0.0197175 1 
-0.999087 -0.0221549 0.0362624 0 -0.0229609 0.999485 -0.0219614 0 -0.0357579 -0.0227744 -0.999101 0 -0.205997 -0.595169 -0.0197082 1 
-0.999093 -0.02186 0.0362839 0 -0.0226688 0.999491 -0.0220288 0 -0.0357846 -0.0228317 -0.999099 0 -0.206002 -0.59519 -0.0196669 1 
-0.999096 -0.0216989 0.0362876 0 -0.0225099 0.999493 -0.0220939 0 -0.0357905 -0.0228912 -0.999097 0 -0.206019 -0.595202 -0.0196083 1 
-0.999099 -0.0216003 0.0362613 0 -0.0224095 0.999496 -0.0220611 0 -0.0357672 -0.0228543 -0.999099 0 -0.206008 -0.595177 -0.0196147 1 
-0.999099 -0.0215963 0.0362689 0 -0.0224066 0.999495 -0.0220862 0 -0.0357743 -0.0228794 -0.999098 0 -0.206009 -0.595184 -0.0195916 1 
-0.9991 -0.0215676 0.0362662 0 -0.0223778 0.999496 -0.0220834 0 -0.0357724 -0.0228755 -0.999098 0 -0.206014 -0.59517 -0.0195746 1 
-0.999108 -0.0213983 0.0361449 0 -0.0222008 0.999503 -0.0219471 0 -0.035658 -0.0227304 -0.999106 0 -0.206001 -0.595068 -0.0196136 1 
-0.999112 -0.0213325 0.0360767 0 -0.0221276 0.999508 -0.0217863 0 -0.0355949 -0.0225657 -0.999112 0 -0.205989 -0.594934 -0.0196025 1 
-0.999116 -0.0212592 0.036014 0 -0.0220458 0.999514 -0.0215879 0 -0.0355383 -0.0223632 -0.999118 0 -0.20599 -0.594768 -0.0195744 1 
-0.999124 -0.0211112 0.0358702 0 -0.0218803 0.999526 -0.0211864 0 -0.0354066 -0.0219531 -0.999132 0 -0.205998 -0.594474 -0.0196269 1 
-0.999132 -0.0209791 0.0357129 0 -0.0217275 0.99954 -0.0207006 0 -0.0352629 -0.021459 -0.999148 0 -0.205999 -0.594099 -0.0196308 1 
-0.999141 -0.0208268 0.0355569 0 -0.0215502 0.999556 -0.0200853 0 -0.0351235 -0.0208347 -0.999166 0 -0.206026 -0.593607 -0.0196017 1 
-0.999149 -0.0209036 0.0352977 0 -0.0215943 0.999571 -0.0193009 0 -0.0348798 -0.020047 -0.99919 0 -0.206064 -0.592986 -0.0196006 1 
-0.999149 -0.0212443 0.0350751 0 -0.021898 0.999582 -0.0183582 0 -0.0346711 -0.0191111 -0.999216 0 -0.206187 -0.592213 -0.0195584 1 
-0.999142 -0.02176 0.034958 0 -0.0223853 0.999585 -0.0175969 0 -0.0345613 -0.0183647 -0.999234 0 -0.20647 -0.591509 -0.0194518 1 
-0.999152 -0.0216986 0.0347164 0 -0.0222982 0.999598 -0.0169786 0 -0.0343347 -0.0177387 -0.999253 0 -0.206809 -0.590904 -0.019458 1 
-0.999163 -0.0216965 0.0343981 0 -0.0222849 0.999601 -0.0168171 0 -0.0340201 -0.0175699 -0.999267 0 -0.206848 -0.590614 -0.0194776 1 
-0.999153 -0.021968 0.0345208 0 -0.0225666 0.99959 -0.0170469 0 -0.0341328 -0.0178118 -0.999259 0 -0.206729 -0.590708 -0.019435 1 
-0.999141 -0.0222506 0.0346727 0 -0.0228568 0.999581 -0.0171853 0 -0.0342764 -0.0179634 -0.999251 0 -0.206614 -0.590875 -0.0194207 1 
-0.999134 -0.0224871 0.0347279 0 -0.0231021 0.999572 -0.0174109 0 -0.0343222 -0.0181985 -0.999245 0 -0.20652 -0.591101 -0.0194645 1 
-0.999121 -0.0227982 0.0348918 0 -0.0234327 0.999556 -0.0178832 0 -0.0344693 -0.0186854 -0.999231 0 -0.206445 -0.591513 -0.0194917 1 
-0.999104 -0.0232277 0.035103 0 -0.0238886 0.999533 -0.0185276 0 -0.0346569 -0.0193499 -0.999212 0 -0.206306 -0.592087 -0.0195209 1 
-0.999084 -0.0238205 0.0352652 0 -0.0245036 0.999508 -0.0190662 0 -0.0347944 -0.0199132 -0.999196 0 -0.20604 -0.592665 -0.0196505 1 
-0.999063 -0.0242166 0.0356088 0 -0.0249306 0.999485 -0.0197453 0 -0.035113 -0.0206149 -0.999171 0 -0.20591 -0.593312 -0.0197363 1 
-0.99905 -0.0243023 0.0359196 0 -0.0250563 0.999462 -0.0206937 0 -0.035398 -0.0215744 -0.99914 0 -0.20602 -0.594036 -0.0197729 1 
-0.999033 -0.0244787 0.0362707 0 -0.0252809 0.999432 -0.0218253 0 -0.0357165 -0.0227216 -0.999104 0 -0.206156 -0.594847 -0.0197349 1 
-0.999014 -0.0246312 0.0366648 0 -0.0254795 0.999405 -0.0228515 0 -0.0360808 -0.0237636 -0.999066 0 -0.206304 -0.595594 -0.0196946 1 
-0.998995 -0.0247552 0.0371 0 -0.0256554 0.999373 -0.0239884 0 -0.0364836 -0.0249166 -0.999024 0 -0.20649 -0.596401 -0.0196494 1 
-0.998975 -0.02475 0.0376508 0 -0.0257185 0.999335 -0.0254588 0 -0.0369963 -0.0264016 -0.998967 0 -0.206779 -0.597342 -0.0194456 1 
-0.998956 -0.0247338 0.0381544 0 -0.0257711 0.999295 -0.0269377 0 -0.037462 -0.0278934 -0.998909 0 -0.207043 -0.598221 -0.0190186 1 
-0.998933 -0.0250928 0.0385238 0 -0.0261877 0.99925 -0.0281853 0 -0.0377884 -0.0291646 -0.99886 0 -0.207051 -0.599055 -0.0184655 1 
-0.998896 -0.0256074 0.039144 0 -0.026781 0.999189 -0.0297591 0 -0.0383509 -0.0307751 -0.99879 0 -0.207014 -0.600015 -0.0177531 1 
-0.998891 -0.0260989 0.0389418 0 -0.027222 0.999211 -0.0285945 0 -0.0381655 -0.0296234 -0.998832 0 -0.206839 -0.600241 -0.0173886 1 
-0.998909 -0.0261344 0.0384575 0 -0.0271721 0.999264 -0.0267137 0 -0.0377318 -0.02773 -0.998903 0 -0.20687 -0.599955 -0.0172046 1 
-0.998917 -0.0261336 0.0382387 0 -0.0271531 0.999273 -0.02639 0 -0.037522 -0.0274003 -0.99892 0 -0.206931 -0.599945 -0.0169306 1 
-0.998918 -0.026242 0.0381333 0 -0.0272462 0.999279 -0.0260587 0 -0.0374227 -0.0270701 -0.998933 0 -0.206875 -0.599951 -0.0166794 1 
-0.998918 -0.0263588 0.0380543 0 -0.0273501 0.999284 -0.0257667 0 -0.0373486 -0.0267802 -0.998943 0 -0.206793 -0.599938 -0.0164392 1 
-0.998918 -0.0264238 0.0380059 0 -0.0274062 0.999288 -0.0255636 0 -0.0373041 -0.0265781 -0.99895 0 -0.206728 -0.599884 -0.0160898 1 
-0.998918 -0.0263879 0.0380409 0 -0.027374 0.999287 -0.0256386 0 -0.037338 -0.0266527 -0.998947 0 -0.20672 -0.599863 -0.0155918 1 
-0.99892 -0.0263106 0.0380501 0 -0.0272986 0.999288 -0.0256841 0 -0.037348 -0.0266956 -0.998946 0 -0.206726 -0.599831 -0.0149929 1 
-0.99892 -0.0262784 0.0380671 0 -0.0272686 0.999287 -0.0257317 0 -0.0373645 -0.0267424 -0.998944 0 -0.206694 -0.599779 -0.0141214 1 
-0.998918 -0.0261962 0.0381722 0 -0.0272008 0.999281 -0.0260416 0 -0.0374633 -0.0270522 -0.998932 0 -0.206684 -0.599754 -0.0130082 1 
-0.998915 -0.0259975 0.0383897 0 -0.0270295 0.999271 -0.0266099 0 -0.0376706 -0.0276192 -0.998908 0 -0.206757 -0.599789 -0.0116006 1 
-0.998916 -0.0257615 0.0385269 0 -0.0268129 0.999265 -0.0270265 0 -0.0378031 -0.0280308 -0.998892 0 -0.206839 -0.59979 -0.00997036 1 
-0.998921 -0.0255532 0.0385237 0 -0.0266077 0.999269 -0.0271126 0 -0.0378034 -0.0281089 -0.99889 0 -0.206843 -0.599718 -0.0085094 1 
-0.998935 -0.0252506 0.0383567 0 -0.0262972 0.999279 -0.0270305 0 -0.0376472 -0.0280109 -0.998898 0 -0.206812 -0.599659 -0.00745506 1 
-0.998957 -0.024806 0.0380751 0 -0.0258281 0.999303 -0.0265933 0 -0.0373896 -0.0275495 -0.998921 0 -0.206736 -0.59952 -0.00595792 1 
-0.998967 -0.0246304 0.0379427 0 -0.025634 0.999318 -0.0261955 0 -0.0372723 -0.0271416 -0.998936 0 -0.206703 -0.599381 -0.0047757 1 
-0.998979 -0.024273 0.0378428 0 -0.0252662 0.999333 -0.0259917 0 -0.0371874 -0.0269218 -0.998946 0 -0.206705 -0.599274 -0.00358456 1 
-0.998991 -0.0239302 0.0377619 0 -0.0249199 0.999343 -0.0259597 0 -0.0371166 -0.026875 -0.998949 0 -0.206691 -0.599211 -0.00220717 1 
-0.998989 -0.0238388 0.0378613 0 -0.0248413 0.999338 -0.0262301 0 -0.0372117 -0.0271446 -0.998939 0 -0.206698 -0.599222 -0.000874596 1 
-0.998991 -0.0236747 0.0379223 0 -0.0246848 0.999337 -0.0263934 0 -0.037273 -0.0273034 -0.998932 0 -0.206714 -0.599225 0.000572842 1 
-0.999015 -0.0236637 0.0372758 0 -0.0245848 0.999389 -0.0244502 0 -0.0366752 -0.025343 -0.999006 0 -0.20659 -0.598843 0.000965339 1 
-0.999023 -0.0236192 0.037094 0 -0.0245174 0.999403 -0.0239491 0 -0.0365069 -0.0248356 -0.999025 0 -0.206584 -0.598943 0.000593486 1 
-0.999033 -0.023319 0.0370145 0 -0.0242061 0.999416 -0.0237015 0 -0.0364409 -0.0245751 -0.999034 0 -0.206591 -0.599045 0.000112081 1 
-0.999041 -0.0230411 0.0369652 0 -0.0239228 0.999426 -0.0235904 0 -0.0364012 -0.0244525 -0.999038 0 -0.206559 -0.599028 -1.04626e-05 1 
-0.999046 -0.0226937 0.0370612 0 -0.0235898 0.999426 -0.023922 0 -0.0364977 -0.0247739 -0.999027 0 -0.206561 -0.599106 0.000299865 1 
-0.999052 -0.0223991 0.0370812 0 -0.0232987 0.999431 -0.0240088 0 -0.036523 -0.0248505 -0.999024 0 -0.206553 -0.599069 0.000590016 1 
-0.999059 -0.0221768 0.0370134 0 -0.0230693 0.999439 -0.0238621 0 -0.0364642 -0.024694 -0.99903 0 -0.206531 -0.599007 0.000659174 1 
-0.999065 -0.0219505 0.0369927 0 -0.0228423 0.999445 -0.0238611 0 -0.0364491 -0.0246843 -0.999031 0 -0.206514 -0.599016 0.000638506 1 
-0.999069 -0.0217413 0.036999 0 -0.0226348 0.999448 -0.0239035 0 -0.0364596 -0.0247192 -0.999029 0 -0.206488 -0.599039 0.000669501 1 
-0.999072 -0.021584 0.0370182 0 -0.02248 0.999451 -0.0239599 0 -0.0364814 -0.0247703 -0.999027 0 -0.206448 -0.59908 0.000714289 1 
-0.999075 -0.0214857 0.0369979 0 -0.0223784 0.999455 -0.023886 0 -0.0364653 -0.0246923 -0.99903 0 -0.206419 -0.599088 0.000756516 1 
-0.999081 -0.0213313 0.0369069 0 -0.0222114 0.999465 -0.0236027 0 -0.0363844 -0.0244012 -0.99904 0 -0.206424 -0.599048 0.000813109 1 
-0.999087 -0.0211822 0.0368332 0 -0.0220524 0.999474 -0.0233805 0 -0.0363192 -0.0241719 -0.999048 0 -0.206417 -0.599028 0.000856216 1 
-0.999088 -0.0211735 0.0368213 0 -0.0220412 0.999475 -0.0233202 0 -0.0363089 -0.024111 -0.99905 0 -0.206431 -0.59906 0.000903659 1 
-0.99909 -0.0211763 0.0367626 0 -0.0220369 0.999479 -0.0231656 0 -0.0362535 -0.0239551 -0.999055 0 -0.206414 -0.599063 0.000921985 1 
-0.999092 -0.021158 0.0367262 0 -0.0220132 0.999482 -0.0230419 0 -0.0362204 -0.0238299 -0.99906 0 -0.206392 -0.599068 0.000948067 1 
-0.999096 -0.0209918 0.0366918 0 -0.0218421 0.999489 -0.0229283 0 -0.0361924 -0.0237094 -0.999064 0 -0.206385 -0.599069 0.00100072 1 
-0.999104 -0.0208103 0.0366002 0 -0.0216484 0.999499 -0.0226555 0 -0.0361111 -0.023428 -0.999073 0 -0.206381 -0.599043 0.00103673 1 
-0.999112 -0.0206055 0.0365009 0 -0.0214309 0.99951 -0.0223678 0 -0.0360228 -0.0231306 -0.999083 0 -0.206372 -0.599037 0.00106793 1 
-0.999118 -0.0204649 0.0364154 0 -0.0212785 0.99952 -0.0220984 0 -0.0359464 -0.0228542 -0.999092 0 -0.206357 -0.599024 0.00109365 1 
-0.999123 -0.020364 0.0363248 0 -0.0211656 0.999528 -0.0218223 0 -0.035864 -0.0225724 -0.999102 0 -0.206344 -0.599009 0.00111453 1 
-0.999129 -0.0202588 0.0362114 0 -0.021045 0.999538 -0.0214633 0 -0.0357606 -0.0222071 -0.999114 0 -0.206323 -0.598983 0.00112092 1 
-0.999136 -0.0201196 0.0361109 0 -0.0208921 0.999548 -0.021144 0 -0.0356699 -0.0218805 -0.999124 0 -0.206302 -0.598972 0.00113957 1 
-0.999142 -0.0200056 0.0360082 0 -0.0207643 0.999558 -0.0208207 0 -0.0355765 -0.021551 -0.999135 0 -0.206281 -0.598951 0.00115373 1 
-0.999147 -0.0198891 0.0359228 0 -0.0206365 0.999566 -0.0205566 0 -0.0354991 -0.0212808 -0.999143 0 -0.206275 -0.598931 0.00115967 1 
-0.999151 -0.0197852 0.0358678 0 -0.0205255 0.999572 -0.0203904 0 -0.0354497 -0.0211097 -0.999148 0 -0.206274 -0.598921 0.00116558 1 
-0.999155 -0.0196774 0.0358305 0 -0.0204138 0.999576 -0.0203017 0 -0.0354165 -0.0210164 -0.999152 0 -0.206259 -0.598918 0.00116765 1 
-0.999158 -0.0194946 0.0358233 0 -0.0202303 0.99958 -0.0202889 0 -0.0354134 -0.020997 -0.999152 0 -0.206248 -0.598918 0.00116444 1 
-0.999162 -0.0193371 0.0358175 0 -0.020072 0.999583 -0.0202725 0 -0.0354112 -0.0209748 -0.999153 0 -0.206241 -0.598914 0.00116354 1 
-0.999164 -0.0192283 0.0358131 0 -0.019963 0.999586 -0.0202731 0 -0.0354092 -0.0209714 -0.999153 0 -0.206241 -0.598916 0.00116411 1 
-0.999166 -0.0191436 0.0358068 0 -0.019878 0.999587 -0.0202689 0 -0.0354046 -0.0209641 -0.999153 0 -0.206238 -0.598914 0.00116019 1 
-0.999168 -0.0190227 0.0357992 0 -0.019757 0.99959 -0.0202704 0 -0.0353996 -0.0209613 -0.999153 0 -0.206226 -0.598918 0.00116066 1 
-0.999172 -0.0188286 0.0357992 0 -0.0195631 0.999593 -0.0202781 0 -0.0354035 -0.0209621 -0.999153 0 -0.206225 -0.59892 0.00116087 1 
-0.999174 -0.0187258 0.0357938 0 -0.0194601 0.999595 -0.0202794 0 -0.0354003 -0.0209596 -0.999153 0 -0.206224 -0.598919 0.00116167 1 
-0.999175 -0.0186665 0.0357866 0 -0.0194004 0.999597 -0.020271 0 -0.0353944 -0.020949 -0.999154 0 -0.206209 -0.598919 0.00115512 1 
-0.999177 -0.018563 0.0357871 0 -0.0192968 0.999599 -0.0202701 0 -0.0353971 -0.0209444 -0.999154 0 -0.206185 -0.598926 0.00115454 1 
-0.999179 -0.0184727 0.035784 0 -0.0192064 0.9996 -0.0202685 0 -0.035396 -0.0209396 -0.999154 0 -0.20618 -0.598926 0.00114997 1 
-0.999183 -0.0182763 0.0357721 0 -0.0190096 0.999604 -0.0202682 0 -0.0353881 -0.0209321 -0.999154 0 -0.206177 -0.598923 0.00114476 1 
-0.999187 -0.0180859 0.0357625 0 -0.0188189 0.999608 -0.0202644 0 -0.0353827 -0.0209214 -0.999155 0 -0.206164 -0.598923 0.00113506 1 
-0.99919 -0.0179229 0.0357512 0 -0.0186553 0.999611 -0.0202596 0 -0.0353749 -0.0209106 -0.999155 0 -0.206152 -0.598923 0.00112697 1 
-0.999196 -0.0176522 0.0357263 0 -0.0183832 0.999617 -0.0202366 0 -0.0353561 -0.0208775 -0.999157 0 -0.206118 -0.598918 0.0011043 1 
-0.999206 -0.0171187 0.0356984 0 -0.0178484 0.999627 -0.0202223 0 -0.0353396 -0.0208438 -0.999158 0 -0.206075 -0.598918 0.00107508 1 
-0.999217 -0.0165339 0.0356678 0 -0.0172619 0.999637 -0.0201997 0 -0.0353216 -0.0208 -0.99916 0 -0.206043 -0.598909 0.00104478 1 
-0.999227 -0.0160057 0.0356369 0 -0.0167321 0.999647 -0.0201779 0 -0.0353021 -0.0207589 -0.999161 0 -0.206008 -0.598903 0.00101398 1 
-0.999232 -0.0157007 0.0356196 0 -0.0164253 0.999653 -0.0201417 0 -0.0352917 -0.0207117 -0.999162 0 -0.205991 -0.59889 0.000976293 1 
-0.999237 -0.0154699 0.0356015 0 -0.0161924 0.999657 -0.0200965 0 -0.0352791 -0.020658 -0.999164 0 -0.206004 -0.598866 0.000934555 1 
-0.99924 -0.0153365 0.0355665 0 -0.0160553 0.999661 -0.0200117 0 -0.0352483 -0.0205679 -0.999167 0 -0.206012 -0.59883 0.000858904 1 
-0.999241 -0.0152761 0.0355506 0 -0.0159931 0.999663 -0.0199731 0 -0.0352342 -0.0205269 -0.999168 0 -0.206025 -0.598809 0.000791672 1 
-0.999242 -0.0152375 0.0355556 0 -0.0159551 0.999663 -0.0199867 0 -0.0352397 -0.0205392 -0.999168 0 -0.20604 -0.5988 0.000767512 1 
-0.999241 -0.0152705 0.0355541 0 -0.0159876 0.999663 -0.0199741 0 -0.0352378 -0.0205278 -0.999168 0 -0.206029 -0.598798 0.000764549 1 
-0.999242 -0.0152841 0.0355447 0 -0.0160001 0.999663 -0.0199475 0 -0.0352285 -0.0205015 -0.999169 0 -0.20602 -0.598787 0.00074877 1 
-0.999241 -0.0152828 0.0355554 0 -0.015999 0.999663 -0.0199475 0 -0.0352392 -0.0205016 -0.999169 0 -0.206033 -0.598783 0.000750302 1 
-0.999241 -0.0152907 0.0355553 0 -0.0160065 0.999664 -0.0199353 0 -0.0352392 -0.0204896 -0.999169 0 -0.206031 -0.598778 0.000743574 1 
-0.999241 -0.0152864 0.0355557 0 -0.0160021 0.999664 -0.0199316 0 -0.0352398 -0.0204858 -0.999169 0 -0.206038 -0.598774 0.000742259 1 
-0.999241 -0.0152977 0.0355522 0 -0.0160131 0.999664 -0.0199275 0 -0.0352361 -0.0204821 -0.999169 0 -0.206029 -0.598775 0.000740005 1 
-0.999241 -0.015299 0.0355533 0 -0.0160146 0.999663 -0.0199317 0 -0.035237 -0.0204863 -0.999169 0 -0.206033 -0.598775 0.000741873 1 
-0.999241 -0.0153032 0.0355526 0 -0.0160189 0.999663 -0.0199326 0 -0.0352363 -0.0204874 -0.999169 0 -0.206028 -0.598777 0.000741504 1 
-0.999241 -0.0153037 0.0355544 0 -0.0160193 0.999663 -0.0199278 0 -0.0352382 -0.0204826 -0.999169 0 -0.206031 -0.598774 0.000740279 1 
-0.999241 -0.0152973 0.0355578 0 -0.0160129 0.999664 -0.0199284 0 -0.0352417 -0.020483 -0.999169 0 -0.206036 -0.598773 0.000741867 1 
-0.999241 -0.0153033 0.035555 0 -0.0160188 0.999663 -0.0199278 0 -0.0352387 -0.0204826 -0.999169 0 -0.206031 -0.598774 0.000740074 1 
-0.999241 -0.0153 0.0355544 0 -0.0160153 0.999664 -0.0199235 0 -0.0352382 -0.0204782 -0.999169 0 -0.206033 -0.598772 0.000738674 1 
-0.999241 -0.0153115 0.0355547 0 -0.016027 0.999663 -0.0199256 0 -0.0352383 -0.0204807 -0.999169 0 -0.20603 -0.598774 0.000738559 1 
-0.999241 -0.0153052 0.0355539 0 -0.0160204 0.999664 -0.0199207 0 -0.0352377 -0.0204756 -0.999169 0 -0.206032 -0.598771 0.000736998 1 
-0.999241 -0.0153088 0.0355569 0 -0.0160244 0.999663 -0.0199271 0 -0.0352405 -0.0204822 -0.999169 0 -0.206033 -0.598774 0.00074053 1 
-0.999241 -0.0153077 0.0355541 0 -0.0160229 0.999664 -0.0199189 0 -0.0352379 -0.0204739 -0.999169 0 -0.206031 -0.59877 0.000736438 1 
-0.999241 -0.0153033 0.0355533 0 -0.0160186 0.999664 -0.0199235 0 -0.0352371 -0.0204783 -0.999169 0 -0.206034 -0.598771 0.00073767 1 
-0.999241 -0.0153082 0.0355562 0 -0.0160238 0.999663 -0.0199286 0 -0.0352399 -0.0204836 -0.999169 0 -0.206031 -0.598775 0.00074106 1 
-0.999241 -0.0153055 0.0355558 0 -0.0160209 0.999664 -0.0199213 0 -0.0352396 -0.0204762 -0.999169 0 -0.206032 -0.598771 0.00073774 1 
-0.999241 -0.0153093 0.0355568 0 -0.0160249 0.999663 -0.0199263 0 -0.0352405 -0.0204814 -0.999169 0 -0.206032 -0.598774 0.000739437 1 
-0.999241 -0.0153047 0.0355536 0 -0.0160202 0.999663 -0.0199258 0 -0.0352374 -0.0204806 -0.999169 0 -0.20603 -0.598774 0.000739314 1 
-0.999241 -0.0153085 0.0355566 0 -0.0160239 0.999663 -0.0199238 0 -0.0352403 -0.0204788 -0.999169 0 -0.206034 -0.598772 0.000737877 1 
-0.999241 -0.0153117 0.035554 0 -0.0160272 0.999663 -0.0199262 0 -0.0352376 -0.0204813 -0.999169 0 -0.206031 -0.598774 0.000739395 1 
-0.999241 -0.0153102 0.0355543 0 -0.0160257 0.999663 -0.0199273 0 -0.035238 -0.0204823 -0.999169 0 -0.206031 -0.598774 0.000739616 1 
-0.999241 -0.0153151 0.0355566 0 -0.0160306 0.999663 -0.0199273 0 -0.0352402 -0.0204825 -0.999169 0 -0.20603 -0.598775 0.000740084 1 
-0.999241 -0.0153062 0.0355553 0 -0.0160216 0.999663 -0.0199251 0 -0.035239 -0.02048 -0.999169 0 -0.206031 -0.598774 0.000739337 1 
-0.999241 -0.0153111 0.0355558 0 -0.0160265 0.999663 -0.0199234 0 -0.0352395 -0.0204786 -0.999169 0 -0.206032 -0.598773 0.00073816 1 
-0.999241 -0.0153043 0.0355576 0 -0.0160199 0.999663 -0.0199259 0 -0.0352414 -0.0204808 -0.999169 0 -0.206033 -0.598773 0.000739968 1 
-0.999241 -0.015304 0.0355554 0 -0.0160194 0.999664 -0.0199246 0 -0.0352392 -0.0204795 -0.999169 0 -0.206033 -0.598772 0.000738227 1 
-0.999241 -0.0153098 0.035555 0 -0.0160252 0.999663 -0.0199226 0 -0.0352387 -0.0204776 -0.999169 0 -0.206031 -0.598772 0.000738298 1 
-0.999241 -0.0153081 0.0355555 0 -0.0160236 0.999663 -0.0199258 0 -0.0352392 -0.0204808 -0.999169 0 -0.206031 -0.598774 0.000738877 1 
-0.999241 -0.0153089 0.0355582 0 -0.0160244 0.999663 -0.0199241 0 -0.0352419 -0.0204791 -0.999169 0 -0.206034 -0.598773 0.000739375 1 
-0.999241 -0.0153127 0.0355552 0 -0.0160281 0.999663 -0.0199229 0 -0.0352388 -0.0204781 -0.999169 0 -0.206031 -0.598772 0.000738277 1 
-0.999241 -0.0153048 0.0355568 0 -0.0160203 0.999664 -0.0199231 0 -0.0352406 -0.020478 -0.999169 0 -0.206035 -0.598771 0.0007378 1 
-0.999241 -0.0153069 0.0355567 0 -0.0160222 0.999664 -0.0199215 0 -0.0352405 -0.0204764 -0.999169 0 -0.206033 -0.598772 0.000737119 1 
-0.999241 -0.0153106 0.0355574 0 -0.0160261 0.999663 -0.019925 0 -0.0352411 -0.0204801 -0.999169 0 -0.206033 -0.598773 0.000739902 1 
-0.999241 -0.0153109 0.0355559 0 -0.0160265 0.999663 -0.0199276 0 -0.0352395 -0.0204827 -0.999169 0 -0.206031 -0.598775 0.000740073 1 
-0.999241 -0.0153091 0.0355577 0 -0.0160247 0.999663 -0.0199257 0 -0.0352413 -0.0204808 -0.999169 0 -0.206031 -0.598774 0.000739473 1 
-0.999241 -0.0153085 0.0355552 0 -0.0160238 0.999664 -0.0199213 0 -0.035239 -0.0204763 -0.999169 0 -0.206033 -0.598771 0.000737714 1 
-0.999241 -0.0153094 0.035558 0 -0.0160249 0.999663 -0.0199274 0 -0.0352416 -0.0204824 -0.999169 0 -0.206032 -0.598775 0.000739511 1 
-0.999241 -0.0153109 0.0355532 0 -0.0160263 0.999663 -0.0199229 0 -0.0352369 -0.020478 -0.999169 0 -0.20603 -0.598772 0.000738184 1 
-0.999241 -0.0153102 0.0355551 0 -0.0160257 0.999663 -0.0199252 0 -0.0352387 -0.0204803 -0.999169 0 -0.20603 -0.598774 0.000739345 1 
-0.999241 -0.015308 0.035559 0 -0.0160237 0.999663 -0.019929 0 -0.0352426 -0.0204841 -0.999169 0 -0.206035 -0.598774 0.000741221 1 
-0.999241 -0.0153093 0.0355561 0 -0.0160249 0.999663 -0.019928 0 -0.0352397 -0.0204831 -0.999169 0 -0.206032 -0.598775 0.000740695 1 
-0.999241 -0.015311 0.035558 0 -0.0160267 0.999663 -0.0199309 0 -0.0352415 -0.020486 -0.999169 0 -0.206033 -0.598775 0.000741787 1 
-0.999241 -0.0153085 0.0355569 0 -0.0160238 0.999664 -0.0199203 0 -0.0352407 -0.0204753 -0.999169 0 -0.206034 -0.598771 0.000737244 1 
-0.999241 -0.0153129 0.0355547 0 -0.0160284 0.999663 -0.0199253 0 -0.0352383 -0.0204804 -0.999169 0 -0.20603 -0.598774 0.000739345 1 
-0.999241 -0.0153118 0.0355537 0 -0.0160272 0.999663 -0.0199255 0 -0.0352374 -0.0204806 -0.999169 0 -0.206029 -0.598774 0.000738368 1 
-0.999241 -0.0153099 0.0355558 0 -0.0160253 0.999663 -0.0199228 0 -0.0352395 -0.0204779 -0.999169 0 -0.206031 -0.598773 0.000737907 1 
-0.999241 -0.0153154 0.0355589 0 -0.0160311 0.999663 -0.0199282 0 -0.0352424 -0.0204835 -0.999169 0 -0.206034 -0.598775 0.000740717 1 
-0.999241 -0.0153086 0.0355578 0 -0.0160242 0.999663 -0.0199277 0 -0.0352415 -0.0204828 -0.999169 0 -0.206033 -0.598775 0.000740339 1 
