-0.996576 -0.0247242 0.0787792 0 -0.0269572 0.999251 -0.0274084 0 -0.0780441 -0.0294388 -0.996515 0 -0.332431 -0.306306 0.56563 1 
-0.996576 -0.0247177 0.0787811 0 -0.0269509 0.999251 -0.0274107 0 -0.0780461 -0.0294407 -0.996515 0 -0.332431 -0.306306 0.565632 1 
-0.996576 -0.0247227 0.0787788 0 -0.0269556 0.999251 -0.0274078 0 -0.0780437 -0.029438 -0.996515 0 -0.332429 -0.306307 0.565631 1 
-0.996576 -0.0247213 0.0787792 0 -0.0269543 0.999251 -0.0274089 0 -0.0780441 -0.0294391 -0.996515 0 -0.332431 -0.306308 0.56563 1 
-0.996576 -0.024704 0.0787795 0 -0.0269372 0.999252 -0.0274125 0 -0.0780448 -0.0294413 -0.996515 0 -0.332435 -0.3063 0.565633 1 
-0.996576 -0.0247069 0.078781 0 -0.0269402 0.999251 -0.0274132 0 -0.0780463 -0.0294423 -0.996515 0 -0.332435 -0.306302 0.565632 1 
-0.996575 -0.0247333 0.0787816 0 -0.0269664 0.999251 -0.0274089 0 -0.0780462 -0.02944 -0.996515 0 -0.332425 -0.306311 0.565632 1 
-0.996576 -0.0247225 0.0787825 0 -0.0269559 0.999251 -0.0274125 0 -0.0780473 -0.0294428 -0.996515 0 -0.33243 -0.306307 0.565633 1 
-0.996577 -0.024705 0.0787749 0 -0.0269378 0.999252 -0.0274082 0 -0.0780404 -0.0294369 -0.996516 0 -0.332435 -0.306301 0.56563 1 
-0.996576 -0.0247161 0.0787775 0 -0.0269489 0.999251 -0.0274077 0 -0.0780426 -0.0294374 -0.996515 0 -0.332433 -0.306303 0.56563 1 
-0.996575 -0.0247267 0.078785 0 -0.0269602 0.999251 -0.0274129 0 -0.0780497 -0.0294437 -0.996515 0 -0.332427 -0.306309 0.565635 1 
-0.996576 -0.0247214 0.0787796 0 -0.0269542 0.999251 -0.027405 0 -0.0780446 -0.0294352 -0.996515 0 -0.33243 -0.306307 0.565631 1 
-0.996576 -0.0247125 0.0787826 0 -0.026946 0.999251 -0.0274137 0 -0.0780476 -0.0294433 -0.996515 0 -0.332433 -0.306304 0.565633 1 
-0.996576 -0.0247077 0.0787823 0 -0.0269408 0.999252 -0.0274095 0 -0.0780476 -0.0294387 -0.996515 0 -0.332434 -0.306303 0.565631 1 
-0.996576 -0.02472 0.0787814 0 -0.0269528 0.999251 -0.0274053 0 -0.0780465 -0.0294354 -0.996515 0 -0.33243 -0.306307 0.565631 1 
-0.996576 -0.0247173 0.0787808 0 -0.0269505 0.999251 -0.0274111 0 -0.0780458 -0.029441 -0.996515 0 -0.332432 -0.306305 0.565631 1 
-0.996576 -0.024716 0.0787779 0 -0.026949 0.999251 -0.0274086 0 -0.078043 -0.0294383 -0.996515 0 -0.332432 -0.306306 0.56563 1 
-0.996576 -0.0247206 0.0787824 0 -0.0269538 0.999251 -0.0274096 0 -0.0780474 -0.0294397 -0.996515 0 -0.332429 -0.306308 0.565631 1 
-0.996576 -0.0247324 0.0787783 0 -0.0269652 0.999251 -0.0274065 0 -0.078043 -0.0294375 -0.996515 0 -0.332427 -0.306311 0.565631 1 
-0.996576 -0.0247122 0.0787832 0 -0.0269452 0.999252 -0.0274069 0 -0.0780485 -0.0294364 -0.996515 0 -0.332434 -0.306303 0.565631 1 
-0.996577 -0.024701 0.0787742 0 -0.0269339 0.999252 -0.0274096 0 -0.0780397 -0.029438 -0.996516 0 -0.332436 -0.3063 0.56563 1 
-0.996576 -0.0247212 0.0787785 0 -0.0269542 0.999251 -0.0274078 0 -0.0780434 -0.0294379 -0.996515 0 -0.332429 -0.306308 0.56563 1 
-0.996575 -0.0247414 0.0787866 0 -0.0269747 0.999251 -0.0274088 0 -0.0780509 -0.0294408 -0.996515 0 -0.332423 -0.306315 0.565633 1 
-0.996576 -0.0247205 0.0787802 0 -0.0269536 0.999251 -0.0274098 0 -0.0780451 -0.0294399 -0.996515 0 -0.33243 -0.306306 0.565632 1 
-0.996575 -0.0247238 0.0787831 0 -0.0269573 0.999251 -0.0274132 0 -0.0780479 -0.0294437 -0.996515 0 -0.332428 -0.306309 0.565633 1 
-0.996575 -0.0247451 0.0787778 0 -0.0269775 0.999251 -0.0274007 0 -0.0780423 -0.0294327 -0.996515 0 -0.332422 -0.306316 0.565628 1 
-0.996574 -0.0247448 0.078789 0 -0.0269784 0.99925 -0.0274118 0 -0.0780532 -0.0294441 -0.996514 0 -0.332422 -0.306316 0.565634 1 
-0.996575 -0.0247381 0.0787833 0 -0.0269714 0.999251 -0.02741 0 -0.0780477 -0.0294416 -0.996515 0 -0.332423 -0.306314 0.565633 1 
-0.996576 -0.0247206 0.0787764 0 -0.0269533 0.999251 -0.0274055 0 -0.0780414 -0.0294355 -0.996515 0 -0.332429 -0.306308 0.565629 1 
-0.996575 -0.0247321 0.078782 0 -0.0269653 0.999251 -0.0274096 0 -0.0780466 -0.0294407 -0.996515 0 -0.332426 -0.306313 0.565631 1 
-0.996574 -0.0247832 0.0787886 0 -0.0270159 0.99925 -0.0273992 0 -0.078052 -0.0294344 -0.996515 0 -0.332408 -0.30633 0.565632 1 
-0.996574 -0.0247902 0.0787841 0 -0.0270226 0.99925 -0.0273971 0 -0.0780473 -0.0294328 -0.996515 0 -0.332406 -0.306332 0.56563 1 
-0.996575 -0.0247549 0.0787813 0 -0.0269877 0.99925 -0.0274038 0 -0.0780454 -0.0294366 -0.996515 0 -0.33242 -0.306319 0.56563 1 
-0.996576 -0.0247227 0.0787784 0 -0.0269557 0.999251 -0.0274085 0 -0.0780433 -0.0294387 -0.996515 0 -0.33243 -0.306306 0.56563 1 
-0.996575 -0.0247543 0.0787825 0 -0.0269871 0.99925 -0.0274044 0 -0.0780466 -0.0294372 -0.996515 0 -0.332419 -0.306318 0.565631 1 
-0.996575 -0.024756 0.0787824 0 -0.0269888 0.99925 -0.0274023 0 -0.0780465 -0.0294353 -0.996515 0 -0.332417 -0.306321 0.56563 1 
-0.996576 -0.0247229 0.0787794 0 -0.026956 0.999251 -0.0274098 0 -0.0780442 -0.0294401 -0.996515 0 -0.332429 -0.306309 0.565631 1 
-0.996575 -0.0247159 0.0787916 0 -0.0269503 0.999251 -0.0274215 0 -0.0780563 -0.0294516 -0.996514 0 -0.332431 -0.306306 0.565638 1 
-0.996574 -0.0247685 0.0787907 0 -0.0270019 0.99925 -0.0274076 0 -0.0780542 -0.0294418 -0.996514 0 -0.332413 -0.306324 0.565635 1 
-0.996573 -0.024797 0.0787902 0 -0.02703 0.999249 -0.0274009 0 -0.0780531 -0.0294372 -0.996515 0 -0.332406 -0.306334 0.565632 1 
-0.996575 -0.024748 0.0787869 0 -0.0269812 0.999251 -0.0274065 0 -0.0780511 -0.0294389 -0.996515 0 -0.33242 -0.306319 0.565632 1 
-0.996575 -0.024736 0.0787872 0 -0.0269696 0.999251 -0.0274119 0 -0.0780516 -0.0294435 -0.996514 0 -0.332425 -0.306315 0.565633 1 
-0.996574 -0.0247784 0.0787899 0 -0.0270113 0.99925 -0.0274012 0 -0.0780534 -0.0294361 -0.996515 0 -0.332411 -0.306329 0.565632 1 
-0.996573 -0.0247863 0.0787905 0 -0.0270194 0.99925 -0.0274037 0 -0.0780537 -0.0294392 -0.996514 0 -0.332409 -0.306331 0.565633 1 
-0.996574 -0.0247598 0.0787847 0 -0.0269928 0.99925 -0.0274047 0 -0.0780486 -0.029438 -0.996515 0 -0.332418 -0.306321 0.565631 1 
-0.996574 -0.0247715 0.0787899 0 -0.0270049 0.99925 -0.027408 0 -0.0780534 -0.0294424 -0.996514 0 -0.332414 -0.306325 0.565633 1 
-0.996574 -0.0247951 0.0787759 0 -0.0270266 0.99925 -0.0273875 0 -0.0780392 -0.0294233 -0.996516 0 -0.332408 -0.306335 0.565623 1 
-0.996574 -0.0247835 0.0787814 0 -0.0270158 0.99925 -0.0273963 0 -0.0780449 -0.0294313 -0.996515 0 -0.332411 -0.306332 0.565626 1 
-0.996575 -0.0247505 0.0787801 0 -0.0269833 0.999251 -0.0274037 0 -0.0780443 -0.0294362 -0.996515 0 -0.332422 -0.306318 0.565628 1 
-0.996575 -0.0247603 0.0787761 0 -0.0269924 0.999251 -0.0273966 0 -0.0780402 -0.0294297 -0.996516 0 -0.33242 -0.306323 0.565626 1 
-0.996575 -0.0247693 0.0787688 0 -0.0270007 0.99925 -0.0273898 0 -0.0780329 -0.0294234 -0.996516 0 -0.332415 -0.306328 0.56562 1 
-0.996577 -0.0247444 0.0787579 0 -0.0269746 0.999251 -0.0273807 0 -0.078023 -0.029412 -0.996518 0 -0.332425 -0.306316 0.565614 1 
-0.99658 -0.0247228 0.0787221 0 -0.0269501 0.999253 -0.0273577 0 -0.0779884 -0.0293863 -0.996521 0 -0.332434 -0.30631 0.565596 1 
-0.996583 -0.0247106 0.0786975 0 -0.0269357 0.999254 -0.0273397 0 -0.0779647 -0.0293666 -0.996524 0 -0.33244 -0.306309 0.565581 1 
-0.996585 -0.0247406 0.0786588 0 -0.0269615 0.999254 -0.0272984 0 -0.0779263 -0.0293265 -0.996528 0 -0.332434 -0.30632 0.565557 1 
-0.996589 -0.0247558 0.0785959 0 -0.0269702 0.999255 -0.027238 0 -0.0778646 -0.0292655 -0.996534 0 -0.332434 -0.30633 0.565516 1 
-0.996594 -0.0247432 0.0785407 0 -0.0269521 0.999257 -0.0271897 0 -0.0778111 -0.0292145 -0.99654 0 -0.332451 -0.306337 0.565483 1 
-0.996601 -0.0247543 0.0784553 0 -0.0269551 0.999259 -0.0271171 0 -0.0777275 -0.0291402 -0.996549 0 -0.33246 -0.306352 0.565432 1 
-0.996609 -0.0247999 0.0783367 0 -0.0269886 0.999261 -0.0270058 0 -0.0776105 -0.029029 -0.996561 0 -0.332456 -0.306373 0.565359 1 
-0.996625 -0.0248282 0.0781234 0 -0.0269957 0.999266 -0.0268121 0 -0.0774019 -0.0288312 -0.996583 0 -0.332454 -0.306382 0.565224 1 
-0.996606 -0.0248487 0.0783557 0 -0.0270383 0.99926 -0.0270081 0 -0.0776281 -0.0290356 -0.996559 0 -0.33252 -0.306468 0.56521 1 
-0.996599 -0.024877 0.0784408 0 -0.0270755 0.999257 -0.0270896 0 -0.0777101 -0.0291219 -0.996551 0 -0.332548 -0.306539 0.565152 1 
-0.996609 -0.0249128 0.0783024 0 -0.0270967 0.99926 -0.0269523 0 -0.0775745 -0.0289832 -0.996565 0 -0.332494 -0.306612 0.565002 1 
-0.996632 -0.0250357 0.0779718 0 -0.0271875 0.999265 -0.0266591 0 -0.0772486 -0.0286897 -0.996599 0 -0.332398 -0.306718 0.564746 1 
-0.996677 -0.0252656 0.077316 0 -0.0273553 0.999276 -0.0260893 0 -0.0766023 -0.0281182 -0.996665 0 -0.332171 -0.306889 0.564288 1 
-0.996721 -0.0256744 0.0766089 0 -0.0277015 0.999281 -0.0255162 0 -0.0759002 -0.0275553 -0.996735 0 -0.331837 -0.307225 0.563651 1 
-0.996775 -0.0259908 0.0758012 0 -0.0279535 0.999288 -0.0249465 0 -0.0751003 -0.0269855 -0.996811 0 -0.331354 -0.307723 0.562904 1 
-0.996864 -0.0262586 0.0745209 0 -0.0281172 0.999307 -0.0240015 0 -0.0738404 -0.0260221 -0.996931 0 -0.330598 -0.308424 0.561782 1 
-0.996953 -0.0266544 0.0731829 0 -0.0284075 0.999322 -0.0230191 0 -0.0725211 -0.0250284 -0.997053 0 -0.329679 -0.309374 0.56042 1 
-0.997051 -0.0271994 0.0716286 0 -0.0288437 0.999332 -0.0220212 0 -0.0709831 -0.0240228 -0.997188 0 -0.328519 -0.310612 0.558792 1 
-0.997137 -0.0277596 0.0702037 0 -0.02932 0.999334 -0.0212935 0 -0.0695672 -0.0232914 -0.997305 0 -0.3271 -0.31227 0.556928 1 
-0.997191 -0.0283475 0.0691889 0 -0.0298626 0.999325 -0.0209612 0 -0.0685493 -0.0229689 -0.997383 0 -0.325499 -0.314338 0.554794 1 
-0.997258 -0.0283982 0.06819 0 -0.0298662 0.999332 -0.020606 0 -0.0675606 -0.0225865 -0.997459 0 -0.323686 -0.316728 0.552323 1 
-0.997327 -0.0284765 0.0671418 0 -0.0299002 0.999337 -0.0202944 0 -0.0665207 -0.0222482 -0.997537 0 -0.321586 -0.319441 0.549544 1 
-0.997364 -0.0285932 0.0665431 0 -0.0300135 0.999331 -0.0204432 0 -0.0659153 -0.022387 -0.997574 0 -0.319129 -0.322661 0.546574 1 
-0.997408 -0.0287029 0.0658404 0 -0.0301182 0.999324 -0.0206043 0 -0.0652058 -0.0225343 -0.997617 0 -0.316402 -0.326099 0.543353 1 
-0.997445 -0.0286816 0.0652836 0 -0.0301045 0.999318 -0.020918 0 -0.0646403 -0.0228304 -0.997647 0 -0.313462 -0.329777 0.539823 1 
-0.99746 -0.0286664 0.0650609 0 -0.0301304 0.999302 -0.0216324 0 -0.0643966 -0.0235382 -0.997647 0 -0.310255 -0.333679 0.536301 1 
-0.997523 -0.0283147 0.064234 0 -0.0297761 0.999307 -0.0219096 0 -0.0635703 -0.0237684 -0.997694 0 -0.306565 -0.337795 0.532304 1 
-0.997552 -0.0288892 0.0635283 0 -0.030354 0.999283 -0.0222132 0 -0.0628422 -0.0240877 -0.997733 0 -0.3025 -0.342152 0.528142 1 
-0.997606 -0.0286898 0.0627649 0 -0.0301587 0.99928 -0.0225818 0 -0.0620731 -0.0244211 -0.997773 0 -0.298129 -0.346577 0.523885 1 
-0.997641 -0.028744 0.0621885 0 -0.0302374 0.999264 -0.0232069 0 -0.0614768 -0.025033 -0.997795 0 -0.293244 -0.35139 0.519244 1 
-0.997646 -0.0290918 0.0619351 0 -0.0306256 0.999234 -0.0239614 0 -0.0611917 -0.0258023 -0.997792 0 -0.288555 -0.355893 0.515036 1 
-0.997692 -0.028998 0.0612446 0 -0.0305351 0.999228 -0.0243115 0 -0.0604935 -0.026126 -0.997827 0 -0.283195 -0.360615 0.510459 1 
-0.997671 -0.029355 0.0614183 0 -0.0309513 0.999193 -0.0252028 0 -0.0606301 -0.0270455 -0.997794 0 -0.277755 -0.365463 0.505992 1 
-0.997709 -0.0291362 0.0608963 0 -0.0307351 0.999193 -0.0254862 0 -0.0601058 -0.0272999 -0.997819 0 -0.271971 -0.370138 0.501387 1 
-0.99773 -0.0293486 0.0604551 0 -0.0309558 0.999178 -0.0258219 0 -0.0596487 -0.0276353 -0.997837 0 -0.26682 -0.374121 0.497668 1 
-0.997748 -0.0297344 0.059962 0 -0.0313179 0.999171 -0.0256442 0 -0.0591509 -0.0274648 -0.997871 0 -0.259718 -0.379287 0.49265 1 
-0.997744 -0.0294426 0.0601689 0 -0.0310877 0.999153 -0.026591 0 -0.0593361 -0.0284021 -0.997834 0 -0.253077 -0.384267 0.488265 1 
-0.997726 -0.030175 0.0601058 0 -0.0318415 0.99912 -0.0269631 0 -0.0592404 -0.0288162 -0.997828 0 -0.246602 -0.388782 0.484389 1 
-0.997715 -0.0305914 0.0600733 0 -0.0322587 0.999106 -0.026984 0 -0.0591952 -0.0288608 -0.997829 0 -0.239203 -0.393684 0.480048 1 
-0.997697 -0.0310376 0.0601472 0 -0.0327474 0.999071 -0.0276515 0 -0.0592343 -0.0295581 -0.997806 0 -0.23227 -0.398245 0.476321 1 
-0.997686 -0.031001 0.060356 0 -0.0327793 0.999041 -0.0286998 0 -0.0594095 -0.0306124 -0.997764 0 -0.22598 -0.402317 0.473163 1 
-0.997668 -0.0310856 0.060609 0 -0.0329039 0.999021 -0.0292349 0 -0.0596421 -0.0311616 -0.997733 0 -0.217502 -0.407512 0.468935 1 
-0.997667 -0.0309564 0.0606833 0 -0.0328044 0.999011 -0.0296972 0 -0.0597051 -0.0316192 -0.997715 0 -0.210288 -0.411853 0.46552 1 
-0.997684 -0.0309577 0.0604025 0 -0.0328105 0.999004 -0.0299269 0 -0.059417 -0.03184 -0.997725 0 -0.202003 -0.416619 0.46177 1 
-0.997674 -0.0307121 0.0607034 0 -0.0326148 0.99899 -0.0306069 0 -0.0597032 -0.0325162 -0.997686 0 -0.194742 -0.420892 0.458594 1 
-0.997656 -0.0306261 0.0610297 0 -0.0325645 0.998978 -0.0310231 0 -0.0600184 -0.0329384 -0.997654 0 -0.187888 -0.42487 0.455653 1 
-0.997671 -0.0300382 0.0610784 0 -0.0319986 0.998986 -0.0313743 0 -0.0600752 -0.0332563 -0.99764 0 -0.180828 -0.428955 0.452721 1 
-0.997667 -0.0300837 0.0611191 0 -0.0320488 0.998982 -0.0314299 0 -0.0601125 -0.033316 -0.997635 0 -0.173088 -0.433391 0.449588 1 
-0.99768 -0.0297562 0.0610665 0 -0.0317051 0.999001 -0.0311977 0 -0.0600783 -0.0330621 -0.997646 0 -0.165722 -0.437593 0.446606 1 
-0.99768 -0.0292671 0.0613172 0 -0.0312659 0.998992 -0.0318948 0 -0.0603231 -0.0337386 -0.997609 0 -0.158901 -0.441748 0.443969 1 
-0.997665 -0.0291568 0.0616058 0 -0.0312311 0.998958 -0.0329797 0 -0.0605812 -0.0348273 -0.997555 0 -0.151918 -0.445978 0.441613 1 
-0.997637 -0.0294285 0.0619359 0 -0.0315356 0.998937 -0.0333218 0 -0.0608906 -0.035197 -0.997524 0 -0.144964 -0.450014 0.439483 1 
-0.997645 -0.0291816 0.0619086 0 -0.0312979 0.998939 -0.0334929 0 -0.0608668 -0.0353523 -0.99752 0 -0.138135 -0.453991 0.437312 1 
-0.997631 -0.0293675 0.0620508 0 -0.0314982 0.998928 -0.0336426 0 -0.0609974 -0.0355181 -0.997506 0 -0.131224 -0.458042 0.434963 1 
-0.997593 -0.0298881 0.0624177 0 -0.0320411 0.998906 -0.0337815 0 -0.0613409 -0.0357008 -0.997478 0 -0.124471 -0.461925 0.432776 1 
-0.997597 -0.0295983 0.0624902 0 -0.0317706 0.998905 -0.0340595 0 -0.0614149 -0.0359637 -0.997464 0 -0.117748 -0.465625 0.430864 1 
-0.997567 -0.0300019 0.0627762 0 -0.0322066 0.998879 -0.0344087 0 -0.0616747 -0.0363475 -0.997434 0 -0.111131 -0.469302 0.428952 1 
-0.997534 -0.0299517 0.063327 0 -0.0322203 0.998854 -0.0351111 0 -0.062204 -0.0370657 -0.997375 0 -0.104921 -0.473052 0.426855 1 
-0.997479 -0.0299858 0.064162 0 -0.0323567 0.99881 -0.0362371 0 -0.0630002 -0.0382225 -0.997281 0 -0.0989006 -0.476694 0.42504 1 
-0.997413 -0.0302992 0.0650374 0 -0.0327283 0.998784 -0.0366141 0 -0.0638501 -0.0386487 -0.997211 0 -0.0933998 -0.480012 0.423511 1 
-0.997373 -0.0304416 0.065576 0 -0.0328819 0.998784 -0.0364597 0 -0.0643876 -0.0385209 -0.997181 0 -0.0881799 -0.483369 0.421913 1 
-0.997357 -0.0300688 0.065995 0 -0.0325595 0.998775 -0.0369946 0 -0.0648031 -0.0390463 -0.997134 0 -0.0834834 -0.486834 0.420457 1 
-0.997313 -0.0302581 0.0665678 0 -0.0328302 0.998733 -0.0378909 0 -0.0653382 -0.0399754 -0.997062 0 -0.0789372 -0.490484 0.419465 1 
-0.997307 -0.0298099 0.0668693 0 -0.0323822 0.998754 -0.0377187 0 -0.0656629 -0.0397832 -0.997048 0 -0.0752879 -0.493601 0.418481 1 
-0.997301 -0.0292882 0.0671872 0 -0.0318587 0.998779 -0.0375104 0 -0.0660078 -0.0395505 -0.997035 0 -0.0722053 -0.496895 0.417455 1 
-0.997274 -0.0290756 0.0676733 0 -0.0316845 0.998773 -0.0378015 0 -0.0664925 -0.0398435 -0.996991 0 -0.0696104 -0.500118 0.417013 1 
-0.997246 -0.0292699 0.0680101 0 -0.0318603 0.998786 -0.0373205 0 -0.0668365 -0.0393853 -0.996986 0 -0.0674838 -0.50321 0.416436 1 
-0.99722 -0.0293873 0.0683287 0 -0.031983 0.998786 -0.0372099 0 -0.0671536 -0.0392926 -0.996969 0 -0.0658606 -0.506587 0.415736 1 
-0.99718 -0.029488 0.068873 0 -0.0321553 0.998753 -0.0379456 0 -0.0676694 -0.040054 -0.996903 0 -0.0647485 -0.509984 0.415629 1 
-0.997141 -0.0298834 0.0692658 0 -0.0325366 0.998757 -0.0374983 0 -0.0680605 -0.0396455 -0.996893 0 -0.0641796 -0.513435 0.415057 1 
-0.997104 -0.0298134 0.0698231 0 -0.032519 0.998741 -0.0379371 0 -0.0686055 -0.0400986 -0.996838 0 -0.064178 -0.516942 0.414768 1 
-0.997067 -0.0297116 0.0703885 0 -0.0324567 0.998734 -0.0381817 0 -0.0691663 -0.0403551 -0.996789 0 -0.0646199 -0.52046 0.414557 1 
-0.997046 -0.0290658 0.0709564 0 -0.0318037 0.998771 -0.0377645 0 -0.0697729 -0.0399104 -0.996764 0 -0.0655084 -0.524059 0.413787 1 
-0.997015 -0.0278434 0.071877 0 -0.0306543 0.998786 -0.0383048 0 -0.0707246 -0.0403946 -0.996678 0 -0.0667992 -0.527676 0.413552 1 
-0.996969 -0.0269911 0.0728298 0 -0.0297783 0.998845 -0.0374586 0 -0.071736 -0.0395146 -0.996641 0 -0.0684265 -0.53135 0.412549 1 
-0.996898 -0.0266716 0.0739122 0 -0.0295239 0.998841 -0.0377697 0 -0.0728205 -0.0398355 -0.996549 0 -0.0703985 -0.535001 0.412043 1 
-0.996865 -0.0259546 0.0746208 0 -0.0287464 0.998907 -0.0365854 0 -0.0735912 -0.0386166 -0.996541 0 -0.0726159 -0.538603 0.410789 1 
-0.99682 -0.0253763 0.0754045 0 -0.0282036 0.99892 -0.0366703 0 -0.0743939 -0.0386811 -0.996478 0 -0.0751076 -0.542061 0.409823 1 
-0.996777 -0.0252429 0.0760159 0 -0.0280161 0.998962 -0.0356377 0 -0.0750388 -0.0376533 -0.996469 0 -0.0779956 -0.545781 0.408213 1 
-0.996741 -0.0249261 0.0765991 0 -0.0277433 0.998959 -0.035937 0 -0.075625 -0.0379457 -0.996414 0 -0.0809613 -0.549243 0.406789 1 
-0.996708 -0.0249362 0.0770194 0 -0.0277737 0.998956 -0.0359931 0 -0.076043 -0.0380145 -0.99638 0 -0.0836082 -0.552219 0.40533 1 
-0.996652 -0.0251534 0.0776763 0 -0.0280745 0.998921 -0.0367466 0 -0.0766697 -0.038805 -0.996301 0 -0.0879032 -0.556537 0.402885 1 
-0.996615 -0.0255476 0.0780213 0 -0.0284448 0.998928 -0.0362501 0 -0.077013 -0.0383474 -0.996292 0 -0.091588 -0.559736 0.4005 1 
-0.996585 -0.0254928 0.0784152 0 -0.0283958 0.998934 -0.0361308 0 -0.077412 -0.0382348 -0.996266 0 -0.095783 -0.563093 0.397829 1 
-0.996533 -0.0265967 0.0787115 0 -0.0294094 0.998952 -0.0347937 0 -0.0777051 -0.0369886 -0.99629 0 -0.100701 -0.56674 0.394304 1 
-0.996515 -0.0260959 0.0791005 0 -0.0289324 0.998961 -0.0349271 0 -0.0781084 -0.0370946 -0.996255 0 -0.105378 -0.5699 0.391176 1 
-0.996505 -0.0258932 0.0792962 0 -0.0286576 0.999004 -0.0339249 0 -0.0783403 -0.0360794 -0.996274 0 -0.110067 -0.572863 0.38755 1 
-0.996468 -0.0261756 0.0796681 0 -0.0289496 0.998997 -0.0338645 0 -0.0787034 -0.036052 -0.996246 0 -0.11492 -0.575846 0.383969 1 
-0.996459 -0.025831 0.0798899 0 -0.0285648 0.999029 -0.0332667 0 -0.0789545 -0.0354316 -0.996248 0 -0.119908 -0.578844 0.379597 1 
-0.996432 -0.0255686 0.0803187 0 -0.0283499 0.999021 -0.0336801 0 -0.0793805 -0.0358376 -0.9962 0 -0.125141 -0.581652 0.375504 1 
-0.996404 -0.0263106 0.0804155 0 -0.0289942 0.999045 -0.0323872 0 -0.0794881 -0.034603 -0.996235 0 -0.130207 -0.584186 0.370777 1 
-0.996389 -0.0258585 0.0807519 0 -0.0285539 0.999057 -0.0324039 0 -0.0798394 -0.0345934 -0.996207 0 -0.135801 -0.586917 0.365982 1 
-0.996399 -0.0255871 0.0807109 0 -0.0281488 0.999121 -0.0307618 0 -0.0798543 -0.0329236 -0.996263 0 -0.141194 -0.589138 0.36078 1 
-0.996362 -0.0256145 0.081168 0 -0.0282447 0.999097 -0.0314234 0 -0.0802914 -0.0336023 -0.996205 0 -0.146797 -0.591421 0.356056 1 
-0.996369 -0.02538 0.0811495 0 -0.0279015 0.999148 -0.0300899 0 -0.0803182 -0.0322455 -0.996248 0 -0.15236 -0.593321 0.350461 1 
-0.996332 -0.0257939 0.0814794 0 -0.0283179 0.99914 -0.029975 0 -0.0806377 -0.032173 -0.996224 0 -0.158612 -0.595082 0.345233 1 
-0.996354 -0.0255723 0.0812764 0 -0.0279314 0.999207 -0.0280223 0 -0.0804969 -0.0301909 -0.996298 0 -0.164781 -0.596311 0.339369 1 
-0.99632 -0.0256682 0.0816615 0 -0.0280686 0.999193 -0.0283825 0 -0.0808687 -0.0305707 -0.996256 0 -0.170927 -0.597582 0.334142 1 
-0.996354 -0.0251362 0.0814145 0 -0.0273699 0.999266 -0.026437 0 -0.0806917 -0.0285694 -0.99633 0 -0.178025 -0.598242 0.327531 1 
-0.996333 -0.0256089 0.0815197 0 -0.0278082 0.999267 -0.0259582 0 -0.0807967 -0.0281305 -0.996334 0 -0.184146 -0.598692 0.322139 1 
-0.996369 -0.0252429 0.081192 0 -0.0272804 0.999328 -0.0240842 0 -0.080531 -0.0262122 -0.996407 0 -0.190882 -0.598685 0.315781 1 
-0.996386 -0.0243764 0.0812546 0 -0.0263893 0.999359 -0.0237912 0 -0.0806241 -0.02585 -0.996409 0 -0.197574 -0.598691 0.3098 1 
-0.996404 -0.0240642 0.0811181 0 -0.0259895 0.999393 -0.0227614 0 -0.0805227 -0.0247883 -0.996444 0 -0.203873 -0.598392 0.304108 1 
-0.996447 -0.0233663 0.0808009 0 -0.025167 0.999446 -0.0213387 0 -0.0802591 -0.0232969 -0.996502 0 -0.210357 -0.59787 0.29794 1 
-0.996442 -0.0235382 0.0808033 0 -0.0253159 0.999448 -0.0210464 0 -0.0802649 -0.0230176 -0.996508 0 -0.216327 -0.597346 0.292737 1 
-0.996482 -0.0226249 0.0805819 0 -0.0243292 0.99949 -0.0202303 0 -0.0800846 -0.02212 -0.996543 0 -0.22198 -0.596668 0.287234 1 
-0.996505 -0.0222725 0.0803836 0 -0.0239079 0.999516 -0.0194393 0 -0.0799132 -0.0212936 -0.996574 0 -0.227917 -0.595798 0.281419 1 
-0.996518 -0.0220403 0.0802915 0 -0.0236509 0.999527 -0.019163 0 -0.0798327 -0.0209957 -0.996587 0 -0.233132 -0.594966 0.276489 1 
-0.996554 -0.0214348 0.0800085 0 -0.0229979 0.999552 -0.0186668 0 -0.079574 -0.0204429 -0.996619 0 -0.238226 -0.594083 0.271003 1 
-0.996581 -0.0216076 0.0796231 0 -0.0231176 0.999559 -0.0180916 0 -0.0791986 -0.0198709 -0.996661 0 -0.243116 -0.593043 0.265452 1 
-0.996609 -0.021161 0.0793927 0 -0.0226652 0.99957 -0.0180928 0 -0.0789772 -0.0198313 -0.996679 0 -0.247334 -0.592109 0.260624 1 
-0.996662 -0.020834 0.0788102 0 -0.0222402 0.999598 -0.0170079 0 -0.0784257 -0.0187042 -0.996744 0 -0.251297 -0.590987 0.255064 1 
-0.996701 -0.0207023 0.0783562 0 -0.0220732 0.999608 -0.016671 0 -0.0779819 -0.0183459 -0.996786 0 -0.254756 -0.590005 0.249447 1 
-0.996745 -0.020267 0.0779053 0 -0.0215986 0.999624 -0.0162879 0 -0.0775475 -0.0179179 -0.996828 0 -0.257815 -0.588879 0.24403 1 
-0.996797 -0.0199449 0.0773207 0 -0.0212081 0.999645 -0.0155511 0 -0.0769845 -0.0171414 -0.996885 0 -0.260594 -0.587618 0.23834 1 
-0.996864 -0.0197239 0.0765068 0 -0.020898 0.999666 -0.014575 0 -0.0761952 -0.0161284 -0.996962 0 -0.262642 -0.586403 0.232561 1 
-0.996906 -0.0198266 0.0759368 0 -0.0209657 0.999669 -0.0142325 0 -0.075631 -0.0157808 -0.997011 0 -0.264339 -0.585139 0.226485 1 
-0.996929 -0.0205484 0.0754333 0 -0.0216696 0.999656 -0.0140754 0 -0.0751196 -0.0156671 -0.997051 0 -0.265686 -0.583832 0.220604 1 
-0.996984 -0.020464 0.0747267 0 -0.0215434 0.999665 -0.0136675 0 -0.0744234 -0.0152364 -0.99711 0 -0.266643 -0.582411 0.214609 1 
-0.997061 -0.0201123 0.0737938 0 -0.0211265 0.999683 -0.0129882 0 -0.0735106 -0.0145093 -0.997189 0 -0.267207 -0.580773 0.207824 1 
-0.99711 -0.0200166 0.073157 0 -0.0210283 0.999684 -0.0130849 0 -0.0728733 -0.0145858 -0.997235 0 -0.267376 -0.579295 0.201491 1 
-0.997152 -0.0200537 0.072575 0 -0.0210805 0.999678 -0.0134099 0 -0.0722842 -0.0149019 -0.997273 0 -0.267133 -0.577787 0.195329 1 
-0.997193 -0.0204999 0.0718746 0 -0.0215225 0.999668 -0.0134822 0 -0.0715758 -0.0149916 -0.997322 0 -0.266474 -0.5762 0.189346 1 
-0.99723 -0.0213741 0.0711112 0 -0.0223855 0.999649 -0.0134571 0 -0.0708 -0.015012 -0.997378 0 -0.265505 -0.574631 0.183466 1 
-0.997257 -0.0225205 0.0703668 0 -0.0235392 0.99962 -0.013682 0 -0.0700332 -0.0153012 -0.997427 0 -0.264267 -0.573022 0.177525 1 
-0.997286 -0.0235715 0.0696076 0 -0.0245887 0.999593 -0.0137933 0 -0.0692555 -0.0154677 -0.997479 0 -0.262805 -0.571348 0.171876 1 
-0.997323 -0.0243377 0.0688152 0 -0.025348 0.999573 -0.0138465 0 -0.0684502 -0.015554 -0.997533 0 -0.261145 -0.569586 0.166547 1 
-0.997345 -0.0250187 0.068242 0 -0.0260642 0.999546 -0.0144736 0 -0.0678502 -0.0162142 -0.997564 0 -0.25936 -0.5679 0.161583 1 
-0.997377 -0.0256238 0.067557 0 -0.0266814 0.999525 -0.0147993 0 -0.067147 -0.0165633 -0.997606 0 -0.257372 -0.566164 0.156954 1 
-0.997412 -0.0260988 0.0668487 0 -0.0271618 0.999508 -0.0150428 0 -0.0664245 -0.01682 -0.99765 0 -0.255308 -0.5645 0.152794 1 
-0.997452 -0.0259405 0.0663058 0 -0.0270425 0.9995 -0.0157763 0 -0.0658647 -0.0175295 -0.997675 0 -0.253009 -0.562927 0.148783 1 
-0.997513 -0.025612 0.0655165 0 -0.0267082 0.999507 -0.0159107 0 -0.0650779 -0.0176213 -0.997725 0 -0.250476 -0.561259 0.144931 1 
-0.997569 -0.0253203 0.0647667 0 -0.0264178 0.999511 -0.0161458 0 -0.0643275 -0.0178179 -0.99777 0 -0.247697 -0.559646 0.141281 1 
-0.997598 -0.0253882 0.0642987 0 -0.0265303 0.999494 -0.0169715 0 -0.0638365 -0.0186369 -0.997786 0 -0.244854 -0.558268 0.138026 1 
-0.99764 -0.0253062 0.0636741 0 -0.0264648 0.999488 -0.0174194 0 -0.063202 -0.0190638 -0.997819 0 -0.241812 -0.556882 0.134913 1 
-0.997672 -0.0251593 0.0632301 0 -0.0263606 0.999477 -0.0182367 0 -0.0627393 -0.0198614 -0.997832 0 -0.238704 -0.555787 0.132132 1 
-0.997721 -0.0247809 0.0626009 0 -0.0259803 0.999483 -0.018418 0 -0.0621133 -0.0200028 -0.997869 0 -0.235644 -0.554757 0.129568 1 
-0.997745 -0.0247363 0.0622412 0 -0.0259852 0.999466 -0.0193366 0 -0.0617308 -0.0209107 -0.997874 0 -0.23249 -0.553946 0.127139 1 
-0.997763 -0.0248986 0.0618842 0 -0.0261956 0.999442 -0.020235 0 -0.061347 -0.0218112 -0.997878 0 -0.229231 -0.553222 0.124841 1 
-0.997785 -0.0252148 0.0614019 0 -0.0265237 0.999426 -0.020596 0 -0.0608486 -0.0221794 -0.997901 0 -0.226086 -0.552565 0.122731 1 
-0.997804 -0.0252012 0.0610908 0 -0.0265488 0.99941 -0.0213485 0 -0.0605179 -0.022924 -0.997904 0 -0.22296 -0.552139 0.12085 1 
-0.997819 -0.0254066 0.0607594 0 -0.0267702 0.999396 -0.0217341 0 -0.0601717 -0.0233137 -0.997916 0 -0.219681 -0.551856 0.119136 1 
-0.99783 -0.0256896 0.0604662 0 -0.0270855 0.999373 -0.0223798 0 -0.0598545 -0.0239695 -0.997919 0 -0.216508 -0.551772 0.117642 1 
-0.997826 -0.0259846 0.0604003 0 -0.0274475 0.999337 -0.0235175 0 -0.0597503 -0.0251247 -0.997897 0 -0.213629 -0.551877 0.116362 1 
-0.997839 -0.0258636 0.060249 0 -0.0273712 0.999319 -0.0243338 0 -0.0595798 -0.0259308 -0.997887 0 -0.211001 -0.552052 0.115207 1 
-0.997856 -0.0259075 0.0599337 0 -0.0274152 0.999315 -0.0244726 0 -0.0592598 -0.0260637 -0.997902 0 -0.208317 -0.552285 0.114017 1 
-0.997868 -0.0262724 0.0595752 0 -0.0277696 0.999306 -0.0244446 0 -0.0588927 -0.0260474 -0.997924 0 -0.205646 -0.552694 0.112901 1 
-0.99788 -0.0263965 0.0593275 0 -0.0279025 0.999296 -0.0247014 0 -0.0586349 -0.0263049 -0.997933 0 -0.203022 -0.553331 0.111891 1 
-0.997877 -0.026823 0.0591808 0 -0.0283568 0.99927 -0.0252317 0 -0.0584619 -0.0268568 -0.997928 0 -0.200336 -0.554198 0.110821 1 
-0.997888 -0.0268228 0.0590023 0 -0.028366 0.999263 -0.0254753 0 -0.0582767 -0.0270957 -0.997933 0 -0.198136 -0.55496 0.109806 1 
-0.997892 -0.0268132 0.058939 0 -0.0283923 0.999246 -0.0261191 0 -0.0581953 -0.027738 -0.99792 0 -0.196009 -0.555787 0.10871 1 
-0.99789 -0.027105 0.0588327 0 -0.0287078 0.999225 -0.0265701 0 -0.058068 -0.0282036 -0.997914 0 -0.194018 -0.556535 0.107554 1 
-0.997901 -0.0272592 0.0585839 0 -0.0288525 0.999222 -0.0265263 0 -0.0578163 -0.0281614 -0.99793 0 -0.192157 -0.55716 0.106355 1 
-0.997915 -0.0272829 0.0583339 0 -0.0288658 0.999223 -0.0264672 0 -0.0575676 -0.0280964 -0.997946 0 -0.190414 -0.557766 0.105076 1 
-0.997927 -0.0270411 0.0582393 0 -0.0286338 0.999224 -0.0266887 0 -0.0574735 -0.0283015 -0.997946 0 -0.188986 -0.558371 0.10386 1 
-0.997923 -0.0272069 0.058224 0 -0.0288085 0.999215 -0.0268479 0 -0.057449 -0.0284701 -0.997942 0 -0.187815 -0.558962 0.102532 1 
-0.997916 -0.0273465 0.0582807 0 -0.0289929 0.999189 -0.0275925 0 -0.05748 -0.0292253 -0.997919 0 -0.187022 -0.559634 0.101238 1 
-0.997918 -0.0272472 0.0583005 0 -0.0289277 0.999175 -0.028178 0 -0.0574857 -0.0298064 -0.997901 0 -0.186485 -0.560227 0.0997667 1 
-0.997915 -0.0273743 0.0582759 0 -0.0290729 0.999161 -0.0285026 0 -0.0574478 -0.030138 -0.997894 0 -0.186154 -0.56074 0.0979493 1 
-0.997907 -0.0276845 0.0582664 0 -0.0293951 0.999146 -0.0287085 0 -0.057423 -0.0303618 -0.997888 0 -0.186057 -0.561171 0.0961039 1 
-0.997902 -0.027859 0.0582687 0 -0.0295808 0.999135 -0.0288985 0 -0.0574143 -0.0305621 -0.997883 0 -0.186166 -0.561569 0.0942798 1 
-0.997901 -0.0278295 0.0583168 0 -0.0295655 0.999129 -0.02912 0 -0.0574567 -0.0307836 -0.997873 0 -0.186428 -0.562008 0.0925494 1 
-0.997908 -0.0276358 0.058279 0 -0.0293746 0.999132 -0.0291925 0 -0.0574228 -0.030844 -0.997873 0 -0.18678 -0.562476 0.0907728 1 
-0.997922 -0.027284 0.0582081 0 -0.0290131 0.999147 -0.0290697 0 -0.0573664 -0.0306987 -0.997881 0 -0.187286 -0.562955 0.0885903 1 
-0.997933 -0.0269505 0.0581745 0 -0.0286716 0.99916 -0.0289568 0 -0.0573463 -0.0305655 -0.997886 0 -0.187817 -0.563453 0.0865209 1 
-0.997932 -0.0266066 0.0583424 0 -0.0283575 0.999156 -0.029392 0 -0.0575123 -0.0309863 -0.997864 0 -0.188407 -0.564113 0.0846665 1 
-0.997932 -0.0262627 0.0585109 0 -0.0280288 0.99916 -0.0295699 0 -0.0576863 -0.0311494 -0.997849 0 -0.189048 -0.564836 0.0830456 1 
-0.997941 -0.02585 0.058535 0 -0.0275885 0.999186 -0.0290885 0 -0.0577365 -0.0306441 -0.997861 0 -0.189753 -0.565525 0.0813516 1 
-0.997963 -0.0253588 0.0583747 0 -0.0270416 0.999226 -0.0282197 0 -0.057615 -0.0297413 -0.997896 0 -0.190437 -0.566101 0.0794015 1 
-0.997972 -0.0249042 0.0584114 0 -0.0265749 0.999245 -0.0280019 0 -0.0576711 -0.0294979 -0.9979 0 -0.191116 -0.56676 0.0777178 1 
-0.997965 -0.0244509 0.0587239 0 -0.0261523 0.999245 -0.0283816 0 -0.0579868 -0.0298602 -0.997871 0 -0.191931 -0.567679 0.07629 1 
-0.997951 -0.024126 0.0590932 0 -0.0258487 0.999248 -0.0285623 0 -0.0583608 -0.0300319 -0.997844 0 -0.192779 -0.568688 0.0750155 1 
-0.997945 -0.0238286 0.0593205 0 -0.0255401 0.999265 -0.0282623 0 -0.0586046 -0.0297198 -0.997839 0 -0.193584 -0.569573 0.0736231 1 
-0.997946 -0.0234923 0.0594306 0 -0.0251702 0.999291 -0.0276424 0 -0.0587403 -0.0290821 -0.99785 0 -0.194398 -0.570397 0.0719709 1 
-0.997944 -0.023196 0.059583 0 -0.024853 0.999311 -0.0272204 0 -0.0589117 -0.0286458 -0.997852 0 -0.195175 -0.571202 0.0704135 1 
-0.997929 -0.0230206 0.0599046 0 -0.0246792 0.999319 -0.0270954 0 -0.0592412 -0.0285182 -0.997836 0 -0.195982 -0.572094 0.0690806 1 
-0.997909 -0.0229337 0.0602709 0 -0.0245905 0.999326 -0.0268923 0 -0.0596147 -0.0283187 -0.99782 0 -0.196856 -0.572998 0.0677713 1 
-0.997906 -0.0226874 0.0604159 0 -0.024308 0.999351 -0.0262245 0 -0.0597829 -0.0276387 -0.997829 0 -0.197683 -0.573712 0.0662039 1 
-0.997905 -0.0224512 0.0605119 0 -0.0240299 0.999377 -0.0254886 0 -0.059903 -0.0268899 -0.997842 0 -0.198454 -0.57432 0.0645549 1 
-0.997901 -0.0222263 0.0606665 0 -0.0237852 0.999392 -0.0250951 0 -0.060073 -0.0264859 -0.997843 0 -0.199206 -0.574917 0.0630604 1 
-0.997891 -0.0220305 0.0608963 0 -0.023597 0.999396 -0.025126 0 -0.0603072 -0.0265105 -0.997828 0 -0.199908 -0.575542 0.0617602 1 
-0.997877 -0.0219512 0.0611519 0 -0.0235292 0.999396 -0.0252045 0 -0.0605629 -0.0265904 -0.99781 0 -0.200579 -0.57615 0.0604968 1 
-0.997863 -0.0219441 0.0613902 0 -0.0235333 0.999394 -0.0252851 0 -0.0607993 -0.0266763 -0.997793 0 -0.201245 -0.57669 0.0591715 1 
-0.997859 -0.0218667 0.0614797 0 -0.0234529 0.999398 -0.0251983 0 -0.0608928 -0.0265867 -0.99779 0 -0.201822 -0.577034 0.0577095 1 
-0.997857 -0.021762 0.0615467 0 -0.0233491 0.9994 -0.0251864 0 -0.0609629 -0.02657 -0.997786 0 -0.202332 -0.577253 0.0563341 1 
-0.997856 -0.0217133 0.0615858 0 -0.0232998 0.999402 -0.0251604 0 -0.0610039 -0.0265419 -0.997785 0 -0.202787 -0.577338 0.0550521 1 
-0.997851 -0.0216819 0.0616741 0 -0.0232793 0.999399 -0.0252994 0 -0.0610896 -0.0266813 -0.997776 0 -0.203221 -0.577342 0.0538937 1 
-0.997853 -0.0216549 0.0616561 0 -0.0232417 0.999404 -0.025137 0 -0.0610762 -0.0265166 -0.997781 0 -0.20364 -0.57715 0.0527445 1 
-0.997864 -0.0215946 0.0614895 0 -0.0231405 0.999421 -0.0245407 0 -0.0609252 -0.0259117 -0.997806 0 -0.204055 -0.576734 0.0515822 1 
-0.997882 -0.0213908 0.0612814 0 -0.0228864 0.999445 -0.0238085 0 -0.0607393 -0.0251611 -0.997836 0 -0.204497 -0.576225 0.0503726 1 
-0.997896 -0.0211062 0.0611423 0 -0.022563 0.999466 -0.0232352 0 -0.0606204 -0.0245664 -0.997859 0 -0.204925 -0.575752 0.0492424 1 
-0.997904 -0.0209006 0.0610938 0 -0.0223341 0.999479 -0.0228768 0 -0.060585 -0.0241938 -0.99787 0 -0.20539 -0.575339 0.0481744 1 
-0.997912 -0.0205957 0.0610613 0 -0.0220154 0.999491 -0.022669 0 -0.0605645 -0.0239664 -0.997877 0 -0.205831 -0.574986 0.0472409 1 
-0.997909 -0.0204743 0.0611542 0 -0.0219007 0.999492 -0.0227462 0 -0.0606586 -0.0240384 -0.997869 0 -0.20627 -0.574712 0.0464435 1 
-0.997894 -0.0204692 0.061389 0 -0.0219297 0.99948 -0.0232115 0 -0.0608832 -0.0245094 -0.997844 0 -0.206711 -0.574561 0.04582 1 
-0.997878 -0.0206412 0.0615914 0 -0.0221232 0.99947 -0.0234774 0 -0.0610753 -0.0247906 -0.997825 0 -0.207068 -0.574428 0.0453667 1 
-0.997866 -0.0208023 0.0617418 0 -0.0222986 0.999462 -0.0236452 0 -0.0612179 -0.024972 -0.997812 0 -0.207365 -0.574316 0.0450568 1 
-0.997862 -0.0208398 0.0617968 0 -0.022341 0.99946 -0.0237024 0 -0.0612706 -0.0250328 -0.997807 0 -0.207586 -0.574222 0.0448737 1 
-0.99786 -0.0209058 0.0617971 0 -0.0224012 0.999461 -0.023606 0 -0.0612715 -0.0249403 -0.997809 0 -0.207707 -0.574147 0.0447908 1 
-0.997853 -0.021113 0.0618347 0 -0.0226092 0.999456 -0.0235985 0 -0.061304 -0.0249464 -0.997807 0 -0.207755 -0.574134 0.0447875 1 
-0.997847 -0.0213595 0.0618584 0 -0.0228605 0.999449 -0.0236597 0 -0.0613201 -0.0250234 -0.997804 0 -0.207733 -0.574166 0.0448072 1 
-0.997837 -0.0217302 0.0618803 0 -0.0232331 0.99944 -0.0236726 0 -0.0613324 -0.0250596 -0.997803 0 -0.207663 -0.574196 0.0447985 1 
-0.99783 -0.0220472 0.0618893 0 -0.023551 0.999433 -0.0236744 0 -0.0613335 -0.0250811 -0.997802 0 -0.207585 -0.574224 0.0447886 1 
-0.997826 -0.0222682 0.0618765 0 -0.0237731 0.999427 -0.0236909 0 -0.0613146 -0.0251109 -0.997803 0 -0.20748 -0.574266 0.0447884 1 
-0.99782 -0.0225588 0.061859 0 -0.0240623 0.999421 -0.0236689 0 -0.0612904 -0.0251063 -0.997804 0 -0.207362 -0.574301 0.0447684 1 
-0.997815 -0.0228382 0.0618464 0 -0.0243386 0.999415 -0.0236157 0 -0.0612721 -0.0250699 -0.997806 0 -0.20729 -0.574311 0.0447306 1 
-0.997812 -0.02303 0.0618239 0 -0.024526 0.999412 -0.0235492 0 -0.0612464 -0.0250144 -0.997809 0 -0.207241 -0.574306 0.0446805 1 
-0.997807 -0.0232823 0.0618016 0 -0.0247719 0.999409 -0.0234463 0 -0.0612203 -0.0249263 -0.997813 0 -0.207201 -0.574288 0.0446042 1 
-0.997803 -0.0235078 0.0617908 0 -0.0249942 0.999404 -0.0233936 0 -0.0612052 -0.0248871 -0.997815 0 -0.207187 -0.574273 0.0445362 1 
-0.997796 -0.0237424 0.0618006 0 -0.0252309 0.999398 -0.0234171 0 -0.0612086 -0.0249253 -0.997814 0 -0.207181 -0.574276 0.0444882 1 
-0.997792 -0.0240115 0.0617672 0 -0.0254924 0.999394 -0.0232992 0 -0.0611715 -0.0248228 -0.997819 0 -0.207166 -0.574242 0.04439 1 
-0.997787 -0.0242651 0.0617443 0 -0.0257395 0.99939 -0.0231968 0 -0.0611449 -0.0247352 -0.997822 0 -0.207173 -0.574203 0.0442693 1 
-0.997785 -0.0243298 0.0617517 0 -0.0258071 0.999387 -0.0232384 0 -0.0611497 -0.024781 -0.997821 0 -0.207186 -0.574194 0.0441788 1 
-0.997786 -0.0243452 0.0617374 0 -0.0258219 0.999387 -0.0232344 0 -0.061135 -0.0247776 -0.997822 0 -0.207176 -0.57418 0.0440855 1 
-0.997786 -0.0243757 0.0617281 0 -0.0258542 0.999385 -0.0232675 0 -0.0611242 -0.0248124 -0.997822 0 -0.207158 -0.574175 0.0439851 1 
-0.997785 -0.0244562 0.0617025 0 -0.0259355 0.999383 -0.0232882 0 -0.061096 -0.0248374 -0.997823 0 -0.207101 -0.574179 0.0438809 1 
-0.997782 -0.0245915 0.0617027 0 -0.0260729 0.999378 -0.0233186 0 -0.0610921 -0.0248761 -0.997822 0 -0.207025 -0.574196 0.0437848 1 
-0.997781 -0.0247179 0.0616624 0 -0.0261942 0.999377 -0.0232501 0 -0.0610504 -0.0248142 -0.997826 0 -0.206942 -0.574187 0.0436625 1 
-0.997783 -0.0248122 0.0615969 0 -0.0262762 0.999379 -0.023072 0 -0.0609873 -0.0246399 -0.997834 0 -0.20688 -0.574145 0.0435121 1 
-0.997787 -0.0248184 0.0615261 0 -0.0262696 0.999383 -0.0228909 0 -0.0609213 -0.024457 -0.997843 0 -0.206862 -0.574083 0.0433362 1 
-0.99779 -0.0247992 0.0614913 0 -0.0262446 0.999386 -0.0228093 0 -0.060889 -0.0243731 -0.997847 0 -0.206872 -0.57403 0.0431591 1 
-0.997791 -0.0247863 0.061479 0 -0.0262324 0.999386 -0.0228273 0 -0.0608766 -0.0243901 -0.997847 0 -0.206877 -0.574 0.0429855 1 
-0.997793 -0.0248342 0.0614305 0 -0.0262745 0.999386 -0.0227495 0 -0.060829 -0.0243138 -0.997852 0 -0.206847 -0.573956 0.0427749 1 
-0.997792 -0.0249148 0.0614151 0 -0.0263549 0.999384 -0.0227507 0 -0.0608116 -0.0243195 -0.997853 0 -0.206836 -0.573924 0.0425599 1 
-0.997788 -0.0250371 0.061424 0 -0.0264832 0.999379 -0.0228413 0 -0.0608152 -0.024418 -0.99785 0 -0.206843 -0.573902 0.0423383 1 
-0.997788 -0.0251189 0.0613897 0 -0.0265626 0.999377 -0.0228151 0 -0.0607796 -0.0243958 -0.997853 0 -0.206822 -0.573854 0.0420559 1 
-0.997789 -0.0251901 0.0613516 0 -0.0266301 0.999376 -0.0227661 0 -0.060741 -0.0243501 -0.997857 0 -0.206813 -0.57379 0.041715 1 
-0.997793 -0.0252107 0.0612711 0 -0.0266405 0.999379 -0.0226323 0 -0.0606637 -0.0242151 -0.997864 0 -0.206815 -0.573683 0.041295 1 
-0.997799 -0.0252467 0.0611555 0 -0.0266597 0.999384 -0.0223986 0 -0.0605535 -0.0239801 -0.997877 0 -0.206805 -0.573554 0.0408298 1 
-0.9978 -0.0254227 0.0610684 0 -0.0268226 0.999384 -0.0222142 0 -0.0604671 -0.0238038 -0.997886 0 -0.206817 -0.573435 0.0403636 1 
-0.997801 -0.02555 0.0609979 0 -0.0269439 0.999382 -0.0221393 0 -0.0603957 -0.0237346 -0.997892 0 -0.206866 -0.573338 0.0398859 1 
-0.997801 -0.0256076 0.0609786 0 -0.0270084 0.999378 -0.0222586 0 -0.0603718 -0.0238571 -0.997891 0 -0.206907 -0.573278 0.0393836 1 
-0.997795 -0.0256305 0.0610587 0 -0.0270612 0.999366 -0.0227216 0 -0.0604388 -0.0243243 -0.997875 0 -0.206964 -0.573268 0.0388787 1 
-0.997789 -0.0256779 0.0611512 0 -0.0271415 0.999352 -0.0232246 0 -0.0605163 -0.0248335 -0.997858 0 -0.207029 -0.57326 0.0383891 1 
-0.997785 -0.0257641 0.0611744 0 -0.0272456 0.999343 -0.0235072 0 -0.0605297 -0.0251224 -0.99785 0 -0.207061 -0.573222 0.0378939 1 
-0.997781 -0.0258611 0.0611927 0 -0.0273587 0.999334 -0.0237644 0 -0.0605385 -0.0253864 -0.997843 0 -0.207084 -0.573175 0.0373447 1 
-0.997772 -0.0259382 0.0613033 0 -0.027476 0.999316 -0.0243772 0 -0.0606302 -0.0260078 -0.997821 0 -0.207117 -0.573189 0.0368035 1 
-0.997764 -0.0260861 0.0613762 0 -0.027659 0.999297 -0.024918 0 -0.0606842 -0.0265604 -0.997804 0 -0.207086 -0.573215 0.0363092 1 
-0.997758 -0.0263212 0.0613817 0 -0.0279096 0.999284 -0.0251646 0 -0.0606765 -0.0268218 -0.997797 0 -0.206977 -0.57321 0.0358129 1 
-0.997754 -0.0264842 0.061366 0 -0.0280812 0.999276 -0.0253091 0 -0.0606524 -0.0269761 -0.997794 0 -0.20691 -0.573176 0.0353638 1 
-0.997751 -0.0266583 0.0613492 0 -0.0282614 0.999268 -0.0254131 0 -0.060628 -0.0270903 -0.997793 0 -0.206865 -0.573122 0.0348867 1 
-0.997746 -0.0268369 0.061342 0 -0.0284468 0.99926 -0.0255234 0 -0.0606127 -0.0272114 -0.99779 0 -0.206849 -0.573065 0.034448 1 
-0.997742 -0.0270341 0.0613174 0 -0.0286441 0.999254 -0.025532 0 -0.0605826 -0.0272313 -0.997792 0 -0.206833 -0.572998 0.0340614 1 
-0.997736 -0.0273607 0.061275 0 -0.0289656 0.999246 -0.0254594 0 -0.0605334 -0.0271772 -0.997796 0 -0.2068 -0.572924 0.0336915 1 
-0.997728 -0.0277983 0.0612105 0 -0.0293914 0.999239 -0.0252804 0 -0.0604623 -0.0270225 -0.997805 0 -0.206769 -0.572836 0.0333536 1 
-0.997722 -0.0281759 0.0611374 0 -0.029754 0.999233 -0.025058 0 -0.0603857 -0.0268205 -0.997815 0 -0.206763 -0.572743 0.0330848 1 
-0.997711 -0.0287368 0.0610581 0 -0.0302978 0.999224 -0.0247959 0 -0.0602993 -0.0265896 -0.997826 0 -0.206755 -0.572644 0.0328154 1 
-0.997701 -0.0291913 0.0610005 0 -0.0307397 0.999215 -0.0246004 0 -0.0602357 -0.0264195 -0.997834 0 -0.206745 -0.572579 0.0326461 1 
-0.997694 -0.0295025 0.0609625 0 -0.0310421 0.999209 -0.0244633 0 -0.0601937 -0.0262998 -0.99784 0 -0.206747 -0.572529 0.0325297 1 
-0.997686 -0.0298228 0.060949 0 -0.0313566 0.999202 -0.0243646 0 -0.0601749 -0.0262199 -0.997843 0 -0.206766 -0.572494 0.0324656 1 
-0.997676 -0.030117 0.0609631 0 -0.0316496 0.999193 -0.0243318 0 -0.0601823 -0.0262052 -0.997843 0 -0.206814 -0.572473 0.0324492 1 
-0.997671 -0.0302586 0.0609707 0 -0.0317907 0.999189 -0.0243173 0 -0.0601866 -0.0261994 -0.997843 0 -0.20688 -0.572447 0.0324454 1 
-0.997672 -0.0302726 0.0609483 0 -0.0318008 0.99919 -0.0242607 0 -0.0601657 -0.026143 -0.997846 0 -0.20693 -0.572409 0.0324147 1 
-0.997674 -0.0302817 0.0609164 0 -0.0318034 0.999192 -0.0241668 0 -0.0601365 -0.0260484 -0.99785 0 -0.206946 -0.572373 0.0323521 1 
-0.997676 -0.0302829 0.0608802 0 -0.0317979 0.999195 -0.0240717 0 -0.0601033 -0.0259522 -0.997855 0 -0.206944 -0.57234 0.0322874 1 
-0.99768 -0.0302928 0.0608134 0 -0.0317962 0.999199 -0.0239076 0 -0.0600416 -0.0257863 -0.997863 0 -0.206924 -0.572289 0.0321786 1 
-0.997685 -0.0302965 0.0607201 0 -0.0317829 0.999205 -0.0236652 0 -0.059956 -0.0255408 -0.997874 0 -0.206899 -0.572213 0.0320149 1 
-0.997691 -0.0303148 0.0606181 0 -0.0317837 0.999211 -0.0234158 0 -0.0598616 -0.0252889 -0.997886 0 -0.206867 -0.572131 0.0318112 1 
-0.997697 -0.0303105 0.0605258 0 -0.0317647 0.999216 -0.0232085 0 -0.059776 -0.0250781 -0.997897 0 -0.206848 -0.572043 0.0315517 1 
-0.997706 -0.0302789 0.0603885 0 -0.0317111 0.999225 -0.0229005 0 -0.0596494 -0.0247635 -0.997912 0 -0.206828 -0.571914 0.0312046 1 
-0.997716 -0.0302728 0.0602195 0 -0.0316792 0.999234 -0.0225381 0 -0.0594923 -0.0243948 -0.997931 0 -0.206791 -0.571756 0.0307487 1 
-0.997727 -0.0302597 0.060045 0 -0.0316405 0.999244 -0.0221804 0 -0.0593296 -0.0240303 -0.997949 0 -0.206759 -0.571577 0.0301886 1 
-0.997737 -0.0302024 0.05991 0 -0.0315716 0.999249 -0.0220408 0 -0.0592005 -0.0238828 -0.99796 0 -0.206748 -0.571408 0.0295088 1 
-0.997745 -0.0301296 0.0598151 0 -0.0314984 0.99925 -0.0220747 0 -0.0591063 -0.0239094 -0.997965 0 -0.206748 -0.571252 0.0287282 1 
-0.997745 -0.0300694 0.0598491 0 -0.0314682 0.99924 -0.022568 0 -0.0591262 -0.0244009 -0.997952 0 -0.206766 -0.571203 0.0279082 1 
-0.997739 -0.0300339 0.0599632 0 -0.0314785 0.999223 -0.0232942 0 -0.0592182 -0.0251295 -0.997929 0 -0.206808 -0.571257 0.0270942 1 
-0.997731 -0.0300073 0.0601113 0 -0.0315102 0.999201 -0.0242118 0 -0.0593378 -0.0260515 -0.997898 0 -0.206836 -0.571382 0.0260808 1 
-0.997733 -0.0299051 0.0601317 0 -0.0314364 0.999191 -0.0246834 0 -0.0593461 -0.0265182 -0.997885 0 -0.206823 -0.571422 0.0250187 1 
-0.997734 -0.0296942 0.0602146 0 -0.0312668 0.99918 -0.0253435 0 -0.0594138 -0.0271693 -0.997864 0 -0.206868 -0.571547 0.023905 1 
-0.997738 -0.0295226 0.0602346 0 -0.031124 0.999172 -0.0258232 0 -0.0594235 -0.02764 -0.99785 0 -0.20693 -0.571636 0.0227866 1 
-0.997752 -0.0293405 0.0600929 0 -0.0309369 0.999178 -0.0258092 0 -0.0592874 -0.0276108 -0.997859 0 -0.206919 -0.571596 0.0215134 1 
-0.997764 -0.0291116 0.06001 0 -0.0307143 0.999181 -0.0259599 0 -0.0592063 -0.0277455 -0.99786 0 -0.206907 -0.571625 0.0203162 1 
-0.997776 -0.0288739 0.0599245 0 -0.030478 0.999187 -0.026029 0 -0.0591254 -0.027798 -0.997863 0 -0.206927 -0.57166 0.0192517 1 
-0.997786 -0.0287672 0.0597957 0 -0.0303621 0.999193 -0.025938 0 -0.0590024 -0.0276966 -0.997874 0 -0.206918 -0.571655 0.0182909 1 
-0.99779 -0.0287399 0.0597476 0 -0.0303394 0.999191 -0.0260375 0 -0.0589521 -0.0277932 -0.997874 0 -0.206912 -0.571717 0.0175008 1 
-0.997798 -0.0286605 0.0596588 0 -0.0302533 0.999195 -0.0259678 0 -0.0588677 -0.027716 -0.997881 0 -0.206906 -0.571774 0.0168413 1 
-0.997809 -0.0285905 0.0595054 0 -0.0301598 0.999206 -0.025643 0 -0.0587262 -0.0273821 -0.997899 0 -0.206891 -0.571794 0.0161745 1 
-0.997815 -0.0285959 0.0593957 0 -0.0301486 0.999213 -0.0254116 0 -0.0586234 -0.0271473 -0.997911 0 -0.206902 -0.571839 0.015502 1 
-0.997819 -0.0286262 0.0593106 0 -0.0301662 0.999217 -0.0252351 0 -0.0585429 -0.0269698 -0.997921 0 -0.206936 -0.571909 0.0148255 1 
-0.997826 -0.0286844 0.0591691 0 -0.0302022 0.999224 -0.0249189 0 -0.0584095 -0.0266523 -0.997937 0 -0.206937 -0.571954 0.0140919 1 
-0.997829 -0.0287472 0.0590837 0 -0.0302563 0.999225 -0.0248078 0 -0.0583258 -0.0265421 -0.997945 0 -0.206943 -0.572036 0.0133308 1 
-0.997833 -0.028774 0.0590026 0 -0.0302748 0.999227 -0.0247014 0 -0.0582474 -0.0264347 -0.997952 0 -0.206974 -0.572087 0.0124857 1 
-0.997838 -0.0288109 0.0588985 0 -0.0303046 0.999228 -0.0246256 0 -0.0581447 -0.0263578 -0.99796 0 -0.206974 -0.572099 0.0115391 1 
-0.997839 -0.0288474 0.0588708 0 -0.030352 0.999221 -0.0248245 0 -0.05811 -0.0265582 -0.997957 0 -0.206957 -0.572088 0.0105384 1 
-0.997834 -0.028832 0.0589656 0 -0.0303755 0.999205 -0.0254489 0 -0.058186 -0.0271854 -0.997936 0 -0.206982 -0.572123 0.00961073 1 
-0.997828 -0.0288207 0.0590728 0 -0.0304103 0.999185 -0.0261882 0 -0.058271 -0.0279283 -0.99791 0 -0.206998 -0.572146 0.00868448 1 
-0.997827 -0.0287997 0.0591034 0 -0.0304155 0.999173 -0.0266223 0 -0.058289 -0.0283627 -0.997897 0 -0.207007 -0.572123 0.0078336 1 
-0.997825 -0.028758 0.0591526 0 -0.030399 0.999163 -0.0270307 0 -0.0583269 -0.0287707 -0.997883 0 -0.207047 -0.572166 0.00711983 1 
-0.997827 -0.0287305 0.0591282 0 -0.0303736 0.999162 -0.0270783 0 -0.0583018 -0.028816 -0.997883 0 -0.207097 -0.57223 0.00651754 1 
-0.997836 -0.0287273 0.0589745 0 -0.0303432 0.999174 -0.0266881 0 -0.0581602 -0.0284204 -0.997903 0 -0.207117 -0.572233 0.00590805 1 
-0.997843 -0.0287689 0.0588486 0 -0.0303612 0.999182 -0.0263449 0 -0.0580437 -0.0280753 -0.997919 0 -0.207132 -0.572282 0.00534989 1 
-0.997849 -0.0287922 0.0587325 0 -0.0303616 0.999191 -0.0260057 0 -0.0579374 -0.0277335 -0.997935 0 -0.207168 -0.572368 0.0047915 1 
-0.997857 -0.0288227 0.0585748 0 -0.0303606 0.999203 -0.0255367 0 -0.0577932 -0.0272609 -0.997956 0 -0.207192 -0.572409 0.00418521 1 
-0.997867 -0.0288376 0.0583955 0 -0.0303404 0.999217 -0.0250134 0 -0.0576295 -0.0267323 -0.99798 0 -0.207222 -0.572418 0.00353228 1 
-0.997876 -0.028845 0.0582418 0 -0.0303201 0.999228 -0.0246045 0 -0.0574882 -0.0263186 -0.997999 0 -0.207257 -0.572467 0.0028615 1 
-0.997883 -0.0288821 0.0581019 0 -0.0303326 0.999236 -0.0242388 0 -0.0573586 -0.0259503 -0.998016 0 -0.207278 -0.572539 0.00218985 1 
-0.997895 -0.0288768 0.0578944 0 -0.0302878 0.999252 -0.0236438 0 -0.0571694 -0.025348 -0.998043 0 -0.207295 -0.572513 0.00145079 1 
-0.997907 -0.0288752 0.0576995 0 -0.030252 0.999265 -0.0231315 0 -0.0569902 -0.0248291 -0.998066 0 -0.207307 -0.572463 0.000714034 1 
-0.997912 -0.0289202 0.0575916 0 -0.0302855 0.999268 -0.0229764 0 -0.056886 -0.0246731 -0.998076 0 -0.207306 -0.572462 -7.0479e-05 1 
-0.997917 -0.0289632 0.0574723 0 -0.0303152 0.999271 -0.0227945 0 -0.0567713 -0.0244898 -0.998087 0 -0.207288 -0.572424 -0.000839092 1 
-0.997923 -0.0289835 0.0573676 0 -0.0303255 0.999274 -0.0226618 0 -0.0566702 -0.0243549 -0.998096 0 -0.207274 -0.572368 -0.00159569 1 
-0.997924 -0.0290214 0.0573289 0 -0.030368 0.99927 -0.0227592 0 -0.0566277 -0.0244533 -0.998096 0 -0.207266 -0.572349 -0.00232859 1 
-0.997922 -0.0290336 0.0573552 0 -0.0304006 0.999261 -0.0231071 0 -0.0566431 -0.0248032 -0.998086 0 -0.207264 -0.572349 -0.00302695 1 
-0.997913 -0.0290679 0.057488 0 -0.0304803 0.999241 -0.023846 0 -0.0567523 -0.025549 -0.998061 0 -0.207269 -0.572418 -0.00382154 1 
-0.997909 -0.0291125 0.0575347 0 -0.0305496 0.999229 -0.0242589 0 -0.0567852 -0.0259664 -0.998049 0 -0.207264 -0.572453 -0.00459892 1 
-0.997904 -0.0291293 0.057621 0 -0.0305986 0.999215 -0.0247829 0 -0.0568549 -0.0264945 -0.998031 0 -0.207297 -0.572556 -0.00538318 1 
-0.9979 -0.0291749 0.0576563 0 -0.0306671 0.999203 -0.0251664 0 -0.0568772 -0.0268823 -0.998019 0 -0.207306 -0.572656 -0.00623108 1 
-0.997898 -0.0292381 0.0576606 0 -0.0307414 0.999196 -0.0253579 0 -0.0568739 -0.0270777 -0.998014 0 -0.207328 -0.572758 -0.00710952 1 
-0.997908 -0.0292214 0.0575095 0 -0.030703 0.999205 -0.0250501 0 -0.0567328 -0.0267639 -0.998031 0 -0.207382 -0.572782 -0.00816802 1 
-0.997919 -0.0292591 0.0572889 0 -0.0307053 0.999218 -0.0245291 0 -0.0565274 -0.0262376 -0.998056 0 -0.207403 -0.572802 -0.00920863 1 
-0.997933 -0.0293436 0.0569989 0 -0.0307387 0.999235 -0.0237557 0 -0.0562593 -0.0254592 -0.998092 0 -0.207392 -0.572769 -0.0103726 1 
-0.997945 -0.0293771 0.0567679 0 -0.0307346 0.999249 -0.0231901 0 -0.0560451 -0.0248876 -0.998118 0 -0.207409 -0.57277 -0.0114583 1 
-0.997957 -0.0294513 0.0565231 0 -0.0307691 0.999262 -0.0225878 0 -0.0558172 -0.0242812 -0.998146 0 -0.207393 -0.572742 -0.0124913 1 
-0.997964 -0.0294713 0.0563874 0 -0.0307688 0.999269 -0.0222808 0 -0.0556906 -0.0239709 -0.99816 0 -0.207415 -0.572752 -0.0133503 1 
-0.99797 -0.0294881 0.0562786 0 -0.0307701 0.999274 -0.0220491 0 -0.0555886 -0.0237365 -0.998172 0 -0.207443 -0.572785 -0.0141066 1 
-0.997973 -0.0294971 0.0562215 0 -0.0307736 0.999275 -0.0219744 0 -0.0555336 -0.0236605 -0.998176 0 -0.207479 -0.57286 -0.0147654 1 
-0.997978 -0.0295209 0.056124 0 -0.0307818 0.99928 -0.0217359 0 -0.055443 -0.02342 -0.998187 0 -0.20751 -0.572909 -0.0154447 1 
-0.997983 -0.0295109 0.0560358 0 -0.0307569 0.999286 -0.0215032 0 -0.0553623 -0.0231838 -0.998197 0 -0.207568 -0.57297 -0.0160858 1 
-0.99799 -0.0294998 0.0559157 0 -0.0307265 0.999293 -0.0212065 0 -0.0552517 -0.0228824 -0.99821 0 -0.20761 -0.573013 -0.0167599 1 
-0.997994 -0.0295358 0.0558228 0 -0.0307504 0.999296 -0.0210249 0 -0.0551635 -0.0226997 -0.998219 0 -0.207643 -0.5731 -0.0175485 1 
-0.997986 -0.0296002 0.0559273 0 -0.030845 0.999283 -0.0215266 0 -0.0552511 -0.0232087 -0.998203 0 -0.207704 -0.573398 -0.0183132 1 
-0.997976 -0.0297448 0.0560429 0 -0.0310212 0.999266 -0.0220455 0 -0.0553471 -0.0237398 -0.998185 0 -0.207737 -0.573735 -0.0190959 1 
-0.997967 -0.0298942 0.0561205 0 -0.0311948 0.999252 -0.0224447 0 -0.0554086 -0.0241502 -0.998172 0 -0.207766 -0.57406 -0.0199991 1 
-0.997956 -0.030099 0.0562103 0 -0.031426 0.999235 -0.022876 0 -0.0554798 -0.0245962 -0.998157 0 -0.207756 -0.574407 -0.020869 1 
-0.997938 -0.0303396 0.0563997 0 -0.0317117 0.999209 -0.0235936 0 -0.0556403 -0.025334 -0.998129 0 -0.207754 -0.574849 -0.0216886 1 
-0.99792 -0.0305132 0.0566124 0 -0.0319339 0.999183 -0.0243623 0 -0.0558239 -0.02612 -0.998099 0 -0.207783 -0.575334 -0.022388 1 
-0.997883 -0.0304436 0.0572939 0 -0.0320025 0.999127 -0.0264906 0 -0.0564385 -0.0282686 -0.998006 0 -0.207962 -0.576271 -0.0225791 1 
-0.997859 -0.030631 0.057618 0 -0.0322734 0.999083 -0.0277938 0 -0.0567149 -0.0295944 -0.997952 0 -0.207944 -0.577127 -0.0224809 1 
-0.997823 -0.0310605 0.0580079 0 -0.0327617 0.999044 -0.0286109 0 -0.0570648 -0.0304497 -0.997906 0 -0.207871 -0.577845 -0.0225022 1 
-0.99779 -0.0313105 0.0584462 0 -0.0330857 0.999003 -0.0296555 0 -0.0574605 -0.0315243 -0.99785 0 -0.207913 -0.578654 -0.0224296 1 
-0.997762 -0.0314097 0.0588593 0 -0.033261 0.998964 -0.0307403 0 -0.0578339 -0.0326299 -0.997793 0 -0.207985 -0.579475 -0.0223801 1 
-0.997735 -0.0315095 0.0592639 0 -0.0334384 0.998924 -0.0318418 0 -0.0581979 -0.033752 -0.997734 0 -0.208016 -0.580304 -0.0222894 1 
-0.997709 -0.0316169 0.0596507 0 -0.0336157 0.998887 -0.0328071 0 -0.0585482 -0.0347378 -0.99768 0 -0.20803 -0.58106 -0.0222495 1 
-0.997679 -0.0318011 0.0600436 0 -0.0338741 0.998844 -0.0338289 0 -0.0588995 -0.0357851 -0.997622 0 -0.208067 -0.58185 -0.0221965 1 
-0.997652 -0.0319776 0.060405 0 -0.0341189 0.998804 -0.0347552 0 -0.0592225 -0.0367353 -0.997569 0 -0.20809 -0.5826 -0.0221707 1 
-0.99763 -0.0320621 0.0607155 0 -0.0342622 0.998771 -0.035547 0 -0.0595023 -0.0375438 -0.997522 0 -0.208077 -0.583277 -0.0221622 1 
-0.997613 -0.0320786 0.0609957 0 -0.0343314 0.998743 -0.0362505 0 -0.0597573 -0.0382588 -0.997479 0 -0.208091 -0.5839 -0.0221526 1 
-0.997594 -0.0321565 0.0612592 0 -0.0344599 0.998714 -0.0369236 0 -0.0599943 -0.0389465 -0.997439 0 -0.208132 -0.58452 -0.0221576 1 
-0.997576 -0.0322151 0.0615161 0 -0.0345694 0.998685 -0.0375972 0 -0.0602252 -0.0396334 -0.997398 0 -0.208147 -0.585151 -0.0221803 1 
-0.997564 -0.0321479 0.0617587 0 -0.0345491 0.998663 -0.0382139 0 -0.0604488 -0.0402553 -0.997359 0 -0.208158 -0.585777 -0.0221764 1 
-0.99755 -0.0321391 0.0619762 0 -0.0345818 0.998641 -0.0387509 0 -0.0606477 -0.0408 -0.997325 0 -0.208152 -0.58636 -0.0221712 1 
-0.997538 -0.0321447 0.0621787 0 -0.0346239 0.998621 -0.0392137 0 -0.0608337 -0.0412708 -0.997294 0 -0.208158 -0.586902 -0.0221656 1 
-0.997526 -0.0321342 0.0623755 0 -0.0346507 0.998601 -0.0396908 0 -0.061014 -0.0417548 -0.997263 0 -0.208177 -0.587413 -0.022168 1 
-0.997516 -0.0321179 0.0625354 0 -0.0346623 0.998587 -0.0400356 0 -0.0611624 -0.0421046 -0.997239 0 -0.208178 -0.587895 -0.0221966 1 
-0.997506 -0.0321237 0.0626967 0 -0.0346975 0.998571 -0.0404029 0 -0.0613104 -0.0424783 -0.997214 0 -0.208173 -0.588384 -0.022238 1 
-0.997497 -0.0321205 0.0628397 0 -0.0347219 0.998556 -0.0407531 0 -0.0614412 -0.0428338 -0.997191 0 -0.208182 -0.588787 -0.022278 1 
-0.997487 -0.0320068 0.0630554 0 -0.0346493 0.998538 -0.0412679 0 -0.0616435 -0.0433498 -0.997156 0 -0.208195 -0.589431 -0.0223588 1 
-0.997474 -0.0319998 0.0632709 0 -0.0346828 0.998515 -0.0417713 0 -0.0618415 -0.043861 -0.997122 0 -0.208213 -0.590046 -0.0224441 1 
-0.99746 -0.0320416 0.0634562 0 -0.0347557 0.998497 -0.0421379 0 -0.0620119 -0.0442372 -0.997095 0 -0.20822 -0.590607 -0.0225318 1 
-0.997452 -0.0320255 0.0636 0 -0.034764 0.998485 -0.0424279 0 -0.0621461 -0.0445316 -0.997073 0 -0.208212 -0.591169 -0.0225579 1 
-0.997445 -0.0319168 0.0637668 0 -0.0346817 0.998475 -0.0427324 0 -0.0623069 -0.0448356 -0.997049 0 -0.208224 -0.591753 -0.0225814 1 
-0.997433 -0.0319065 0.0639604 0 -0.0347035 0.998458 -0.0431067 0 -0.0624876 -0.0452165 -0.997021 0 -0.208243 -0.5924 -0.0225833 1 
-0.997419 -0.0319141 0.0641686 0 -0.0347472 0.998438 -0.0435302 0 -0.0626803 -0.0456484 -0.996989 0 -0.20825 -0.593087 -0.022559 1 
-0.997408 -0.0318213 0.0643884 0 -0.03469 0.998422 -0.0439365 0 -0.0628899 -0.0460572 -0.996957 0 -0.208272 -0.593826 -0.0225169 1 
-0.997398 -0.031726 0.0645911 0 -0.0346276 0.998408 -0.0443101 0 -0.0630837 -0.0464324 -0.996928 0 -0.208319 -0.594522 -0.0224723 1 
-0.997381 -0.0318583 0.0647782 0 -0.0347837 0.998392 -0.0445446 0 -0.0632561 -0.0466821 -0.996905 0 -0.208364 -0.595293 -0.0224016 1 
-0.997371 -0.0320003 0.0648743 0 -0.0349231 0.998392 -0.0444306 0 -0.0633494 -0.0465803 -0.996904 0 -0.208384 -0.595975 -0.0223263 1 
-0.997363 -0.0320466 0.064972 0 -0.034967 0.998396 -0.0443197 0 -0.0634487 -0.0464756 -0.996902 0 -0.2084 -0.596722 -0.0222707 1 
-0.997351 -0.0320974 0.065129 0 -0.0350304 0.99839 -0.0444028 0 -0.0636001 -0.0465676 -0.996888 0 -0.208405 -0.597533 -0.0222399 1 
-0.99734 -0.0321904 0.0652478 0 -0.0351266 0.998388 -0.0443639 0 -0.0637158 -0.0465387 -0.996882 0 -0.208404 -0.598309 -0.0222261 1 
-0.997337 -0.0322967 0.0652384 0 -0.0352054 0.998404 -0.0439394 0 -0.0637164 -0.0461201 -0.996902 0 -0.208384 -0.598893 -0.0222291 1 
-0.997335 -0.0324644 0.065187 0 -0.0353308 0.998427 -0.0433116 0 -0.0636796 -0.0455002 -0.996933 0 -0.208384 -0.599426 -0.022237 1 
-0.997333 -0.0325953 0.0651522 0 -0.0354279 0.998445 -0.042805 0 -0.0636569 -0.0449999 -0.996957 0 -0.208407 -0.599951 -0.0222353 1 
-0.997339 -0.0326144 0.0650541 0 -0.0353988 0.998476 -0.0421167 0 -0.0635826 -0.0443083 -0.996992 0 -0.208406 -0.600356 -0.0222322 1 
-0.997344 -0.0325815 0.0649949 0 -0.0353273 0.998502 -0.0415542 0 -0.0635448 -0.0437408 -0.99702 0 -0.20843 -0.600751 -0.022144 1 
-0.997346 -0.0325025 0.0650088 0 -0.0352334 0.998515 -0.041311 0 -0.0635708 -0.0434927 -0.997029 0 -0.208464 -0.601166 -0.0219371 1 
-0.997363 -0.032361 0.0648076 0 -0.0350209 0.998563 -0.0403348 0 -0.0634104 -0.0424989 -0.997082 0 -0.208445 -0.601303 -0.0217848 1 
-0.997391 -0.0322557 0.0644295 0 -0.0348055 0.998629 -0.0388521 0 -0.0630891 -0.040994 -0.997166 0 -0.20844 -0.601192 -0.0217464 1 
-0.99741 -0.0320381 0.064254 0 -0.0345369 0.998665 -0.0381638 0 -0.0629468 -0.0402849 -0.997204 0 -0.208465 -0.601162 -0.0217044 1 
-0.997422 -0.0317618 0.0641948 0 -0.0342458 0.998682 -0.0379715 0 -0.0629054 -0.0400728 -0.997215 0 -0.208478 -0.601146 -0.0216678 1 
-0.997431 -0.0315356 0.0641707 0 -0.0340166 0.998691 -0.0379452 0 -0.0628913 -0.0400313 -0.997217 0 -0.208473 -0.601137 -0.0216609 1 
-0.997437 -0.0313729 0.0641537 0 -0.0338526 0.998697 -0.0379369 0 -0.0628811 -0.0400122 -0.997219 0 -0.208452 -0.601138 -0.0216576 1 
-0.997439 -0.0313692 0.0641219 0 -0.0338414 0.998701 -0.0378385 0 -0.0628529 -0.0399124 -0.997224 0 -0.208385 -0.601138 -0.0216366 1 
-0.997442 -0.0313177 0.0640976 0 -0.0337797 0.998709 -0.0376928 0 -0.0628356 -0.0397623 -0.997231 0 -0.20837 -0.601106 -0.0216129 1 
-0.997446 -0.0312066 0.0641001 0 -0.0336679 0.998713 -0.0376826 0 -0.0628429 -0.0397452 -0.997232 0 -0.208413 -0.60109 -0.021546 1 
-0.997446 -0.0311775 0.0641074 0 -0.0336403 0.998713 -0.0377035 0 -0.0628505 -0.0397646 -0.99723 0 -0.208418 -0.601067 -0.0214519 1 
-0.997444 -0.0311166 0.0641777 0 -0.0335884 0.998711 -0.0378017 0 -0.06292 -0.0398615 -0.997222 0 -0.208466 -0.601066 -0.0213008 1 
-0.997446 -0.0309803 0.0641985 0 -0.0334563 0.998713 -0.0378579 0 -0.0629443 -0.0399098 -0.997219 0 -0.208543 -0.601065 -0.0210656 1 
-0.997451 -0.0309843 0.0641228 0 -0.0334366 0.998726 -0.0375294 0 -0.0628795 -0.0395785 -0.997236 0 -0.20852 -0.600979 -0.0208311 1 
-0.997455 -0.0309824 0.064063 0 -0.0334182 0.998735 -0.0373056 0 -0.0628273 -0.0393522 -0.997248 0 -0.208487 -0.600882 -0.0205909 1 
-0.997461 -0.0309231 0.0639999 0 -0.033338 0.998749 -0.0370142 0 -0.0627764 -0.0390546 -0.997263 0 -0.208478 -0.600722 -0.0203263 1 
-0.99747 -0.0308414 0.0638955 0 -0.0332301 0.998765 -0.036665 0 -0.062687 -0.0386962 -0.997283 0 -0.208451 -0.600472 -0.0200425 1 
-0.997477 -0.0307663 0.0638283 0 -0.033141 0.998775 -0.0364851 0 -0.0626288 -0.0385091 -0.997294 0 -0.208423 -0.60025 -0.0197127 1 
-0.997481 -0.0307287 0.0637881 0 -0.0330967 0.998779 -0.0364026 0 -0.0625928 -0.0384228 -0.997299 0 -0.208365 -0.600042 -0.0193334 1 
-0.997484 -0.0306833 0.0637627 0 -0.0330432 0.998785 -0.0362912 0 -0.0625729 -0.0383075 -0.997305 0 -0.208317 -0.599793 -0.0189796 1 
-0.99749 -0.0305743 0.0637172 0 -0.0329275 0.998792 -0.0362144 0 -0.0625342 -0.0382223 -0.997311 0 -0.20829 -0.599534 -0.0186135 1 
-0.997493 -0.0305071 0.063706 0 -0.0328599 0.998794 -0.0362165 0 -0.0625255 -0.0382199 -0.997311 0 -0.208248 -0.599316 -0.0181924 1 
-0.997495 -0.0304916 0.0636822 0 -0.0328473 0.998792 -0.0362778 0 -0.0625003 -0.0382795 -0.997311 0 -0.208184 -0.599158 -0.0178217 1 
-0.997489 -0.030654 0.0636859 0 -0.0330176 0.998782 -0.0363981 0 -0.0624938 -0.0384102 -0.997306 0 -0.208076 -0.599248 -0.0177743 1 
-0.997483 -0.030706 0.0637679 0 -0.0330767 0.998778 -0.0364594 0 -0.0625716 -0.0384776 -0.997298 0 -0.208085 -0.599345 -0.0178377 1 
-0.997484 -0.0306452 0.0637771 0 -0.0330194 0.998778 -0.0365124 0 -0.0625814 -0.0385271 -0.997296 0 -0.208126 -0.59936 -0.0178115 1 
-0.997483 -0.0306744 0.0637713 0 -0.0330475 0.998778 -0.0364974 0 -0.062575 -0.0385138 -0.997297 0 -0.208103 -0.599356 -0.0178124 1 
-0.997483 -0.0306881 0.0637772 0 -0.0330611 0.998777 -0.0364912 0 -0.0625806 -0.0385086 -0.997297 0 -0.208101 -0.599354 -0.0178099 1 
-0.997483 -0.0306729 0.0637714 0 -0.0330455 0.998778 -0.0364883 0 -0.0625754 -0.0385046 -0.997297 0 -0.208106 -0.599349 -0.0178072 1 
-0.997483 -0.0306887 0.0637673 0 -0.0330604 0.998778 -0.0364767 0 -0.0625712 -0.0384938 -0.997298 0 -0.20809 -0.599337 -0.0177958 1 
-0.997483 -0.0306989 0.0637714 0 -0.0330707 0.998778 -0.0364763 0 -0.0625748 -0.0384941 -0.997298 0 -0.208086 -0.599336 -0.0177895 1 
-0.997483 -0.0306905 0.0637703 0 -0.0330621 0.998778 -0.0364723 0 -0.0625742 -0.0384896 -0.997298 0 -0.208093 -0.599332 -0.017789 1 
-0.997482 -0.0307065 0.0637694 0 -0.0330785 0.998777 -0.0364794 0 -0.0625724 -0.0384977 -0.997298 0 -0.208078 -0.599339 -0.0177849 1 
-0.997483 -0.0306837 0.0637732 0 -0.0330571 0.998777 -0.0365002 0 -0.0625764 -0.0385172 -0.997297 0 -0.20808 -0.599347 -0.0177749 1 
-0.997483 -0.030646 0.0637858 0 -0.0330213 0.998777 -0.036522 0 -0.0625898 -0.0385372 -0.997295 0 -0.208095 -0.599355 -0.0177603 1 
-0.997483 -0.0306259 0.0637983 0 -0.0330043 0.998776 -0.0365648 0 -0.0626017 -0.0385791 -0.997293 0 -0.208105 -0.599376 -0.0177472 1 
-0.997481 -0.0305975 0.0638422 0 -0.0329852 0.998773 -0.036686 0 -0.0626426 -0.0387002 -0.997285 0 -0.208121 -0.599437 -0.0177001 1 
-0.997482 -0.0304029 0.0639279 0 -0.0328136 0.998767 -0.0370035 0 -0.0627252 -0.0390087 -0.997268 0 -0.208154 -0.59958 -0.0175519 1 
-0.99748 -0.0301666 0.0640662 0 -0.0326082 0.998758 -0.0374134 0 -0.0628592 -0.039409 -0.997244 0 -0.208174 -0.599784 -0.0173361 1 
-0.997481 -0.0300641 0.0640908 0 -0.0325048 0.998762 -0.0373853 0 -0.0628887 -0.0393751 -0.997244 0 -0.208204 -0.59992 -0.0170418 1 
-0.99749 -0.0300894 0.0639413 0 -0.0324807 0.998789 -0.0366931 0 -0.062761 -0.0386786 -0.997279 0 -0.208187 -0.599926 -0.0166257 1 
-0.997498 -0.0300654 0.0638276 0 -0.0324121 0.998814 -0.0360538 0 -0.0626692 -0.0380331 -0.997309 0 -0.208206 -0.599924 -0.016159 1 
-0.997517 -0.0300561 0.063532 0 -0.0323126 0.998862 -0.034794 0 -0.0624151 -0.0367612 -0.997373 0 -0.208196 -0.599872 -0.0154998 1 
-0.99754 -0.0301541 0.0631348 0 -0.0322871 0.998923 -0.0330415 0 -0.0620717 -0.0349994 -0.997458 0 -0.208116 -0.599737 -0.0148626 1 
-0.99755 -0.0301642 0.0629675 0 -0.0322299 0.998957 -0.032052 0 -0.0619361 -0.0340036 -0.997501 0 -0.208123 -0.599761 -0.0140953 1 
-0.997562 -0.0301427 0.0627806 0 -0.0321416 0.99899 -0.0310752 0 -0.0617817 -0.033018 -0.997543 0 -0.208137 -0.599766 -0.0133441 1 
-0.997566 -0.0301686 0.0627117 0 -0.0321321 0.999007 -0.0305409 0 -0.0617293 -0.0324823 -0.997564 0 -0.208133 -0.599841 -0.0125668 1 
-0.997561 -0.0302586 0.0627547 0 -0.0322144 0.999009 -0.030391 0 -0.0617741 -0.0323391 -0.997566 0 -0.208102 -0.600005 -0.0117492 1 
-0.997568 -0.030377 0.0625782 0 -0.0322664 0.999037 -0.0294065 0 -0.0616259 -0.0313547 -0.997607 0 -0.208012 -0.599967 -0.0109332 1 
-0.997574 -0.0304141 0.0624627 0 -0.0322561 0.999058 -0.0286962 0 -0.0615323 -0.030642 -0.997635 0 -0.207957 -0.599903 -0.0101044 1 
-0.997576 -0.0303504 0.0624632 0 -0.0321773 0.999068 -0.0284516 0 -0.0615426 -0.0303931 -0.997642 0 -0.20797 -0.599896 -0.00934251 1 
-0.997585 -0.0302802 0.0623613 0 -0.0320686 0.999087 -0.0278799 0 -0.0614613 -0.0298129 -0.997664 0 -0.207983 -0.599797 -0.00865049 1 
-0.997594 -0.0302807 0.0622126 0 -0.0320248 0.999106 -0.0272305 0 -0.0613336 -0.0291579 -0.997691 0 -0.20794 -0.599713 -0.00802795 1 
-0.997594 -0.0303709 0.0621613 0 -0.0320881 0.999116 -0.0268155 0 -0.0612931 -0.0287462 -0.997706 0 -0.207874 -0.599713 -0.00742988 1 
-0.997601 -0.0303698 0.0620519 0 -0.0320495 0.999132 -0.0262541 0 -0.0612019 -0.0281804 -0.997728 0 -0.207844 -0.599622 -0.0068876 1 
-0.997605 -0.0303343 0.0620134 0 -0.0319981 0.99914 -0.0260143 0 -0.0611721 -0.0279368 -0.997736 0 -0.20783 -0.599556 -0.00642081 1 
-0.997605 -0.0303081 0.0620259 0 -0.0319678 0.999143 -0.0259423 0 -0.0611876 -0.0278635 -0.997737 0 -0.207792 -0.599533 -0.00590427 1 
-0.997607 -0.030185 0.0620545 0 -0.0318431 0.999147 -0.0259063 0 -0.0612208 -0.0278208 -0.997736 0 -0.207774 -0.599492 -0.00534353 1 
-0.997606 -0.0300392 0.0621344 0 -0.0317074 0.999148 -0.0260382 0 -0.0613005 -0.0279466 -0.997728 0 -0.207794 -0.599453 -0.00465877 1 
-0.997609 -0.0297572 0.0622146 0 -0.0314408 0.999151 -0.0262599 0 -0.0613816 -0.0281537 -0.997717 0 -0.207779 -0.59943 -0.00386904 1 
-0.997608 -0.0293811 0.0624136 0 -0.031101 0.999148 -0.0267654 0 -0.0615752 -0.0286431 -0.997691 0 -0.20778 -0.599467 -0.00281776 1 
-0.997604 -0.0290408 0.0626435 0 -0.0308005 0.999143 -0.0273093 0 -0.0617979 -0.0291738 -0.997662 0 -0.207815 -0.599532 -0.00155012 1 
-0.997602 -0.0287581 0.0627968 0 -0.0305366 0.999144 -0.0275476 0 -0.061952 -0.0293998 -0.997646 0 -0.20784 -0.599578 -0.00019123 1 
-0.99762 -0.0285932 0.0625929 0 -0.0303047 0.999178 -0.0265659 0 -0.061783 -0.0284 -0.997685 0 -0.207769 -0.599394 0.000851738 1 
-0.99765 -0.0284446 0.0621862 0 -0.0300453 0.999227 -0.0249576 0 -0.0614294 -0.0267679 -0.997752 0 -0.207764 -0.599165 0.00092747 1 
-0.99766 -0.028144 0.0621482 0 -0.0297392 0.999238 -0.0248936 0 -0.0614014 -0.0266841 -0.997756 0 -0.207845 -0.599322 0.000635338 1 
-0.997666 -0.0281198 0.062067 0 -0.0297028 0.999243 -0.0247312 0 -0.0613258 -0.0265175 -0.997765 0 -0.207766 -0.599352 0.00039219 1 
-0.997665 -0.0280589 0.0621137 0 -0.0296471 0.999243 -0.0247971 0 -0.0613721 -0.0265812 -0.997761 0 -0.207703 -0.599389 0.000452992 1 
-0.997668 -0.0278418 0.0621638 0 -0.0294404 0.999245 -0.0249492 0 -0.0614235 -0.0267216 -0.997754 0 -0.207723 -0.599436 0.000569057 1 
-0.997671 -0.0277683 0.0621497 0 -0.0293635 0.999249 -0.0249015 0 -0.0614127 -0.0266689 -0.997756 0 -0.207731 -0.599394 0.000557135 1 
-0.997672 -0.0277374 0.0621467 0 -0.029334 0.999249 -0.0249279 0 -0.0614098 -0.0266933 -0.997756 0 -0.207719 -0.599405 0.000576573 1 
-0.997677 -0.0275441 0.0621453 0 -0.0291406 0.999255 -0.0249311 0 -0.0614135 -0.0266846 -0.997756 0 -0.207698 -0.599404 0.00057689 1 
-0.997679 -0.0274512 0.062164 0 -0.029051 0.999256 -0.0249788 0 -0.0614333 -0.0267273 -0.997753 0 -0.207712 -0.599417 0.000604913 1 
-0.997677 -0.0274336 0.062196 0 -0.0290393 0.999254 -0.0250617 0 -0.0614633 -0.0268101 -0.997749 0 -0.207726 -0.599448 0.000658725 1 
-0.997676 -0.027416 0.0622296 0 -0.0290286 0.999252 -0.0251589 0 -0.0614945 -0.0269074 -0.997745 0 -0.207722 -0.599485 0.000738088 1 
-0.997675 -0.0273928 0.0622487 0 -0.0290066 0.999253 -0.0251703 0 -0.0615139 -0.0269179 -0.997743 0 -0.207744 -0.599495 0.000797365 1 
-0.997678 -0.0273601 0.0622229 0 -0.0289675 0.999256 -0.0250789 0 -0.0614916 -0.0268236 -0.997747 0 -0.207754 -0.599479 0.000820519 1 
-0.997676 -0.0273843 0.0622316 0 -0.0289927 0.999255 -0.025091 0 -0.0614993 -0.0268374 -0.997746 0 -0.207743 -0.599491 0.000842153 1 
-0.997675 -0.0273593 0.0622576 0 -0.0289718 0.999254 -0.0251453 0 -0.0615244 -0.0268911 -0.997743 0 -0.207765 -0.599508 0.000881027 1 
-0.997675 -0.0273554 0.0622607 0 -0.0289688 0.999254 -0.02516 0 -0.0615272 -0.0269056 -0.997743 0 -0.207763 -0.599516 0.000912338 1 
-0.997677 -0.0273611 0.0622359 0 -0.0289687 0.999256 -0.0250756 0 -0.0615047 -0.0268208 -0.997746 0 -0.207754 -0.599504 0.000912939 1 
-0.997676 -0.0273516 0.0622456 0 -0.0289597 0.999256 -0.0250809 0 -0.0615145 -0.0268257 -0.997746 0 -0.207764 -0.599509 0.000923993 1 
-0.997677 -0.0273474 0.062242 0 -0.0289562 0.999256 -0.0250926 0 -0.0615106 -0.0268372 -0.997746 0 -0.207761 -0.599516 0.000930423 1 
-0.997676 -0.0273615 0.062243 0 -0.0289698 0.999256 -0.0250838 0 -0.0615115 -0.0268292 -0.997746 0 -0.207753 -0.599515 0.000926074 1 
-0.997677 -0.0273315 0.062252 0 -0.0289406 0.999256 -0.0250943 0 -0.061521 -0.0268381 -0.997745 0 -0.207774 -0.599514 0.000930761 1 
-0.997676 -0.0273468 0.0622514 0 -0.0289563 0.999256 -0.0250994 0 -0.0615198 -0.0268442 -0.997745 0 -0.207768 -0.599519 0.000931934 1 
-0.997676 -0.0273754 0.0622482 0 -0.0289846 0.999255 -0.025096 0 -0.061516 -0.0268424 -0.997745 0 -0.207751 -0.599522 0.000929038 1 
-0.997675 -0.0273637 0.0622635 0 -0.0289744 0.999255 -0.025114 0 -0.0615311 -0.0268602 -0.997744 0 -0.207765 -0.599528 0.000937996 1 
-0.997675 -0.0273391 0.0622766 0 -0.0289513 0.999255 -0.0251325 0 -0.0615443 -0.0268775 -0.997742 0 -0.207786 -0.599536 0.000939523 1 
-0.997675 -0.0273844 0.0622509 0 -0.0289938 0.999255 -0.0250983 0 -0.0615184 -0.0268453 -0.997745 0 -0.207749 -0.599529 0.000918114 1 
-0.997674 -0.0273971 0.0622639 0 -0.0290074 0.999254 -0.0251077 0 -0.0615307 -0.026856 -0.997744 0 -0.207748 -0.599537 0.0009209 1 
-0.997674 -0.0273619 0.0622787 0 -0.028974 0.999255 -0.0251312 0 -0.0615458 -0.0268777 -0.997742 0 -0.207775 -0.599542 0.000925197 1 
-0.997673 -0.0273624 0.0622908 0 -0.0289751 0.999254 -0.0251343 0 -0.0615579 -0.0268813 -0.997741 0 -0.20779 -0.599549 0.000908077 1 
-0.997675 -0.0273781 0.0622571 0 -0.0289848 0.999256 -0.0250525 0 -0.0615261 -0.0267993 -0.997746 0 -0.207774 -0.599522 0.000843586 1 
-0.997678 -0.0273682 0.0622191 0 -0.0289677 0.999259 -0.0249526 0 -0.0614913 -0.0266975 -0.997751 0 -0.207764 -0.599483 0.000762042 1 
-0.997679 -0.0273764 0.0621986 0 -0.0289746 0.999259 -0.0249401 0 -0.061471 -0.0266849 -0.997752 0 -0.207744 -0.599477 0.000729369 1 
-0.997679 -0.0273638 0.0621988 0 -0.0289651 0.999258 -0.0249902 0 -0.06147 -0.0267343 -0.997751 0 -0.20771 -0.599491 0.000699799 1 
-0.997678 -0.0273649 0.0622095 0 -0.0289738 0.999255 -0.0251091 0 -0.0614772 -0.0268537 -0.997747 0 -0.207666 -0.599505 0.000606191 1 
-0.997682 -0.0273159 0.062176 0 -0.0289183 0.999259 -0.0250182 0 -0.0614477 -0.0267588 -0.997752 0 -0.207684 -0.599457 0.000536695 1 
-0.997683 -0.0272345 0.0621874 0 -0.0288411 0.99926 -0.0250834 0 -0.0614594 -0.0268194 -0.997749 0 -0.207733 -0.599467 0.000579623 1 
-0.997682 -0.0273127 0.0621657 0 -0.0289169 0.999258 -0.0250524 0 -0.0614366 -0.0267925 -0.997751 0 -0.207681 -0.599471 0.000553284 1 
-0.997684 -0.0272569 0.0621726 0 -0.0288626 0.999259 -0.0250752 0 -0.0614442 -0.0268121 -0.99775 0 -0.207717 -0.599468 0.000569589 1 
-0.997683 -0.0272739 0.0621711 0 -0.0288792 0.999259 -0.0250684 0 -0.0614425 -0.0268063 -0.997751 0 -0.207706 -0.599469 0.000565271 1 
-0.997683 -0.0272915 0.0621629 0 -0.0288966 0.999258 -0.0250688 0 -0.0614338 -0.0268076 -0.997751 0 -0.207691 -0.599473 0.000562796 1 
-0.997684 -0.0272428 0.0621644 0 -0.0288486 0.999259 -0.0250817 0 -0.0614362 -0.0268175 -0.997751 0 -0.207716 -0.59947 0.000570743 1 
-0.997684 -0.0272867 0.0621539 0 -0.0288915 0.999259 -0.0250687 0 -0.0614249 -0.0268069 -0.997752 0 -0.207688 -0.599473 0.000561869 1 
-0.997685 -0.0272535 0.0621502 0 -0.0288589 0.999259 -0.0250817 0 -0.0614218 -0.0268178 -0.997752 0 -0.207703 -0.599472 0.000566036 1 
-0.997687 -0.0272537 0.0621183 0 -0.0288589 0.999259 -0.0250927 0 -0.0613896 -0.0268279 -0.997753 0 -0.207682 -0.599479 0.000565462 1 
-0.997687 -0.027272 0.0621113 0 -0.0288763 0.999259 -0.02508 0 -0.0613825 -0.0268161 -0.997754 0 -0.207674 -0.599476 0.000557309 1 
-0.997687 -0.0272495 0.062114 0 -0.0288543 0.999259 -0.0250868 0 -0.0613856 -0.0268216 -0.997754 0 -0.207687 -0.599475 0.000560663 1 
-0.997687 -0.027266 0.0621106 0 -0.0288705 0.999259 -0.0250838 0 -0.0613818 -0.0268195 -0.997754 0 -0.207674 -0.599478 0.000557818 1 
-0.997687 -0.0272482 0.0621145 0 -0.0288531 0.999259 -0.0250882 0 -0.0613861 -0.0268229 -0.997754 0 -0.207684 -0.599477 0.000560557 1 
-0.997687 -0.0272594 0.0621089 0 -0.0288637 0.999259 -0.0250815 0 -0.0613803 -0.0268167 -0.997754 0 -0.207678 -0.599475 0.000556885 1 
-0.997687 -0.0272579 0.0621101 0 -0.0288625 0.999259 -0.0250855 0 -0.0613815 -0.0268207 -0.997754 0 -0.207677 -0.599477 0.000558567 1 
-0.997687 -0.0272512 0.062111 0 -0.0288558 0.999259 -0.0250848 0 -0.0613826 -0.0268196 -0.997754 0 -0.207681 -0.599476 0.000558454 1 
-0.997687 -0.0272627 0.062106 0 -0.028867 0.999259 -0.0250819 0 -0.0613774 -0.0268172 -0.997754 0 -0.207671 -0.599478 0.000556322 1 
-0.997687 -0.027257 0.0621094 0 -0.0288617 0.999259 -0.0250871 0 -0.0613807 -0.0268222 -0.997754 0 -0.20768 -0.599477 0.000558334 1 
-0.997687 -0.027267 0.0621071 0 -0.0288718 0.999259 -0.0250894 0 -0.0613781 -0.0268251 -0.997754 0 -0.207672 -0.59948 0.000559574 1 
-0.997687 -0.0272564 0.0621102 0 -0.028861 0.999259 -0.0250856 0 -0.0613816 -0.0268207 -0.997754 0 -0.20768 -0.599476 0.000558375 1 
-0.997687 -0.0272634 0.0621066 0 -0.0288678 0.999259 -0.0250824 0 -0.0613779 -0.0268178 -0.997754 0 -0.207676 -0.599476 0.000556028 1 
-0.997688 -0.0272536 0.0621079 0 -0.0288581 0.999259 -0.0250847 0 -0.0613794 -0.0268196 -0.997754 0 -0.207677 -0.599476 0.000557663 1 
-0.997688 -0.0272523 0.0621089 0 -0.0288571 0.999259 -0.0250889 0 -0.0613804 -0.0268237 -0.997754 0 -0.20768 -0.599477 0.000559707 1 
-0.997687 -0.0272654 0.062107 0 -0.02887 0.999259 -0.025087 0 -0.0613782 -0.0268225 -0.997754 0 -0.207674 -0.599478 0.000558407 1 
-0.997687 -0.0272516 0.062111 0 -0.0288566 0.999259 -0.0250917 0 -0.0613824 -0.0268265 -0.997754 0 -0.207681 -0.599479 0.000560727 1 
-0.997688 -0.0272533 0.0621088 0 -0.0288579 0.999259 -0.025087 0 -0.0613803 -0.0268218 -0.997754 0 -0.207679 -0.599477 0.000559685 1 
-0.997688 -0.027257 0.0621067 0 -0.0288616 0.999259 -0.0250873 0 -0.061378 -0.0268223 -0.997754 0 -0.207675 -0.599479 0.000557817 1 
-0.997687 -0.0272545 0.0621115 0 -0.0288594 0.999259 -0.0250907 0 -0.0613828 -0.0268257 -0.997754 0 -0.207681 -0.599478 0.000561128 1 
-0.997687 -0.0272596 0.0621081 0 -0.0288644 0.999259 -0.0250888 0 -0.0613793 -0.026824 -0.997754 0 -0.207676 -0.599479 0.000558903 1 
-0.997687 -0.0272573 0.0621091 0 -0.0288621 0.999259 -0.0250881 0 -0.0613804 -0.0268232 -0.997754 0 -0.20768 -0.599477 0.000559535 1 
-0.997688 -0.0272544 0.0621073 0 -0.028859 0.999259 -0.0250859 0 -0.0613788 -0.0268207 -0.997754 0 -0.207677 -0.599477 0.000557797 1 
-0.997688 -0.0272536 0.0621074 0 -0.0288581 0.999259 -0.025085 0 -0.0613789 -0.0268198 -0.997754 0 -0.207679 -0.599476 0.000557425 1 
-0.997688 -0.0272493 0.0621069 0 -0.0288541 0.999259 -0.0250909 0 -0.0613783 -0.0268254 -0.997754 0 -0.207677 -0.599479 0.00055998 1 
-0.997688 -0.0272527 0.0621076 0 -0.0288575 0.999259 -0.0250902 0 -0.061379 -0.026825 -0.997754 0 -0.207678 -0.599479 0.000559614 1 
-0.997688 -0.0272622 0.0621055 0 -0.0288669 0.999259 -0.0250891 0 -0.0613767 -0.0268244 -0.997754 0 -0.207674 -0.599479 0.000559367 1 
-0.997688 -0.0272592 0.0621065 0 -0.0288638 0.999259 -0.025087 0 -0.0613778 -0.0268222 -0.997754 0 -0.207676 -0.599477 0.000558535 1 
-0.997688 -0.0272582 0.0621059 0 -0.0288629 0.999259 -0.0250895 0 -0.0613771 -0.0268245 -0.997754 0 -0.207678 -0.599478 0.000559641 1 
-0.997688 -0.0272516 0.0621104 0 -0.0288565 0.999259 -0.0250905 0 -0.0613818 -0.0268252 -0.997754 0 -0.207679 -0.599478 0.000561376 1 
-0.997688 -0.027251 0.0621061 0 -0.0288558 0.999259 -0.0250908 0 -0.0613775 -0.0268254 -0.997754 0 -0.207677 -0.599479 0.000559514 1 
-0.997688 -0.0272585 0.0621077 0 -0.0288631 0.999259 -0.0250858 0 -0.0613791 -0.0268209 -0.997754 0 -0.207675 -0.599478 0.000558169 1 
-0.997688 -0.0272489 0.0621072 0 -0.0288537 0.999259 -0.0250905 0 -0.0613787 -0.0268251 -0.997754 0 -0.207678 -0.599478 0.000560151 1 
-0.997688 -0.0272494 0.0621029 0 -0.0288538 0.999259 -0.025086 0 -0.0613745 -0.0268204 -0.997754 0 -0.207676 -0.599476 0.000557272 1 
-0.997688 -0.027252 0.0621035 0 -0.0288566 0.999259 -0.025088 0 -0.061375 -0.0268226 -0.997754 0 -0.207675 -0.599479 0.000558167 1 
-0.997687 -0.027256 0.0621093 0 -0.028861 0.999259 -0.0250932 0 -0.0613805 -0.0268282 -0.997754 0 -0.207677 -0.59948 0.000560548 1 
-0.997688 -0.0272555 0.0621075 0 -0.0288603 0.999259 -0.0250908 0 -0.0613788 -0.0268257 -0.997754 0 -0.207676 -0.59948 0.000559192 1 
-0.997688 -0.027254 0.0621085 0 -0.0288589 0.999259 -0.0250919 0 -0.0613798 -0.0268267 -0.997754 0 -0.207678 -0.599479 0.000560203 1 
-0.997688 -0.0272583 0.0621068 0 -0.0288634 0.999259 -0.0250948 0 -0.0613779 -0.0268299 -0.997754 0 -0.207676 -0.599481 0.000561201 1 
-0.997688 -0.0272578 0.0621058 0 -0.0288628 0.999259 -0.0250939 0 -0.061377 -0.026829 -0.997754 0 -0.207673 -0.599481 0.000560346 1 
-0.997688 -0.0272515 0.0621023 0 -0.028856 0.999259 -0.0250868 0 -0.0613738 -0.0268214 -0.997754 0 -0.207676 -0.599477 0.000557693 1 
-0.997688 -0.0272511 0.0621039 0 -0.0288556 0.999259 -0.025087 0 -0.0613755 -0.0268215 -0.997754 0 -0.207677 -0.599477 0.000557477 1 
-0.997688 -0.0272538 0.0621023 0 -0.0288582 0.999259 -0.0250862 0 -0.0613738 -0.0268209 -0.997754 0 -0.207676 -0.599477 0.0005568 1 
-0.997688 -0.027256 0.0621016 0 -0.0288605 0.999259 -0.0250872 0 -0.0613729 -0.026822 -0.997754 0 -0.207673 -0.599477 0.000558321 1 
-0.997688 -0.0272554 0.0621037 0 -0.02886 0.999259 -0.0250884 0 -0.0613751 -0.0268232 -0.997754 0 -0.207675 -0.599478 0.000558498 1 
-0.997688 -0.0272578 0.0621068 0 -0.0288627 0.999259 -0.0250913 0 -0.061378 -0.0268264 -0.997754 0 -0.207676 -0.599479 0.000560641 1 
-0.997688 -0.0272579 0.0621073 0 -0.0288629 0.999259 -0.0250933 0 -0.0613784 -0.0268284 -0.997754 0 -0.207678 -0.59948 0.000560856 1 
-0.997688 -0.027255 0.0621061 0 -0.02886 0.999259 -0.0250945 0 -0.0613773 -0.0268294 -0.997754 0 -0.207676 -0.599481 0.000560534 1 
-0.997688 -0.0272592 0.0621069 0 -0.028864 0.999259 -0.0250905 0 -0.0613781 -0.0268257 -0.997754 0 -0.207676 -0.599479 0.000559918 1 
-0.997688 -0.0272549 0.0621028 0 -0.0288596 0.999259 -0.0250899 0 -0.0613741 -0.0268247 -0.997754 0 -0.207675 -0.599479 0.000558606 1 
-0.997688 -0.027253 0.0621064 0 -0.0288578 0.999259 -0.0250894 0 -0.0613778 -0.0268241 -0.997754 0 -0.207676 -0.599479 0.000559054 1 
-0.997688 -0.0272544 0.0621032 0 -0.0288591 0.999259 -0.0250905 0 -0.0613745 -0.0268252 -0.997754 0 -0.207675 -0.599479 0.000558822 1 
