-0.998847 -0.0228335 0.0420082 0 -0.0222593 0.999643 0.0140873 0 -0.0423157 0.0131362 -0.999018 0 -0.191125 -0.355402 0.439726 1 
-0.998847 -0.0228391 0.0420077 0 -0.0222646 0.999643 0.0140935 0 -0.0423154 0.0131422 -0.999018 0 -0.191125 -0.355402 0.439724 1 
-0.998847 -0.0228365 0.0420101 0 -0.0222621 0.999643 0.0140897 0 -0.0423177 0.0131385 -0.999018 0 -0.191123 -0.355404 0.439725 1 
-0.998846 -0.0228427 0.04201 0 -0.0222684 0.999643 0.0140865 0 -0.0423176 0.013135 -0.999018 0 -0.191121 -0.355405 0.439726 1 
-0.998847 -0.022831 0.0420068 0 -0.0222568 0.999643 0.0140859 0 -0.0423142 0.013135 -0.999018 0 -0.191126 -0.355402 0.439726 1 
-0.998846 -0.0228361 0.0420115 0 -0.0222616 0.999643 0.0140917 0 -0.0423192 0.0131404 -0.999018 0 -0.191125 -0.355403 0.439725 1 
-0.998847 -0.0228352 0.0420079 0 -0.0222608 0.999643 0.0140906 0 -0.0423155 0.0131394 -0.999018 0 -0.191124 -0.355403 0.439724 1 
-0.998847 -0.0228318 0.0420093 0 -0.0222576 0.999643 0.0140864 0 -0.0423167 0.0131354 -0.999018 0 -0.191127 -0.355403 0.439726 1 
-0.998846 -0.0228392 0.0420127 0 -0.0222649 0.999643 0.0140882 0 -0.0423203 0.0131368 -0.999018 0 -0.191125 -0.355403 0.439726 1 
-0.998846 -0.0228444 0.04201 0 -0.02227 0.999643 0.0140924 0 -0.0423177 0.0131409 -0.999018 0 -0.191121 -0.355405 0.439724 1 
-0.998847 -0.0228377 0.0420089 0 -0.0222634 0.999643 0.0140902 0 -0.0423165 0.013139 -0.999018 0 -0.191124 -0.355404 0.439725 1 
-0.998847 -0.0228297 0.0420059 0 -0.0222554 0.999643 0.0140891 0 -0.0423134 0.0131382 -0.999018 0 -0.191125 -0.355402 0.439724 1 
-0.998847 -0.0228294 0.0420086 0 -0.0222552 0.999643 0.0140877 0 -0.0423161 0.0131368 -0.999018 0 -0.191125 -0.355403 0.439725 1 
-0.998846 -0.022839 0.0420101 0 -0.0222646 0.999643 0.0140902 0 -0.0423177 0.0131388 -0.999018 0 -0.191123 -0.355405 0.439725 1 
-0.998847 -0.0228343 0.0420081 0 -0.0222599 0.999643 0.0140907 0 -0.0423157 0.0131396 -0.999018 0 -0.191124 -0.355403 0.439724 1 
-0.998847 -0.0228377 0.0420085 0 -0.0222633 0.999643 0.0140907 0 -0.0423161 0.0131395 -0.999018 0 -0.191125 -0.355402 0.439725 1 
-0.998847 -0.0228281 0.0420093 0 -0.0222538 0.999643 0.0140862 0 -0.0423167 0.0131353 -0.999018 0 -0.191126 -0.355403 0.439726 1 
-0.998846 -0.0228419 0.0420097 0 -0.0222676 0.999643 0.014089 0 -0.0423174 0.0131375 -0.999018 0 -0.191123 -0.355404 0.439725 1 
-0.998847 -0.0228347 0.0420096 0 -0.0222604 0.999643 0.014088 0 -0.0423171 0.0131368 -0.999018 0 -0.191124 -0.355404 0.439726 1 
-0.998846 -0.0228347 0.0420121 0 -0.0222603 0.999643 0.0140909 0 -0.0423197 0.0131397 -0.999018 0 -0.191125 -0.355403 0.439726 1 
-0.998847 -0.0228317 0.0420073 0 -0.0222573 0.999643 0.0140902 0 -0.0423149 0.0131392 -0.999018 0 -0.191125 -0.355403 0.439724 1 
-0.998847 -0.02283 0.0420087 0 -0.0222555 0.999643 0.0140908 0 -0.0423162 0.0131399 -0.999018 0 -0.191125 -0.355403 0.439725 1 
-0.998847 -0.0228382 0.0420079 0 -0.0222639 0.999643 0.0140881 0 -0.0423155 0.0131369 -0.999018 0 -0.191125 -0.355403 0.439725 1 
-0.998846 -0.0228368 0.0420114 0 -0.0222626 0.999643 0.0140846 0 -0.0423189 0.0131334 -0.999018 0 -0.191123 -0.355404 0.439727 1 
-0.998847 -0.0228323 0.0420105 0 -0.0222581 0.999643 0.0140857 0 -0.0423179 0.0131347 -0.999018 0 -0.191124 -0.355404 0.439727 1 
-0.998847 -0.0228311 0.0420097 0 -0.0222566 0.999643 0.014093 0 -0.0423173 0.013142 -0.999018 0 -0.191125 -0.355402 0.439724 1 
-0.998847 -0.0228371 0.042009 0 -0.0222627 0.999643 0.0140905 0 -0.0423167 0.0131393 -0.999018 0 -0.191125 -0.355403 0.439725 1 
-0.998847 -0.0228339 0.0420118 0 -0.0222596 0.999643 0.014087 0 -0.0423193 0.0131358 -0.999018 0 -0.191125 -0.355403 0.439726 1 
-0.998847 -0.0228376 0.0420101 0 -0.0222632 0.999643 0.0140894 0 -0.0423176 0.0131382 -0.999018 0 -0.191123 -0.355404 0.439725 1 
-0.998847 -0.0228365 0.0420087 0 -0.0222622 0.999643 0.0140879 0 -0.0423162 0.0131367 -0.999018 0 -0.191123 -0.355404 0.439725 1 
-0.998847 -0.0228295 0.0420096 0 -0.0222552 0.999643 0.0140892 0 -0.0423171 0.0131383 -0.999018 0 -0.191125 -0.355403 0.439725 1 
-0.998847 -0.022836 0.0420064 0 -0.0222616 0.999643 0.014092 0 -0.0423141 0.0131409 -0.999018 0 -0.191125 -0.355403 0.439724 1 
-0.998847 -0.0228322 0.0420101 0 -0.0222579 0.999643 0.0140864 0 -0.0423175 0.0131353 -0.999018 0 -0.191124 -0.355403 0.439726 1 
-0.998847 -0.0228366 0.042008 0 -0.0222623 0.999643 0.0140904 0 -0.0423156 0.0131392 -0.999018 0 -0.191124 -0.355403 0.439724 1 
-0.998847 -0.0228362 0.0420102 0 -0.0222619 0.999643 0.0140888 0 -0.0423178 0.0131376 -0.999018 0 -0.191123 -0.355403 0.439725 1 
-0.998847 -0.0228302 0.0420108 0 -0.0222559 0.999643 0.0140877 0 -0.0423183 0.0131367 -0.999018 0 -0.191125 -0.355403 0.439726 1 
-0.998847 -0.0228324 0.0420121 0 -0.0222581 0.999643 0.0140884 0 -0.0423196 0.0131373 -0.999018 0 -0.191126 -0.355402 0.439726 1 
-0.998846 -0.0228428 0.0420129 0 -0.0222685 0.999643 0.0140876 0 -0.0423205 0.013136 -0.999018 0 -0.191122 -0.355405 0.439727 1 
-0.998847 -0.0228362 0.0420096 0 -0.0222618 0.999643 0.0140905 0 -0.0423172 0.0131393 -0.999018 0 -0.191123 -0.355405 0.439725 1 
-0.998845 -0.0228531 0.0420303 0 -0.0222795 0.999643 0.0140638 0 -0.0423375 0.0131114 -0.999017 0 -0.19112 -0.355412 0.43974 1 
-0.998845 -0.0228474 0.0420468 0 -0.0222751 0.999644 0.0140298 0 -0.0423532 0.0130772 -0.999017 0 -0.191123 -0.355413 0.439756 1 
-0.998845 -0.0228429 0.0420373 0 -0.0222701 0.999644 0.0140431 0 -0.0423439 0.013091 -0.999017 0 -0.191125 -0.355409 0.439749 1 
-0.998846 -0.0228473 0.0420173 0 -0.0222732 0.999643 0.0140828 0 -0.0423249 0.013131 -0.999018 0 -0.191122 -0.355409 0.43973 1 
-0.998846 -0.0228648 0.042018 0 -0.0222902 0.999643 0.0140922 0 -0.042326 0.0131396 -0.999017 0 -0.191117 -0.355411 0.439726 1 
-0.998846 -0.0228502 0.0420195 0 -0.0222763 0.999643 0.0140749 0 -0.042327 0.0131229 -0.999018 0 -0.191121 -0.355408 0.439733 1 
-0.998846 -0.0228385 0.0420116 0 -0.0222642 0.999643 0.0140868 0 -0.0423192 0.0131355 -0.999018 0 -0.191123 -0.355406 0.439726 1 
-0.998847 -0.0228237 0.0420134 0 -0.0222498 0.999644 0.0140783 0 -0.0423206 0.0131275 -0.999018 0 -0.191131 -0.355403 0.43973 1 
-0.998848 -0.0227988 0.0420055 0 -0.0222249 0.999644 0.0140789 0 -0.0423124 0.0131293 -0.999018 0 -0.19114 -0.355398 0.439728 1 
-0.998847 -0.0228086 0.0420122 0 -0.0222348 0.999644 0.0140742 0 -0.0423191 0.0131241 -0.999018 0 -0.191139 -0.3554 0.439731 1 
-0.998846 -0.0228261 0.0420264 0 -0.0222527 0.999644 0.0140617 0 -0.0423332 0.0131105 -0.999018 0 -0.191132 -0.355405 0.43974 1 
-0.998845 -0.0228376 0.0420407 0 -0.0222646 0.999644 0.014049 0 -0.0423474 0.013097 -0.999017 0 -0.191126 -0.35541 0.439747 1 
-0.998846 -0.0228294 0.0420331 0 -0.0222564 0.999644 0.0140493 0 -0.0423397 0.0130978 -0.999017 0 -0.191129 -0.355408 0.439745 1 
-0.998846 -0.0228322 0.0420315 0 -0.0222592 0.999644 0.0140505 0 -0.0423381 0.0130989 -0.999017 0 -0.19113 -0.355408 0.439744 1 
-0.998845 -0.0228412 0.0420337 0 -0.0222681 0.999644 0.0140536 0 -0.0423406 0.0131016 -0.999017 0 -0.191125 -0.35541 0.439743 1 
-0.998845 -0.0228408 0.0420364 0 -0.0222676 0.999644 0.0140544 0 -0.0423433 0.0131024 -0.999017 0 -0.191127 -0.355409 0.439743 1 
-0.998845 -0.022834 0.0420413 0 -0.0222611 0.999644 0.0140448 0 -0.0423478 0.0130929 -0.999017 0 -0.191128 -0.355409 0.439748 1 
-0.998845 -0.0228582 0.0420423 0 -0.0222853 0.999643 0.0140441 0 -0.0423491 0.0130912 -0.999017 0 -0.191118 -0.355414 0.439749 1 
-0.998844 -0.0228682 0.0420492 0 -0.0222951 0.999643 0.014048 0 -0.0423563 0.0130945 -0.999017 0 -0.191113 -0.355417 0.439749 1 
-0.998845 -0.0228486 0.0420345 0 -0.0222757 0.999644 0.0140489 0 -0.0423414 0.0130966 -0.999017 0 -0.191122 -0.355411 0.439745 1 
-0.998846 -0.0228329 0.0420215 0 -0.0222594 0.999644 0.0140651 0 -0.0423285 0.0131138 -0.999018 0 -0.191124 -0.355407 0.439736 1 
-0.998846 -0.0228462 0.0420156 0 -0.0222721 0.999643 0.0140818 0 -0.0423232 0.01313 -0.999018 0 -0.191121 -0.355409 0.439728 1 
-0.998846 -0.0228478 0.0420086 0 -0.0222734 0.999643 0.0140925 0 -0.0423164 0.0131408 -0.999018 0 -0.191122 -0.355409 0.439724 1 
-0.998847 -0.0228117 0.0420131 0 -0.0222379 0.999644 0.0140738 0 -0.04232 0.0131235 -0.999018 0 -0.191135 -0.355403 0.439731 1 
-0.998847 -0.0227852 0.0420207 0 -0.0222123 0.999645 0.0140513 0 -0.0423267 0.013102 -0.999018 0 -0.191147 -0.355397 0.439741 1 
-0.998847 -0.0227813 0.042025 0 -0.0222089 0.999645 0.0140369 0 -0.0423307 0.0130877 -0.999018 0 -0.191147 -0.355398 0.439748 1 
-0.998847 -0.0227899 0.0420328 0 -0.0222174 0.999645 0.0140373 0 -0.0423386 0.0130875 -0.999018 0 -0.191148 -0.355399 0.43975 1 
-0.998848 -0.0227356 0.0420284 0 -0.0221643 0.999647 0.0140108 0 -0.0423329 0.0130634 -0.999018 0 -0.191171 -0.355391 0.439759 1 
-0.998849 -0.0227026 0.0420228 0 -0.022131 0.999647 0.0140167 0 -0.042327 0.0130708 -0.999018 0 -0.191183 -0.355385 0.439755 1 
-0.998848 -0.0227282 0.0420266 0 -0.0221564 0.999647 0.0140223 0 -0.0423312 0.0130752 -0.999018 0 -0.191177 -0.35539 0.439753 1 
-0.998848 -0.0227336 0.0420199 0 -0.0221614 0.999646 0.0140338 0 -0.0423249 0.0130867 -0.999018 0 -0.191175 -0.35539 0.439748 1 
-0.99885 -0.0227156 0.0420034 0 -0.0221429 0.999646 0.0140507 0 -0.0423085 0.0131047 -0.999019 0 -0.191179 -0.355387 0.439738 1 
-0.998849 -0.0227384 0.0419964 0 -0.0221647 0.999646 0.0140756 0 -0.0423024 0.0131289 -0.999019 0 -0.191175 -0.355391 0.439727 1 
-0.99885 -0.0227265 0.041996 0 -0.0221531 0.999646 0.0140688 0 -0.0423017 0.0131226 -0.999019 0 -0.191178 -0.35539 0.439729 1 
-0.99885 -0.0227181 0.0419876 0 -0.0221444 0.999646 0.0140795 0 -0.0422934 0.0131338 -0.999019 0 -0.191184 -0.355387 0.439724 1 
-0.998851 -0.0226972 0.0419751 0 -0.0221232 0.999646 0.0140888 0 -0.0422808 0.0131443 -0.999019 0 -0.191195 -0.355382 0.439719 1 
-0.998852 -0.0226763 0.041972 0 -0.0221025 0.999647 0.0140858 0 -0.0422775 0.0131422 -0.999019 0 -0.191199 -0.355379 0.439719 1 
-0.998852 -0.0227177 0.0419552 0 -0.0221427 0.999645 0.0141199 0 -0.0422619 0.0131749 -0.99902 0 -0.191183 -0.355385 0.439702 1 
-0.998833 -0.0227143 0.0423977 0 -0.0221696 0.999656 0.0132726 0 -0.0426855 0.0123174 -0.999013 0 -0.191282 -0.35557 0.439854 1 
-0.998809 -0.0226649 0.0429785 0 -0.0221619 0.999671 0.0121446 0 -0.0432404 0.0111779 -0.999002 0 -0.191405 -0.355805 0.440226 1 
-0.998787 -0.0227141 0.043464 0 -0.022245 0.99968 0.0112477 0 -0.0437064 0.0102674 -0.998992 0 -0.191458 -0.35601 0.440713 1 
-0.998757 -0.0230536 0.0439705 0 -0.0226184 0.999681 0.01037 0 -0.0441964 0.00936276 -0.998979 0 -0.191407 -0.35628 0.441203 1 
-0.998729 -0.023667 0.044287 0 -0.0232619 0.999673 0.00963956 0 -0.0445015 0.00859727 -0.998972 0 -0.191224 -0.356565 0.441591 1 
-0.998716 -0.0242974 0.0442387 0 -0.0239208 0.999664 0.00902295 0 -0.0444439 0.00795329 -0.99898 0 -0.190763 -0.356933 0.44183 1 
-0.998716 -0.0249043 0.0438929 0 -0.0245452 0.999651 0.0087013 0 -0.0440951 0.00761291 -0.998998 0 -0.189896 -0.357429 0.441862 1 
-0.998713 -0.0256876 0.0435046 0 -0.0253307 0.999631 0.00873451 0 -0.0437138 0.00762142 -0.999015 0 -0.188837 -0.357987 0.441733 1 
-0.998724 -0.0261221 0.043005 0 -0.0257608 0.999619 0.0089337 0 -0.0432228 0.00781461 -0.999035 0 -0.187494 -0.358685 0.441496 1 
-0.998739 -0.0265804 0.0423728 0 -0.0262061 0.999603 0.00936509 0 -0.0426057 0.00824301 -0.999058 0 -0.185906 -0.359466 0.441126 1 
-0.998766 -0.0267988 0.0415898 0 -0.0263997 0.999591 0.0101148 0 -0.0418447 0.00900455 -0.999084 0 -0.183862 -0.360402 0.44056 1 
-0.998796 -0.0266845 0.0409392 0 -0.0262576 0.999586 0.010931 0 -0.0412147 0.00984303 -0.999102 0 -0.181723 -0.361386 0.439911 1 
-0.998823 -0.0263242 0.0404979 0 -0.0258768 0.999589 0.0115307 0 -0.0407856 0.0104694 -0.999113 0 -0.179578 -0.362473 0.439218 1 
-0.998836 -0.026484 0.0400775 0 -0.0260141 0.999577 0.0121999 0 -0.0403845 0.0111434 -0.999122 0 -0.177057 -0.363815 0.438364 1 
-0.998856 -0.0263957 0.0396289 0 -0.0258992 0.999571 0.0129887 0 -0.0399554 0.0119477 -0.99913 0 -0.174398 -0.365229 0.437472 1 
-0.998869 -0.0266104 0.0391602 0 -0.0260892 0.999555 0.0137629 0 -0.0395097 0.0127259 -0.999138 0 -0.171734 -0.366685 0.436559 1 
-0.998874 -0.0269801 0.0387771 0 -0.0264346 0.999536 0.0145141 0 -0.0391514 0.013473 -0.999142 0 -0.168945 -0.368311 0.435535 1 
-0.998882 -0.0269298 0.0385966 0 -0.0263724 0.999532 0.0148797 0 -0.03898 0.0138454 -0.999144 0 -0.166028 -0.370177 0.434471 1 
-0.998887 -0.0269155 0.0384799 0 -0.0263589 0.999532 0.0148994 0 -0.0388636 0.0138688 -0.999148 0 -0.163002 -0.372222 0.433378 1 
-0.998903 -0.0265953 0.0382947 0 -0.0260282 0.999536 0.0152307 0 -0.0386828 0.0142175 -0.99915 0 -0.159984 -0.374228 0.432249 1 
-0.998897 -0.0269248 0.0382068 0 -0.0263549 0.999525 0.0153422 0 -0.0386025 0.0143186 -0.999152 0 -0.156847 -0.376397 0.431076 1 
-0.9989 -0.0268647 0.0381837 0 -0.0263058 0.999531 0.0150647 0 -0.0385712 0.0140439 -0.999157 0 -0.153445 -0.378808 0.429842 1 
-0.998892 -0.0266921 0.0385013 0 -0.0261666 0.999549 0.0140883 0 -0.0388607 0.0130655 -0.999159 0 -0.150305 -0.381297 0.428654 1 
-0.99888 -0.0267266 0.0388059 0 -0.0262234 0.999556 0.0134189 0 -0.039148 0.0123865 -0.999157 0 -0.147172 -0.383716 0.427417 1 
-0.998869 -0.0269809 0.0389122 0 -0.0264915 0.999554 0.0130392 0 -0.0392474 0.0119939 -0.999158 0 -0.143895 -0.386263 0.425913 1 
-0.998865 -0.0272281 0.0388214 0 -0.0267335 0.999546 0.0132017 0 -0.0391639 0.0121491 -0.999159 0 -0.140714 -0.388816 0.424137 1 
-0.998861 -0.0272989 0.038877 0 -0.0268058 0.999545 0.0131494 0 -0.039219 0.0120926 -0.999157 0 -0.137462 -0.391566 0.422148 1 
-0.998861 -0.0271948 0.0389572 0 -0.0267166 0.999552 0.0127422 0 -0.039287 0.0116872 -0.99916 0 -0.134105 -0.394527 0.419947 1 
-0.998853 -0.0274666 0.038972 0 -0.0269916 0.999546 0.0126621 0 -0.0393029 0.0115959 -0.99916 0 -0.130917 -0.397266 0.417816 1 
-0.998838 -0.0278864 0.0390577 0 -0.0274192 0.999537 0.0124464 0 -0.0393874 0.0113612 -0.999159 0 -0.127647 -0.400124 0.415571 1 
-0.998847 -0.0274634 0.0391395 0 -0.0270153 0.999554 0.0119319 0 -0.0394505 0.010861 -0.999162 0 -0.124582 -0.403217 0.412923 1 
-0.998845 -0.0274689 0.0391831 0 -0.0270282 0.999556 0.0117341 0 -0.0394888 0.0106617 -0.999163 0 -0.12164 -0.406247 0.410106 1 
-0.998834 -0.0275926 0.0393605 0 -0.0271706 0.999558 0.0112181 0 -0.0396534 0.0101358 -0.999162 0 -0.118652 -0.409313 0.407388 1 
-0.998828 -0.0279734 0.0392552 0 -0.0275492 0.999547 0.0113073 0 -0.0395545 0.0102128 -0.999165 0 -0.115816 -0.412339 0.404444 1 
-0.998837 -0.0277522 0.0391818 0 -0.0273207 0.999551 0.0115051 0 -0.0394842 0.0104214 -0.999166 0 -0.1132 -0.415558 0.401085 1 
-0.998823 -0.0278902 0.0394343 0 -0.0274915 0.999556 0.0106172 0 -0.0397137 0.00952081 -0.999166 0 -0.110567 -0.418909 0.397905 1 
-0.998829 -0.0278506 0.039303 0 -0.0274395 0.999554 0.0109618 0 -0.0395915 0.00987076 -0.999167 0 -0.108147 -0.42194 0.394631 1 
-0.998839 -0.0277063 0.0391713 0 -0.0272859 0.999555 0.0112251 0 -0.0394657 0.0101435 -0.999169 0 -0.105791 -0.425456 0.390673 1 
-0.998825 -0.0279758 0.0393311 0 -0.0275779 0.999554 0.0106232 0 -0.0396114 0.00952624 -0.99917 0 -0.103069 -0.429697 0.386168 1 
-0.998844 -0.0275357 0.0391492 0 -0.0271188 0.999561 0.011141 0 -0.0394395 0.0100666 -0.999171 0 -0.100978 -0.433264 0.381728 1 
-0.998851 -0.0271924 0.0392083 0 -0.0267921 0.999574 0.0106996 0 -0.0394833 0.00963707 -0.999174 0 -0.0992517 -0.436492 0.377984 1 
-0.998864 -0.0271582 0.0389191 0 -0.0267174 0.999564 0.0118031 0 -0.0392235 0.0107501 -0.999173 0 -0.0975926 -0.439701 0.373478 1 
-0.998875 -0.0266082 0.0390007 0 -0.0261925 0.999585 0.0111313 0 -0.0392814 0.0100975 -0.999177 0 -0.0961871 -0.443124 0.369198 1 
-0.998884 -0.026602 0.0387917 0 -0.0261579 0.999577 0.0119119 0 -0.0390929 0.0108841 -0.999176 0 -0.0947982 -0.446283 0.364585 1 
-0.998884 -0.026737 0.0386945 0 -0.02629 0.999573 0.0120152 0 -0.039 0.0109847 -0.999179 0 -0.0936258 -0.449557 0.359928 1 
-0.998887 -0.0267407 0.0386046 0 -0.0262909 0.999571 0.0121103 0 -0.0389127 0.0110821 -0.999181 0 -0.0926108 -0.452723 0.355177 1 
-0.998892 -0.0267069 0.0384979 0 -0.0262546 0.999571 0.0122053 0 -0.0388081 0.0111813 -0.999184 0 -0.0919166 -0.455749 0.350462 1 
-0.998905 -0.0263667 0.0384 0 -0.0259069 0.999578 0.0124227 0 -0.0387121 0.0114145 -0.999185 0 -0.0913417 -0.458728 0.34562 1 
-0.998913 -0.0261982 0.0382932 0 -0.0257438 0.999583 0.0123104 0 -0.0386005 0.0113114 -0.999191 0 -0.0910139 -0.461922 0.340283 1 
-0.998914 -0.0263192 0.0381854 0 -0.0258598 0.999578 0.0124752 0 -0.0384984 0.0114745 -0.999193 0 -0.0908588 -0.464769 0.335259 1 
-0.998926 -0.0260827 0.0380555 0 -0.025618 0.999582 0.0126485 0 -0.0383703 0.0116602 -0.999196 0 -0.0909367 -0.467463 0.330267 1 
-0.998921 -0.0262586 0.0380426 0 -0.0257923 0.999577 0.0126977 0 -0.0383606 0.0117031 -0.999195 0 -0.0912087 -0.47014 0.325167 1 
-0.998919 -0.0263504 0.038035 0 -0.0258809 0.999574 0.0127858 0 -0.0383564 0.0117878 -0.999195 0 -0.0917385 -0.472793 0.319828 1 
-0.99892 -0.0263823 0.0380038 0 -0.0259029 0.99957 0.0130526 0 -0.0383326 0.0120543 -0.999192 0 -0.0923823 -0.475246 0.314629 1 
-0.998927 -0.0260612 0.0380193 0 -0.0255807 0.999578 0.0130704 0 -0.0383446 0.0120841 -0.999192 0 -0.0931824 -0.47756 0.309542 1 
-0.998932 -0.0256208 0.0381948 0 -0.0251317 0.999587 0.0132305 0 -0.0385187 0.0122567 -0.999183 0 -0.0941218 -0.479778 0.304405 1 
-0.998946 -0.0248111 0.0383554 0 -0.0243114 0.999604 0.0134407 0 -0.0386745 0.0124943 -0.999174 0 -0.095261 -0.48194 0.299105 1 
-0.998961 -0.0239385 0.0385417 0 -0.0234277 0.999623 0.0136503 0 -0.0388547 0.0127334 -0.999164 0 -0.0964507 -0.483924 0.294066 1 
-0.99898 -0.0229104 0.0386627 0 -0.0223949 0.999646 0.0137139 0 -0.0389639 0.0128344 -0.999158 0 -0.097868 -0.485959 0.288622 1 
-0.998985 -0.022445 0.038811 0 -0.021916 0.999652 0.014002 0 -0.0391125 0.0131374 -0.999148 0 -0.0992819 -0.487775 0.283463 1 
-0.998999 -0.0216008 0.0389225 0 -0.0210554 0.999665 0.0143688 0 -0.0392206 0.0135352 -0.999139 0 -0.100868 -0.489518 0.278082 1 
-0.998993 -0.0213101 0.0392423 0 -0.0207586 0.999671 0.0144084 0 -0.0395372 0.0135795 -0.999126 0 -0.102527 -0.491127 0.273032 1 
-0.999001 -0.0207286 0.0393488 0 -0.0201539 0.999676 0.0149474 0 -0.0396467 0.0141397 -0.999114 0 -0.104237 -0.492542 0.267903 1 
-0.998994 -0.0204031 0.0396918 0 -0.019821 0.999681 0.0150057 0 -0.0399861 0.0142041 -0.999099 0 -0.106 -0.493867 0.263312 1 
-0.998994 -0.0200962 0.0398467 0 -0.0194969 0.999682 0.0153723 0 -0.0401437 0.0145802 -0.999088 0 -0.107837 -0.495085 0.258401 1 
-0.998977 -0.0206003 0.0400117 0 -0.0200068 0.999675 0.0151775 0 -0.0403121 0.0143618 -0.999084 0 -0.109829 -0.496281 0.253822 1 
-0.998987 -0.0205651 0.0397723 0 -0.0199381 0.999662 0.016097 0 -0.0400906 0.015288 -0.999079 0 -0.111845 -0.497198 0.249065 1 
-0.998985 -0.0205789 0.0398381 0 -0.0199662 0.999667 0.0157162 0 -0.040149 0.0149051 -0.999083 0 -0.114022 -0.498243 0.244628 1 
-0.998982 -0.0205769 0.0398976 0 -0.0199566 0.999665 0.0158826 0 -0.0402118 0.0150705 -0.999078 0 -0.116372 -0.499128 0.23998 1 
-0.998989 -0.0204062 0.0398231 0 -0.0197679 0.999661 0.0163549 0 -0.0401441 0.0155514 -0.999073 0 -0.118772 -0.499913 0.235048 1 
-0.998986 -0.0203913 0.0399063 0 -0.0197566 0.999663 0.0162353 0 -0.0402247 0.0154307 -0.999072 0 -0.121107 -0.500738 0.230616 1 
-0.998988 -0.0205003 0.0397959 0 -0.0198705 0.999662 0.0161566 0 -0.0401144 0.0153497 -0.999077 0 -0.123392 -0.501599 0.225688 1 
-0.998981 -0.0207337 0.0398587 0 -0.0201307 0.999668 0.0154705 0 -0.040167 0.0146526 -0.999086 0 -0.125576 -0.502429 0.221496 1 
-0.99899 -0.0207964 0.0395997 0 -0.0201717 0.999657 0.0161099 0 -0.0399219 0.0152951 -0.999086 0 -0.127841 -0.503071 0.216746 1 
-0.998998 -0.0205165 0.0395362 0 -0.0198962 0.999664 0.0160193 0 -0.0398523 0.0152169 -0.99909 0 -0.130074 -0.503819 0.212225 1 
-0.998994 -0.0206195 0.0395799 0 -0.0200171 0.999669 0.0155563 0 -0.0398884 0.0147486 -0.999095 0 -0.132225 -0.504619 0.207849 1 
-0.998997 -0.0206787 0.0394678 0 -0.0200622 0.999662 0.0159545 0 -0.0397852 0.015147 -0.999093 0 -0.134218 -0.505277 0.203181 1 
-0.99898 -0.0213522 0.0395489 0 -0.0207499 0.999654 0.0155752 0 -0.0398685 0.0147389 -0.999096 0 -0.136184 -0.506142 0.198929 1 
-0.998985 -0.021501 0.0393462 0 -0.0208794 0.999642 0.0161413 0 -0.0396799 0.0153036 -0.999095 0 -0.138102 -0.506932 0.193983 1 
-0.998964 -0.0218307 0.0396822 0 -0.0212504 0.999652 0.0149876 0 -0.0399964 0.0141291 -0.9991 0 -0.140051 -0.508043 0.189702 1 
-0.998968 -0.0217948 0.0395954 0 -0.0211892 0.999643 0.0156486 0 -0.0399231 0.0147938 -0.999093 0 -0.14195 -0.508852 0.184925 1 
-0.998953 -0.0219197 0.0399032 0 -0.0213308 0.999648 0.0151252 0 -0.0402215 0.0142584 -0.999089 0 -0.143746 -0.509795 0.181036 1 
-0.998944 -0.0222359 0.0399692 0 -0.0216339 0.999637 0.015431 0 -0.0402986 0.0145503 -0.999082 0 -0.145496 -0.510615 0.177005 1 
-0.998928 -0.0224223 0.040267 0 -0.0218428 0.999643 0.0147736 0 -0.0405847 0.0138784 -0.99908 0 -0.147418 -0.511646 0.172835 1 
-0.998908 -0.0229057 0.0404734 0 -0.0223293 0.999634 0.0146348 0 -0.0407946 0.0137154 -0.999073 0 -0.149174 -0.512579 0.169367 1 
-0.998904 -0.0233584 0.0403234 0 -0.022771 0.999619 0.0149644 0 -0.0406584 0.0140301 -0.999075 0 -0.150998 -0.513506 0.165334 1 
-0.998894 -0.0236592 0.0403903 0 -0.0230898 0.999619 0.0145057 0 -0.0407188 0.0135573 -0.999079 0 -0.153046 -0.514735 0.161661 1 
-0.998908 -0.0236247 0.0400636 0 -0.0230317 0.99961 0.0151982 0 -0.0404077 0.0142592 -0.999082 0 -0.155042 -0.515785 0.157703 1 
-0.998902 -0.0234254 0.0403339 0 -0.022885 0.999633 0.0138095 0 -0.0406433 0.0128715 -0.999091 0 -0.157055 -0.517191 0.154393 1 
-0.998905 -0.0235246 0.0401944 0 -0.0229743 0.999627 0.0140977 0 -0.0405118 0.0131591 -0.999092 0 -0.159017 -0.518312 0.150859 1 
-0.998911 -0.0234307 0.0401021 0 -0.0228815 0.999629 0.0141004 0 -0.0404184 0.0131677 -0.999096 0 -0.161022 -0.519559 0.147412 1 
-0.998905 -0.0236184 0.0401561 0 -0.0230832 0.999629 0.0137422 0 -0.0404665 0.0128005 -0.999099 0 -0.163017 -0.520981 0.144404 1 
-0.9989 -0.024267 0.0398891 0 -0.0237129 0.999607 0.0143056 0 -0.0402214 0.0133443 -0.999102 0 -0.164859 -0.522188 0.141023 1 
-0.998901 -0.0243212 0.0398365 0 -0.0237704 0.999606 0.0142433 0 -0.040168 0.013281 -0.999105 0 -0.166801 -0.523695 0.137977 1 
-0.99891 -0.0244149 0.03955 0 -0.0238366 0.999593 0.0150275 0 -0.0399015 0.0140687 -0.999105 0 -0.168501 -0.525022 0.134857 1 
-0.998904 -0.0242997 0.0397748 0 -0.023755 0.999609 0.0141103 0 -0.0401029 0.0131503 -0.999109 0 -0.170316 -0.526828 0.132056 1 
-0.998905 -0.0241636 0.0398231 0 -0.0236265 0.999615 0.0139033 0 -0.0401444 0.0129474 -0.99911 0 -0.172005 -0.528539 0.129284 1 
-0.998908 -0.0241216 0.0397688 0 -0.0235836 0.999615 0.0139422 0 -0.0400905 0.0129894 -0.999112 0 -0.173606 -0.53016 0.126158 1 
-0.998895 -0.024356 0.0399547 0 -0.0238379 0.999617 0.0133921 0 -0.0402663 0.0124251 -0.999112 0 -0.175176 -0.532026 0.123665 1 
-0.998905 -0.0244396 0.0396395 0 -0.0238849 0.999601 0.0144073 0 -0.0399765 0.013445 -0.99911 0 -0.176541 -0.533488 0.120696 1 
-0.998911 -0.024343 0.0395676 0 -0.0237779 0.9996 0.0146887 0 -0.03991 0.0137321 -0.999109 0 -0.17793 -0.535123 0.117973 1 
-0.998914 -0.0243506 0.0394885 0 -0.023773 0.999595 0.0150301 0 -0.0398393 0.0140753 -0.999107 0 -0.179294 -0.536797 0.115327 1 
-0.998914 -0.0244802 0.0394117 0 -0.023895 0.999588 0.015252 0 -0.0397696 0.014294 -0.999107 0 -0.180608 -0.53845 0.112413 1 
-0.998902 -0.0247196 0.0395558 0 -0.0241477 0.999588 0.0148701 0 -0.0399079 0.0138989 -0.999107 0 -0.181922 -0.54022 0.110018 1 
-0.998907 -0.0247974 0.0393797 0 -0.0242047 0.999578 0.0154569 0 -0.0397471 0.0144871 -0.999105 0 -0.18317 -0.541707 0.107121 1 
-0.998907 -0.0247071 0.0394414 0 -0.0241201 0.999583 0.015289 0 -0.0398035 0.0143213 -0.999105 0 -0.184468 -0.543392 0.104448 1 
-0.998913 -0.0246156 0.0393355 0 -0.0240116 0.999578 0.0157536 0 -0.0397075 0.0147922 -0.999102 0 -0.1857 -0.54487 0.102042 1 
-0.998932 -0.0243795 0.0389946 0 -0.023738 0.999567 0.0168307 0 -0.0393888 0.0158874 -0.999098 0 -0.186865 -0.546064 0.0991084 1 
-0.998935 -0.0240461 0.0391454 0 -0.0234193 0.999582 0.0163917 0 -0.039524 0.0154578 -0.999099 0 -0.188101 -0.547588 0.0967986 1 
-0.998947 -0.0235843 0.0390993 0 -0.0229486 0.999589 0.0166268 0 -0.0394761 0.0157123 -0.999097 0 -0.189367 -0.54903 0.0943408 1 
-0.998968 -0.0229534 0.0389495 0 -0.0223016 0.999596 0.0170879 0 -0.0393267 0.0162019 -0.999095 0 -0.190535 -0.550219 0.0916849 1 
-0.998966 -0.0223942 0.0393117 0 -0.0217797 0.999625 0.015992 0 -0.0396558 0.0151195 -0.999099 0 -0.191769 -0.551718 0.0896022 1 
-0.998969 -0.0218714 0.0395425 0 -0.0212804 0.999647 0.015305 0 -0.039864 0.0144481 -0.999101 0 -0.192973 -0.553118 0.0874718 1 
-0.99898 -0.0212828 0.0395808 0 -0.0206974 0.999661 0.0151429 0 -0.0398905 0.0143085 -0.999102 0 -0.19409 -0.554292 0.0850022 1 
-0.998984 -0.0207059 0.0397929 0 -0.0201429 0.999682 0.0144973 0 -0.0400813 0.0136813 -0.999103 0 -0.195154 -0.555521 0.0828966 1 
-0.99899 -0.0203092 0.0398342 0 -0.0197477 0.999691 0.0144399 0 -0.040116 0.013639 -0.999102 0 -0.196164 -0.556673 0.0807988 1 
-0.999009 -0.0198862 0.0395727 0 -0.0192955 0.999688 0.0152526 0 -0.0398645 0.0144742 -0.9991 0 -0.197057 -0.55759 0.078338 1 
-0.999022 -0.0194681 0.039466 0 -0.0188648 0.999691 0.015602 0 -0.0397583 0.0148425 -0.999099 0 -0.197837 -0.558521 0.076223 1 
-0.999029 -0.0190825 0.0394747 0 -0.0184767 0.999697 0.0156538 0 -0.0397622 0.0149095 -0.999098 0 -0.198603 -0.559606 0.0743782 1 
-0.999044 -0.0187214 0.0392551 0 -0.0180905 0.999693 0.0163656 0 -0.0395502 0.0156401 -0.999095 0 -0.199191 -0.560407 0.072355 1 
-0.999058 -0.0185378 0.0389928 0 -0.0178804 0.999684 0.0171414 0 -0.039299 0.0164284 -0.999092 0 -0.199639 -0.561104 0.0701369 1 
-0.999063 -0.0184863 0.0388913 0 -0.0178194 0.99968 0.0174243 0 -0.0392017 0.0167153 -0.999091 0 -0.200029 -0.561901 0.0681647 1 
-0.999063 -0.0184773 0.038898 0 -0.0178109 0.99968 0.0174077 0 -0.0392079 0.0166989 -0.999092 0 -0.200378 -0.562758 0.0664753 1 
-0.999064 -0.0185167 0.0388373 0 -0.0178452 0.999677 0.0175658 0 -0.0391508 0.0168566 -0.999091 0 -0.200668 -0.563537 0.064679 1 
-0.999069 -0.0186432 0.0386613 0 -0.0179596 0.999668 0.0179554 0 -0.0389839 0.0172447 -0.999091 0 -0.200847 -0.564132 0.0625957 1 
-0.999068 -0.0187952 0.0386023 0 -0.0181129 0.999665 0.01795 0 -0.0389275 0.0172344 -0.999093 0 -0.201003 -0.56472 0.0606741 1 
-0.999061 -0.018898 0.0387273 0 -0.0182348 0.999673 0.0174069 0 -0.0390443 0.0166847 -0.999098 0 -0.201209 -0.565398 0.0590212 1 
-0.999055 -0.0189426 0.0388743 0 -0.0182979 0.999681 0.0168732 0 -0.0391823 0.0161463 -0.999102 0 -0.201443 -0.566064 0.0575893 1 
-0.99906 -0.0189477 0.0387471 0 -0.0182913 0.999675 0.0172255 0 -0.0390616 0.0165009 -0.999101 0 -0.201647 -0.566529 0.0559682 1 
-0.999071 -0.018919 0.0384721 0 -0.0182383 0.999663 0.0179671 0 -0.0387997 0.017249 -0.999098 0 -0.201818 -0.566807 0.0541851 1 
-0.999079 -0.0188819 0.0382831 0 -0.0181868 0.999655 0.0184224 0 -0.0386185 0.0177095 -0.999097 0 -0.201988 -0.567079 0.0525993 1 
-0.999082 -0.0187866 0.0382614 0 -0.0180933 0.999658 0.0183872 0 -0.0385945 0.0176783 -0.999099 0 -0.202224 -0.567478 0.0511853 1 
-0.999081 -0.018652 0.0383361 0 -0.0179681 0.999665 0.0181089 0 -0.0386617 0.0174037 -0.999101 0 -0.202493 -0.567933 0.0500579 1 
-0.999083 -0.0185095 0.0383508 0 -0.0178278 0.999669 0.0180426 0 -0.0386728 0.0173426 -0.999101 0 -0.202767 -0.568364 0.048988 1 
-0.999088 -0.0183327 0.038308 0 -0.0176471 0.99967 0.0181593 0 -0.038629 0.0174671 -0.999101 0 -0.203026 -0.568703 0.0480105 1 
-0.999095 -0.018158 0.0382045 0 -0.0174627 0.999668 0.018455 0 -0.0385276 0.0177714 -0.999099 0 -0.203263 -0.568974 0.0470054 1 
-0.9991 -0.0180412 0.0381294 0 -0.0173393 0.999666 0.018659 0 -0.038454 0.0179814 -0.999099 0 -0.203465 -0.569224 0.0460409 1 
-0.999104 -0.0179239 0.0380873 0 -0.0172197 0.999667 0.018735 0 -0.0384111 0.0180627 -0.999099 0 -0.203646 -0.569421 0.0452038 1 
-0.999105 -0.0178146 0.0381007 0 -0.0171146 0.999671 0.0186204 0 -0.0384206 0.017952 -0.9991 0 -0.203826 -0.569613 0.0444459 1 
-0.999105 -0.0177631 0.0381303 0 -0.0170685 0.999674 0.0184642 0 -0.0384466 0.0177972 -0.999102 0 -0.20397 -0.569738 0.043866 1 
-0.999104 -0.0177962 0.0381381 0 -0.0171055 0.999675 0.0183629 0 -0.0384533 0.0176944 -0.999104 0 -0.204091 -0.569791 0.0433714 1 
-0.999106 -0.0177528 0.03812 0 -0.0170633 0.999677 0.0183366 0 -0.0384339 0.0176701 -0.999105 0 -0.204204 -0.569732 0.0429604 1 
-0.999106 -0.0177621 0.0381018 0 -0.0170738 0.999677 0.0183149 0 -0.0384155 0.0176483 -0.999106 0 -0.204329 -0.569646 0.0426719 1 
-0.999108 -0.0178017 0.0380432 0 -0.0171098 0.999674 0.0184352 0 -0.0383597 0.0177682 -0.999106 0 -0.204483 -0.569532 0.0424533 1 
-0.999108 -0.0178613 0.0380084 0 -0.0171672 0.999672 0.018511 0 -0.0383273 0.0178424 -0.999106 0 -0.204694 -0.569415 0.0422865 1 
-0.999107 -0.0180111 0.0379801 0 -0.0173156 0.999668 0.0185618 0 -0.0383026 0.0178879 -0.999106 0 -0.204955 -0.569295 0.0421567 1 
-0.999104 -0.0181808 0.0379757 0 -0.0174863 0.999666 0.018542 0 -0.0383008 0.0178617 -0.999107 0 -0.205264 -0.56918 0.0420558 1 
-0.999101 -0.0183049 0.0379805 0 -0.0176128 0.999665 0.0184774 0 -0.0383067 0.0177922 -0.999108 0 -0.205585 -0.56907 0.0419682 1 
-0.9991 -0.0183695 0.037985 0 -0.0176798 0.999665 0.0184127 0 -0.0383112 0.0177249 -0.999109 0 -0.205917 -0.568955 0.041884 1 
-0.9991 -0.0183128 0.0380002 0 -0.0176263 0.999667 0.0183246 0 -0.0383238 0.0176387 -0.99911 0 -0.206252 -0.568845 0.0418034 1 
-0.999101 -0.0182602 0.0380049 0 -0.0175756 0.999669 0.0182698 0 -0.0383267 0.0175857 -0.999111 0 -0.206557 -0.568739 0.041726 1 
-0.9991 -0.018306 0.0380119 0 -0.017624 0.999669 0.0181983 0 -0.0383332 0.0175124 -0.999112 0 -0.206833 -0.568649 0.0416586 1 
-0.999099 -0.0183417 0.0380227 0 -0.0176625 0.99967 0.0181203 0 -0.0383433 0.0174327 -0.999113 0 -0.207065 -0.568573 0.0415853 1 
-0.999098 -0.0183328 0.0380533 0 -0.0176579 0.999673 0.0179952 0 -0.0383715 0.0173073 -0.999114 0 -0.207237 -0.568532 0.0415171 1 
-0.999095 -0.0183996 0.0381085 0 -0.0177317 0.999675 0.0177906 0 -0.0384242 0.0170991 -0.999115 0 -0.207344 -0.568539 0.0414517 1 
-0.999091 -0.0185063 0.0381603 0 -0.0178455 0.999676 0.0175848 0 -0.0384741 0.0168882 -0.999117 0 -0.207366 -0.568582 0.0413793 1 
-0.999089 -0.0186102 0.0381639 0 -0.0179532 0.999676 0.0174847 0 -0.0384777 0.0167839 -0.999118 0 -0.207322 -0.568621 0.041289 1 
-0.999088 -0.0187587 0.0381108 0 -0.0181045 0.999674 0.0174406 0 -0.0384263 0.0167351 -0.999121 0 -0.207229 -0.568663 0.0411858 1 
-0.999085 -0.0189071 0.038103 0 -0.0182526 0.999671 0.0174513 0 -0.0384212 0.0167402 -0.999121 0 -0.207147 -0.568698 0.041083 1 
-0.999082 -0.0190809 0.0380945 0 -0.0184277 0.999669 0.0174264 0 -0.0384151 0.0167087 -0.999122 0 -0.207056 -0.568752 0.0409693 1 
-0.999079 -0.0192596 0.0380857 0 -0.0186069 0.999666 0.0174171 0 -0.0384091 0.0166927 -0.999123 0 -0.206959 -0.568817 0.0408507 1 
-0.999077 -0.019417 0.0380711 0 -0.0187641 0.999662 0.0174309 0 -0.0383974 0.0167007 -0.999123 0 -0.206882 -0.568877 0.0407276 1 
-0.999075 -0.0195369 0.0380423 0 -0.0188827 0.999659 0.017482 0 -0.0383716 0.0167478 -0.999123 0 -0.206818 -0.568928 0.0405816 1 
-0.999075 -0.0196303 0.0380183 0 -0.0189743 0.999656 0.0175389 0 -0.0383503 0.0168017 -0.999123 0 -0.206782 -0.568984 0.0404101 1 
-0.999073 -0.0197096 0.0380066 0 -0.0190531 0.999655 0.0175582 0 -0.0383403 0.0168181 -0.999123 0 -0.206765 -0.569065 0.040221 1 
-0.999072 -0.0197413 0.0380204 0 -0.0190865 0.999655 0.0175095 0 -0.0383537 0.0167679 -0.999124 0 -0.206781 -0.569172 0.0400199 1 
-0.999072 -0.0197696 0.0380234 0 -0.0191156 0.999655 0.0174857 0 -0.0383567 0.016743 -0.999124 0 -0.206807 -0.569275 0.0398132 1 
-0.999072 -0.0198056 0.0379975 0 -0.0191504 0.999653 0.0175296 0 -0.0383322 0.016786 -0.999124 0 -0.206821 -0.569381 0.0395674 1 
-0.999073 -0.019846 0.0379603 0 -0.0191872 0.999651 0.0176424 0 -0.0382979 0.016898 -0.999123 0 -0.206835 -0.569474 0.0392988 1 
-0.999074 -0.0198646 0.0379197 0 -0.0192016 0.999648 0.0177701 0 -0.0382601 0.0170259 -0.999123 0 -0.206866 -0.569574 0.0390004 1 
-0.999075 -0.0198947 0.0378589 0 -0.0192264 0.999645 0.0179334 0 -0.0382029 0.0171892 -0.999122 0 -0.206888 -0.569666 0.0386333 1 
-0.999076 -0.0199481 0.0378048 0 -0.019276 0.999641 0.0180609 0 -0.0381522 0.0173158 -0.999122 0 -0.2069 -0.569772 0.0382666 1 
-0.999077 -0.0199913 0.0377632 0 -0.0193158 0.999639 0.0181683 0 -0.0381135 0.0174225 -0.999122 0 -0.206921 -0.569883 0.0378812 1 
-0.999078 -0.0200232 0.0377184 0 -0.0193436 0.999636 0.0182984 0 -0.0380718 0.0175522 -0.999121 0 -0.20695 -0.569995 0.0374861 1 
-0.999079 -0.0200841 0.0376575 0 -0.0194016 0.999633 0.0184029 0 -0.038014 0.0176556 -0.999121 0 -0.206955 -0.57012 0.0370765 1 
-0.999075 -0.020399 0.0375893 0 -0.0197204 0.999628 0.0183353 0 -0.0379501 0.0175774 -0.999125 0 -0.2068 -0.570336 0.036815 1 
-0.999069 -0.0207453 0.0375661 0 -0.0200652 0.99962 0.0183909 0 -0.0379341 0.0176203 -0.999125 0 -0.206591 -0.570504 0.0366197 1 
-0.999064 -0.0210257 0.0375544 0 -0.0203452 0.999614 0.0184131 0 -0.0379278 0.0176322 -0.999125 0 -0.20644 -0.570674 0.0364417 1 
-0.99906 -0.0212295 0.0375453 0 -0.0205484 0.999609 0.0184348 0 -0.0379227 0.0176464 -0.999125 0 -0.206359 -0.57081 0.0362867 1 
-0.999058 -0.0213407 0.0375307 0 -0.0206579 0.999606 0.0184871 0 -0.0379112 0.0176948 -0.999124 0 -0.206319 -0.57091 0.0361265 1 
-0.999059 -0.0213797 0.0374861 0 -0.0206931 0.999603 0.0186082 0 -0.0378698 0.0178154 -0.999124 0 -0.206312 -0.570958 0.0359452 1 
-0.999061 -0.0213801 0.0374191 0 -0.0206883 0.9996 0.0187785 0 -0.0378063 0.0179871 -0.999123 0 -0.206309 -0.570949 0.0357737 1 
-0.999064 -0.0214075 0.0373345 0 -0.0207097 0.999596 0.0189768 0 -0.0377264 0.0181862 -0.999123 0 -0.206275 -0.57091 0.0356111 1 
-0.999066 -0.0214648 0.0372527 0 -0.02076 0.99959 0.0192032 0 -0.0376504 0.0184123 -0.999121 0 -0.206221 -0.570852 0.0354438 1 
-0.999068 -0.0215188 0.0371699 0 -0.0208078 0.999585 0.0194097 0 -0.0375729 0.0186185 -0.99912 0 -0.206167 -0.570798 0.035298 1 
-0.999069 -0.0215873 0.037084 0 -0.02087 0.99958 0.019622 0 -0.0374927 0.0188301 -0.999119 0 -0.206102 -0.570747 0.0351499 1 
-0.99907 -0.0216654 0.037008 0 -0.0209418 0.999574 0.0198284 0 -0.0374226 0.0190353 -0.999118 0 -0.206037 -0.570699 0.0350015 1 
-0.999072 -0.0217462 0.0369267 0 -0.0210166 0.999569 0.0200322 0 -0.0373471 0.0192379 -0.999117 0 -0.205971 -0.570649 0.034845 1 
-0.999073 -0.0218284 0.0368379 0 -0.0210922 0.999563 0.0202554 0 -0.0372647 0.01946 -0.999116 0 -0.2059 -0.570595 0.0346742 1 
-0.999075 -0.0218913 0.0367495 0 -0.0211485 0.999557 0.0204824 0 -0.0371823 0.0196867 -0.999115 0 -0.205835 -0.570532 0.0344841 1 
-0.999076 -0.0219538 0.036684 0 -0.0212069 0.999553 0.0206273 0 -0.0371212 0.0198306 -0.999114 0 -0.205782 -0.570483 0.034286 1 
-0.999077 -0.021979 0.0366396 0 -0.0212295 0.99955 0.0207212 0 -0.0370792 0.0199246 -0.999114 0 -0.205753 -0.570434 0.0340656 1 
-0.999078 -0.0219661 0.0366289 0 -0.0212176 0.999551 0.0206987 0 -0.0370679 0.0199028 -0.999115 0 -0.205752 -0.570393 0.0338192 1 
-0.999077 -0.0219571 0.0366542 0 -0.0212131 0.999554 0.0205661 0 -0.0370901 0.0197699 -0.999116 0 -0.205758 -0.570373 0.0335674 1 
-0.999076 -0.021953 0.0366779 0 -0.0212142 0.999557 0.0204135 0 -0.0371105 0.0196169 -0.999119 0 -0.205754 -0.570357 0.033301 1 
-0.999075 -0.0219774 0.0367086 0 -0.0212454 0.99956 0.0202132 0 -0.0371374 0.019415 -0.999122 0 -0.205739 -0.570357 0.0330324 1 
-0.999072 -0.0220015 0.0367638 0 -0.0212784 0.999565 0.0199469 0 -0.0371874 0.0191465 -0.999125 0 -0.205723 -0.570366 0.0327447 1 
-0.99907 -0.0220078 0.0368062 0 -0.0212919 0.999569 0.0197327 0 -0.0372254 0.0189311 -0.999128 0 -0.20572 -0.57036 0.0324508 1 
-0.99907 -0.0219847 0.0368182 0 -0.0212731 0.999572 0.0196087 0 -0.0372343 0.0188076 -0.99913 0 -0.205724 -0.570323 0.0321116 1 
-0.999072 -0.0219851 0.0367815 0 -0.0212743 0.999572 0.0196044 0 -0.0371975 0.0188041 -0.999131 0 -0.205713 -0.570263 0.031683 1 
-0.999073 -0.021968 0.0367633 0 -0.0212584 0.999573 0.0195832 0 -0.0371785 0.0187839 -0.999132 0 -0.205722 -0.570216 0.0312063 1 
-0.999074 -0.0219145 0.0367698 0 -0.0212106 0.999577 0.0194246 0 -0.0371806 0.018627 -0.999135 0 -0.205751 -0.57018 0.0306825 1 
-0.999074 -0.0218996 0.0367785 0 -0.0212032 0.999581 0.0192208 0 -0.0371847 0.0184235 -0.999139 0 -0.205757 -0.570116 0.0300364 1 
-0.999073 -0.0218873 0.0368089 0 -0.0212006 0.999586 0.0189421 0 -0.037209 0.0181445 -0.999143 0 -0.205757 -0.570063 0.0293382 1 
-0.999074 -0.0218828 0.0367937 0 -0.0212015 0.999589 0.0188059 0 -0.0371908 0.0180087 -0.999146 0 -0.205747 -0.569976 0.0285631 1 
-0.999072 -0.0218738 0.03683 0 -0.0212029 0.999594 0.0185069 0 -0.0372205 0.0177091 -0.99915 0 -0.205755 -0.569914 0.0276773 1 
-0.999067 -0.0218795 0.0369803 0 -0.0212315 0.999606 0.0178245 0 -0.0373564 0.017023 -0.999157 0 -0.205786 -0.56997 0.0268295 1 
-0.999066 -0.021882 0.0370115 0 -0.0212459 0.999612 0.0174916 0 -0.0373806 0.0166892 -0.999162 0 -0.205794 -0.569955 0.0259165 1 
-0.999065 -0.0219007 0.0370043 0 -0.0212708 0.999614 0.0173303 0 -0.0373702 0.0165273 -0.999165 0 -0.205803 -0.569955 0.0250265 1 
-0.999067 -0.0219213 0.0369508 0 -0.0212928 0.999614 0.0173153 0 -0.0373168 0.0165126 -0.999167 0 -0.20581 -0.569948 0.0240835 1 
-0.999067 -0.021946 0.0369237 0 -0.0213212 0.999615 0.0172319 0 -0.0372883 0.0164289 -0.999169 0 -0.205827 -0.56996 0.0231714 1 
-0.999071 -0.021959 0.0368317 0 -0.021331 0.999612 0.0173568 0 -0.0371992 0.0165553 -0.999171 0 -0.205823 -0.569918 0.0223295 1 
-0.999073 -0.0219716 0.0367483 0 -0.0213408 0.99961 0.0174712 0 -0.0371186 0.0166711 -0.999172 0 -0.205828 -0.569884 0.0215097 1 
-0.999077 -0.0219586 0.0366693 0 -0.0213254 0.999609 0.0175712 0 -0.0370415 0.0167733 -0.999173 0 -0.205842 -0.569854 0.0207436 1 
-0.999078 -0.0219515 0.0366302 0 -0.0213195 0.999609 0.0175552 0 -0.037002 0.0167584 -0.999175 0 -0.205859 -0.569851 0.0200595 1 
-0.999077 -0.0219787 0.0366389 0 -0.0213526 0.999611 0.0173925 0 -0.0370076 0.0165944 -0.999177 0 -0.205877 -0.569908 0.0193678 1 
-0.999075 -0.022027 0.0366598 0 -0.0214071 0.999613 0.0172183 0 -0.0370256 0.0164179 -0.999179 0 -0.20589 -0.569979 0.018684 1 
-0.999074 -0.022074 0.0366603 0 -0.0214598 0.999614 0.0170625 0 -0.0370235 0.0162603 -0.999182 0 -0.205901 -0.57007 0.0179322 1 
-0.999075 -0.0221216 0.0366195 0 -0.0215075 0.999613 0.0170807 0 -0.0369839 0.0162776 -0.999183 0 -0.205921 -0.570144 0.0171317 1 
-0.999077 -0.0221647 0.0365355 0 -0.0215478 0.99961 0.017194 0 -0.036903 0.0163912 -0.999184 0 -0.205923 -0.570197 0.0162658 1 
-0.999077 -0.0222349 0.036498 0 -0.0216191 0.999609 0.0171816 0 -0.0368664 0.016377 -0.999186 0 -0.205939 -0.570306 0.0153386 1 
-0.999076 -0.0223279 0.0364686 0 -0.0217147 0.999608 0.0171252 0 -0.0368374 0.0163178 -0.999188 0 -0.205947 -0.570435 0.0143537 1 
-0.999076 -0.0224262 0.0364069 0 -0.0218133 0.999605 0.0171469 0 -0.0367777 0.0163372 -0.99919 0 -0.205946 -0.57053 0.0133315 1 
-0.999077 -0.0225126 0.0363173 0 -0.0218975 0.999602 0.0172456 0 -0.0366918 0.0164347 -0.999191 0 -0.205927 -0.570566 0.0122243 1 
-0.999082 -0.0225924 0.0361429 0 -0.0219667 0.999594 0.0176157 0 -0.0365269 0.0168059 -0.999191 0 -0.205896 -0.570527 0.0111374 1 
-0.999086 -0.022645 0.0359786 0 -0.0220081 0.999586 0.0179997 0 -0.036372 0.0171917 -0.99919 0 -0.205881 -0.570489 0.0101533 1 
-0.99909 -0.022692 0.0358567 0 -0.0220485 0.999581 0.018239 0 -0.0362562 0.0174322 -0.99919 0 -0.205878 -0.570484 0.00919102 1 
-0.999092 -0.0227314 0.0357776 0 -0.0220844 0.999578 0.0183756 0 -0.0361808 0.0175691 -0.999191 0 -0.205889 -0.570519 0.00832698 1 
-0.999096 -0.0227579 0.0356396 0 -0.0221015 0.999571 0.0187026 0 -0.0360506 0.0178983 -0.99919 0 -0.205901 -0.570544 0.00744275 1 
-0.9991 -0.0228153 0.0354871 0 -0.0221477 0.999563 0.0190918 0 -0.0359078 0.018289 -0.999188 0 -0.205913 -0.570606 0.00656574 1 
-0.999106 -0.0228572 0.0352892 0 -0.0221732 0.999551 0.0196562 0 -0.0357233 0.0188565 -0.999184 0 -0.205934 -0.570651 0.00565779 1 
-0.999113 -0.022901 0.0350782 0 -0.0221996 0.999539 0.0202542 0 -0.0355266 0.0194578 -0.999179 0 -0.205948 -0.570688 0.00475482 1 
-0.999121 -0.0229421 0.0348109 0 -0.0222197 0.999523 0.0209996 0 -0.0352768 0.020208 -0.999173 0 -0.20594 -0.570654 0.00380489 1 
-0.999129 -0.0229775 0.034565 0 -0.0222361 0.999508 0.0216834 0 -0.0350469 0.0208963 -0.999167 0 -0.205928 -0.570575 0.00283524 1 
-0.999133 -0.0229698 0.034431 0 -0.0222205 0.999502 0.0219876 0 -0.0349196 0.0212039 -0.999165 0 -0.205946 -0.570533 0.00189581 1 
-0.999139 -0.022994 0.0342565 0 -0.022236 0.999493 0.0223468 0 -0.0347536 0.0215662 -0.999163 0 -0.205916 -0.570419 0.000991677 1 
-0.999138 -0.023026 0.0342632 0 -0.022274 0.999496 0.0221684 0 -0.0347571 0.0213865 -0.999167 0 -0.205907 -0.570398 0.000217167 1 
-0.999135 -0.0230269 0.0343353 0 -0.0222865 0.999504 0.0217916 0 -0.0348208 0.0210079 -0.999173 0 -0.205916 -0.570385 -0.000442914 1 
-0.999135 -0.0229892 0.0343749 0 -0.0222586 0.999512 0.0214873 0 -0.0348528 0.0207039 -0.999178 0 -0.205926 -0.570323 -0.00103286 1 
-0.999133 -0.0229674 0.0344536 0 -0.0222498 0.999521 0.0210686 0 -0.0349216 0.0202842 -0.999184 0 -0.20594 -0.570322 -0.00155905 1 
-0.999128 -0.023009 0.0345542 0 -0.0223043 0.999528 0.0206415 0 -0.0350135 0.0198532 -0.99919 0 -0.205947 -0.570372 -0.00203944 1 
-0.999126 -0.0230494 0.034579 0 -0.022352 0.999532 0.0204211 0 -0.0350342 0.0196307 -0.999193 0 -0.205924 -0.570386 -0.00254566 1 
-0.999125 -0.0230682 0.0346016 0 -0.022377 0.999535 0.0202322 0 -0.0350529 0.0194406 -0.999196 0 -0.205923 -0.570382 -0.00309003 1 
-0.999123 -0.0231201 0.0346215 0 -0.0224344 0.999537 0.0200641 0 -0.03507 0.0192702 -0.999199 0 -0.205913 -0.570397 -0.00365145 1 
-0.999124 -0.0231529 0.0345869 0 -0.0224673 0.999536 0.0200825 0 -0.0350365 0.0192882 -0.9992 0 -0.205907 -0.5704 -0.00421659 1 
-0.999124 -0.0231853 0.034546 0 -0.0224986 0.999534 0.0201362 0 -0.0349975 0.0193417 -0.9992 0 -0.205916 -0.570444 -0.00478043 1 
-0.999127 -0.0232372 0.0344501 0 -0.0225442 0.999529 0.020367 0 -0.0349078 0.019573 -0.999199 0 -0.205917 -0.570506 -0.00534957 1 
-0.999131 -0.0232843 0.0342762 0 -0.0225772 0.999518 0.0208726 0 -0.0347464 0.020081 -0.999194 0 -0.205909 -0.570506 -0.00598718 1 
-0.999138 -0.0232849 0.0340743 0 -0.0225621 0.999506 0.0214445 0 -0.0345575 0.0206576 -0.999189 0 -0.205908 -0.570447 -0.00666697 1 
-0.999142 -0.0233122 0.0339472 0 -0.0225802 0.999498 0.02179 0 -0.0344388 0.0210052 -0.999186 0 -0.205919 -0.570461 -0.00733872 1 
-0.999148 -0.023357 0.0337491 0 -0.022611 0.999486 0.0223189 0 -0.0342537 0.0215372 -0.999181 0 -0.205899 -0.570437 -0.00803676 1 
-0.999153 -0.0233798 0.0335707 0 -0.0226204 0.999474 0.0228251 0 -0.0340873 0.0220468 -0.999176 0 -0.205884 -0.570366 -0.00869995 1 
-0.999157 -0.0233933 0.0334352 0 -0.0226251 0.999466 0.0231724 0 -0.0339601 0.0223968 -0.999172 0 -0.205874 -0.570312 -0.00933713 1 
-0.999161 -0.0234116 0.0333208 0 -0.0226377 0.99946 0.0234159 0 -0.0338516 0.0226424 -0.99917 0 -0.205853 -0.570263 -0.00995339 1 
-0.999162 -0.0234365 0.0332727 0 -0.0226621 0.999458 0.023462 0 -0.0338051 0.0226887 -0.999171 0 -0.205847 -0.570246 -0.0105128 1 
-0.999161 -0.0234657 0.0332831 0 -0.0226945 0.99946 0.0233628 0 -0.033814 0.0225883 -0.999173 0 -0.205847 -0.570264 -0.0110161 1 
-0.999162 -0.0234478 0.0332589 0 -0.0226779 0.999461 0.0233399 0 -0.0337889 0.0225665 -0.999174 0 -0.205858 -0.570218 -0.0115202 1 
-0.999161 -0.0234536 0.0332974 0 -0.0226909 0.999466 0.0231012 0 -0.033822 0.0223267 -0.999178 0 -0.205861 -0.570207 -0.0120026 1 
-0.999158 -0.0234664 0.0333816 0 -0.0227136 0.999473 0.022752 0 -0.0338986 0.021975 -0.999184 0 -0.205875 -0.570236 -0.0124877 1 
-0.999156 -0.0234697 0.0334297 0 -0.022725 0.999479 0.0224848 0 -0.0339407 0.0217066 -0.999188 0 -0.205893 -0.570274 -0.0129992 1 
-0.999155 -0.0234776 0.0334564 0 -0.0227385 0.999483 0.0223037 0 -0.0339634 0.0215246 -0.999191 0 -0.205907 -0.570288 -0.0135711 1 
-0.999152 -0.0234673 0.0335397 0 -0.0227401 0.999492 0.0219025 0 -0.0340373 0.0211216 -0.999197 0 -0.205938 -0.570328 -0.0142242 1 
-0.999147 -0.0234971 0.0336748 0 -0.022787 0.999503 0.0213204 0 -0.0341597 0.0205353 -0.999205 0 -0.205955 -0.570402 -0.0149016 1 
-0.999142 -0.0235015 0.0338194 0 -0.022809 0.999516 0.0207178 0 -0.0342905 0.019929 -0.999213 0 -0.205982 -0.570467 -0.0156219 1 
-0.999137 -0.0235044 0.0339661 0 -0.0228301 0.999528 0.0201042 0 -0.0344233 0.0193117 -0.999221 0 -0.206039 -0.570574 -0.0164283 1 
-0.999131 -0.0235371 0.0341262 0 -0.0228823 0.999539 0.019454 0 -0.034569 0.0186566 -0.999228 0 -0.20609 -0.570746 -0.0172302 1 
-0.999127 -0.0236304 0.0341811 0 -0.0229855 0.999543 0.0191406 0 -0.0346184 0.0183386 -0.999232 0 -0.206098 -0.570887 -0.0181342 1 
-0.999127 -0.0236717 0.0341283 0 -0.0230267 0.999541 0.0191714 0 -0.0345671 0.0183692 -0.999234 0 -0.20611 -0.570963 -0.0190352 1 
-0.999129 -0.0237645 0.0340229 0 -0.0231138 0.999535 0.0193907 0 -0.0344685 0.0185878 -0.999233 0 -0.206103 -0.571042 -0.0199446 1 
-0.99913 -0.0238833 0.0339189 0 -0.0232259 0.999528 0.0196468 0 -0.0343727 0.0188422 -0.999231 0 -0.206093 -0.571169 -0.0207131 1 
-0.999128 -0.0240429 0.0338419 0 -0.0233796 0.99952 0.0198607 0 -0.0343038 0.0190526 -0.99923 0 -0.206064 -0.571349 -0.021384 1 
-0.999126 -0.0242103 0.0338012 0 -0.023543 0.999513 0.0199998 0 -0.0342696 0.0191869 -0.999228 0 -0.206046 -0.571564 -0.0219597 1 
-0.999122 -0.024379 0.0338006 0 -0.0237116 0.999509 0.020007 0 -0.0342724 0.0191883 -0.999228 0 -0.206042 -0.571852 -0.0224719 1 
-0.999105 -0.0245519 0.0341747 0 -0.0239175 0.999527 0.0188485 0 -0.0346219 0.0180146 -0.999238 0 -0.206109 -0.572465 -0.022552 1 
-0.999089 -0.0247857 0.0344744 0 -0.0241763 0.999536 0.0179836 0 -0.0349048 0.0171341 -0.999244 0 -0.206077 -0.57307 -0.0224147 1 
-0.999076 -0.0248743 0.0347619 0 -0.0242865 0.999547 0.0172299 0 -0.0351754 0.0163701 -0.999247 0 -0.206059 -0.573634 -0.0223373 1 
-0.999064 -0.0249784 0.0350397 0 -0.024411 0.999556 0.016526 0 -0.0354376 0.0156555 -0.999249 0 -0.206077 -0.574207 -0.0223546 1 
-0.99905 -0.0250792 0.0353579 0 -0.0245382 0.999567 0.0156505 0 -0.0357357 0.0147683 -0.999252 0 -0.206145 -0.574886 -0.0223595 1 
-0.999032 -0.025355 0.0356851 0 -0.0248402 0.999572 0.0147982 0 -0.0360457 0.0138977 -0.999254 0 -0.206166 -0.575571 -0.0223623 1 
-0.999012 -0.0256009 0.0360711 0 -0.0251178 0.99958 0.0137811 0 -0.0364095 0.0128617 -0.999254 0 -0.206189 -0.576354 -0.0223009 1 
-0.998994 -0.0257809 0.0364387 0 -0.0253303 0.999588 0.0127743 0 -0.0367538 0.0118387 -0.999254 0 -0.206235 -0.577104 -0.0222138 1 
-0.998971 -0.0260925 0.0368408 0 -0.0256769 0.999592 0.0117092 0 -0.037132 0.0107514 -0.999253 0 -0.206284 -0.577914 -0.0220926 1 
-0.998949 -0.0264319 0.037193 0 -0.0260458 0.999592 0.0108287 0 -0.0374648 0.0098488 -0.999249 0 -0.206285 -0.578682 -0.0219752 1 
-0.998931 -0.026651 0.0375035 0 -0.0262919 0.999594 0.0100352 0 -0.0377565 0.00903862 -0.999246 0 -0.206329 -0.57943 -0.0218548 1 
-0.998912 -0.0269005 0.0378342 0 -0.026571 0.999595 0.00918735 0 -0.0380667 0.00817222 -0.999242 0 -0.206362 -0.580154 -0.0216694 1 
-0.998895 -0.0271127 0.0381364 0 -0.0268109 0.999596 0.00840167 0 -0.0383495 0.00737006 -0.999237 0 -0.206364 -0.580796 -0.0214411 1 
-0.998881 -0.0272339 0.0384081 0 -0.0269591 0.999598 0.00765346 0 -0.0386018 0.00660957 -0.999233 0 -0.206377 -0.581365 -0.0211772 1 
-0.998866 -0.0274063 0.0386842 0 -0.0271577 0.999597 0.00693932 0 -0.0388596 0.00588099 -0.999227 0 -0.206388 -0.581868 -0.0208917 1 
-0.998855 -0.0274927 0.0388979 0 -0.0272641 0.999598 0.00639514 0 -0.0390588 0.0053274 -0.999223 0 -0.206408 -0.582266 -0.0206288 1 
-0.998846 -0.0275934 0.0390718 0 -0.0273824 0.999598 0.00592513 0 -0.0392204 0.00484851 -0.999219 0 -0.206424 -0.582619 -0.0203969 1 
-0.998838 -0.0276832 0.0392076 0 -0.0274847 0.999597 0.00559244 0 -0.0393473 0.00450842 -0.999215 0 -0.206426 -0.582894 -0.0202181 1 
-0.998831 -0.0277425 0.0393539 0 -0.0275583 0.999597 0.00521539 0 -0.0394835 0.00412484 -0.999212 0 -0.206436 -0.583148 -0.020055 1 
-0.998824 -0.0277946 0.0394945 0 -0.0276243 0.999597 0.0048521 0 -0.0396142 0.00375546 -0.999208 0 -0.206443 -0.583383 -0.0199108 1 
-0.998819 -0.0278093 0.0395874 0 -0.0276508 0.999598 0.00454532 0 -0.0396986 0.0034454 -0.999206 0 -0.206432 -0.583591 -0.0197783 1 
-0.998817 -0.0277386 0.0396957 0 -0.0275903 0.999601 0.00427854 0 -0.0397993 0.00317832 -0.999203 0 -0.206438 -0.583784 -0.0196548 1 
-0.998811 -0.0277698 0.0398268 0 -0.0276329 0.999601 0.00398283 0 -0.0399223 0.00287762 -0.999199 0 -0.206459 -0.583989 -0.0195195 1 
-0.998804 -0.0278413 0.0399401 0 -0.0277178 0.9996 0.00364191 0 -0.0400263 0.00253056 -0.999195 0 -0.206463 -0.584232 -0.0193619 1 
-0.998794 -0.0279558 0.0401109 0 -0.0278492 0.999597 0.00321447 0 -0.0401854 0.00209358 -0.99919 0 -0.206449 -0.584561 -0.0191573 1 
-0.998786 -0.0279851 0.0402987 0 -0.027896 0.999597 0.00277043 0 -0.0403608 0.00164292 -0.999184 0 -0.206465 -0.584952 -0.0189138 1 
-0.998789 -0.028024 0.0401999 0 -0.027917 0.999595 0.00322075 0 -0.0402747 0.00209463 -0.999186 0 -0.206455 -0.585134 -0.0188914 1 
-0.998789 -0.0280477 0.0401732 0 -0.0279347 0.999594 0.00337003 0 -0.0402522 0.00224377 -0.999187 0 -0.206487 -0.585311 -0.0189757 1 
-0.998781 -0.0281699 0.0402856 0 -0.0280698 0.999592 0.0030491 0 -0.0403558 0.00191461 -0.999184 0 -0.206491 -0.585601 -0.0190246 1 
-0.998771 -0.0283415 0.0404348 0 -0.0282559 0.999587 0.00268776 0 -0.0404951 0.00154196 -0.999179 0 -0.206459 -0.585925 -0.0190308 1 
-0.998766 -0.0283416 0.0405543 0 -0.0282681 0.999588 0.00238569 0 -0.040606 0.00123638 -0.999174 0 -0.206479 -0.586232 -0.0190404 1 
-0.998761 -0.0283659 0.040655 0 -0.0283031 0.999588 0.00211871 0 -0.0406991 0.000965442 -0.999171 0 -0.206513 -0.586531 -0.0190528 1 
-0.998752 -0.0285101 0.0407646 0 -0.0284568 0.999584 0.00188883 0 -0.0408023 0.000726454 -0.999167 0 -0.206513 -0.586865 -0.0190705 1 
-0.998745 -0.0286296 0.0408615 0 -0.0285837 0.99958 0.0017073 0 -0.040894 0.000537192 -0.999163 0 -0.206526 -0.58718 -0.0191033 1 
-0.998739 -0.0287115 0.0409571 0 -0.0286749 0.999578 0.00148063 0 -0.0409832 0.000304328 -0.99916 0 -0.206561 -0.587563 -0.0191186 1 
-0.998731 -0.0288417 0.0410437 0 -0.0288118 0.999574 0.0013214 0 -0.0410651 0.000137188 -0.999156 0 -0.206565 -0.587987 -0.0191261 1 
-0.998723 -0.0289938 0.0411391 0 -0.0289692 0.99957 0.00119263 0 -0.0411567 -6.61922e-07 -0.999153 0 -0.206567 -0.588438 -0.0191385 1 
-0.998715 -0.02916 0.0412182 0 -0.0291396 0.999565 0.0010963 0 -0.0412331 -0.000106197 -0.99915 0 -0.206582 -0.58893 -0.0191654 1 
-0.998709 -0.0293491 0.0412301 0 -0.0293247 0.99956 0.00119592 0 -0.0412478 -1.46811e-05 -0.999149 0 -0.206562 -0.589335 -0.0192561 1 
-0.998703 -0.029494 0.0412699 0 -0.0294717 0.999555 0.00114851 0 -0.0412862 -6.92753e-05 -0.999147 0 -0.20655 -0.589781 -0.0193389 1 
-0.998696 -0.0296052 0.0413677 0 -0.0295928 0.999552 0.00091017 0 -0.0413769 -0.000315211 -0.999144 0 -0.206556 -0.590288 -0.0193652 1 
-0.998691 -0.0298042 0.0413424 0 -0.0297782 0.999546 0.00124435 0 -0.0413615 1.16226e-05 -0.999144 0 -0.206536 -0.590703 -0.01939 1 
-0.998692 -0.0299854 0.0411714 0 -0.029927 0.99954 0.00203382 0 -0.0412143 0.000799033 -0.99915 0 -0.206512 -0.591041 -0.019446 1 
-0.998691 -0.0301579 0.0410836 0 -0.0300785 0.999535 0.00255086 0 -0.0411422 0.00131181 -0.999152 0 -0.206524 -0.591496 -0.019472 1 
-0.998685 -0.0303047 0.041126 0 -0.0302211 0.99953 0.0026527 0 -0.0411878 0.00140636 -0.99915 0 -0.206548 -0.592135 -0.0194523 1 
-0.99868 -0.0303843 0.0411891 0 -0.0302985 0.999528 0.00270384 0 -0.0412526 0.00145232 -0.999148 0 -0.206569 -0.592887 -0.0193969 1 
-0.998673 -0.0304061 0.0413292 0 -0.0303293 0.999527 0.00248321 0 -0.041386 0.00122645 -0.999142 0 -0.206609 -0.593811 -0.0192143 1 
-0.998668 -0.0305864 0.0413133 0 -0.0304923 0.999521 0.00290685 0 -0.0413833 0.00164327 -0.999142 0 -0.206613 -0.594692 -0.0191422 1 
-0.998658 -0.030774 0.0414307 0 -0.0306792 0.999515 0.00292022 0 -0.0415013 0.00164526 -0.999137 0 -0.206646 -0.595701 -0.019017 1 
-0.998643 -0.0309522 0.0416559 0 -0.0308737 0.99951 0.00252577 0 -0.0417145 0.00123629 -0.999129 0 -0.206685 -0.596766 -0.0187274 1 
-0.998629 -0.0310577 0.0419188 0 -0.0310008 0.999508 0.00200602 0 -0.0419613 0.000703766 -0.999119 0 -0.206684 -0.597966 -0.0183042 1 
-0.998652 -0.0309109 0.0414579 0 -0.0307665 0.999508 0.00411583 0 -0.0415655 0.00283482 -0.999132 0 -0.206584 -0.598505 -0.0180375 1 
-0.998707 -0.0304599 0.0404576 0 -0.0301698 0.999505 0.00776072 0 -0.0406748 0.00653021 -0.999151 0 -0.206553 -0.598143 -0.0180127 1 
-0.998731 -0.030133 0.0401059 0 -0.0298041 0.999508 0.00877303 0 -0.0403512 0.00756673 -0.999157 0 -0.206617 -0.598096 -0.0178618 1 
-0.998739 -0.0300039 0.040014 0 -0.0296642 0.999509 0.00905552 0 -0.0402669 0.00785727 -0.999158 0 -0.206609 -0.598061 -0.0177831 1 
-0.998746 -0.0297933 0.0400057 0 -0.0294526 0.999515 0.00907673 0 -0.0402575 0.00788722 -0.999158 0 -0.206595 -0.598048 -0.0177346 1 
-0.998755 -0.0294872 0.0400047 0 -0.0291467 0.999524 0.0090665 0 -0.0402538 0.00788936 -0.999158 0 -0.20659 -0.598008 -0.0176689 1 
-0.998763 -0.0291734 0.0400378 0 -0.0288367 0.999534 0.00896292 0 -0.0402814 0.00779743 -0.999158 0 -0.206576 -0.598006 -0.0175263 1 
-0.998772 -0.0288385 0.0400451 0 -0.028502 0.999544 0.00894863 0 -0.0402857 0.00779642 -0.999158 0 -0.206556 -0.59796 -0.0173553 1 
-0.998776 -0.0286469 0.0400833 0 -0.0283146 0.99955 0.00883189 0 -0.040319 0.00768628 -0.999157 0 -0.206553 -0.597918 -0.0171171 1 
-0.998775 -0.0285765 0.040165 0 -0.0282535 0.999554 0.00858865 0 -0.0403933 0.00744347 -0.999156 0 -0.206549 -0.597904 -0.0167415 1 
-0.99878 -0.0284576 0.0401208 0 -0.0281235 0.999555 0.00886813 0 -0.0403561 0.00772913 -0.999155 0 -0.20655 -0.597714 -0.0163248 1 
-0.998788 -0.0282634 0.0400545 0 -0.02792 0.999559 0.00910775 0 -0.040295 0.00797855 -0.999156 0 -0.206604 -0.597502 -0.0158587 1 
-0.998793 -0.0280698 0.0400583 0 -0.0277247 0.999564 0.00914505 0 -0.0402983 0.00802357 -0.999155 0 -0.206669 -0.597339 -0.0152538 1 
-0.998795 -0.0278945 0.0401386 0 -0.0275565 0.999571 0.00895031 0 -0.0403718 0.0078336 -0.999154 0 -0.206728 -0.597234 -0.0145277 1 
-0.998796 -0.0277092 0.0402425 0 -0.0273802 0.999578 0.00870226 0 -0.0404675 0.00759008 -0.999152 0 -0.206795 -0.597132 -0.0136539 1 
-0.998793 -0.027504 0.0404457 0 -0.0271968 0.999587 0.00812615 0 -0.0406533 0.00701649 -0.999149 0 -0.206891 -0.597114 -0.0125609 1 
-0.998782 -0.0273796 0.0408139 0 -0.0271125 0.999598 0.00708309 0 -0.0409922 0.00596802 -0.999142 0 -0.206976 -0.597271 -0.0112608 1 
-0.998772 -0.027363 0.0410592 0 -0.027121 0.999602 0.00643856 0 -0.0412198 0.00531719 -0.999136 0 -0.206979 -0.597364 -0.00987719 1 
-0.998764 -0.0273518 0.041267 0 -0.0271309 0.999605 0.00590372 0 -0.041413 0.0047769 -0.999131 0 -0.20696 -0.597446 -0.00844868 1 
-0.99876 -0.0273578 0.0413624 0 -0.0271434 0.999605 0.0057357 0 -0.0415038 0.00460596 -0.999128 0 -0.206922 -0.597454 -0.00723606 1 
-0.998762 -0.0273688 0.0413146 0 -0.0271394 0.999603 0.00610257 0 -0.041466 0.00497385 -0.999128 0 -0.206877 -0.597399 -0.00610325 1 
-0.998772 -0.0273149 0.0411065 0 -0.0270505 0.9996 0.0069747 0 -0.0412813 0.00585429 -0.99913 0 -0.206852 -0.597262 -0.00511936 1 
-0.998779 -0.027251 0.0409706 0 -0.0269618 0.999598 0.00759511 0 -0.0411619 0.00648132 -0.999131 0 -0.206843 -0.597191 -0.00404192 1 
-0.998787 -0.0272002 0.0408111 0 -0.0268842 0.999595 0.00827124 0 -0.0410203 0.00716417 -0.999133 0 -0.206821 -0.597095 -0.00306678 1 
-0.998791 -0.0271509 0.0407525 0 -0.0268184 0.999593 0.00868308 0 -0.0409724 0.00757981 -0.999132 0 -0.206825 -0.597077 -0.00194258 1 
-0.998791 -0.0271076 0.0407762 0 -0.0267697 0.999593 0.00881061 0 -0.0409993 0.00770854 -0.999129 0 -0.206825 -0.597108 -0.000695354 1 
-0.99879 -0.0270796 0.0408074 0 -0.0267355 0.999593 0.00895546 0 -0.041034 0.00785377 -0.999127 0 -0.206818 -0.597119 0.000562479 1 
-0.998809 -0.0270639 0.0403705 0 -0.0266599 0.99958 0.0105128 0 -0.0406388 0.00942416 -0.999129 0 -0.206705 -0.596765 0.00144076 1 
-0.998818 -0.0270058 0.040163 0 -0.0265768 0.999575 0.0111782 0 -0.0404486 0.0100978 -0.999131 0 -0.206726 -0.596669 0.00111031 1 
-0.998806 -0.0271384 0.0403848 0 -0.0267328 0.999577 0.0105485 0 -0.0406548 0.00945645 -0.999129 0 -0.206776 -0.597103 0.00114701 1 
-0.998809 -0.0272083 0.0402623 0 -0.0267843 0.999571 0.011033 0 -0.040546 0.00994161 -0.999128 0 -0.206715 -0.597024 0.00114893 1 
-0.998811 -0.027188 0.0402213 0 -0.0267591 0.99957 0.0111651 0 -0.0405083 0.0100758 -0.999128 0 -0.206712 -0.596963 0.00115579 1 
-0.998811 -0.0272051 0.0402182 0 -0.0267765 0.99957 0.011157 0 -0.0405052 0.010067 -0.999129 0 -0.206694 -0.596968 0.0011705 1 
-0.998811 -0.0272159 0.0402154 0 -0.0267876 0.999569 0.0111511 0 -0.0405024 0.0100607 -0.999129 0 -0.206679 -0.596976 0.00118235 1 
-0.998811 -0.0271985 0.0402163 0 -0.0267703 0.99957 0.0111479 0 -0.040503 0.0100582 -0.999129 0 -0.206684 -0.596976 0.00118707 1 
-0.998812 -0.0271803 0.0402183 0 -0.0267521 0.99957 0.0111468 0 -0.0405047 0.0100579 -0.999129 0 -0.20669 -0.596975 0.00119288 1 
-0.998812 -0.0271758 0.0402154 0 -0.0267474 0.99957 0.011153 0 -0.0405019 0.0100643 -0.999129 0 -0.206684 -0.596978 0.00119758 1 
-0.998813 -0.0271581 0.0402077 0 -0.0267294 0.999571 0.0111606 0 -0.0404943 0.0100728 -0.999129 0 -0.206678 -0.596977 0.00119622 1 
-0.998814 -0.0270843 0.0402093 0 -0.0266561 0.999573 0.0111463 0 -0.0404948 0.0100615 -0.999129 0 -0.206669 -0.596984 0.0011998 1 
-0.998817 -0.0269815 0.040216 0 -0.0265537 0.999576 0.0111333 0 -0.0405001 0.0100524 -0.999129 0 -0.206653 -0.596993 0.00120416 1 
-0.99882 -0.0268648 0.0402169 0 -0.0264373 0.999579 0.0111264 0 -0.0404996 0.0100502 -0.999129 0 -0.206646 -0.596996 0.00120441 1 
-0.998824 -0.0267297 0.0402184 0 -0.0263023 0.999583 0.0111174 0 -0.0404996 0.0100467 -0.999129 0 -0.206635 -0.597001 0.0012026 1 
-0.998829 -0.0265427 0.0402177 0 -0.0261155 0.999588 0.0111094 0 -0.0404967 0.0100463 -0.999129 0 -0.206625 -0.597004 0.00120142 1 
-0.998835 -0.0263019 0.0402232 0 -0.0258749 0.999594 0.0111001 0 -0.0404996 0.0100466 -0.999129 0 -0.206605 -0.597011 0.00119927 1 
-0.998841 -0.0260479 0.0402277 0 -0.0256211 0.999601 0.0110892 0 -0.0405013 0.0100458 -0.999129 0 -0.206578 -0.597019 0.00119713 1 
-0.998846 -0.0258499 0.0402311 0 -0.0254235 0.999606 0.0110727 0 -0.0405023 0.0100373 -0.999129 0 -0.206559 -0.597028 0.00119858 1 
-0.998853 -0.0255694 0.0402332 0 -0.0251432 0.999613 0.0110638 0 -0.0405013 0.0100397 -0.999129 0 -0.206543 -0.597031 0.00119212 1 
-0.998859 -0.0253217 0.0402402 0 -0.0248957 0.999619 0.0110515 0 -0.0405055 0.0100373 -0.999129 0 -0.206531 -0.597036 0.00119279 1 
-0.998863 -0.0251644 0.0402453 0 -0.0247389 0.999623 0.0110356 0 -0.0405086 0.0100277 -0.999129 0 -0.206529 -0.597042 0.0011934 1 
-0.998865 -0.0251094 0.0402466 0 -0.0246842 0.999625 0.0110272 0 -0.0405092 0.0100214 -0.999129 0 -0.206526 -0.597046 0.00119387 1 
-0.998867 -0.0249981 0.0402485 0 -0.0245734 0.999628 0.0110142 0 -0.0405096 0.0100128 -0.999129 0 -0.206515 -0.597053 0.00119267 1 
-0.99887 -0.0248876 0.0402575 0 -0.0244633 0.999631 0.0109979 0 -0.0405171 0.0100008 -0.999129 0 -0.206509 -0.597062 0.00119624 1 
-0.998871 -0.0248224 0.0402688 0 -0.0243988 0.999632 0.0109776 0 -0.0405273 0.00998285 -0.999129 0 -0.206518 -0.59707 0.00120275 1 
-0.998871 -0.0247998 0.0402695 0 -0.0243761 0.999633 0.0109797 0 -0.0405278 0.00998587 -0.999129 0 -0.206527 -0.597067 0.00120066 1 
-0.998872 -0.0247761 0.0402671 0 -0.0243525 0.999634 0.0109772 0 -0.0405251 0.00998442 -0.999129 0 -0.206521 -0.597069 0.00119868 1 
-0.998873 -0.0247449 0.0402653 0 -0.0243213 0.999634 0.010978 0 -0.040523 0.00998648 -0.999129 0 -0.20651 -0.597071 0.0011986 1 
-0.998874 -0.0247085 0.0402671 0 -0.0242852 0.999635 0.0109695 0 -0.0405242 0.00997944 -0.999129 0 -0.206509 -0.597074 0.0011991 1 
-0.998875 -0.0246474 0.0402722 0 -0.0242239 0.999637 0.0109709 0 -0.0405288 0.00998316 -0.999128 0 -0.206527 -0.597067 0.00119643 1 
-0.998876 -0.0246159 0.0402651 0 -0.0241925 0.999638 0.0109672 0 -0.0405212 0.00998095 -0.999129 0 -0.206507 -0.597073 0.00119434 1 
-0.998877 -0.0246148 0.0402563 0 -0.0241916 0.999638 0.0109666 0 -0.0405125 0.00998058 -0.999129 0 -0.206487 -0.597079 0.001193 1 
-0.998877 -0.0245824 0.0402618 0 -0.0241594 0.999638 0.0109593 0 -0.0405174 0.00997445 -0.999129 0 -0.206508 -0.597074 0.001196 1 
-0.998877 -0.0245765 0.0402661 0 -0.0241534 0.999639 0.0109604 0 -0.0405217 0.00997572 -0.999129 0 -0.20652 -0.597071 0.00119867 1 
-0.998876 -0.0245961 0.0402716 0 -0.0241728 0.999638 0.0109641 0 -0.0405274 0.00997849 -0.999129 0 -0.206516 -0.597071 0.00119598 1 
-0.998876 -0.024577 0.0402802 0 -0.0241538 0.999639 0.010958 0 -0.0405357 0.00997297 -0.999128 0 -0.206538 -0.597067 0.00119869 1 
-0.998876 -0.0245857 0.0402822 0 -0.0241627 0.999638 0.0109547 0 -0.0405377 0.00996928 -0.999128 0 -0.20654 -0.597068 0.00120011 1 
-0.998876 -0.0245857 0.0402838 0 -0.0241627 0.999638 0.0109541 0 -0.0405393 0.00996858 -0.999128 0 -0.206537 -0.59707 0.00119959 1 
-0.998876 -0.0245733 0.0402849 0 -0.0241501 0.999639 0.0109567 0 -0.0405403 0.00997172 -0.999128 0 -0.206549 -0.597063 0.00119734 1 
-0.998876 -0.0245868 0.0402828 0 -0.0241638 0.999638 0.0109534 0 -0.0405383 0.0099679 -0.999128 0 -0.206539 -0.597067 0.0011966 1 
-0.998877 -0.0245741 0.0402792 0 -0.0241509 0.999639 0.0109598 0 -0.0405348 0.00997488 -0.999128 0 -0.206542 -0.597063 0.00119349 1 
-0.998877 -0.0245741 0.0402813 0 -0.0241511 0.999639 0.0109533 0 -0.0405367 0.00996839 -0.999128 0 -0.206546 -0.597064 0.00119438 1 
-0.998876 -0.0245817 0.0402921 0 -0.0241593 0.999639 0.0109376 0 -0.0405472 0.00995203 -0.999128 0 -0.206545 -0.597072 0.00120184 1 
-0.998876 -0.0245643 0.0402968 0 -0.0241416 0.999639 0.0109431 0 -0.0405518 0.00995812 -0.999128 0 -0.206561 -0.597067 0.00119845 1 
-0.998876 -0.0245772 0.0402915 0 -0.0241544 0.999639 0.0109468 0 -0.0405467 0.00996148 -0.999128 0 -0.206553 -0.597068 0.00119534 1 
-0.998876 -0.0245751 0.0402931 0 -0.0241526 0.999639 0.0109387 0 -0.0405482 0.00995344 -0.999128 0 -0.206552 -0.597071 0.00119936 1 
-0.998876 -0.0245736 0.0402949 0 -0.0241508 0.999639 0.0109453 0 -0.0405501 0.00996008 -0.999128 0 -0.206557 -0.597067 0.00119702 1 
-0.998876 -0.0245709 0.0402951 0 -0.0241482 0.999639 0.0109437 0 -0.0405502 0.00995852 -0.999128 0 -0.206556 -0.597068 0.00119736 1 
-0.998876 -0.0245639 0.0402938 0 -0.0241414 0.999639 0.010939 0 -0.0405487 0.00995411 -0.999128 0 -0.206557 -0.597069 0.0011999 1 
-0.998876 -0.0245672 0.0402931 0 -0.0241445 0.999639 0.0109443 0 -0.0405482 0.00995935 -0.999128 0 -0.206556 -0.597068 0.00119728 1 
-0.998876 -0.0245689 0.0402965 0 -0.0241462 0.999639 0.0109425 0 -0.0405516 0.00995739 -0.999128 0 -0.206557 -0.597068 0.00119698 1 
