-0.999711 0.00772186 0.022354 0 0.00686958 0.999246 -0.0379551 0 -0.0226307 -0.0377913 -0.999029 0 -0.230309 -0.377379 0.543262 1 
-0.999711 0.00771236 0.0223522 0 0.00686026 0.999246 -0.0379501 0 -0.0226285 -0.0377866 -0.99903 0 -0.230306 -0.37738 0.54326 1 
-0.999711 0.00771969 0.0223511 0 0.00686761 0.999246 -0.0379508 0 -0.0226277 -0.037787 -0.99903 0 -0.230307 -0.37738 0.54326 1 
-0.999711 0.00772056 0.0223532 0 0.00686836 0.999246 -0.0379531 0 -0.0226298 -0.0377894 -0.999029 0 -0.230309 -0.377379 0.543261 1 
-0.999711 0.00772156 0.0223521 0 0.00686937 0.999246 -0.0379546 0 -0.0226287 -0.0377908 -0.999029 0 -0.230308 -0.377378 0.543262 1 
-0.999711 0.007722 0.0223504 0 0.00686985 0.999246 -0.0379554 0 -0.022627 -0.0377916 -0.999029 0 -0.230307 -0.377379 0.543262 1 
-0.999711 0.0077209 0.0223512 0 0.00686876 0.999246 -0.0379538 0 -0.0226278 -0.03779 -0.999029 0 -0.230309 -0.377378 0.543261 1 
-0.999711 0.0077136 0.0223519 0 0.00686146 0.999246 -0.0379526 0 -0.0226283 -0.0377889 -0.99903 0 -0.230307 -0.377379 0.543261 1 
-0.999711 0.00771635 0.0223514 0 0.00686418 0.999246 -0.0379548 0 -0.0226278 -0.0377912 -0.999029 0 -0.230307 -0.377379 0.543262 1 
-0.999711 0.00771729 0.0223527 0 0.00686511 0.999246 -0.0379529 0 -0.0226292 -0.0377892 -0.999029 0 -0.230307 -0.377378 0.543261 1 
-0.999711 0.00772013 0.0223544 0 0.00686784 0.999246 -0.037955 0 -0.022631 -0.0377912 -0.999029 0 -0.230308 -0.377378 0.543262 1 
-0.999711 0.00771722 0.0223482 0 0.00686528 0.999246 -0.0379498 0 -0.0226246 -0.0377861 -0.99903 0 -0.230308 -0.377378 0.543259 1 
-0.999711 0.00771581 0.0223566 0 0.00686334 0.999246 -0.0379592 0 -0.0226331 -0.0377955 -0.999029 0 -0.230308 -0.377379 0.543264 1 
-0.999711 0.0077201 0.0223507 0 0.00686801 0.999246 -0.0379521 0 -0.0226273 -0.0377883 -0.99903 0 -0.230309 -0.377378 0.543261 1 
-0.999711 0.00772132 0.0223538 0 0.00686906 0.999246 -0.0379545 0 -0.0226304 -0.0377907 -0.999029 0 -0.230307 -0.377379 0.543262 1 
-0.999711 0.00771795 0.0223533 0 0.00686578 0.999246 -0.0379514 0 -0.0226298 -0.0377877 -0.99903 0 -0.230308 -0.37738 0.543261 1 
-0.999711 0.00772303 0.0223506 0 0.00687095 0.999246 -0.0379518 0 -0.0226273 -0.037788 -0.99903 0 -0.23031 -0.377378 0.54326 1 
-0.999711 0.00771272 0.0223553 0 0.00686037 0.999246 -0.0379559 0 -0.0226316 -0.0377923 -0.999029 0 -0.230307 -0.377381 0.543262 1 
-0.999711 0.00771441 0.0223561 0 0.00686205 0.999246 -0.0379551 0 -0.0226325 -0.0377914 -0.999029 0 -0.230307 -0.377379 0.543263 1 
-0.999711 0.00772018 0.0223544 0 0.00686774 0.999246 -0.0379616 0 -0.0226311 -0.0377979 -0.999029 0 -0.230308 -0.377379 0.543265 1 
-0.999711 0.00771975 0.0223516 0 0.0068676 0.999246 -0.0379535 0 -0.0226282 -0.0377898 -0.999029 0 -0.230309 -0.377379 0.543261 1 
-0.999711 0.00771413 0.0223542 0 0.00686184 0.999246 -0.0379551 0 -0.0226306 -0.0377915 -0.999029 0 -0.230308 -0.377379 0.543262 1 
-0.999711 0.00771976 0.0223514 0 0.00686762 0.999246 -0.0379534 0 -0.022628 -0.0377896 -0.999029 0 -0.230309 -0.377378 0.543261 1 
-0.999711 0.00771431 0.0223504 0 0.00686225 0.999246 -0.0379512 0 -0.0226267 -0.0377876 -0.99903 0 -0.230307 -0.37738 0.54326 1 
-0.999711 0.00771585 0.0223514 0 0.00686374 0.999246 -0.0379519 0 -0.0226278 -0.0377883 -0.99903 0 -0.230307 -0.377379 0.543261 1 
-0.999711 0.00771624 0.0223495 0 0.00686425 0.999246 -0.0379498 0 -0.022626 -0.0377861 -0.99903 0 -0.230309 -0.377379 0.543259 1 
-0.999711 0.00771983 0.0223512 0 0.00686768 0.999246 -0.0379537 0 -0.0226278 -0.03779 -0.999029 0 -0.23031 -0.377377 0.543261 1 
-0.999711 0.00772474 0.0223525 0 0.00687256 0.999246 -0.037953 0 -0.0226293 -0.0377891 -0.999029 0 -0.230309 -0.377379 0.543261 1 
-0.999711 0.00771358 0.0223516 0 0.00686141 0.999246 -0.0379544 0 -0.0226279 -0.0377908 -0.999029 0 -0.230306 -0.37738 0.543261 1 
-0.999711 0.00771068 0.022355 0 0.00685844 0.999246 -0.0379516 0 -0.0226312 -0.037788 -0.999029 0 -0.230306 -0.37738 0.543261 1 
-0.999711 0.00772356 0.0223483 0 0.0068716 0.999246 -0.0379505 0 -0.0226251 -0.0377867 -0.99903 0 -0.230309 -0.377378 0.543259 1 
-0.999711 0.00771338 0.0223522 0 0.00686122 0.999246 -0.0379528 0 -0.0226286 -0.0377892 -0.999029 0 -0.230309 -0.377378 0.543261 1 
-0.999711 0.00772535 0.0223524 0 0.00687314 0.999246 -0.0379547 0 -0.0226292 -0.0377908 -0.999029 0 -0.23031 -0.377379 0.543262 1 
-0.999711 0.00772406 0.0223506 0 0.00687203 0.999246 -0.0379497 0 -0.0226273 -0.0377858 -0.99903 0 -0.230309 -0.377378 0.543259 1 
-0.999711 0.0077249 0.022349 0 0.00687285 0.999246 -0.0379532 0 -0.0226258 -0.0377893 -0.99903 0 -0.230309 -0.377379 0.54326 1 
-0.999711 0.00771652 0.0223515 0 0.0068644 0.999246 -0.0379522 0 -0.0226279 -0.0377885 -0.99903 0 -0.230307 -0.37738 0.54326 1 
-0.999711 0.00772532 0.0223518 0 0.00687314 0.999246 -0.0379541 0 -0.0226286 -0.0377903 -0.999029 0 -0.23031 -0.377378 0.543262 1 
-0.999711 0.00772996 0.0223499 0 0.00687787 0.999246 -0.0379531 0 -0.0226269 -0.0377892 -0.99903 0 -0.230313 -0.377376 0.54326 1 
-0.999711 0.00771679 0.0223548 0 0.00686442 0.999246 -0.0379575 0 -0.0226313 -0.0377938 -0.999029 0 -0.230309 -0.377378 0.543263 1 
-0.999711 0.00771254 0.0223495 0 0.00686054 0.999246 -0.0379504 0 -0.0226258 -0.0377868 -0.99903 0 -0.230303 -0.377382 0.543259 1 
-0.999711 0.00770017 0.0223575 0 0.00684772 0.999246 -0.0379571 0 -0.0226334 -0.0377937 -0.999029 0 -0.2303 -0.377384 0.543264 1 
-0.999711 0.00772259 0.0223523 0 0.00687035 0.999246 -0.0379559 0 -0.022629 -0.0377921 -0.999029 0 -0.23031 -0.377377 0.543262 1 
-0.999711 0.00772516 0.0223484 0 0.00687321 0.999246 -0.0379495 0 -0.0226252 -0.0377856 -0.99903 0 -0.230312 -0.377377 0.543259 1 
-0.999711 0.00769833 0.0223507 0 0.0068463 0.999247 -0.03795 0 -0.0226265 -0.0377867 -0.99903 0 -0.230299 -0.377386 0.543259 1 
-0.999711 0.00766652 0.022359 0 0.00681422 0.999247 -0.0379489 0 -0.0226335 -0.0377863 -0.999029 0 -0.230287 -0.37739 0.543261 1 
-0.999711 0.00767168 0.022358 0 0.00681943 0.999247 -0.0379481 0 -0.0226327 -0.0377854 -0.99903 0 -0.230291 -0.37739 0.54326 1 
-0.999711 0.00769756 0.0223511 0 0.00684556 0.999247 -0.0379481 0 -0.0226268 -0.0377848 -0.99903 0 -0.230302 -0.377383 0.543259 1 
-0.999711 0.00771564 0.0223533 0 0.00686344 0.999246 -0.0379532 0 -0.0226297 -0.0377895 -0.999029 0 -0.230307 -0.377379 0.543261 1 
-0.99971 0.00781805 0.0223482 0 0.00696558 0.999245 -0.037971 0 -0.0226286 -0.037805 -0.999029 0 -0.230346 -0.377352 0.543267 1 
-0.999709 0.00792776 0.0223534 0 0.00707377 0.999242 -0.0380273 0 -0.0226384 -0.0378589 -0.999027 0 -0.23039 -0.377321 0.54329 1 
-0.999709 0.00798981 0.0223484 0 0.00713566 0.999241 -0.0380414 0 -0.0226359 -0.0378715 -0.999026 0 -0.230417 -0.377305 0.543294 1 
-0.999709 0.00791183 0.0223567 0 0.00705787 0.999242 -0.0380206 0 -0.022641 -0.0378525 -0.999027 0 -0.230385 -0.377324 0.543288 1 
-0.999709 0.00789164 0.0223613 0 0.00703748 0.999242 -0.0380226 0 -0.0226449 -0.0378549 -0.999027 0 -0.230376 -0.377329 0.543289 1 
-0.999709 0.00791612 0.0223554 0 0.00706211 0.999242 -0.0380247 0 -0.0226399 -0.0378565 -0.999027 0 -0.230388 -0.377321 0.543289 1 
-0.999709 0.00793284 0.0223539 0 0.00707883 0.999242 -0.0380272 0 -0.0226391 -0.0378587 -0.999027 0 -0.230391 -0.377319 0.54329 1 
-0.999709 0.00790844 0.0223461 0 0.00705539 0.999243 -0.0379985 0 -0.0226301 -0.0378305 -0.999028 0 -0.230381 -0.377328 0.543278 1 
-0.99971 0.00787694 0.0223428 0 0.00702432 0.999244 -0.0379857 0 -0.0226256 -0.0378184 -0.999028 0 -0.230372 -0.377336 0.543271 1 
-0.99971 0.00784638 0.0223409 0 0.00699401 0.999244 -0.0379784 0 -0.0226224 -0.0378119 -0.999029 0 -0.230359 -0.377344 0.543268 1 
-0.999711 0.00776876 0.0223378 0 0.0069172 0.999246 -0.0379495 0 -0.0226162 -0.0377847 -0.99903 0 -0.230325 -0.377365 0.543256 1 
-0.999711 0.00770788 0.022324 0 0.00685824 0.999249 -0.0378888 0 -0.0225997 -0.0377255 -0.999033 0 -0.230302 -0.377381 0.543231 1 
-0.999712 0.00771686 0.0223122 0 0.00686778 0.999249 -0.0378833 0 -0.0225883 -0.0377199 -0.999033 0 -0.230306 -0.377379 0.543227 1 
-0.99971 0.00772115 0.022376 0 0.00686711 0.999245 -0.0379962 0 -0.0226529 -0.0378322 -0.999027 0 -0.230309 -0.377382 0.543257 1 
-0.999695 0.00767968 0.0230376 0 0.00677455 0.999202 -0.0391129 0 -0.0233201 -0.0389456 -0.998969 0 -0.230386 -0.377578 0.543497 1 
-0.999685 0.00754852 0.0235435 0 0.00660292 0.999169 -0.0399858 0 -0.0238262 -0.0398185 -0.998923 0 -0.230364 -0.377692 0.543835 1 
-0.999676 0.00732595 0.0239784 0 0.00634462 0.99914 -0.0407485 0 -0.0242568 -0.040584 -0.998882 0 -0.23028 -0.377782 0.544248 1 
-0.999666 0.00696888 0.0244849 0 0.00594357 0.999103 -0.0417009 0 -0.024754 -0.0415423 -0.99883 0 -0.230142 -0.377934 0.544763 1 
-0.99966 0.00666511 0.0248353 0 0.00559941 0.999061 -0.0427356 0 -0.0250973 -0.0425828 -0.998778 0 -0.22984 -0.378196 0.545288 1 
-0.999656 0.00612955 0.0251127 0 0.00502728 0.999021 -0.043723 0 -0.0253566 -0.0435826 -0.998728 0 -0.229339 -0.37856 0.54578 1 
-0.999657 0.00564504 0.0252057 0 0.00452325 0.998997 -0.0443423 0 -0.0254312 -0.0442139 -0.998698 0 -0.228676 -0.378932 0.546143 1 
-0.99966 0.00523958 0.0251471 0 0.00410622 0.998973 -0.0449106 0 -0.025357 -0.044793 -0.998674 0 -0.227779 -0.379406 0.546384 1 
-0.999666 0.0047477 0.0250031 0 0.00361259 0.99896 -0.0452493 0 -0.0251924 -0.0451448 -0.998663 0 -0.226657 -0.379975 0.546505 1 
-0.999674 0.0042043 0.0248089 0 0.00307394 0.998953 -0.0454255 0 -0.0249744 -0.0453353 -0.99866 0 -0.225361 -0.380663 0.546569 1 
-0.999689 0.0038299 0.024235 0 0.00272548 0.998954 -0.0454408 0 -0.0243841 -0.0453615 -0.998673 0 -0.223651 -0.381584 0.546484 1 
-0.999709 0.00365099 0.023448 0 0.00258732 0.998963 -0.0452338 0 -0.0235893 -0.0451608 -0.998701 0 -0.221576 -0.382718 0.546217 1 
-0.999726 0.00346808 0.0227387 0 0.00244873 0.998988 -0.0447039 0 -0.0228712 -0.0446368 -0.998741 0 -0.219273 -0.383944 0.545834 1 
-0.999746 0.00297921 0.0219223 0 0.00201243 0.99902 -0.0439906 0 -0.0220324 -0.0439361 -0.998791 0 -0.216486 -0.385395 0.545348 1 
-0.999767 0.00227005 0.0210151 0 0.00136146 0.999058 -0.0431482 0 -0.0210936 -0.0431103 -0.998848 0 -0.213121 -0.387116 0.544786 1 
-0.999787 0.00219005 0.0200465 0 0.00134055 0.999095 -0.0422922 0 -0.0201213 -0.0422571 -0.998904 0 -0.209585 -0.388896 0.544206 1 
-0.999806 0.00186853 0.019092 0 0.0010754 0.99913 -0.0414681 0 -0.0191533 -0.0414403 -0.998957 0 -0.205621 -0.390871 0.54361 1 
-0.999822 0.001474 0.0182834 0 0.000726918 0.999157 -0.0408004 0 -0.0183285 -0.0407806 -0.999 0 -0.20139 -0.392964 0.543093 1 
-0.999838 0.0009869 0.0174439 0 0.000283344 0.999178 -0.0402886 0 -0.0174696 -0.0402779 -0.999036 0 -0.19671 -0.395248 0.542644 1 
-0.99985 0.00099389 0.0167294 0 0.000323004 0.999188 -0.0400569 0 -0.0167559 -0.0400462 -0.999057 0 -0.1917 -0.397657 0.54235 1 
-0.99986 0.0013796 0.016064 0 0.000736743 0.999192 -0.0399552 0 -0.0161065 -0.0399385 -0.999072 0 -0.186496 -0.400089 0.542166 1 
-0.999869 0.000805656 0.0155327 0 0.000182369 0.999187 -0.0400867 0 -0.0155527 -0.0400794 -0.999075 0 -0.181195 -0.402515 0.54212 1 
-0.999877 0.000925585 0.0150141 0 0.000319352 0.999177 -0.0403294 0 -0.0150394 -0.0403204 -0.999074 0 -0.175518 -0.405036 0.542129 1 
-0.999885 0.00058395 0.014471 0 -4.70224e-06 0.999164 -0.0406442 0 -0.014483 -0.0406404 -0.999069 0 -0.169476 -0.407611 0.542171 1 
-0.999892 0.000266914 0.0140288 0 -0.000305516 0.999158 -0.0407855 0 -0.0140281 -0.0407862 -0.999069 0 -0.163676 -0.409977 0.542162 1 
-0.9999 0.000333913 0.0134693 0 -0.000219358 0.999147 -0.0410535 0 -0.0134718 -0.0410532 -0.999066 0 -0.157269 -0.412495 0.542181 1 
-0.999907 0.000178052 0.0129006 0 -0.000354675 0.999138 -0.0412802 0 -0.0128971 -0.0412817 -0.999064 0 -0.150619 -0.414985 0.542171 1 
-0.999915 0.000325324 0.0123047 0 -0.000184433 0.999133 -0.0414037 0 -0.0123077 -0.0414033 -0.999067 0 -0.144113 -0.417309 0.542138 1 
-0.999922 -6.86338e-05 0.0116946 0 -0.000553828 0.999129 -0.04149 0 -0.0116818 -0.0414941 -0.99907 0 -0.136889 -0.419757 0.54209 1 
-0.999927 -0.000581075 0.0112053 0 -0.00104459 0.999132 -0.0414038 0 -0.0111718 -0.0414133 -0.99908 0 -0.129544 -0.422135 0.541972 1 
-0.999935 -0.00014839 0.0105644 0 -0.000585174 0.999135 -0.0413534 0 -0.0105493 -0.0413576 -0.999089 0 -0.12232 -0.424375 0.541836 1 
-0.99994 -0.0009759 0.0100078 0 -0.00138831 0.999137 -0.041285 0 -0.00995909 -0.0412972 -0.999097 0 -0.114797 -0.426606 0.541672 1 
-0.999946 -0.000955103 0.00938219 0 -0.00134015 0.999144 -0.0411199 0 -0.00933506 -0.0411311 -0.99911 0 -0.106849 -0.428878 0.541407 1 
-0.999952 -0.00076006 0.00868967 0 -0.00111539 0.999151 -0.0409596 0 -0.00865132 -0.0409681 -0.999123 0 -0.0987691 -0.431102 0.541105 1 
-0.999958 -0.000853597 0.00805001 0 -0.00118092 0.999159 -0.0407444 0 -0.00800861 -0.040753 -0.999137 0 -0.0907851 -0.433172 0.54075 1 
-0.999962 -0.00104075 0.00751439 0 -0.0013432 0.999175 -0.0403565 0 -0.00746633 -0.0403659 -0.999157 0 -0.0823481 -0.435232 0.540299 1 
-0.999967 -0.00078868 0.00683262 0 -0.00105992 0.999198 -0.0397848 0 -0.0067959 -0.0397915 -0.999185 0 -0.0739625 -0.437186 0.53974 1 
-0.999971 -0.00072572 0.00619801 0 -0.000968905 0.999216 -0.0393232 0 -0.00616474 -0.0393288 -0.999207 0 -0.0658594 -0.439009 0.539159 1 
-0.999974 -0.000720257 0.00563329 0 -0.000939195 0.999231 -0.0389591 0 -0.005601 -0.0389641 -0.999225 0 -0.0572195 -0.440895 0.538439 1 
-0.999976 -0.000730754 0.00532214 0 -0.000935434 0.999246 -0.0385574 0 -0.00529006 -0.0385622 -0.999242 0 -0.0487179 -0.442746 0.537583 1 
-0.999978 -0.000401817 0.00497376 0 -0.000590984 0.999265 -0.0380897 0 -0.00495489 -0.0380925 -0.999262 0 -0.0407346 -0.444499 0.536617 1 
-0.999979 -0.000437253 0.00468835 0 -0.000615539 0.999264 -0.0380934 0 -0.00466834 -0.0380962 -0.999263 0 -0.0323746 -0.4464 0.535546 1 
-0.999979 -0.000632191 0.0046306 0 -0.000807759 0.999267 -0.0380111 0 -0.00460327 -0.0380148 -0.999267 0 -0.0240771 -0.448254 0.534342 1 
-0.999979 -0.000580518 0.00476671 0 -0.000759662 0.99928 -0.0376665 0 -0.00474151 -0.0376701 -0.999279 0 -0.0160374 -0.450009 0.532996 1 
-0.999979 -0.000157679 0.00482719 0 -0.000339393 0.999281 -0.0376658 0 -0.00481787 -0.0376674 -0.999279 0 -0.00825129 -0.451771 0.531619 1 
-0.999979 -0.000217093 0.00475255 0 -0.000397897 0.999265 -0.0380755 0 -0.00474088 -0.0380773 -0.999264 0 -0.000466107 -0.453609 0.53014 1 
-0.999979 -0.0001717 0.00482053 0 -0.000358438 0.999239 -0.0387636 0 -0.0048103 -0.0387653 -0.999237 0 0.00662964 -0.4555 0.528538 1 
-0.999979 0.000240585 0.00484103 0 5.22448e-05 0.999235 -0.0388672 0 -0.00484677 -0.0388668 -0.999233 0 0.0138496 -0.457599 0.526433 1 
-0.999978 -4.50115e-05 0.00495549 0 -0.000236881 0.99924 -0.0387244 0 -0.00495008 -0.0387255 -0.999238 0 0.0209346 -0.459675 0.524138 1 
-0.999977 0.000441997 0.00505823 0 0.000244879 0.999233 -0.0389039 0 -0.00507165 -0.0389025 -0.99923 0 0.027351 -0.461682 0.521918 1 
-0.999977 0.000535344 0.00512887 0 0.000336012 0.999238 -0.0387866 0 -0.00514582 -0.0387847 -0.999234 0 0.0340078 -0.463709 0.519498 1 
-0.999975 0.000724048 0.00541126 0 0.000518899 0.999275 -0.0378169 0 -0.00543482 -0.0378139 -0.99927 0 0.0399264 -0.465714 0.516776 1 
-0.999974 0.0013016 0.00554263 0 0.00109082 0.999273 -0.037862 0 -0.00558799 -0.0378557 -0.999268 0 0.0460136 -0.468215 0.513672 1 
-0.999971 0.00172137 0.00596562 0 0.0014924 0.99926 -0.0381751 0 -0.00602704 -0.0381659 -0.999253 0 0.0521687 -0.470863 0.510299 1 
-0.999968 0.00134768 0.0066136 0 0.00109727 0.999278 -0.0377212 0 -0.00665979 -0.0377134 -0.999266 0 0.0574627 -0.47324 0.506979 1 
-0.999964 0.00151865 0.00712093 0 0.00125265 0.999297 -0.037212 0 -0.00717257 -0.0372024 -0.999282 0 0.0622259 -0.475803 0.503354 1 
-0.999961 0.00135783 0.00758127 0 0.00107553 0.999301 -0.037116 0 -0.00762651 -0.0371071 -0.999282 0 0.0665015 -0.478319 0.499895 1 
-0.999958 0.00112308 0.00802251 0 0.000821672 0.999288 -0.0374744 0 -0.00805903 -0.037467 -0.999265 0 0.0707353 -0.481048 0.496251 1 
-0.999954 0.000927282 0.0084984 0 0.000616473 0.999324 -0.0365022 0 -0.00852667 -0.0364959 -0.999297 0 0.0746723 -0.483842 0.491983 1 
-0.999951 0.00100634 0.00876149 0 0.000684668 0.999319 -0.0366404 0 -0.00879256 -0.0366333 -0.99929 0 0.0779139 -0.486596 0.488141 1 
-0.999947 0.000979522 0.00921687 0 0.000649025 0.999349 -0.0357924 0 -0.00924611 -0.0357852 -0.999317 0 0.0809812 -0.489274 0.484002 1 
-0.999945 0.000702168 0.00945495 0 0.000368364 0.999368 -0.0352599 0 -0.00947392 -0.0352552 -0.999333 0 0.0837403 -0.492121 0.479627 1 
-0.999944 0.000670254 0.00964741 0 0.000331705 0.999376 -0.0350508 0 -0.00966507 -0.0350463 -0.999339 0 0.0860962 -0.494781 0.475507 1 
-0.99994 0.000727332 0.00996267 0 0.000386199 0.999405 -0.0342 0 -0.00998181 -0.0341948 -0.999365 0 0.0881922 -0.497482 0.471019 1 
-0.999936 0.00093976 0.0103539 0 0.000596644 0.999443 -0.033092 0 -0.0103794 -0.0330843 -0.999399 0 0.0899588 -0.500302 0.466196 1 
-0.999936 0.000998639 0.0104173 0 0.000648816 0.999428 -0.0335302 0 -0.010445 -0.0335219 -0.999383 0 0.09139 -0.503174 0.46177 1 
-0.999931 0.00110164 0.0108167 0 0.000748946 0.99946 -0.0325562 0 -0.0108469 -0.0325465 -0.999411 0 0.0925102 -0.505812 0.456967 1 
-0.999927 0.0013972 0.0111615 0 0.00104019 0.99948 -0.0319276 0 -0.0112005 -0.0319142 -0.999428 0 0.0932593 -0.50857 0.451909 1 
-0.999924 0.00147179 0.0114205 0 0.00110622 0.999479 -0.0319507 0 -0.0114618 -0.0319363 -0.999424 0 0.093732 -0.511174 0.447117 1 
-0.999918 0.00165207 0.0119321 0 0.00128073 0.999507 -0.0310615 0 -0.0119777 -0.0310442 -0.999446 0 0.0939452 -0.513615 0.441965 1 
-0.99991 0.00222407 0.0124575 0 0.00184671 0.999532 -0.0302217 0 -0.0125191 -0.0301966 -0.999466 0 0.0939455 -0.5161 0.436498 1 
-0.999904 0.00299426 0.0128064 0 0.00260887 0.999537 -0.0300048 0 -0.0128906 -0.0299691 -0.999468 0 0.0937968 -0.518312 0.431549 1 
-0.999897 0.00392879 0.0131051 0 0.00353581 0.999538 -0.0298763 0 -0.0132167 -0.0298275 -0.999468 0 0.0935465 -0.520518 0.426308 1 
-0.999885 0.00497749 0.0136232 0 0.00458312 0.999564 -0.0288278 0 -0.013761 -0.0287626 -0.999492 0 0.0931416 -0.522593 0.42056 1 
-0.999874 0.00585571 0.0141188 0 0.00545134 0.999569 -0.0285109 0 -0.0142799 -0.0284308 -0.999494 0 0.0925849 -0.524498 0.415197 1 
-0.999862 0.00653096 0.0146117 0 0.00611244 0.999565 -0.0285056 0 -0.0147918 -0.0284129 -0.999487 0 0.0918205 -0.526405 0.409412 1 
-0.999848 0.00708178 0.0153049 0 0.00665895 0.99959 -0.0275035 0 -0.0154937 -0.0273979 -0.999505 0 0.0908966 -0.527985 0.403552 1 
-0.999836 0.00737104 0.0159301 0 0.00694152 0.999606 -0.026852 0 -0.016122 -0.0267376 -0.999512 0 0.0898857 -0.5295 0.397836 1 
-0.999825 0.0075112 0.0165471 0 0.00706516 0.999605 -0.0268505 0 -0.0167426 -0.0267295 -0.999502 0 0.0885767 -0.531016 0.391868 1 
-0.999812 0.00758924 0.0172766 0 0.00712654 0.999609 -0.0266874 0 -0.0174727 -0.0265598 -0.999495 0 0.0869615 -0.532288 0.385973 1 
-0.999801 0.00775672 0.0178622 0 0.00728571 0.999618 -0.0262843 0 -0.0180596 -0.0261494 -0.999495 0 0.0851505 -0.533415 0.380295 1 
-0.999793 0.00814693 0.0181454 0 0.00767617 0.999626 -0.0258636 0 -0.0183497 -0.0257194 -0.999501 0 0.0831628 -0.534478 0.374249 1 
-0.999785 0.00842967 0.0184442 0 0.00795964 0.999636 -0.0254102 0 -0.018652 -0.0252585 -0.999507 0 0.0807288 -0.535399 0.36791 1 
-0.999777 0.00885347 0.0186817 0 0.00837651 0.999631 -0.0254561 0 -0.0189005 -0.0252944 -0.999501 0 0.0779748 -0.536256 0.361805 1 
-0.999769 0.00901039 0.0190268 0 0.00853231 0.99964 -0.0250596 0 -0.0192462 -0.024892 -0.999505 0 0.0748804 -0.536852 0.355588 1 
-0.999765 0.00870483 0.0193755 0 0.00823225 0.99966 -0.0243377 0 -0.0195811 -0.0241729 -0.999516 0 0.071582 -0.53729 0.349338 1 
-0.999762 0.00871738 0.0195129 0 0.00825185 0.999673 -0.0238122 0 -0.0197145 -0.0236459 -0.999526 0 0.068124 -0.537655 0.342852 1 
-0.999756 0.00909308 0.0196303 0 0.0086319 0.999678 -0.0234511 0 -0.0198376 -0.0232764 -0.999532 0 0.0644826 -0.537859 0.336623 1 
-0.999755 0.00906355 0.0196893 0 0.00859907 0.999676 -0.0235479 0 -0.0198967 -0.0233733 -0.999529 0 0.0604836 -0.538019 0.330372 1 
-0.999754 0.00909499 0.019734 0 0.00863137 0.999678 -0.0234526 0 -0.0199414 -0.023277 -0.99953 0 0.056451 -0.537902 0.324063 1 
-0.999751 0.00928498 0.0197874 0 0.00881629 0.999672 -0.023643 0 -0.0200009 -0.0234632 -0.999525 0 0.0525231 -0.537736 0.318268 1 
-0.999756 0.0085252 0.0199042 0 0.00805601 0.999681 -0.0235348 0 -0.0200989 -0.0233692 -0.999525 0 0.0481433 -0.537416 0.312046 1 
-0.999757 0.00832885 0.0199386 0 0.00785836 0.999682 -0.0235601 0 -0.0201289 -0.0233981 -0.999524 0 0.0437764 -0.537057 0.305822 1 
-0.999757 0.00812848 0.0200044 0 0.00765794 0.999685 -0.0234869 0 -0.0201894 -0.0233285 -0.999524 0 0.0395705 -0.536594 0.299943 1 
-0.999757 0.00809126 0.0200145 0 0.00761367 0.999678 -0.0238242 0 -0.0202012 -0.0236665 -0.999516 0 0.0346024 -0.536037 0.293652 1 
-0.999756 0.0081609 0.0200675 0 0.00767917 0.999674 -0.0239664 0 -0.0202569 -0.0238069 -0.999511 0 0.0297734 -0.535374 0.287868 1 
-0.999757 0.00807293 0.0200612 0 0.00758445 0.999666 -0.0243073 0 -0.0202512 -0.0241497 -0.999503 0 0.0252212 -0.534667 0.282459 1 
-0.99975 0.00880217 0.0201044 0 0.00831199 0.99966 -0.024336 0 -0.0203122 -0.0241633 -0.999502 0 0.0201872 -0.53384 0.276961 1 
-0.999748 0.00880356 0.0201995 0 0.00831861 0.999669 -0.023967 0 -0.0204042 -0.0237934 -0.999509 0 0.0151268 -0.532896 0.271387 1 
-0.999742 0.00942356 0.0201989 0 0.0089276 0.99965 -0.0245046 0 -0.0204232 -0.0243184 -0.999496 0 0.0102999 -0.532134 0.266122 1 
-0.99974 0.00950477 0.0202552 0 0.00899934 0.99964 -0.0248991 0 -0.020485 -0.0247108 -0.999485 0 0.00499917 -0.531264 0.260773 1 
-0.999742 0.00916227 0.020313 0 0.00864818 0.999634 -0.0252531 0 -0.0205373 -0.0250714 -0.999475 0 -0.000144137 -0.530313 0.255603 1 
-0.999736 0.00963686 0.0203722 0 0.00911354 0.99962 -0.0256262 0 -0.0206118 -0.0254343 -0.999464 0 -0.00523977 -0.529381 0.250871 1 
-0.999732 0.00986064 0.0204801 0 0.0093307 0.999614 -0.0258117 0 -0.0207271 -0.0256142 -0.999457 0 -0.0107813 -0.5284 0.246053 1 
-0.99973 0.00979119 0.0205899 0 0.00925772 0.999613 -0.0258466 0 -0.0208354 -0.0256495 -0.999454 0 -0.0161929 -0.52743 0.241189 1 
-0.999722 0.0103601 0.0207069 0 0.00981555 0.999598 -0.0262278 0 -0.0209707 -0.0260178 -0.999441 0 -0.0216932 -0.526583 0.236606 1 
-0.999716 0.0107106 0.0208367 0 0.0101477 0.999576 -0.0269339 0 -0.0211168 -0.0267153 -0.99942 0 -0.0270188 -0.525838 0.232342 1 
-0.999705 0.0113171 0.0210146 0 0.0107313 0.999547 -0.02778 0 -0.0213199 -0.0275469 -0.999393 0 -0.032639 -0.525134 0.228204 1 
-0.999705 0.0109454 0.0212377 0 0.0103384 0.999531 -0.0284837 0 -0.0215399 -0.0282563 -0.999369 0 -0.0382789 -0.524482 0.22425 1 
-0.999702 0.0108275 0.0214377 0 0.0102133 0.99953 -0.0285567 0 -0.0217372 -0.0283297 -0.999362 0 -0.0435008 -0.52385 0.220417 1 
-0.999692 0.0112069 0.0216909 0 0.0105814 0.999521 -0.0287394 0 -0.022003 -0.0285016 -0.999352 0 -0.0497438 -0.523252 0.216246 1 
-0.999688 0.0109088 0.0220356 0 0.0102418 0.999483 -0.0301586 0 -0.0223536 -0.0299241 -0.999302 0 -0.0552198 -0.523073 0.212917 1 
-0.999687 0.0103597 0.0223645 0 0.00967244 0.999475 -0.0306201 0 -0.0226704 -0.0303948 -0.999281 0 -0.0605919 -0.522818 0.209937 1 
-0.99968 0.0103921 0.0226417 0 0.00969903 0.999478 -0.0305081 0 -0.0229474 -0.0302793 -0.999278 0 -0.0661912 -0.522576 0.206694 1 
-0.999674 0.0103202 0.0229485 0 0.00961728 0.999478 -0.0305305 0 -0.0232521 -0.0303005 -0.99927 0 -0.0716473 -0.522445 0.203555 1 
-0.999662 0.0106791 0.0233006 0 0.00995283 0.999458 -0.0310636 0 -0.0236201 -0.0308218 -0.999246 0 -0.0770419 -0.522387 0.200871 1 
-0.999658 0.0100502 0.0237377 0 0.00928638 0.999433 -0.0320696 0 -0.024047 -0.0318389 -0.999204 0 -0.0824518 -0.522389 0.198182 1 
-0.999642 0.010994 0.0240008 0 0.0102299 0.999434 -0.03173 0 -0.0243365 -0.0314737 -0.999208 0 -0.0879084 -0.522074 0.19507 1 
-0.999634 0.0110255 0.0242983 0 0.0102534 0.999436 -0.0316715 0 -0.0246343 -0.0314114 -0.999203 0 -0.093332 -0.521766 0.191998 1 
-0.999624 0.0111069 0.0246978 0 0.0103077 0.999417 -0.0322545 0 -0.0250421 -0.0319884 -0.999174 0 -0.0984823 -0.521589 0.189226 1 
-0.999618 0.0110774 0.024957 0 0.0102812 0.999432 -0.0318073 0 -0.0252956 -0.0315391 -0.999182 0 -0.103745 -0.521184 0.186344 1 
-0.999609 0.0112704 0.025218 0 0.0104666 0.99943 -0.0317811 0 -0.0255623 -0.0315054 -0.999177 0 -0.108521 -0.520856 0.183322 1 
-0.999598 0.0112061 0.0256861 0 0.0103631 0.999401 -0.0327198 0 -0.0260379 -0.0324411 -0.999134 0 -0.113373 -0.520663 0.180375 1 
-0.999586 0.0114651 0.0260363 0 0.0106044 0.999391 -0.0329609 0 -0.0263989 -0.0326718 -0.999117 0 -0.118186 -0.520345 0.1776 1 
-0.99959 0.0106206 0.0262396 0 0.0097623 0.99941 -0.0326226 0 -0.0265711 -0.0323537 -0.999123 0 -0.122471 -0.520043 0.174714 1 
-0.999584 0.0105615 0.0264928 0 0.00969464 0.999411 -0.0326377 0 -0.0268224 -0.0323679 -0.999116 0 -0.126615 -0.519831 0.171788 1 
-0.999572 0.0107644 0.0268458 0 0.00987688 0.999398 -0.0329773 0 -0.0271852 -0.0326986 -0.999095 0 -0.130945 -0.519701 0.169094 1 
-0.999562 0.0106388 0.0272796 0 0.00971637 0.999374 -0.0337259 0 -0.0276219 -0.0334467 -0.999059 0 -0.134931 -0.519748 0.16663 1 
-0.999553 0.0106278 0.0275932 0 0.00969046 0.999369 -0.0338849 0 -0.0279365 -0.033603 -0.999045 0 -0.138801 -0.519763 0.163725 1 
-0.999549 0.0101622 0.0279241 0 0.00920655 0.999365 -0.0341424 0 -0.0282539 -0.0338705 -0.999027 0 -0.142653 -0.51987 0.161118 1 
-0.999539 0.0102426 0.0282349 0 0.00926726 0.999353 -0.0344617 0 -0.0285701 -0.0341848 -0.999007 0 -0.146342 -0.520106 0.158942 1 
-0.999528 0.010686 0.02845 0 0.00970722 0.999354 -0.0343228 0 -0.028799 -0.0340311 -0.999006 0 -0.149899 -0.520355 0.156492 1 
-0.999519 0.0104938 0.028854 0 0.00948998 0.999343 -0.0347093 0 -0.0291998 -0.0344194 -0.998981 0 -0.153508 -0.520851 0.154106 1 
-0.999509 0.0102837 0.0292789 0 0.00925294 0.99933 -0.035125 0 -0.0296211 -0.0348375 -0.998954 0 -0.157201 -0.521559 0.152237 1 
-0.999498 0.0104743 0.0295876 0 0.00943727 0.999334 -0.0349728 0 -0.0299348 -0.0346766 -0.99895 0 -0.161169 -0.522355 0.150153 1 
-0.999491 0.0100168 0.0299585 0 0.00896448 0.999336 -0.0350562 0 -0.0302903 -0.0347705 -0.998936 0 -0.164994 -0.523344 0.148278 1 
-0.999481 0.00967337 0.0304242 0 0.00857642 0.999306 -0.0359807 0 -0.0307518 -0.0357017 -0.998889 0 -0.168699 -0.524669 0.14692 1 
-0.999466 0.00998892 0.0307921 0 0.0088696 0.999293 -0.036275 0 -0.0311333 -0.0359832 -0.998867 0 -0.172252 -0.525963 0.145514 1 
-0.999452 0.010168 0.0312086 0 0.00902919 0.999286 -0.0364151 0 -0.0315572 -0.036114 -0.998849 0 -0.17602 -0.527401 0.143967 1 
-0.999438 0.00972593 0.031773 0 0.00854791 0.999269 -0.0370034 0 -0.0321103 -0.0367117 -0.99881 0 -0.179803 -0.529001 0.142854 1 
-0.999423 0.00966267 0.0322533 0 0.00845043 0.999251 -0.0375118 0 -0.0325922 -0.0372183 -0.998776 0 -0.18334 -0.530633 0.141698 1 
-0.999408 0.00952967 0.0327505 0 0.00828558 0.999237 -0.0379146 0 -0.0330875 -0.0376215 -0.998744 0 -0.18696 -0.53243 0.140326 1 
-0.99939 0.00914962 0.0334197 0 0.00784253 0.999197 -0.0390346 0 -0.0337507 -0.0387494 -0.998679 0 -0.190622 -0.534358 0.139336 1 
-0.999377 0.00883392 0.0338843 0 0.0074783 0.999165 -0.0399272 0 -0.0342093 -0.0396497 -0.998628 0 -0.194309 -0.536264 0.138123 1 
-0.999364 0.00889519 0.0342586 0 0.00751321 0.999151 -0.0402588 0 -0.0345883 -0.0399765 -0.998602 0 -0.19795 -0.53799 0.13659 1 
-0.999341 0.00889577 0.0349258 0 0.00745525 0.999115 -0.0411607 0 -0.0352618 -0.040874 -0.998542 0 -0.201516 -0.539824 0.13541 1 
-0.999331 0.0084759 0.0353029 0 0.00701294 0.99911 -0.0413594 0 -0.0356227 -0.0410849 -0.99852 0 -0.20474 -0.54149 0.133843 1 
-0.999327 0.00826154 0.0354614 0 0.00679761 0.999118 -0.041206 0 -0.0357712 -0.040938 -0.998521 0 -0.20778 -0.542998 0.13208 1 
-0.999311 0.00843903 0.0358865 0 0.00694181 0.999099 -0.0416425 0 -0.0362063 -0.0413654 -0.998488 0 -0.210921 -0.544712 0.13058 1 
-0.99931 0.0082986 0.0359351 0 0.00682524 0.999129 -0.0409306 0 -0.0362441 -0.0406579 -0.998516 0 -0.21376 -0.546065 0.128476 1 
-0.999312 0.00805077 0.035932 0 0.00660699 0.999163 -0.0401198 0 -0.0362256 -0.0398556 -0.998549 0 -0.216552 -0.547386 0.12628 1 
-0.999318 0.00694806 0.0360132 0 0.00551349 0.999184 -0.0397815 0 -0.0362609 -0.0395566 -0.998559 0 -0.219239 -0.548873 0.124315 1 
-0.999336 0.00634418 0.0355969 0 0.00496856 0.999233 -0.0386004 0 -0.0358151 -0.0383987 -0.99862 0 -0.221569 -0.550122 0.121838 1 
-0.999342 0.00604716 0.0355028 0 0.00469438 0.999255 -0.0380637 0 -0.0357072 -0.0378727 -0.998644 0 -0.223909 -0.551607 0.119676 1 
-0.999346 0.00570925 0.0354443 0 0.00438215 0.999281 -0.0374069 0 -0.0356331 -0.0372278 -0.998671 0 -0.226138 -0.553181 0.117365 1 
-0.999356 0.00554683 0.0351897 0 0.00426507 0.999319 -0.0363951 0 -0.0353683 -0.0362223 -0.998718 0 -0.228128 -0.554599 0.114877 1 
-0.999353 0.00540545 0.035277 0 0.00412896 0.999328 -0.0361575 0 -0.0354494 -0.0359892 -0.998723 0 -0.230074 -0.556222 0.112861 1 
-0.999362 0.00506983 0.0350912 0 0.00383175 0.999361 -0.0352593 0 -0.0352482 -0.035103 -0.998762 0 -0.231982 -0.557846 0.11025 1 
-0.999365 0.00478836 0.0350385 0 0.00356577 0.999376 -0.034872 0 -0.0351843 -0.0347256 -0.998777 0 -0.233786 -0.559609 0.107921 1 
-0.999366 0.00465101 0.035037 0 0.00343176 0.99938 -0.0347785 0 -0.0351777 -0.0346368 -0.998781 0 -0.235394 -0.561387 0.105843 1 
-0.999378 0.00450493 0.0346989 0 0.0033281 0.99941 -0.0338987 0 -0.0348318 -0.0337628 -0.998823 0 -0.236743 -0.562987 0.103256 1 
-0.999381 0.00442138 0.0346255 0 0.00325365 0.999417 -0.0337082 0 -0.034755 -0.0335753 -0.998832 0 -0.237976 -0.564825 0.101062 1 
-0.999388 0.00427026 0.0344402 0 0.00312962 0.999437 -0.0331053 0 -0.0345629 -0.0329778 -0.998858 0 -0.238941 -0.566504 0.0987156 1 
-0.999398 0.0040139 0.0341663 0 0.00290864 0.999463 -0.0323375 0 -0.0342784 -0.0322193 -0.998893 0 -0.239702 -0.568213 0.096136 1 
-0.999404 0.00383373 0.0340309 0 0.00273978 0.99947 -0.032134 0 -0.0341367 -0.0320222 -0.998904 0 -0.240324 -0.57001 0.0940117 1 
-0.999419 0.00356817 0.0336229 0 0.00251974 0.999501 -0.0311728 0 -0.0337181 -0.0310706 -0.998948 0 -0.24075 -0.571455 0.0915565 1 
-0.99943 0.00321725 0.0333206 0 0.00220006 0.999522 -0.030519 0 -0.0334035 -0.0304289 -0.998979 0 -0.241079 -0.572916 0.0889861 1 
-0.999435 0.0028371 0.0332134 0 0.00182795 0.999527 -0.0303745 0 -0.0332845 -0.0302972 -0.998987 0 -0.24136 -0.574403 0.0868456 1 
-0.99945 0.00249166 0.0327716 0 0.00152261 0.999552 -0.0295613 0 -0.0328313 -0.0294957 -0.999026 0 -0.241482 -0.575538 0.0842991 1 
-0.999462 0.00218297 0.0324369 0 0.0012344 0.999562 -0.0292346 0 -0.0324871 -0.0291794 -0.999046 0 -0.241526 -0.576603 0.0816812 1 
-0.999468 0.00189653 0.0322733 0 0.000941951 0.999553 -0.0295671 0 -0.0323155 -0.0295216 -0.999042 0 -0.241494 -0.577693 0.0794809 1 
-0.999482 0.00164139 0.0318494 0 0.000705003 0.999558 -0.029389 0 -0.0318841 -0.0293519 -0.99906 0 -0.241329 -0.578535 0.0774271 1 
-0.999506 0.00134184 0.031078 0 0.000459071 0.999587 -0.0283944 0 -0.0311039 -0.0283667 -0.999114 0 -0.240988 -0.579054 0.0749451 1 
-0.999528 0.00105796 0.0303731 0 0.000213049 0.999604 -0.0278071 0 -0.0303911 -0.027788 -0.999152 0 -0.240516 -0.579433 0.0724782 1 
-0.999548 0.000912661 0.0297278 0 9.24845e-05 0.99961 -0.027579 0 -0.029742 -0.0275643 -0.999177 0 -0.23998 -0.579702 0.0703796 1 
-0.999567 0.000952903 0.0290693 0 0.000148453 0.999608 -0.0276629 0 -0.0290848 -0.0276472 -0.999195 0 -0.239358 -0.579884 0.0684253 1 
-0.999584 0.000966572 0.0284926 0 0.000181132 0.999611 -0.0275559 0 -0.0285087 -0.0275398 -0.999214 0 -0.238783 -0.579878 0.06689 1 
-0.999605 0.00089883 0.0277467 0 0.000141289 0.999618 -0.0272916 0 -0.0277612 -0.0272775 -0.999242 0 -0.237955 -0.579769 0.0648946 1 
-0.999623 0.000920788 0.0270729 0 0.000189442 0.999626 -0.0270039 0 -0.0270881 -0.0269891 -0.999269 0 -0.237166 -0.5796 0.0631613 1 
-0.999645 0.000899428 0.0262808 0 0.0002086 0.999645 -0.0262771 0 -0.0262956 -0.0262628 -0.999309 0 -0.236225 -0.579318 0.0614533 1 
-0.999657 0.000815421 0.0257965 0 0.000144222 0.999652 -0.0260099 0 -0.0258092 -0.0259978 -0.999329 0 -0.235362 -0.579153 0.0602454 1 
-0.999669 0.000871383 0.025323 0 0.000218203 0.999658 -0.0257851 0 -0.0253373 -0.0257715 -0.999347 0 -0.234392 -0.578999 0.0592412 1 
-0.999679 0.000893325 0.0249508 0 0.000251355 0.99966 -0.0257204 0 -0.0249658 -0.0257064 -0.999358 0 -0.233385 -0.57892 0.0585137 1 
-0.999683 0.000949682 0.0247923 0 0.000301561 0.999649 -0.0261324 0 -0.0248089 -0.0261171 -0.999351 0 -0.232392 -0.578997 0.0580713 1 
-0.999686 0.00101198 0.0246307 0 0.000357551 0.999638 -0.0265591 0 -0.0246492 -0.0265424 -0.999344 0 -0.231411 -0.579142 0.0578208 1 
-0.999693 0.000957859 0.0243629 0 0.000307797 0.999635 -0.026672 0 -0.02438 -0.0266568 -0.999347 0 -0.230381 -0.579305 0.0576189 1 
-0.9997 0.000933104 0.0240873 0 0.000292341 0.999637 -0.0265913 0 -0.0241038 -0.0265768 -0.999356 0 -0.229314 -0.579503 0.057433 1 
-0.999707 0.00108183 0.023786 0 0.000454531 0.999643 -0.0263621 0 -0.0238065 -0.0263441 -0.999369 0 -0.228137 -0.579727 0.0572495 1 
-0.999713 0.00123661 0.0235112 0 0.000624534 0.999652 -0.0260228 0 -0.0235356 -0.0260012 -0.999385 0 -0.226937 -0.579949 0.0570656 1 
-0.99972 0.0011856 0.0232028 0 0.000589391 0.99966 -0.0256851 0 -0.0232258 -0.0256648 -0.999401 0 -0.225754 -0.580151 0.0568752 1 
-0.999728 0.000987184 0.0228952 0 0.000407979 0.99967 -0.0252888 0 -0.022913 -0.025273 -0.999418 0 -0.224466 -0.580323 0.0566312 1 
-0.999735 0.000982273 0.0225948 0 0.000417735 0.999678 -0.0249762 0 -0.0226125 -0.0249606 -0.999433 0 -0.22315 -0.580473 0.0563477 1 
-0.999739 0.000971741 0.0223974 0 0.0004146 0.999681 -0.0248662 0 -0.0224149 -0.0248509 -0.99944 0 -0.221898 -0.580587 0.0560361 1 
-0.99974 0.000722484 0.0223521 0 0.000163205 0.999677 -0.0250128 0 -0.0223634 -0.0250031 -0.999437 0 -0.220696 -0.580697 0.0557036 1 
-0.999741 0.00063906 0.0223186 0 7.66285e-05 0.999673 -0.0251916 0 -0.0223278 -0.0251839 -0.999433 0 -0.219625 -0.580728 0.0553409 1 
-0.999742 0.000508399 0.0222614 0 -5.24165e-05 0.999673 -0.0251842 0 -0.0222674 -0.0251793 -0.999435 0 -0.218641 -0.580647 0.0549312 1 
-0.999744 0.000392762 0.0221863 0 -0.00016388 0.999676 -0.0250818 0 -0.0221894 -0.0250795 -0.999439 0 -0.217834 -0.580467 0.0545012 1 
-0.999746 0.000327911 0.0220907 0 -0.000223446 0.999679 -0.0249515 0 -0.0220922 -0.0249506 -0.999445 0 -0.217132 -0.580221 0.0540509 1 
-0.999748 0.00034364 0.0220263 0 -0.000204127 0.999681 -0.0248615 0 -0.0220282 -0.0248602 -0.999448 0 -0.216592 -0.5799 0.0535944 1 
-0.99975 0.000433715 0.0219228 0 -0.000107461 0.999686 -0.0246781 0 -0.021927 -0.0246747 -0.999455 0 -0.216189 -0.579489 0.0531315 1 
-0.999754 0.000628507 0.0217391 0 0.000101016 0.999696 -0.024257 0 -0.0217481 -0.0242493 -0.999469 0 -0.21583 -0.578928 0.0526079 1 
-0.999758 0.000794324 0.0215576 0 0.000280496 0.999706 -0.0238274 0 -0.0215706 -0.0238161 -0.999484 0 -0.215507 -0.578272 0.0520583 1 
-0.999758 0.00101332 0.021529 0 0.000499743 0.999706 -0.0238469 0 -0.0215472 -0.0238309 -0.999484 0 -0.215252 -0.577662 0.0515609 1 
-0.999759 0.0013199 0.0214758 0 0.000808869 0.999707 -0.0237866 0 -0.0215014 -0.023764 -0.999486 0 -0.214966 -0.576954 0.0510263 1 
-0.99976 0.00164972 0.0214181 0 0.00114118 0.999708 -0.0237337 0 -0.0214515 -0.023704 -0.999489 0 -0.214659 -0.57623 0.0505267 1 
-0.999758 0.00198842 0.0214663 0 0.00147354 0.999702 -0.0239744 0 -0.0215079 -0.0239374 -0.999482 0 -0.214336 -0.57559 0.0500933 1 
-0.999758 0.00229197 0.0214179 0 0.00177752 0.999701 -0.0240077 0 -0.0214669 -0.0239643 -0.999482 0 -0.213897 -0.574869 0.0496493 1 
-0.999762 0.00238589 0.0212529 0 0.00188207 0.999708 -0.0236944 0 -0.0213036 -0.0236492 -0.999493 0 -0.213373 -0.574108 0.0492169 1 
-0.999763 0.00249277 0.0211781 0 0.00199264 0.99971 -0.0236035 0 -0.0212312 -0.0235562 -0.999497 0 -0.212851 -0.573481 0.04888 1 
-0.999763 0.00262117 0.0211825 0 0.0021179 0.999706 -0.0237465 0 -0.0212389 -0.0236964 -0.999494 0 -0.212263 -0.57289 0.048559 1 
-0.999762 0.00272721 0.0211871 0 0.00222092 0.999703 -0.0238827 0 -0.0212463 -0.0238305 -0.99949 0 -0.211662 -0.572309 0.0482921 1 
-0.999759 0.00268457 0.0213398 0 0.00216311 0.99969 -0.0244215 0 -0.0213992 -0.0243699 -0.999474 0 -0.211153 -0.571849 0.0480918 1 
-0.999754 0.00271166 0.0215596 0 0.00216871 0.999671 -0.0251673 0 -0.0216212 -0.0251148 -0.999451 0 -0.210659 -0.571427 0.0478495 1 
-0.99975 0.00283824 0.0217414 0 0.00227719 0.999655 -0.025787 0 -0.0218075 -0.0257315 -0.999431 0 -0.210192 -0.571041 0.0475513 1 
-0.999744 0.00296055 0.0219851 0 0.00237607 0.999635 -0.0265636 0 -0.0220562 -0.0265051 -0.999405 0 -0.2098 -0.570759 0.0472706 1 
-0.999742 0.00301395 0.0220814 0 0.00241914 0.999625 -0.0269143 0 -0.0221547 -0.0268545 -0.999394 0 -0.209426 -0.570463 0.0469586 1 
-0.999741 0.00303962 0.0221083 0 0.00244096 0.999621 -0.027055 0 -0.0221826 -0.0269945 -0.999389 0 -0.209085 -0.570228 0.0466525 1 
-0.999739 0.00302878 0.0222064 0 0.00242003 0.999612 -0.027389 0 -0.0222812 -0.0273286 -0.999378 0 -0.20881 -0.570151 0.0464445 1 
-0.999737 0.00305619 0.0223052 0 0.00243724 0.999603 -0.0277238 0 -0.0223815 -0.0276626 -0.999367 0 -0.208567 -0.570181 0.046341 1 
-0.999736 0.00310261 0.0223272 0 0.00248026 0.999599 -0.0278476 0 -0.0224051 -0.0277854 -0.999363 0 -0.208312 -0.570241 0.0462813 1 
-0.999736 0.00300492 0.0223582 0 0.00237903 0.999596 -0.0279677 0 -0.0224336 -0.0279076 -0.999359 0 -0.208085 -0.570354 0.0462912 1 
-0.999736 0.00287835 0.022371 0 0.00225016 0.999594 -0.0280552 0 -0.0224431 -0.027998 -0.999356 0 -0.207878 -0.570458 0.0463266 1 
-0.999736 0.0027264 0.0223797 0 0.00209673 0.999593 -0.0281106 0 -0.0224476 -0.0280568 -0.999354 0 -0.207621 -0.570573 0.0463371 1 
-0.999736 0.00246964 0.022404 0 0.00183731 0.999591 -0.0282006 0 -0.0224649 -0.0281525 -0.999351 0 -0.20735 -0.570707 0.0463532 1 
-0.999736 0.00232962 0.022431 0 0.00169407 0.999588 -0.0283109 0 -0.0224881 -0.0282659 -0.999347 0 -0.207103 -0.570839 0.0463876 1 
-0.999736 0.00215637 0.0224421 0 0.00151953 0.999587 -0.0283556 0 -0.0224944 -0.0283145 -0.999346 0 -0.206841 -0.570958 0.0463923 1 
-0.999736 0.00196107 0.0224563 0 0.00132272 0.999586 -0.0284055 0 -0.0225032 -0.0283688 -0.999344 0 -0.206583 -0.571075 0.0463944 1 
-0.999735 0.00183118 0.0225093 0 0.0011879 0.999582 -0.0285582 0 -0.0225526 -0.0285245 -0.999339 0 -0.206392 -0.571217 0.0464475 1 
-0.999734 0.00175309 0.0225635 0 0.00110432 0.999577 -0.0287336 0 -0.0226048 -0.0287016 -0.999332 0 -0.20625 -0.571365 0.0465067 1 
-0.999733 0.00158787 0.0226177 0 0.000934076 0.999573 -0.0288871 0 -0.0226544 -0.0288588 -0.999327 0 -0.206143 -0.571491 0.0465563 1 
-0.999732 0.0014418 0.0226812 0 0.000782271 0.999568 -0.0290599 0 -0.0227137 -0.0290349 -0.99932 0 -0.20609 -0.571609 0.0466181 1 
-0.999731 0.00138732 0.0227435 0 0.00072195 0.999563 -0.0292372 0 -0.0227745 -0.0292135 -0.999314 0 -0.206089 -0.571713 0.0466806 1 
-0.999729 0.00138355 0.0227986 0 0.000713557 0.999559 -0.0293693 0 -0.0228296 -0.0293456 -0.999309 0 -0.206119 -0.571788 0.0467168 1 
-0.999728 0.00138409 0.0228658 0 0.000709178 0.999555 -0.0294977 0 -0.0228969 -0.0294741 -0.999303 0 -0.206164 -0.571871 0.0467411 1 
-0.999726 0.00142245 0.0229614 0 0.000741145 0.99955 -0.0296526 0 -0.0229937 -0.029628 -0.999296 0 -0.206242 -0.571965 0.046774 1 
-0.999724 0.00143843 0.0230193 0 0.000752053 0.999546 -0.0297984 0 -0.0230521 -0.0297734 -0.999291 0 -0.206294 -0.572065 0.0467894 1 
-0.999724 0.00141631 0.0230415 0 0.000728068 0.999544 -0.0298502 0 -0.0230737 -0.0298258 -0.999289 0 -0.206307 -0.572134 0.0467622 1 
-0.999724 0.00136492 0.0230552 0 0.00067567 0.999544 -0.029877 0 -0.0230859 -0.0298537 -0.999288 0 -0.206307 -0.572196 0.0467169 1 
-0.999723 0.00131806 0.0230832 0 0.000626675 0.999542 -0.0299332 0 -0.0231125 -0.029911 -0.999285 0 -0.206319 -0.572279 0.0466787 1 
-0.999723 0.00128773 0.0230926 0 0.000595507 0.999541 -0.0299574 0 -0.023121 -0.0299359 -0.999284 0 -0.20632 -0.572351 0.0466201 1 
-0.999723 0.00126275 0.0230687 0 0.000573014 0.999544 -0.0298812 0 -0.0230964 -0.0298603 -0.999287 0 -0.206314 -0.572372 0.0465232 1 
-0.999724 0.0012592 0.0230306 0 0.000573797 0.999548 -0.0297425 0 -0.0230581 -0.0297216 -0.999292 0 -0.206313 -0.572344 0.046416 1 
-0.999726 0.00129464 0.0229765 0 0.000614908 0.999553 -0.029566 0 -0.0230049 -0.0295443 -0.999299 0 -0.206317 -0.572287 0.0463008 1 
-0.999727 0.00131447 0.0229262 0 0.000639707 0.999557 -0.0294143 0 -0.0229551 -0.0293921 -0.999304 0 -0.206314 -0.57224 0.0462007 1 
-0.999728 0.00132582 0.0228694 0 0.000657035 0.999563 -0.0292261 0 -0.0228986 -0.0292037 -0.999311 0 -0.206306 -0.572182 0.0460809 1 
-0.999729 0.00135527 0.0228172 0 0.000691705 0.999568 -0.0290642 0 -0.0228472 -0.0290411 -0.999317 0 -0.206308 -0.572129 0.0459742 1 
-0.99973 0.00138023 0.0227664 0 0.000721652 0.999572 -0.0289101 0 -0.022797 -0.0288864 -0.999323 0 -0.206314 -0.572076 0.0458711 1 
-0.999731 0.00143814 0.0227183 0 0.000784673 0.999577 -0.0287463 0 -0.0227505 -0.0287213 -0.999329 0 -0.206332 -0.572016 0.0457646 1 
-0.999731 0.00153878 0.0227052 0 0.000887865 0.999579 -0.0286503 0 -0.0227401 -0.028623 -0.999332 0 -0.20639 -0.571965 0.0456986 1 
-0.999731 0.00174779 0.0227203 0 0.00109623 0.999579 -0.0286577 0 -0.0227613 -0.0286256 -0.999331 0 -0.206511 -0.571925 0.045697 1 
-0.99973 0.00198495 0.0227343 0 0.00133226 0.999578 -0.0286883 0 -0.0227821 -0.0286509 -0.99933 0 -0.206648 -0.571882 0.0456975 1 
-0.999728 0.00224191 0.0228052 0 0.00158324 0.999573 -0.0288595 0 -0.0228606 -0.0288161 -0.999323 0 -0.206807 -0.571862 0.0456983 1 
-0.999726 0.00250722 0.0228598 0 0.00184362 0.999568 -0.0290039 0 -0.0229231 -0.0289544 -0.999318 0 -0.206969 -0.57184 0.045713 1 
-0.999725 0.00280672 0.0228846 0 0.00214101 0.999566 -0.0290624 0 -0.0229566 -0.029006 -0.999316 0 -0.20715 -0.571791 0.0457207 1 
-0.999724 0.00307583 0.0228786 0 0.00241057 0.999565 -0.0290487 0 -0.0229584 -0.0289861 -0.999316 0 -0.207303 -0.571724 0.0456814 1 
-0.999724 0.00328338 0.0228456 0 0.00262108 0.999568 -0.02896 0 -0.0229313 -0.0288927 -0.999319 0 -0.207408 -0.571654 0.0456088 1 
-0.999725 0.00339885 0.022798 0 0.00274123 0.999571 -0.0288147 0 -0.0228866 -0.0287448 -0.999325 0 -0.207462 -0.571585 0.0454982 1 
-0.999726 0.00342514 0.0227225 0 0.0027747 0.999578 -0.0285948 0 -0.0228113 -0.0285245 -0.999333 0 -0.207459 -0.571508 0.0453142 1 
-0.999728 0.00337412 0.0226397 0 0.00273067 0.999584 -0.0283917 0 -0.0227265 -0.0283227 -0.99934 0 -0.207399 -0.571444 0.0450658 1 
-0.999731 0.00326299 0.0225492 0 0.00262713 0.99959 -0.0281707 0 -0.0226323 -0.0281044 -0.999349 0 -0.207308 -0.571378 0.0447698 1 
-0.999732 0.00311613 0.0225153 0 0.00248327 0.999593 -0.0280814 0 -0.022594 -0.0280185 -0.999352 0 -0.207206 -0.571336 0.0444177 1 
-0.999733 0.0029531 0.0224964 0 0.00232225 0.999595 -0.0280165 0 -0.0225705 -0.0279573 -0.999354 0 -0.207092 -0.571302 0.044051 1 
-0.999734 0.00279675 0.0224815 0 0.00216732 0.999597 -0.0279732 0 -0.0225511 -0.0279175 -0.999356 0 -0.206988 -0.571273 0.0437113 1 
-0.999732 0.0026662 0.0225532 0 0.00203045 0.999592 -0.0281645 0 -0.0226196 -0.0281118 -0.999349 0 -0.206912 -0.57129 0.0434028 1 
-0.999729 0.00259149 0.0226996 0 0.0019423 0.99958 -0.0285746 0 -0.0227645 -0.0285233 -0.999334 0 -0.206885 -0.571349 0.0431769 1 
-0.999726 0.00259389 0.0228287 0 0.00193287 0.99957 -0.0289303 0 -0.0228943 -0.0288788 -0.999321 0 -0.206904 -0.571394 0.043008 1 
-0.999724 0.00261998 0.0229231 0 0.00195049 0.999563 -0.0291796 0 -0.02299 -0.0291274 -0.999311 0 -0.206935 -0.571413 0.0428615 1 
-0.999723 0.00264544 0.0229853 0 0.00197068 0.999558 -0.0293292 0 -0.0230532 -0.0292763 -0.999305 0 -0.206955 -0.571418 0.0427428 1 
-0.999722 0.00267603 0.0230093 0 0.00199938 0.999557 -0.0293803 0 -0.0230781 -0.0293267 -0.999303 0 -0.206976 -0.571409 0.042668 1 
-0.999722 0.00268494 0.0230174 0 0.00200711 0.999555 -0.029421 0 -0.0230866 -0.0293672 -0.999302 0 -0.206978 -0.571414 0.0426476 1 
-0.999721 0.00266507 0.0230437 0 0.00198435 0.999553 -0.0295129 0 -0.0231125 -0.0294595 -0.999299 0 -0.206972 -0.571444 0.042661 1 
-0.999721 0.00263944 0.0230731 0 0.00195581 0.99955 -0.0296011 0 -0.0231413 -0.0295483 -0.999295 0 -0.206969 -0.571479 0.0426823 1 
-0.999721 0.00259904 0.0230816 0 0.00191399 0.999549 -0.0296519 0 -0.0231487 -0.0296 -0.999294 0 -0.206952 -0.57151 0.0426972 1 
-0.999721 0.00255842 0.0230771 0 0.0018738 0.999549 -0.0296393 0 -0.023143 -0.0295883 -0.999294 0 -0.206929 -0.571517 0.0426882 1 
-0.999721 0.00255712 0.0230536 0 0.00187501 0.999552 -0.0295609 0 -0.0231193 -0.02951 -0.999297 0 -0.206922 -0.571493 0.0426378 1 
-0.999722 0.00256896 0.0230169 0 0.00189068 0.999555 -0.029442 0 -0.0230827 -0.0293909 -0.999301 0 -0.206923 -0.571456 0.0425557 1 
-0.999723 0.00255074 0.022981 0 0.00187558 0.999558 -0.0293525 0 -0.0230462 -0.0293018 -0.999305 0 -0.206901 -0.571435 0.0424764 1 
-0.999724 0.00253224 0.0229365 0 0.00186143 0.999562 -0.0292204 0 -0.0230008 -0.0291702 -0.99931 0 -0.206881 -0.571403 0.0423817 1 
-0.999726 0.00253457 0.0228702 0 0.00187029 0.999567 -0.02902 0 -0.0229343 -0.0289698 -0.999317 0 -0.206867 -0.57134 0.0422499 1 
-0.999727 0.00252844 0.0227925 0 0.00187171 0.999574 -0.0287886 0 -0.022856 -0.0287386 -0.999326 0 -0.206845 -0.571273 0.0420937 1 
-0.999729 0.00251797 0.0227157 0 0.00186839 0.99958 -0.0285718 0 -0.0227785 -0.0285221 -0.999334 0 -0.206815 -0.571207 0.0419286 1 
-0.99973 0.0025204 0.0226698 0 0.00187555 0.999585 -0.0284217 0 -0.0227324 -0.0283721 -0.999339 0 -0.206802 -0.571149 0.0417517 1 
-0.999731 0.00252352 0.0226418 0 0.00188185 0.999588 -0.0283165 0 -0.0227043 -0.0282668 -0.999343 0 -0.206796 -0.571098 0.0415714 1 
-0.999731 0.00255256 0.022638 0 0.00191189 0.999589 -0.0282769 0 -0.0227013 -0.0282266 -0.999344 0 -0.206805 -0.571057 0.0414053 1 
-0.999731 0.00252183 0.0226437 0 0.00188047 0.999588 -0.0283005 0 -0.0227062 -0.0282509 -0.999343 0 -0.206788 -0.571046 0.0412723 1 
-0.99973 0.00246213 0.0226724 0 0.00181815 0.999586 -0.0283802 0 -0.0227333 -0.0283319 -0.99934 0 -0.206762 -0.571055 0.0411624 1 
-0.999729 0.00244015 0.0227238 0 0.00179215 0.999583 -0.0284933 0 -0.0227843 -0.0284454 -0.999336 0 -0.206769 -0.571065 0.0410906 1 
-0.999728 0.00245963 0.0227884 0 0.00180646 0.999579 -0.0286385 0 -0.0228497 -0.02859 -0.99933 0 -0.206796 -0.571083 0.0410477 1 
-0.999726 0.00246752 0.0228727 0 0.00180712 0.999573 -0.028848 0 -0.0229345 -0.0287994 -0.999322 0 -0.206825 -0.571121 0.04102 1 
-0.999724 0.00247665 0.0229566 0 0.00180906 0.999567 -0.0290556 0 -0.0230191 -0.0290066 -0.999314 0 -0.206857 -0.571161 0.0409988 1 
-0.999723 0.00247528 0.0229885 0 0.00180479 0.999564 -0.0291412 0 -0.0230511 -0.0290922 -0.999311 0 -0.206867 -0.571179 0.0409647 1 
-0.999723 0.00246313 0.0229883 0 0.00179258 0.999564 -0.0291439 0 -0.0230505 -0.0290952 -0.999311 0 -0.20686 -0.571183 0.0409046 1 
-0.999723 0.00241819 0.0229754 0 0.00174864 0.999565 -0.0291174 0 -0.0230363 -0.0290697 -0.999312 0 -0.206838 -0.571193 0.040832 1 
-0.999724 0.00238254 0.0229495 0 0.00171539 0.999567 -0.029046 0 -0.0230092 -0.0289992 -0.999315 0 -0.206818 -0.571193 0.0407228 1 
-0.999725 0.00235807 0.0229225 0 0.0016932 0.999569 -0.0289809 0 -0.0229814 -0.0289347 -0.999317 0 -0.206804 -0.571195 0.0405876 1 
-0.999725 0.00228818 0.0229095 0 0.00162427 0.99957 -0.0289561 0 -0.0229663 -0.0289115 -0.999318 0 -0.206768 -0.571222 0.0404477 1 
-0.999725 0.00217483 0.0229149 0 0.00151079 0.99957 -0.0289558 0 -0.0229684 -0.0289138 -0.999318 0 -0.206721 -0.571282 0.0402332 1 
-0.999726 0.00210316 0.0229033 0 0.00144079 0.999572 -0.0288985 0 -0.0229548 -0.0288581 -0.99932 0 -0.206699 -0.571334 0.039993 1 
-0.999726 0.00207416 0.0228959 0 0.00141254 0.999572 -0.0288752 0 -0.0229465 -0.0288355 -0.999321 0 -0.2067 -0.571385 0.0397866 1 
-0.999725 0.00207081 0.0229549 0 0.00140463 0.999569 -0.0289992 0 -0.0230055 -0.0289595 -0.999316 0 -0.206746 -0.571493 0.0395164 1 
-0.999722 0.00208026 0.0230585 0 0.00140493 0.999561 -0.0292649 0 -0.0231097 -0.0292249 -0.999306 0 -0.206812 -0.571649 0.0393111 1 
-0.999721 0.00207016 0.0230963 0 0.00139173 0.999559 -0.0293515 0 -0.0231473 -0.0293117 -0.999302 0 -0.206857 -0.571778 0.0390801 1 
-0.999721 0.00203341 0.0231124 0 0.00135365 0.999558 -0.0293884 0 -0.0231624 -0.0293495 -0.999301 0 -0.20688 -0.571907 0.0388386 1 
-0.999721 0.00197985 0.0231112 0 0.0013003 0.999558 -0.0293811 0 -0.0231596 -0.0293434 -0.999301 0 -0.206898 -0.572045 0.0385865 1 
-0.999722 0.00187982 0.0230793 0 0.00120391 0.999561 -0.0292653 0 -0.0231246 -0.0292299 -0.999305 0 -0.206881 -0.57216 0.0383082 1 
-0.999723 0.00176255 0.0230468 0 0.00109049 0.999565 -0.0291404 0 -0.0230886 -0.0291078 -0.99931 0 -0.20685 -0.572264 0.0380265 1 
-0.999724 0.00162959 0.0230221 0 0.000960321 0.999568 -0.0290516 0 -0.0230599 -0.029022 -0.999313 0 -0.206811 -0.572372 0.037727 1 
-0.999725 0.00146124 0.0229724 0 0.000797018 0.999572 -0.0288962 0 -0.0230053 -0.0288705 -0.999318 0 -0.206739 -0.572458 0.0373759 1 
-0.999724 0.00125444 0.0230423 0 0.000582641 0.999566 -0.0291382 0 -0.0230693 -0.0291173 -0.99931 0 -0.206658 -0.572616 0.0371252 1 
-0.999724 0.000918055 0.0230622 0 0.00024267 0.999562 -0.0292708 0 -0.0230794 -0.0292577 -0.999305 0 -0.206478 -0.572745 0.0370449 1 
-0.999724 0.000599019 0.0230828 0 -7.74991e-05 0.999561 -0.029296 0 -0.0230906 -0.0292903 -0.999304 0 -0.206303 -0.572817 0.0370349 1 
-0.999724 0.000433239 0.0230657 0 -0.000241286 0.999563 -0.0292326 0 -0.0230687 -0.0292306 -0.999306 0 -0.2062 -0.572834 0.0369911 1 
-0.999725 0.000391517 0.0230381 0 -0.000280241 0.999565 -0.0291478 0 -0.0230399 -0.0291468 -0.99931 0 -0.206171 -0.572816 0.0369308 1 
-0.999726 0.000457198 0.02301 0 -0.000211027 0.999569 -0.0290296 0 -0.0230137 -0.0290271 -0.999314 0 -0.206201 -0.572767 0.0368514 1 
-0.999726 0.000533426 0.0229855 0 -0.000131841 0.999572 -0.0289314 0 -0.0229915 -0.028927 -0.999317 0 -0.206236 -0.572721 0.0367837 1 
-0.999727 0.000522453 0.0229448 0 -0.000139692 0.999574 -0.0288469 0 -0.0229505 -0.0288427 -0.99932 0 -0.206216 -0.572698 0.0367251 1 
-0.999728 0.000449084 0.0229123 0 -0.000210967 0.999576 -0.0287969 0 -0.0229159 -0.0287945 -0.999323 0 -0.206162 -0.5727 0.0366886 1 
-0.999728 0.000346797 0.022888 0 -0.000311579 0.999577 -0.028755 0 -0.0228887 -0.0287549 -0.999324 0 -0.206093 -0.572708 0.0366583 1 
-0.999729 0.000188165 0.022854 0 -0.000467516 0.999579 -0.028681 0 -0.0228502 -0.0286844 -0.999327 0 -0.205991 -0.572718 0.0366106 1 
-0.99973 -9.77582e-06 0.0228146 0 -0.000662169 0.999581 -0.0285878 0 -0.0228052 -0.0285957 -0.999331 0 -0.205862 -0.572731 0.0365524 1 
-0.999731 -0.000236878 0.0227732 0 -0.000886383 0.999583 -0.0285145 0 -0.0227574 -0.0285275 -0.999334 0 -0.205712 -0.572758 0.0365055 1 
-0.999731 -0.000491701 0.0227483 0 -0.00113891 0.999585 -0.0284464 0 -0.0227253 -0.0284652 -0.999336 0 -0.205556 -0.57279 0.0364599 1 
-0.999732 -0.000756736 0.0227218 0 -0.00140177 0.999586 -0.0283857 0 -0.0226913 -0.0284105 -0.999339 0 -0.20539 -0.572829 0.036419 1 
-0.999732 -0.00101861 0.0227056 0 -0.00166219 0.999587 -0.0283436 0 -0.0226678 -0.0283743 -0.99934 0 -0.205222 -0.572875 0.0363916 1 
-0.999732 -0.00124718 0.0226818 0 -0.0018887 0.999589 -0.028284 0 -0.0226377 -0.0283198 -0.999343 0 -0.205073 -0.572907 0.0363538 1 
-0.999733 -0.0013476 0.0226604 0 -0.00198684 0.99959 -0.0282106 0 -0.0226135 -0.0282486 -0.999345 0 -0.204949 -0.572928 0.0363057 1 
-0.999733 -0.00133481 0.0226476 0 -0.00197246 0.999592 -0.0281565 0 -0.0226012 -0.0281942 -0.999347 0 -0.204887 -0.572931 0.0362689 1 
-0.999734 -0.00122627 0.0226287 0 -0.00186188 0.999594 -0.0280887 0 -0.0225855 -0.0281239 -0.999349 0 -0.20489 -0.572907 0.0362272 1 
-0.999734 -0.00113244 0.0226082 0 -0.00176482 0.999598 -0.0279703 0 -0.0225678 -0.0280033 -0.999353 0 -0.204922 -0.572856 0.0361553 1 
-0.999735 -0.001026 0.0225902 0 -0.00165561 0.999601 -0.0278697 0 -0.022553 -0.0279002 -0.999356 0 -0.204965 -0.572809 0.0360939 1 
-0.999736 -0.000982461 0.0225456 0 -0.0016077 0.999605 -0.0277307 0 -0.0225099 -0.0277601 -0.999361 0 -0.204974 -0.572757 0.0360107 1 
-0.999737 -0.0010071 0.0224691 0 -0.00162552 0.99961 -0.0275219 0 -0.0224331 -0.0275517 -0.999369 0 -0.204938 -0.572698 0.035875 1 
-0.999739 -0.00100661 0.0223991 0 -0.0016183 0.999616 -0.0273069 0 -0.0223634 -0.0273366 -0.999376 0 -0.204919 -0.572632 0.0357225 1 
-0.999741 -0.000985456 0.0223256 0 -0.00158977 0.999623 -0.0270663 0 -0.0222909 -0.0270953 -0.999384 0 -0.204909 -0.572551 0.035547 1 
-0.999742 -0.000936588 0.0222722 0 -0.00153494 0.999628 -0.0268634 0 -0.0222392 -0.0268911 -0.999391 0 -0.20492 -0.572465 0.0353342 1 
-0.999743 -0.000839721 0.0222343 0 -0.00143408 0.999632 -0.0267288 0 -0.0222041 -0.0267543 -0.999395 0 -0.204958 -0.572379 0.0350926 1 
-0.999744 -0.000742951 0.0221901 0 -0.00133323 0.999636 -0.0265977 0 -0.0221627 -0.026621 -0.9994 0 -0.204995 -0.572291 0.0348388 1 
-0.999746 -0.000657347 0.0221179 0 -0.00124113 0.999641 -0.0263905 0 -0.0220931 -0.0264117 -0.999407 0 -0.205015 -0.572186 0.0345615 1 
-0.999747 -0.000599712 0.0220556 0 -0.00117691 0.999647 -0.026166 0 -0.0220326 -0.0261858 -0.999414 0 -0.205034 -0.572081 0.0342865 1 
-0.999748 -0.000517901 0.0220177 0 -0.00109195 0.99965 -0.0260677 0 -0.0219969 -0.0260857 -0.999418 0 -0.20506 -0.572003 0.0340372 1 
-0.999748 -0.000446967 0.0220012 0 -0.00101934 0.999652 -0.0260111 0 -0.0219824 -0.0260274 -0.99942 0 -0.205085 -0.571937 0.033806 1 
-0.999749 -0.000432687 0.0219498 0 -0.00100046 0.999655 -0.0258624 0 -0.0219315 -0.0258783 -0.999424 0 -0.205075 -0.571866 0.0335755 1 
-0.999749 -0.000413099 0.0219459 0 -0.000979813 0.999657 -0.0258185 0 -0.0219281 -0.025834 -0.999426 0 -0.205079 -0.571822 0.033384 1 
-0.999749 -0.000406051 0.0219678 0 -0.000974902 0.999655 -0.02589 0 -0.0219501 -0.0259055 -0.999423 0 -0.205078 -0.571804 0.033199 1 
-0.999748 -0.000411418 0.0219962 0 -0.000982755 0.999653 -0.0259696 0 -0.0219783 -0.0259852 -0.999421 0 -0.20507 -0.571787 0.0330063 1 
-0.999748 -0.000392162 0.0220334 0 -0.000966317 0.99965 -0.0260535 0 -0.0220159 -0.0260687 -0.999418 0 -0.205079 -0.571766 0.0328169 1 
-0.999747 -0.000345294 0.0220761 0 -0.000923264 0.999647 -0.0261757 0 -0.0220597 -0.0261899 -0.999414 0 -0.205102 -0.571747 0.0326247 1 
-0.999746 -0.000319004 0.022102 0 -0.000899388 0.999645 -0.0262541 0 -0.0220862 -0.0262678 -0.999411 0 -0.20511 -0.57172 0.0324141 1 
-0.999745 -0.000315095 0.022133 0 -0.000898251 0.999643 -0.0263425 0 -0.0221172 -0.0263562 -0.999408 0 -0.205106 -0.571696 0.03218 1 
-0.999744 -0.00031361 0.0222123 0 -0.000903566 0.999637 -0.0265546 0 -0.0221963 -0.0265684 -0.999401 0 -0.205112 -0.571696 0.0319515 1 
-0.999742 -0.000289742 0.0222741 0 -0.000885081 0.999633 -0.0267225 0 -0.0222586 -0.0267358 -0.999395 0 -0.205121 -0.571682 0.0317092 1 
-0.999742 -0.000273501 0.0223055 0 -0.000871599 0.999631 -0.0268083 0 -0.0222904 -0.0268213 -0.999392 0 -0.205124 -0.571646 0.0314197 1 
-0.99974 -0.00025003 0.0223739 0 -0.000854123 0.999626 -0.0269941 0 -0.0223592 -0.0270067 -0.999385 0 -0.205134 -0.571628 0.031126 1 
-0.999738 -0.000222642 0.0224809 0 -0.000836038 0.999618 -0.0272793 0 -0.0224667 -0.0272914 -0.999375 0 -0.205155 -0.571614 0.0307779 1 
-0.999734 -0.000150397 0.0226236 0 -0.000776612 0.999607 -0.0276732 0 -0.022611 -0.027684 -0.999361 0 -0.205203 -0.571606 0.0303916 1 
-0.999731 -6.72704e-05 0.0227959 0 -0.000709209 0.999594 -0.0281531 0 -0.0227852 -0.0281622 -0.999344 0 -0.205265 -0.57161 0.0299904 1 
-0.999727 4.99157e-05 0.0229541 0 -0.000606597 0.999581 -0.0285929 0 -0.0229464 -0.0285996 -0.999328 0 -0.20533 -0.571592 0.0295387 1 
-0.999725 0.000154334 0.023016 0 -0.000507614 0.999577 -0.0287515 0 -0.0230111 -0.0287558 -0.999322 0 -0.205381 -0.571507 0.0290089 1 
-0.999724 0.000266673 0.0230993 0 -0.000402577 0.999571 -0.028963 0 -0.0230976 -0.0289649 -0.999314 0 -0.205434 -0.571434 0.0284169 1 
-0.999721 0.000399357 0.0232232 0 -0.000281146 0.999561 -0.0292918 0 -0.0232251 -0.0292907 -0.999301 0 -0.205508 -0.571374 0.027767 1 
-0.999718 0.000496938 0.0233213 0 -0.000192401 0.999554 -0.0295466 0 -0.023326 -0.0295433 -0.999291 0 -0.20556 -0.571303 0.02705 1 
-0.999714 0.000559608 0.0235184 0 -0.000148024 0.999538 -0.0300757 0 -0.0235248 -0.0300711 -0.999271 0 -0.205628 -0.571349 0.0263416 1 
-0.999709 0.000612851 0.0236916 0 -0.000110925 0.999524 -0.0305362 0 -0.0236995 -0.0305305 -0.999253 0 -0.205707 -0.571452 0.025525 1 
-0.999708 0.000600101 0.0237412 0 -0.000127562 0.999521 -0.0306361 0 -0.0237487 -0.0306308 -0.999249 0 -0.205748 -0.571533 0.0246405 1 
-0.99971 0.000547661 0.0236658 0 -0.000171954 0.999528 -0.0303944 0 -0.0236717 -0.0303903 -0.999258 0 -0.205744 -0.571579 0.0237252 1 
-0.999713 0.000474176 0.0235359 0 -0.000231616 0.999541 -0.0299758 0 -0.0235398 -0.0299733 -0.999273 0 -0.205727 -0.571611 0.0227118 1 
-0.999717 0.000427571 0.0233973 0 -0.000263315 0.999555 -0.0295171 0 -0.0234 -0.0295155 -0.99929 0 -0.205729 -0.571631 0.0216987 1 
-0.999719 0.000386744 0.0232815 0 -0.000291692 0.999566 -0.0291299 0 -0.0232831 -0.0291291 -0.999304 0 -0.205742 -0.571687 0.0207082 1 
-0.999722 0.000298579 0.0231558 0 -0.000367142 0.999577 -0.0287398 0 -0.0231551 -0.0287408 -0.999319 0 -0.205733 -0.571769 0.0197319 1 
-0.999724 0.000133632 0.0230635 0 -0.000522221 0.999586 -0.0284282 0 -0.0230582 -0.0284329 -0.99933 0 -0.205686 -0.571887 0.018841 1 
-0.999727 1.17927e-05 0.0229528 0 -0.000631599 0.999597 -0.0280234 0 -0.0229443 -0.0280308 -0.999344 0 -0.205659 -0.571969 0.0180377 1 
-0.999731 -2.86954e-05 0.0227622 0 -0.000652579 0.999615 -0.0274016 0 -0.022753 -0.0274096 -0.999365 0 -0.20566 -0.571971 0.0172097 1 
-0.999735 -2.02463e-06 0.0225986 0 -0.000609381 0.999629 -0.0268687 0 -0.0225906 -0.0268758 -0.999383 0 -0.205684 -0.571929 0.0164016 1 
-0.999736 -3.03723e-05 0.0225411 0 -0.000631667 0.999634 -0.0266686 0 -0.0225325 -0.0266763 -0.99939 0 -0.205688 -0.57195 0.0156292 1 
-0.999736 -6.56108e-05 0.0225423 0 -0.000666232 0.999635 -0.0266375 0 -0.0225327 -0.026646 -0.999391 0 -0.205685 -0.571981 0.0148996 1 
-0.999736 -8.3908e-05 0.0225444 0 -0.000683924 0.999636 -0.0266082 0 -0.0225344 -0.0266171 -0.999392 0 -0.205693 -0.572006 0.0141136 1 
-0.999736 -0.000104121 0.0225571 0 -0.000704205 0.999636 -0.0265963 0 -0.0225466 -0.0266057 -0.999392 0 -0.205697 -0.572003 0.0133096 1 
-0.999734 -0.000142474 0.0226206 0 -0.000747754 0.999632 -0.0267514 0 -0.0226089 -0.0267617 -0.999386 0 -0.205691 -0.572016 0.0125427 1 
-0.999732 -0.000184864 0.0227115 0 -0.000798469 0.999625 -0.0270111 0 -0.0226984 -0.0270225 -0.999377 0 -0.205664 -0.572007 0.0117097 1 
-0.99973 -0.000250075 0.0228295 0 -0.000874278 0.999616 -0.0273358 0 -0.0228143 -0.0273489 -0.999366 0 -0.205624 -0.571989 0.0109108 1 
-0.999728 -0.000296345 0.0229247 0 -0.0009286 0.99961 -0.0275737 0 -0.022908 -0.027588 -0.999357 0 -0.205598 -0.571979 0.010168 1 
-0.999726 -0.000294027 0.0229796 0 -0.000931068 0.999606 -0.027716 0 -0.0229628 -0.0277303 -0.999352 0 -0.205602 -0.572004 0.00950334 1 
-0.999726 -0.000221779 0.0229826 0 -0.000858642 0.999606 -0.0277042 0 -0.0229678 -0.0277169 -0.999352 0 -0.205615 -0.57203 0.00889611 1 
-0.999727 -0.000129039 0.0229342 0 -0.000760632 0.999611 -0.0275324 0 -0.0229222 -0.0275429 -0.999358 0 -0.205627 -0.572032 0.00831915 1 
-0.999728 -7.76457e-05 0.022897 0 -0.00070541 0.999614 -0.0274098 0 -0.0228865 -0.0274191 -0.999362 0 -0.205644 -0.572056 0.00779231 1 
-0.99973 -2.72438e-05 0.0228203 0 -0.000647784 0.999621 -0.0271853 0 -0.0228113 -0.0271933 -0.99937 0 -0.205633 -0.57207 0.00727283 1 
-0.999732 9.71035e-05 0.0227406 0 -0.000516253 0.999627 -0.0269642 0 -0.0227351 -0.0269693 -0.999378 0 -0.205623 -0.572081 0.00676475 1 
-0.999732 0.000203259 0.0227286 0 -0.000408628 0.999628 -0.0269134 0 -0.022726 -0.026916 -0.999379 0 -0.205641 -0.57212 0.00621315 1 
-0.999733 0.000197047 0.0226863 0 -0.000410975 0.999631 -0.0267933 0 -0.0226837 -0.0267959 -0.999384 0 -0.205637 -0.572156 0.00561261 1 
-0.999733 0.000181801 0.0226723 0 -0.00042419 0.999633 -0.0267203 0 -0.0226693 -0.0267234 -0.999386 0 -0.205639 -0.572204 0.00498472 1 
-0.999733 0.000167818 0.0226968 0 -0.0004396 0.999632 -0.0267543 0 -0.0226934 -0.0267577 -0.999384 0 -0.205665 -0.572288 0.00430973 1 
-0.999733 0.000136754 0.0226682 0 -0.000467283 0.999635 -0.0266391 0 -0.022664 -0.0266432 -0.999388 0 -0.20567 -0.572336 0.00355962 1 
-0.999733 8.05368e-05 0.0226719 0 -0.000523757 0.999635 -0.0266464 0 -0.0226662 -0.0266517 -0.999388 0 -0.205658 -0.572375 0.00279504 1 
-0.99973 -2.13252e-05 0.0228227 0 -0.000639455 0.999624 -0.0270767 0 -0.022814 -0.0270845 -0.999373 0 -0.205627 -0.572455 0.00199696 1 
-0.999726 -0.000186961 0.02301 0 -0.000821562 0.99961 -0.0275727 0 -0.0229963 -0.0275846 -0.999355 0 -0.205559 -0.572527 0.00121388 1 
-0.999723 -0.000306749 0.0231084 0 -0.000950303 0.999602 -0.0278432 0 -0.0230912 -0.027858 -0.999345 0 -0.205471 -0.572492 0.00042303 1 
-0.999718 -0.000409336 0.0233172 0 -0.00107228 0.999586 -0.0284259 0 -0.0232963 -0.0284435 -0.999324 0 -0.205391 -0.572495 -0.000356346 1 
-0.999714 -0.000428496 0.023515 0 -0.00111025 0.99957 -0.0289865 0 -0.0234929 -0.0290049 -0.999303 0 -0.20532 -0.572466 -0.00111017 1 
-0.999708 -0.000395703 0.0237509 0 -0.00110022 0.99955 -0.0296566 0 -0.0237289 -0.0296747 -0.999278 0 -0.205296 -0.572506 -0.00178485 1 
-0.999706 -0.000382083 0.0238487 0 -0.00109552 0.999542 -0.029909 0 -0.0238269 -0.0299269 -0.999268 0 -0.205289 -0.572525 -0.00237783 1 
-0.999705 -0.000321503 0.0238804 0 -0.00103735 0.999541 -0.0299698 0 -0.0238602 -0.0299863 -0.999265 0 -0.205301 -0.57253 -0.00294066 1 
-0.999706 -0.000250965 0.0238585 0 -0.000964366 0.999543 -0.0298943 0 -0.0238406 -0.0299091 -0.999268 0 -0.205308 -0.572549 -0.00342364 1 
-0.999707 -0.000157062 0.0237899 0 -0.000862671 0.99955 -0.0296524 0 -0.023775 -0.0296648 -0.999277 0 -0.205336 -0.572581 -0.00388861 1 
-0.99971 -4.20795e-05 0.023682 0 -0.000735954 0.999561 -0.0292914 0 -0.0236709 -0.0293009 -0.99929 0 -0.205375 -0.572605 -0.0043777 1 
-0.999713 2.35534e-05 0.023568 0 -0.000657453 0.999573 -0.028887 0 -0.023559 -0.0288947 -0.999305 0 -0.205412 -0.572604 -0.00487236 1 
-0.999716 6.93487e-05 0.0234432 0 -0.000599102 0.999584 -0.0285052 0 -0.0234358 -0.0285117 -0.999319 0 -0.205444 -0.572617 -0.00540929 1 
-0.999718 0.000108349 0.0233232 0 -0.000547351 0.999595 -0.0281051 0 -0.0233173 -0.0281105 -0.999333 0 -0.205472 -0.572659 -0.00601276 1 
-0.999722 0.000146488 0.0231838 0 -0.00049527 0.999607 -0.0276729 0 -0.0231792 -0.0276772 -0.999348 0 -0.205487 -0.572703 -0.00662965 1 
-0.999725 0.000159135 0.0230372 0 -0.000467764 0.99962 -0.0272042 0 -0.0230333 -0.027208 -0.999364 0 -0.205502 -0.57275 -0.00736419 1 
-0.999729 0.000169812 0.0228782 0 -0.000441393 0.999634 -0.0267076 0 -0.0228748 -0.026711 -0.999381 0 -0.205499 -0.572743 -0.00814996 1 
-0.999731 0.000173151 0.0227802 0 -0.00042847 0.999642 -0.0264021 0 -0.022777 -0.0264052 -0.999392 0 -0.205485 -0.572756 -0.00894576 1 
-0.999732 0.000190478 0.0227101 0 -0.000403725 0.999648 -0.026157 0 -0.0227075 -0.0261596 -0.9994 0 -0.205476 -0.572753 -0.00976005 1 
-0.999734 0.000218573 0.0226514 0 -0.000368977 0.999654 -0.0259311 0 -0.0226497 -0.025933 -0.999407 0 -0.205482 -0.572729 -0.0105823 1 
-0.999735 0.000218185 0.0225861 0 -0.000362623 0.99966 -0.0257078 0 -0.0225844 -0.0257097 -0.999414 0 -0.20547 -0.572687 -0.0113175 1 
-0.999736 0.000193885 0.0225685 0 -0.000385161 0.999661 -0.0256498 0 -0.0225663 -0.0256522 -0.999416 0 -0.205439 -0.572674 -0.0119168 1 
-0.999736 0.000164072 0.0225566 0 -0.000413635 0.999662 -0.0256041 0 -0.0225536 -0.0256072 -0.999418 0 -0.205407 -0.572653 -0.0124747 1 
-0.999734 0.000173596 0.0226331 0 -0.000410793 0.999657 -0.0258126 0 -0.0226303 -0.0258155 -0.999411 0 -0.205409 -0.572682 -0.0129232 1 
-0.999732 0.000205642 0.0227241 0 -0.000386846 0.999651 -0.0260653 0 -0.022722 -0.0260676 -0.999402 0 -0.205417 -0.572708 -0.0133196 1 
-0.99973 0.000237257 0.022805 0 -0.000362521 0.999645 -0.0262922 0 -0.0228036 -0.0262939 -0.999394 0 -0.205425 -0.572735 -0.0137 1 
-0.99973 0.000268395 0.0228357 0 -0.000333705 0.999643 -0.0263584 0 -0.0228351 -0.0263594 -0.999392 0 -0.20543 -0.572746 -0.0140946 1 
-0.99973 0.000315571 0.0228191 0 -0.000285211 0.999644 -0.0263198 0 -0.0228197 -0.0263197 -0.999393 0 -0.205428 -0.572761 -0.0144778 1 
-0.99973 0.00029384 0.0228239 0 -0.000307551 0.999643 -0.026341 0 -0.0228239 -0.0263414 -0.999392 0 -0.205412 -0.572818 -0.0148718 1 
-0.99973 0.000268644 0.0227967 0 -0.000329726 0.999646 -0.02624 0 -0.0227961 -0.0262409 -0.999396 0 -0.205385 -0.572843 -0.0153015 1 
-0.999731 0.00027609 0.0227635 0 -0.000318852 0.999649 -0.0261278 0 -0.0227632 -0.0261285 -0.999399 0 -0.20537 -0.572873 -0.0157705 1 
-0.999732 0.000286991 0.0227442 0 -0.000305901 0.999651 -0.0260598 0 -0.0227442 -0.0260602 -0.999402 0 -0.205359 -0.572918 -0.0162688 1 
-0.999732 0.000295661 0.0227381 0 -0.000296117 0.999652 -0.0260179 0 -0.0227383 -0.0260181 -0.999403 0 -0.205367 -0.572986 -0.016771 1 
-0.999732 0.000310433 0.0227093 0 -0.000277525 0.999655 -0.0258827 0 -0.0227099 -0.0258825 -0.999407 0 -0.205384 -0.573015 -0.0172855 1 
-0.999732 0.00032488 0.0227156 0 -0.000262814 0.999656 -0.0258638 0 -0.0227166 -0.0258633 -0.999407 0 -0.205407 -0.573051 -0.0178419 1 
-0.999729 0.000318429 0.0228429 0 -0.000280776 0.999646 -0.0262233 0 -0.0228436 -0.0262231 -0.999395 0 -0.205429 -0.573147 -0.0183586 1 
-0.999725 0.000297533 0.0230147 0 -0.000317289 0.999634 -0.0267059 0 -0.0230146 -0.0267063 -0.999378 0 -0.205449 -0.573262 -0.0188001 1 
-0.999724 0.00030352 0.0230983 0 -0.000318737 0.999628 -0.0269308 0 -0.0230983 -0.0269312 -0.99937 0 -0.205456 -0.57332 -0.0192511 1 
-0.999723 0.00029668 0.023132 0 -0.000328471 0.999625 -0.0270166 0 -0.0231318 -0.0270172 -0.999367 0 -0.205453 -0.573346 -0.0196446 1 
-0.999723 0.000305502 0.0231161 0 -0.000317843 0.999627 -0.0269571 0 -0.0231161 -0.0269575 -0.999369 0 -0.205448 -0.573336 -0.0199645 1 
-0.999724 0.00034206 0.0230833 0 -0.000277915 0.99963 -0.0268494 0 -0.0230844 -0.0268489 -0.999373 0 -0.205443 -0.573314 -0.0202262 1 
-0.999725 0.000363548 0.0230397 0 -0.000251848 0.999634 -0.0267015 0 -0.0230414 -0.0267005 -0.999378 0 -0.205438 -0.573281 -0.0204343 1 
-0.999726 0.000376078 0.023005 0 -0.000235897 0.999637 -0.0265931 0 -0.0230071 -0.0265917 -0.999382 0 -0.205434 -0.573264 -0.0205747 1 
-0.999726 0.000395395 0.022971 0 -0.000213484 0.999639 -0.0264976 0 -0.0229737 -0.0264958 -0.999385 0 -0.205427 -0.573245 -0.020688 1 
-0.999727 0.000407125 0.0229256 0 -0.00019741 0.999643 -0.0263607 0 -0.0229286 -0.0263585 -0.99939 0 -0.205413 -0.573198 -0.0207985 1 
-0.999729 0.000417628 0.0228606 0 -0.000181088 0.999648 -0.0261813 0 -0.0228639 -0.0261788 -0.999396 0 -0.205388 -0.573131 -0.0209267 1 
-0.999729 0.000391275 0.0228403 0 -0.000205846 0.999649 -0.0261349 0 -0.0228429 -0.026133 -0.999397 0 -0.205367 -0.573111 -0.0210447 1 
-0.999729 0.000357277 0.0228532 0 -0.000241185 0.999648 -0.0261788 0 -0.0228549 -0.0261778 -0.999396 0 -0.205349 -0.573127 -0.0211568 1 
-0.99973 0.000326972 0.0228358 0 -0.00027002 0.999649 -0.0261346 0 -0.0228368 -0.0261342 -0.999398 0 -0.205324 -0.57311 -0.0212895 1 
-0.99973 0.000287234 0.0228212 0 -0.000307699 0.999651 -0.0260613 0 -0.0228212 -0.0260618 -0.9994 0 -0.205301 -0.573098 -0.0214398 1 
-0.99973 0.000269602 0.0228155 0 -0.000324674 0.999651 -0.026039 0 -0.022815 -0.0260399 -0.999401 0 -0.205293 -0.573099 -0.0216074 1 
-0.99973 0.000265688 0.0227958 0 -0.000326813 0.999653 -0.0259838 0 -0.0227952 -0.0259847 -0.999402 0 -0.205288 -0.573087 -0.0218014 1 
-0.999731 0.000235256 0.0227728 0 -0.000355422 0.999654 -0.0259301 0 -0.0227715 -0.0259317 -0.999404 0 -0.205274 -0.573093 -0.0220071 1 
-0.999732 0.000214502 0.0227294 0 -0.000371308 0.999658 -0.0257657 0 -0.0227276 -0.0257677 -0.99941 0 -0.205264 -0.57307 -0.0222831 1 
-0.999733 0.000207577 0.0226833 0 -0.000373932 0.999662 -0.0256285 0 -0.0226814 -0.0256307 -0.999414 0 -0.205257 -0.573056 -0.022617 1 
-0.999729 0.000185782 0.0228498 0 -0.000410129 0.99965 -0.0260718 0 -0.0228471 -0.0260746 -0.999399 0 -0.205295 -0.573179 -0.0228993 1 
-0.999723 0.000115513 0.0231253 0 -0.000507922 0.999627 -0.026951 0 -0.0231202 -0.0269558 -0.999369 0 -0.205317 -0.573472 -0.0228293 1 
-0.999721 3.08078e-05 0.0232262 0 -0.000600706 0.999621 -0.027182 0 -0.0232187 -0.0271889 -0.999361 0 -0.20528 -0.573625 -0.0228873 1 
-0.999719 1.9337e-05 0.0232893 0 -0.000617888 0.999616 -0.0273535 0 -0.0232814 -0.0273607 -0.999354 0 -0.205291 -0.573738 -0.0228834 1 
-0.999718 3.71162e-05 0.023317 0 -0.000603685 0.999613 -0.0274743 0 -0.0233094 -0.0274811 -0.999351 0 -0.205293 -0.573828 -0.0228868 1 
-0.999718 0.000134599 0.0233371 0 -0.00050826 0.999611 -0.0275383 0 -0.0233321 -0.0275429 -0.999348 0 -0.205284 -0.573881 -0.0228906 1 
-0.999717 0.000217469 0.0233596 0 -0.000427831 0.999609 -0.0276158 0 -0.0233569 -0.0276185 -0.999346 0 -0.205279 -0.573941 -0.0228932 1 
-0.999716 0.00027895 0.0234125 0 -0.000371459 0.999605 -0.0277713 0 -0.0234114 -0.0277726 -0.99934 0 -0.205292 -0.574054 -0.0228884 1 
-0.999715 0.000307617 0.0234849 0 -0.000349871 0.999599 -0.0279867 0 -0.0234845 -0.0279875 -0.999332 0 -0.205299 -0.574228 -0.0228975 1 
-0.999712 0.000408671 0.0235832 0 -0.000259044 0.99959 -0.0283029 0 -0.0235855 -0.0283014 -0.999321 0 -0.205304 -0.574478 -0.0229025 1 
-0.999708 0.000482681 0.0237583 0 -0.000202987 0.999574 -0.028849 0 -0.0237626 -0.0288459 -0.999301 0 -0.205307 -0.57491 -0.0228977 1 
-0.999701 0.000540975 0.0240341 0 -0.000172401 0.99955 -0.0296696 0 -0.0240398 -0.0296654 -0.999271 0 -0.205309 -0.575552 -0.0228778 1 
-0.999693 0.000691512 0.0243568 0 -5.44093e-05 0.999522 -0.0306105 0 -0.0243668 -0.030603 -0.999235 0 -0.205302 -0.576303 -0.0228744 1 
-0.999684 0.000692778 0.0247466 0 -9.29076e-05 0.999487 -0.0317337 0 -0.0247564 -0.0317265 -0.99919 0 -0.205291 -0.577207 -0.0228742 1 
-0.999672 0.000628753 0.0252048 0 -0.000204642 0.999444 -0.0330484 0 -0.0252121 -0.0330433 -0.999136 0 -0.205329 -0.578213 -0.0228108 1 
-0.999661 0.000510796 0.0256657 0 -0.000371944 0.999399 -0.0343769 0 -0.0256684 -0.0343754 -0.999079 0 -0.205382 -0.57923 -0.0227358 1 
-0.999648 0.000313431 0.0261529 0 -0.000623557 0.999349 -0.0358111 0 -0.0261476 -0.0358155 -0.999016 0 -0.205405 -0.580348 -0.0226609 1 
-0.999636 0.00014547 0.0266076 0 -0.000842019 0.999302 -0.0370977 0 -0.0265949 -0.0371074 -0.998957 0 -0.205392 -0.581381 -0.0226105 1 
-0.999626 3.71854e-05 0.026986 0 -0.000993727 0.99926 -0.038187 0 -0.026968 -0.0382003 -0.998906 0 -0.205377 -0.58228 -0.0225784 1 
-0.999618 0.000114788 0.0272961 0 -0.000952395 0.999226 -0.0390799 0 -0.02728 -0.0390917 -0.998863 0 -0.205389 -0.583079 -0.0225703 1 
-0.999612 0.000164136 0.0275227 0 -0.000931098 0.999199 -0.0397759 0 -0.0275077 -0.0397868 -0.998829 0 -0.205417 -0.583782 -0.0225653 1 
-0.999606 0.000187793 0.0277327 0 -0.000932669 0.999174 -0.0403834 0 -0.0277179 -0.0403942 -0.998799 0 -0.205436 -0.584424 -0.0225791 1 
-0.999601 0.000283281 0.0278998 0 -0.000857736 0.999154 -0.0408761 0 -0.0278883 -0.0408845 -0.998775 0 -0.205428 -0.58499 -0.0225859 1 
-0.999598 0.000574905 0.0280224 0 -0.000581523 0.999139 -0.041242 0 -0.0280225 -0.0412425 -0.998756 0 -0.205426 -0.585457 -0.022609 1 
-0.999595 0.000749384 0.028104 0 -0.000418016 0.999128 -0.0415093 0 -0.0281111 -0.0415051 -0.998743 0 -0.205438 -0.585814 -0.0226334 1 
-0.999592 0.000825882 0.0282139 0 -0.000356444 0.999113 -0.0418747 0 -0.028224 -0.0418684 -0.998724 0 -0.205449 -0.586179 -0.0226554 1 
-0.999589 0.000898071 0.0283087 0 -0.000296166 0.999101 -0.0421534 0 -0.0283217 -0.0421453 -0.99871 0 -0.20545 -0.586487 -0.0226755 1 
-0.999587 0.000948624 0.0283986 0 -0.0002573 0.99909 -0.04243 0 -0.0284136 -0.0424206 -0.998696 0 -0.20546 -0.586765 -0.0226717 1 
-0.999585 0.00101732 0.0284588 0 -0.00019717 0.999081 -0.0426396 0 -0.0284766 -0.0426283 -0.998685 0 -0.205469 -0.587012 -0.0226743 1 
-0.999583 0.00105972 0.0285051 0 -0.000160702 0.999075 -0.0427773 0 -0.0285246 -0.0427649 -0.998678 0 -0.205473 -0.587244 -0.0226954 1 
-0.999582 0.00111836 0.0285392 0 -0.000106814 0.99907 -0.0428916 0 -0.0285612 -0.0428776 -0.998672 0 -0.20548 -0.587465 -0.0227122 1 
-0.999581 0.00110306 0.0285877 0 -0.000128404 0.999064 -0.0430386 0 -0.028609 -0.0430251 -0.998664 0 -0.205479 -0.587679 -0.0227183 1 
-0.999579 0.00101891 0.0286691 0 -0.000222453 0.999054 -0.0432629 0 -0.0286866 -0.0432519 -0.998652 0 -0.205477 -0.587931 -0.0227294 1 
-0.999576 0.000995147 0.0287629 0 -0.000257885 0.999043 -0.0435272 0 -0.0287792 -0.043517 -0.998638 0 -0.205491 -0.588193 -0.0227632 1 
-0.999574 0.00103168 0.0288404 0 -0.000231781 0.999032 -0.0437707 0 -0.0288582 -0.0437596 -0.998625 0 -0.205508 -0.588458 -0.0227898 1 
-0.999571 0.00101059 0.0289433 0 -0.000266467 0.999018 -0.0440843 0 -0.02896 -0.044074 -0.998608 0 -0.2055 -0.588775 -0.0228107 1 
-0.999568 0.000912218 0.02906 0 -0.000378755 0.999005 -0.0443876 0 -0.0290721 -0.0443803 -0.998592 0 -0.205492 -0.58908 -0.0228492 1 
-0.999565 0.000840869 0.0291638 0 -0.000463652 0.998991 -0.0446949 0 -0.0291725 -0.0446898 -0.998575 0 -0.205501 -0.589371 -0.0228634 1 
-0.999562 0.000764617 0.0292684 0 -0.00055299 0.998978 -0.0449831 0 -0.0292735 -0.0449804 -0.998559 0 -0.205511 -0.589674 -0.0228918 1 
-0.999559 0.000702213 0.0293616 0 -0.000627288 0.998966 -0.0452462 0 -0.0293635 -0.0452455 -0.998544 0 -0.205505 -0.58998 -0.0229102 1 
-0.999557 0.000733538 0.0294295 0 -0.000604897 0.998957 -0.0454443 0 -0.0294327 -0.0454428 -0.998533 0 -0.205504 -0.590231 -0.0229308 1 
-0.999555 0.000691743 0.0294905 0 -0.000654814 0.998949 -0.0456262 0 -0.0294916 -0.0456261 -0.998523 0 -0.205509 -0.590474 -0.0229498 1 
-0.999553 0.000618044 0.029558 0 -0.000736944 0.99894 -0.0458083 0 -0.0295556 -0.0458105 -0.998513 0 -0.205508 -0.5907 -0.0229563 1 
-0.999551 0.00053235 0.0296379 0 -0.000832648 0.99893 -0.046024 0 -0.0296313 -0.0460289 -0.998501 0 -0.205518 -0.590936 -0.0229664 1 
-0.999548 0.000459649 0.029726 0 -0.000916791 0.998919 -0.0462736 0 -0.0297157 -0.0462808 -0.998486 0 -0.205526 -0.591207 -0.0229774 1 
-0.999546 0.000386236 0.0298219 0 -0.00100257 0.998906 -0.0465406 0 -0.0298078 -0.0465503 -0.998471 0 -0.205521 -0.591516 -0.0229812 1 
-0.999543 0.000278317 0.0299177 0 -0.0011224 0.998894 -0.0467914 0 -0.0298983 -0.0468045 -0.998457 0 -0.205524 -0.591818 -0.0229849 1 
-0.99954 0.000190727 0.0300199 0 -0.00122346 0.998881 -0.0470824 0 -0.0299959 -0.0470984 -0.99844 0 -0.20554 -0.592161 -0.022973 1 
-0.999537 0.000164786 0.0301161 0 -0.00126305 0.998866 -0.0473856 0 -0.0300903 -0.0474026 -0.998423 0 -0.205551 -0.592559 -0.0229566 1 
-0.999535 9.78287e-05 0.0301748 0 -0.00133655 0.99886 -0.0475112 0 -0.0301456 -0.0475304 -0.998415 0 -0.205555 -0.592907 -0.0229335 1 
-0.999535 4.32813e-05 0.0301809 0 -0.00139191 0.998859 -0.04753 0 -0.0301491 -0.0475508 -0.998414 0 -0.205559 -0.593197 -0.0229205 1 
-0.999534 6.53776e-07 0.0301963 0 -0.00143676 0.998857 -0.0475799 0 -0.0301624 -0.0476021 -0.998411 0 -0.205575 -0.593492 -0.0229036 1 
-0.999533 -9.57585e-05 0.0302323 0 -0.00153702 0.998853 -0.0476528 0 -0.0301937 -0.0476779 -0.998406 0 -0.205576 -0.5938 -0.0228781 1 
-0.999533 -0.000140108 0.0302408 0 -0.00158173 0.998853 -0.0476523 0 -0.0302 -0.0476788 -0.998406 0 -0.205582 -0.594074 -0.0228561 1 
-0.999533 -0.000146582 0.0302336 0 -0.00158747 0.998854 -0.0476395 0 -0.0301925 -0.0476662 -0.998407 0 -0.2056 -0.594357 -0.0228286 1 
-0.999533 -0.000129438 0.0302408 0 -0.00157216 0.998851 -0.0476885 0 -0.0302004 -0.0477147 -0.998404 0 -0.205601 -0.594695 -0.022794 1 
-0.999531 -8.50429e-05 0.0302942 0 -0.00153493 0.998844 -0.0478397 0 -0.0302557 -0.0478647 -0.998395 0 -0.205618 -0.595071 -0.0227587 1 
-0.99953 -4.97695e-05 0.0303463 0 -0.00150805 0.998835 -0.0480332 0 -0.0303092 -0.0480573 -0.998385 0 -0.205637 -0.595495 -0.0227159 1 
-0.999528 -8.02023e-05 0.030399 0 -0.00154617 0.998827 -0.0482033 0 -0.0303601 -0.0482285 -0.998375 0 -0.205646 -0.595936 -0.0226865 1 
-0.999527 -0.000161414 0.0304404 0 -0.00163199 0.998822 -0.048291 0 -0.0303974 -0.0483188 -0.998369 0 -0.20566 -0.596347 -0.022661 1 
-0.999527 -0.000285224 0.0304495 0 -0.00175617 0.998822 -0.0482915 0 -0.0304004 -0.0483231 -0.998369 0 -0.205665 -0.596757 -0.0226251 1 
-0.999528 -0.00038161 0.0303966 0 -0.001845 0.99883 -0.0481292 0 -0.0303432 -0.0481635 -0.998378 0 -0.205661 -0.597135 -0.0226154 1 
-0.999531 -0.000463007 0.0303154 0 -0.0019142 0.998843 -0.0478579 0 -0.0302587 -0.0478944 -0.998394 0 -0.205654 -0.597461 -0.0225934 1 
-0.999534 -0.000479755 0.0302104 0 -0.00191624 0.998858 -0.0475381 0 -0.0301537 -0.0475747 -0.998412 0 -0.20565 -0.597743 -0.0225835 1 
-0.999536 -0.00056359 0.030141 0 -0.00198974 0.998869 -0.0473064 0 -0.0300808 -0.0473453 -0.998426 0 -0.205642 -0.59803 -0.0225685 1 
-0.999537 -0.000654862 0.0300919 0 -0.00207337 0.998877 -0.0471317 0 -0.0300278 -0.0471732 -0.998435 0 -0.205634 -0.598326 -0.0225591 1 
-0.999539 -0.00063088 0.0300515 0 -0.00204413 0.998882 -0.0470196 0 -0.0299888 -0.0470602 -0.998442 0 -0.205633 -0.598597 -0.0225332 1 
-0.999539 -0.000662892 0.0300196 0 -0.00207161 0.998887 -0.0469192 0 -0.0299557 -0.0469607 -0.998447 0 -0.205629 -0.598872 -0.0224981 1 
-0.999539 -0.000719828 0.0300441 0 -0.00213211 0.998883 -0.0470008 0 -0.0299773 -0.0470441 -0.998443 0 -0.205624 -0.599217 -0.0224295 1 
-0.999537 -0.000738498 0.030107 0 -0.00215834 0.998876 -0.0471543 0 -0.0300389 -0.0471984 -0.998434 0 -0.205636 -0.599607 -0.022367 1 
-0.999535 -0.000754066 0.0301792 0 -0.00218473 0.998864 -0.0474005 0 -0.0301097 -0.0474453 -0.99842 0 -0.205659 -0.600043 -0.0222937 1 
-0.999533 -0.00082019 0.030245 0 -0.00225943 0.998855 -0.047582 0 -0.030172 -0.0476291 -0.998409 0 -0.205641 -0.600446 -0.0221972 1 
-0.99953 -0.00083296 0.0303292 0 -0.00228345 0.998844 -0.0478211 0 -0.0302549 -0.0478688 -0.998395 0 -0.205657 -0.600848 -0.0220766 1 
-0.999528 -0.000786956 0.0303815 0 -0.00224369 0.998838 -0.0479433 0 -0.030309 -0.0479898 -0.998388 0 -0.205681 -0.601201 -0.0219314 1 
-0.999528 -0.000739387 0.0303862 0 -0.0021987 0.998834 -0.0480197 0 -0.0303159 -0.0480648 -0.998384 0 -0.205687 -0.601522 -0.0217383 1 
-0.999537 -0.00069742 0.0300868 0 -0.0021133 0.998881 -0.0470532 0 -0.0300209 -0.0470959 -0.998439 0 -0.205644 -0.601536 -0.0216559 1 
-0.999547 -0.000620331 0.0297763 0 -0.00199298 0.998926 -0.046091 0 -0.0297163 -0.0461303 -0.998493 0 -0.20564 -0.60144 -0.0216666 1 
-0.999551 -0.000544117 0.0296427 0 -0.00189839 0.998945 -0.0456772 0 -0.0295872 -0.0457138 -0.998516 0 -0.20565 -0.601416 -0.0216592 1 
-0.999553 -0.000430807 0.0295763 0 -0.00177635 0.998954 -0.0454826 0 -0.0295263 -0.0455156 -0.998527 0 -0.205654 -0.601407 -0.0216401 1 
-0.999554 -0.000300071 0.0295459 0 -0.00164168 0.998958 -0.0453932 0 -0.0295021 -0.0454223 -0.998532 0 -0.205667 -0.601399 -0.0216337 1 
-0.999554 -0.000271575 0.0295347 0 -0.0016121 0.998959 -0.0453733 0 -0.0294922 -0.0454015 -0.998533 0 -0.205659 -0.601409 -0.0216274 1 
-0.999554 -0.000240925 0.0295225 0 -0.00157945 0.998961 -0.0453238 0 -0.0294815 -0.0453511 -0.998536 0 -0.205665 -0.601407 -0.0216221 1 
-0.999555 -0.000207503 0.0295104 0 -0.0015443 0.998963 -0.0452832 0 -0.029471 -0.0453095 -0.998538 0 -0.205672 -0.601405 -0.0216122 1 
-0.999555 -0.000173384 0.0295149 0 -0.0015102 0.998964 -0.0452764 0 -0.029477 -0.0453017 -0.998538 0 -0.205686 -0.601407 -0.0215882 1 
-0.999554 -0.000129091 0.0295294 0 -0.00146813 0.998961 -0.0453282 0 -0.0294934 -0.0453523 -0.998536 0 -0.205708 -0.601424 -0.0215348 1 
-0.999555 -9.85404e-05 0.0295128 0 -0.00143488 0.998965 -0.0452616 0 -0.0294784 -0.0452847 -0.998539 0 -0.205726 -0.601416 -0.0214842 1 
-0.999556 -5.1796e-05 0.029484 0 -0.00138364 0.998969 -0.0451528 0 -0.0294518 -0.0451744 -0.998545 0 -0.205753 -0.601394 -0.0214516 1 
-0.999556 -3.31111e-06 0.0294868 0 -0.00133501 0.99897 -0.0451425 0 -0.0294569 -0.0451627 -0.998545 0 -0.20579 -0.601399 -0.0213793 1 
-0.999555 0.000113562 0.0295097 0 -0.00121945 0.99897 -0.0451495 0 -0.029485 -0.0451663 -0.998544 0 -0.205875 -0.601406 -0.021243 1 
-0.999555 0.000296942 0.0295117 0 -0.00103319 0.998975 -0.0450454 0 -0.0294953 -0.0450567 -0.998549 0 -0.206005 -0.601375 -0.0210868 1 
-0.999554 0.000544329 0.0295311 0 -0.000786408 0.998976 -0.0450314 0 -0.029526 -0.0450354 -0.998549 0 -0.206177 -0.601377 -0.0208464 1 
-0.999556 0.000825295 0.029468 0 -0.000497862 0.998983 -0.0448655 0 -0.0294757 -0.0448611 -0.998558 0 -0.206344 -0.601344 -0.0205845 1 
-0.99956 0.00103982 0.0293301 0 -0.000269134 0.998996 -0.0445886 0 -0.0293476 -0.0445777 -0.998575 0 -0.206451 -0.601281 -0.0203287 1 
-0.999565 0.0010165 0.0291624 0 -0.000274945 0.999011 -0.044246 0 -0.0291791 -0.0442356 -0.998595 0 -0.206405 -0.601245 -0.0200659 1 
-0.999568 0.000950562 0.0290318 0 -0.000321541 0.999031 -0.0437811 0 -0.0290458 -0.0437724 -0.998619 0 -0.206352 -0.601192 -0.0197528 1 
-0.999572 0.000987176 0.0289128 0 -0.000268882 0.999048 -0.0434065 0 -0.0289287 -0.0433965 -0.998639 0 -0.206354 -0.60113 -0.019422 1 
-0.999575 0.00101882 0.0288178 0 -0.000225476 0.999059 -0.0431413 0 -0.0288352 -0.0431303 -0.998653 0 -0.206361 -0.601099 -0.0191047 1 
-0.999579 0.00102707 0.0286764 0 -0.000198832 0.999078 -0.0427134 0 -0.0286944 -0.0427019 -0.998676 0 -0.206336 -0.601014 -0.0188576 1 
-0.999582 0.00105615 0.0285446 0 -0.000152744 0.999095 -0.0423151 0 -0.028564 -0.0423026 -0.998696 0 -0.206321 -0.6009 -0.0187252 1 
-0.999586 0.00111897 0.0284163 0 -7.31133e-05 0.999112 -0.0419145 0 -0.0284385 -0.0419001 -0.998717 0 -0.206319 -0.600759 -0.0187117 1 
-0.999588 0.00116267 0.0283545 0 -2.22516e-05 0.999118 -0.0417529 0 -0.0283786 -0.0417371 -0.998726 0 -0.206323 -0.60068 -0.0187423 1 
-0.999588 0.00115603 0.0283347 0 -2.66337e-05 0.99912 -0.0417028 0 -0.0283585 -0.0416872 -0.998728 0 -0.206313 -0.600654 -0.0187601 1 
-0.999588 0.0011543 0.0283434 0 -2.92592e-05 0.99912 -0.0417216 0 -0.0283671 -0.0417061 -0.998727 0 -0.206313 -0.60066 -0.0187406 1 
-0.999588 0.00116123 0.0283501 0 -2.33966e-05 0.999118 -0.041749 0 -0.0283742 -0.0417333 -0.998726 0 -0.206318 -0.60067 -0.0187126 1 
-0.999588 0.001164 0.0283382 0 -1.92047e-05 0.99912 -0.0417165 0 -0.0283624 -0.0417007 -0.998728 0 -0.206312 -0.600651 -0.0187145 1 
-0.999588 0.00115319 0.0283295 0 -2.84527e-05 0.999122 -0.0416745 0 -0.0283532 -0.041659 -0.99873 0 -0.206301 -0.600624 -0.0187134 1 
-0.999589 0.00117006 0.0283226 0 -1.08372e-05 0.999122 -0.0416582 0 -0.028347 -0.0416422 -0.99873 0 -0.206301 -0.600599 -0.0186898 1 
-0.999589 0.00117499 0.0283003 0 -2.90786e-06 0.999125 -0.041585 0 -0.0283249 -0.0415688 -0.998734 0 -0.206288 -0.600543 -0.018675 1 
-0.99959 0.00118349 0.0282698 0 9.60525e-06 0.999129 -0.041488 0 -0.0282948 -0.0414715 -0.998739 0 -0.206269 -0.60046 -0.0186449 1 
-0.999591 0.00119181 0.0282458 0 2.08101e-05 0.999132 -0.041421 0 -0.0282712 -0.0414043 -0.998742 0 -0.206247 -0.600373 -0.0185651 1 
-0.999592 0.00118246 0.0282011 0 1.68813e-05 0.999137 -0.0412951 0 -0.0282262 -0.0412786 -0.998749 0 -0.206197 -0.600241 -0.0184489 1 
-0.999594 0.00115876 0.028128 0 1.58243e-06 0.999145 -0.0411045 0 -0.0281521 -0.0410886 -0.998759 0 -0.206125 -0.600072 -0.0183007 1 
-0.999595 0.00115483 0.0280856 0 2.26095e-06 0.999149 -0.0410029 0 -0.0281096 -0.040987 -0.998764 0 -0.206067 -0.599922 -0.0180917 1 
-0.999596 0.00110168 0.0280728 0 -5.3715e-05 0.999144 -0.0411227 0 -0.0280946 -0.0411084 -0.99876 0 -0.205984 -0.599847 -0.0177772 1 
-0.999592 0.000941248 0.028224 0 -0.000233577 0.999125 -0.0415925 0 -0.028239 -0.0415829 -0.998736 0 -0.205903 -0.599963 -0.0172906 1 
-0.999586 0.000881623 0.0284357 0 -0.000319536 0.999099 -0.0422086 0 -0.0284479 -0.042201 -0.998704 0 -0.205905 -0.600126 -0.0166228 1 
-0.999584 0.00087649 0.0284832 0 -0.000332514 0.99909 -0.0424134 0 -0.028495 -0.042406 -0.998694 0 -0.20589 -0.60016 -0.0158492 1 
-0.999587 0.000912591 0.0283725 0 -0.000283198 0.999103 -0.042113 0 -0.0283861 -0.0421045 -0.99871 0 -0.205865 -0.600068 -0.0149354 1 
-0.999591 0.00101416 0.0282453 0 -0.000166112 0.999118 -0.0417524 0 -0.0282633 -0.0417408 -0.998729 0 -0.205876 -0.599945 -0.0138446 1 
-0.999591 0.00111378 0.028241 0 -6.86514e-05 0.999115 -0.0418333 0 -0.0282631 -0.041819 -0.998725 0 -0.205894 -0.599902 -0.0125507 1 
-0.999586 0.00111332 0.0283992 0 -9.2626e-05 0.99909 -0.0424272 0 -0.0284211 -0.0424131 -0.998696 0 -0.205887 -0.600004 -0.0110261 1 
-0.999584 0.00108459 0.0284814 0 -0.000134774 0.999075 -0.0427754 0 -0.028502 -0.0427622 -0.998679 0 -0.205843 -0.600059 -0.00964393 1 
-0.999586 0.00109557 0.0284243 0 -0.000119349 0.999078 -0.0427049 0 -0.0284454 -0.0426914 -0.998683 0 -0.205792 -0.600011 -0.00843845 1 
-0.999587 0.00111474 0.028389 0 -9.68761e-05 0.999081 -0.0426415 0 -0.028411 -0.0426274 -0.998687 0 -0.205769 -0.599985 -0.00728803 1 
-0.99959 0.00113191 0.0282874 0 -6.89388e-05 0.99909 -0.0424144 0 -0.0283102 -0.0423998 -0.9987 0 -0.205726 -0.599924 -0.00616575 1 
-0.999592 0.00114952 0.0281898 0 -4.10883e-05 0.9991 -0.0421982 0 -0.0282135 -0.042183 -0.998711 0 -0.205666 -0.599879 -0.00506414 1 
-0.999595 0.00117506 0.0281029 0 -6.44801e-06 0.999108 -0.0420049 0 -0.0281277 -0.0419888 -0.998722 0 -0.205607 -0.599891 -0.00396547 1 
-0.999598 0.00125307 0.0279734 0 8.59004e-05 0.999121 -0.041686 0 -0.0280016 -0.0416676 -0.998739 0 -0.205556 -0.599925 -0.00285912 1 
-0.999602 0.00133181 0.0278493 0 0.000178996 0.999135 -0.041356 0 -0.0278808 -0.0413353 -0.998756 0 -0.205529 -0.599959 -0.00189037 1 
-0.999605 0.00138499 0.0277088 0 0.000248755 0.999151 -0.0409676 0 -0.0277425 -0.0409453 -0.998776 0 -0.205514 -0.599968 -0.0010119 1 
-0.999608 0.00149923 0.0275982 0 0.000375623 0.999163 -0.040673 0 -0.0276366 -0.0406475 -0.998791 0 -0.205517 -0.600009 -0.000318864 1 
-0.999616 0.00155073 0.0273191 0 0.000459456 0.999194 -0.0399062 0 -0.0273594 -0.0398791 -0.99883 0 -0.20544 -0.599923 -3.94288e-05 1 
-0.999619 0.00164732 0.0272001 0 0.000571571 0.999209 -0.0395096 0 -0.0272442 -0.0394798 -0.998849 0 -0.20538 -0.599865 -0.000194256 1 
-0.999619 0.00175227 0.0271987 0 0.000677405 0.999211 -0.0394776 0 -0.0272469 -0.0394449 -0.99885 0 -0.205381 -0.599885 -0.00029692 1 
-0.999618 0.00181506 0.0272364 0 0.00073466 0.999205 -0.0396249 0 -0.0272872 -0.0395905 -0.998843 0 -0.205395 -0.599957 -0.00021691 1 
-0.999618 0.00184329 0.0272388 0 0.000762554 0.999204 -0.0396331 0 -0.0272907 -0.0395979 -0.998843 0 -0.205387 -0.599961 -0.000212681 1 
-0.999618 0.00190933 0.0272383 0 0.000828447 0.999204 -0.0396384 0 -0.0272928 -0.0396014 -0.998843 0 -0.205388 -0.599962 -0.000202167 1 
-0.999617 0.00199379 0.0272416 0 0.000911973 0.999203 -0.0396663 0 -0.0272995 -0.039627 -0.998842 0 -0.205379 -0.599975 -0.000186558 1 
-0.999617 0.00206229 0.0272567 0 0.000978577 0.999201 -0.0397128 0 -0.0273173 -0.0396717 -0.998839 0 -0.20538 -0.599994 -0.000153093 1 
-0.999616 0.00206707 0.0272785 0 0.000980857 0.999199 -0.0397725 0 -0.0273394 -0.0397312 -0.998836 0 -0.205383 -0.600017 -9.99919e-05 1 
-0.999616 0.00206273 0.027295 0 0.000974696 0.999197 -0.0398149 0 -0.0273558 -0.0397738 -0.998834 0 -0.205385 -0.600038 -5.44092e-05 1 
-0.999616 0.00205927 0.0272812 0 0.000973124 0.999199 -0.0397662 0 -0.0273418 -0.0397251 -0.998836 0 -0.205383 -0.600037 -3.11911e-05 1 
-0.999616 0.00207859 0.0272733 0 0.000993738 0.9992 -0.0397301 0 -0.0273346 -0.0396885 -0.998838 0 -0.205395 -0.600041 1.33064e-06 1 
-0.999617 0.0020832 0.027251 0 0.0010014 0.999203 -0.0396511 0 -0.0273124 -0.0396094 -0.998842 0 -0.205402 -0.600032 2.54651e-05 1 
-0.999617 0.00208862 0.0272336 0 0.00100919 0.999206 -0.0395894 0 -0.0272952 -0.0395475 -0.998845 0 -0.205408 -0.600035 5.79469e-05 1 
-0.999618 0.00209144 0.0271964 0 0.00101675 0.999211 -0.0394697 0 -0.027258 -0.0394278 -0.998851 0 -0.205411 -0.60003 8.75455e-05 1 
-0.999619 0.00208847 0.0271544 0 0.00101935 0.999216 -0.0393258 0 -0.0272158 -0.0392839 -0.998857 0 -0.205413 -0.600028 0.000115208 1 
-0.99962 0.00209721 0.0271172 0 0.00103295 0.999221 -0.0392009 0 -0.0271788 -0.0391588 -0.998863 0 -0.205418 -0.600026 0.000140198 1 
-0.999622 0.00210547 0.0270753 0 0.0010468 0.999227 -0.0390553 0 -0.0271371 -0.039013 -0.99887 0 -0.205423 -0.600018 0.000157555 1 
-0.999623 0.00210369 0.0270394 0 0.00104918 0.999231 -0.0389539 0 -0.0271011 -0.0389116 -0.998875 0 -0.205421 -0.600005 0.000164438 1 
-0.999623 0.00210227 0.0270152 0 0.00105091 0.999234 -0.0388722 0 -0.0270767 -0.0388299 -0.998879 0 -0.205423 -0.600003 0.00017869 1 
-0.999624 0.00210717 0.0269839 0 0.00105994 0.999238 -0.0387647 0 -0.0270455 -0.0387223 -0.998884 0 -0.205423 -0.599997 0.000181446 1 
-0.999625 0.00211012 0.0269606 0 0.00106571 0.999241 -0.038694 0 -0.0270223 -0.0386515 -0.998887 0 -0.205423 -0.599994 0.00018795 1 
-0.999625 0.00212006 0.026959 0 0.0010762 0.999242 -0.0386757 0 -0.0270211 -0.0386329 -0.998888 0 -0.20543 -0.599994 0.00019355 1 
-0.999625 0.00211434 0.0269537 0 0.00107094 0.999242 -0.038666 0 -0.0270156 -0.0386234 -0.998889 0 -0.205432 -0.600004 0.000203837 1 
-0.999625 0.00212369 0.0269396 0 0.00108235 0.999244 -0.0386102 0 -0.0270017 -0.0385673 -0.998891 0 -0.205438 -0.599998 0.000205575 1 
-0.999626 0.00212012 0.0269189 0 0.00108115 0.999246 -0.0385521 0 -0.0269809 -0.0385093 -0.998894 0 -0.205432 -0.599991 0.000203102 1 
-0.999626 0.00212476 0.0269151 0 0.00108644 0.999247 -0.0385331 0 -0.0269772 -0.0384902 -0.998895 0 -0.20544 -0.599993 0.000212381 1 
-0.999626 0.0021205 0.0269122 0 0.00108295 0.999248 -0.0385089 0 -0.0269741 -0.038466 -0.998896 0 -0.205439 -0.599991 0.000211968 1 
-0.999626 0.00212721 0.0269092 0 0.00109008 0.999248 -0.0384978 0 -0.0269714 -0.0384548 -0.998896 0 -0.205444 -0.599993 0.000215804 1 
-0.999626 0.00214567 0.0269044 0 0.0011091 0.999249 -0.0384834 0 -0.0269673 -0.0384399 -0.998897 0 -0.205457 -0.599996 0.000222991 1 
-0.999626 0.00214175 0.0268917 0 0.00110669 0.99925 -0.0384457 0 -0.0269544 -0.0384024 -0.998899 0 -0.205458 -0.599996 0.000225271 1 
-0.999627 0.00213001 0.0268657 0 0.0010978 0.999253 -0.0383771 0 -0.0269279 -0.038334 -0.998902 0 -0.205449 -0.599999 0.000232696 1 
-0.999628 0.00212294 0.0268477 0 0.00109311 0.999256 -0.0383144 0 -0.0269096 -0.0382715 -0.998905 0 -0.205449 -0.599994 0.000231219 1 
-0.999628 0.00213149 0.0268383 0 0.00110302 0.999257 -0.0382773 0 -0.0269004 -0.0382342 -0.998907 0 -0.205449 -0.599989 0.000230153 1 
-0.999628 0.00213056 0.0268354 0 0.00110207 0.999257 -0.038282 0 -0.0268975 -0.0382389 -0.998907 0 -0.205445 -0.599994 0.000234964 1 
-0.999628 0.00212155 0.0268357 0 0.00109316 0.999257 -0.0382781 0 -0.0268975 -0.0382353 -0.998907 0 -0.205444 -0.599999 0.000235766 1 
-0.999628 0.00211628 0.0268291 0 0.00108824 0.999257 -0.0382744 0 -0.0268907 -0.0382317 -0.998907 0 -0.205438 -0.6 0.000233823 1 
-0.999628 0.0020943 0.0268228 0 0.00106697 0.999258 -0.0382574 0 -0.0268835 -0.0382153 -0.998908 0 -0.205424 -0.599998 0.000224915 1 
-0.999628 0.00209849 0.0268244 0 0.00107113 0.999258 -0.0382563 0 -0.0268853 -0.0382141 -0.998908 0 -0.205427 -0.599998 0.000224036 1 
-0.999628 0.00211102 0.0268192 0 0.0010843 0.999258 -0.0382396 0 -0.0268806 -0.038197 -0.998909 0 -0.205432 -0.599989 0.00021477 1 
-0.999629 0.002099 0.0268151 0 0.00107258 0.999259 -0.0382344 0 -0.026876 -0.0381922 -0.998909 0 -0.205422 -0.59999 0.000210618 1 
-0.999629 0.00210621 0.0268091 0 0.00108053 0.999259 -0.0382156 0 -0.0268702 -0.0381732 -0.99891 0 -0.205425 -0.599981 0.000196405 1 
-0.999629 0.00211895 0.0268067 0 0.00109358 0.99926 -0.038207 0 -0.0268683 -0.0381642 -0.99891 0 -0.205428 -0.599976 0.000190662 1 
-0.999629 0.00211142 0.0267982 0 0.00108657 0.99926 -0.0381999 0 -0.0268595 -0.0381573 -0.998911 0 -0.205416 -0.599977 0.000180425 1 
-0.999629 0.00212496 0.0267823 0 0.00110131 0.999261 -0.0381777 0 -0.0268442 -0.0381348 -0.998912 0 -0.2054 -0.599972 0.000162346 1 
-0.99963 0.00216178 0.0267718 0 0.00113956 0.999262 -0.0381386 0 -0.026835 -0.0380947 -0.998914 0 -0.205401 -0.599956 0.000134918 1 
-0.99963 0.00218192 0.0267594 0 0.0011609 0.999263 -0.0381117 0 -0.0268234 -0.0380673 -0.998915 0 -0.2054 -0.599944 0.000107099 1 
-0.99963 0.00219853 0.0267607 0 0.0011776 0.999263 -0.038106 0 -0.0268253 -0.0380611 -0.998915 0 -0.205412 -0.59994 9.43937e-05 1 
-0.99963 0.0021884 0.026758 0 0.0011674 0.999263 -0.0381124 0 -0.0268222 -0.0380678 -0.998915 0 -0.205405 -0.599945 9.34738e-05 1 
-0.99963 0.00219148 0.0267557 0 0.00117054 0.999263 -0.0381135 0 -0.02682 -0.0380688 -0.998915 0 -0.205402 -0.599943 8.7665e-05 1 
-0.99963 0.00220441 0.0267554 0 0.00118354 0.999263 -0.0381112 0 -0.0268203 -0.0380662 -0.998915 0 -0.20541 -0.59994 8.71827e-05 1 
-0.99963 0.00220464 0.0267507 0 0.00118409 0.999263 -0.0381064 0 -0.0268155 -0.0380614 -0.998916 0 -0.205407 -0.599936 8.41042e-05 1 
-0.99963 0.00220037 0.0267473 0 0.00118006 0.999264 -0.0381023 0 -0.0268119 -0.0380574 -0.998916 0 -0.2054 -0.599937 7.72519e-05 1 
-0.99963 0.00219424 0.0267476 0 0.00117384 0.999263 -0.0381048 0 -0.026812 -0.03806 -0.998916 0 -0.205397 -0.599939 7.74616e-05 1 
-0.99963 0.00219206 0.0267443 0 0.00117201 0.999264 -0.0380967 0 -0.0268087 -0.038052 -0.998916 0 -0.205396 -0.599935 7.33104e-05 1 
-0.99963 0.00219195 0.0267451 0 0.00117185 0.999264 -0.0380972 0 -0.0268094 -0.0380525 -0.998916 0 -0.205398 -0.599934 7.20972e-05 1 
-0.99963 0.00219039 0.026746 0 0.00117026 0.999264 -0.0380973 0 -0.0268103 -0.0380526 -0.998916 0 -0.205399 -0.599935 7.25711e-05 1 
-0.99963 0.00219964 0.0267451 0 0.00117958 0.999264 -0.0380959 0 -0.0268098 -0.038051 -0.998916 0 -0.2054 -0.599934 7.28e-05 1 
-0.99963 0.00217377 0.0267532 0 0.00115332 0.999264 -0.0380991 0 -0.0268169 -0.0380549 -0.998916 0 -0.205397 -0.599937 7.523e-05 1 
-0.99963 0.0021737 0.0267528 0 0.00115331 0.999264 -0.0380977 0 -0.0268164 -0.0380535 -0.998916 0 -0.205396 -0.599936 7.25161e-05 1 
-0.99963 0.00218499 0.026755 0 0.0011647 0.999264 -0.0380903 0 -0.026819 -0.0380458 -0.998916 0 -0.2054 -0.599932 7.02884e-05 1 
-0.99963 0.00217722 0.0267566 0 0.00115667 0.999264 -0.0380984 0 -0.0268203 -0.0380541 -0.998916 0 -0.205398 -0.599936 7.25731e-05 1 
-0.99963 0.00217602 0.0267565 0 0.0011555 0.999264 -0.0380971 0 -0.0268203 -0.0380528 -0.998916 0 -0.205397 -0.599936 7.24439e-05 1 
-0.99963 0.00217332 0.0267553 0 0.00115293 0.999264 -0.0380941 0 -0.0268189 -0.0380499 -0.998916 0 -0.205396 -0.599935 7.10744e-05 1 
-0.99963 0.00217422 0.0267578 0 0.00115365 0.999264 -0.0380971 0 -0.0268214 -0.0380529 -0.998916 0 -0.205398 -0.599936 7.26122e-05 1 
-0.99963 0.00217063 0.0267553 0 0.00115025 0.999264 -0.0380936 0 -0.0268188 -0.0380494 -0.998916 0 -0.205397 -0.599934 7.0778e-05 1 
-0.99963 0.00217248 0.026757 0 0.00115207 0.999264 -0.0380923 0 -0.0268206 -0.0380481 -0.998916 0 -0.205397 -0.599934 7.02535e-05 1 
-0.99963 0.00217374 0.0267549 0 0.00115338 0.999264 -0.0380938 0 -0.0268185 -0.0380496 -0.998916 0 -0.205396 -0.599935 7.03069e-05 1 
-0.99963 0.00217775 0.0267603 0 0.00115713 0.999264 -0.0380953 0 -0.0268241 -0.038051 -0.998916 0 -0.205401 -0.599934 7.00988e-05 1 
-0.99963 0.00217731 0.0267558 0 0.00115693 0.999264 -0.0380925 0 -0.0268196 -0.0380482 -0.998916 0 -0.205396 -0.599935 6.91706e-05 1 
-0.99963 0.00217696 0.0267567 0 0.00115646 0.999264 -0.0380958 0 -0.0268205 -0.0380515 -0.998916 0 -0.205398 -0.599935 7.14618e-05 1 
-0.99963 0.00216928 0.0267561 0 0.001149 0.999264 -0.0380889 0 -0.0268196 -0.0380448 -0.998916 0 -0.205396 -0.599932 6.80028e-05 1 
-0.99963 0.0021676 0.0267548 0 0.00114731 0.999264 -0.038091 0 -0.0268182 -0.038047 -0.998916 0 -0.205396 -0.599934 6.85001e-05 1 
-0.99963 0.00217032 0.0267574 0 0.00114986 0.999264 -0.0380938 0 -0.0268209 -0.0380497 -0.998916 0 -0.205397 -0.599934 7.08565e-05 1 
-0.99963 0.00217036 0.0267584 0 0.00114988 0.999264 -0.038093 0 -0.0268219 -0.0380488 -0.998916 0 -0.205397 -0.599934 7.08246e-05 1 
-0.99963 0.00216916 0.0267574 0 0.00114879 0.999264 -0.0380902 0 -0.0268209 -0.0380461 -0.998916 0 -0.205397 -0.599934 6.90278e-05 1 
-0.99963 0.00216708 0.0267591 0 0.00114652 0.999264 -0.038095 0 -0.0268225 -0.038051 -0.998916 0 -0.205397 -0.599935 7.05724e-05 1 
-0.99963 0.00216741 0.0267571 0 0.00114695 0.999264 -0.0380941 0 -0.0268205 -0.0380501 -0.998916 0 -0.205395 -0.599936 6.9867e-05 1 
-0.99963 0.00216852 0.0267581 0 0.00114798 0.999264 -0.0380957 0 -0.0268215 -0.0380516 -0.998916 0 -0.205394 -0.599936 7.14324e-05 1 
-0.99963 0.00216755 0.026759 0 0.00114704 0.999264 -0.0380934 0 -0.0268224 -0.0380493 -0.998916 0 -0.205398 -0.599934 7.0384e-05 1 
-0.99963 0.00217141 0.0267583 0 0.00115085 0.999264 -0.038096 0 -0.0268218 -0.0380518 -0.998916 0 -0.205397 -0.599935 7.06166e-05 1 
-0.99963 0.00217365 0.0267581 0 0.0011532 0.999264 -0.0380922 0 -0.0268218 -0.038048 -0.998916 0 -0.205398 -0.599933 6.9847e-05 1 
-0.99963 0.00216738 0.0267575 0 0.00114684 0.999264 -0.0380963 0 -0.0268209 -0.0380523 -0.998916 0 -0.205394 -0.599936 6.98234e-05 1 
-0.99963 0.00216483 0.0267582 0 0.00114433 0.999264 -0.0380939 0 -0.0268215 -0.0380499 -0.998916 0 -0.205396 -0.599936 7.09318e-05 1 
-0.99963 0.00216068 0.0267578 0 0.00114011 0.999264 -0.0380975 0 -0.0268209 -0.0380536 -0.998916 0 -0.205393 -0.599937 7.12413e-05 1 
-0.99963 0.00216633 0.0267555 0 0.00114599 0.999264 -0.038092 0 -0.0268188 -0.038048 -0.998916 0 -0.205393 -0.599934 6.78574e-05 1 
-0.99963 0.00217023 0.0267552 0 0.00115003 0.999264 -0.038087 0 -0.0268187 -0.0380429 -0.998916 0 -0.205397 -0.599932 6.73283e-05 1 
-0.99963 0.00217033 0.0267563 0 0.00115 0.999264 -0.0380905 0 -0.0268197 -0.0380464 -0.998916 0 -0.205397 -0.599933 6.96233e-05 1 
-0.99963 0.00217069 0.0267579 0 0.00115019 0.999264 -0.0380946 0 -0.0268214 -0.0380504 -0.998916 0 -0.205398 -0.599935 7.09813e-05 1 
