-0.997095 -0.0282818 0.0705934 0 -0.0309384 0.998833 -0.036827 0 -0.0694708 -0.0389048 -0.996825 0 -0.202989 -0.320138 0.522648 1 
-0.997094 -0.0282921 0.0705917 0 -0.0309484 0.998833 -0.0368231 0 -0.0694688 -0.0389016 -0.996825 0 -0.202986 -0.32014 0.522646 1 
-0.997094 -0.0282923 0.0705958 0 -0.0309487 0.998833 -0.0368222 0 -0.069473 -0.0389008 -0.996825 0 -0.202985 -0.320141 0.522647 1 
-0.997094 -0.0282858 0.0705976 0 -0.030943 0.998833 -0.0368329 0 -0.0694747 -0.0389111 -0.996825 0 -0.202987 -0.32014 0.52265 1 
-0.997095 -0.0282805 0.0705914 0 -0.030937 0.998833 -0.0368263 0 -0.0694689 -0.038904 -0.996825 0 -0.202989 -0.320138 0.522648 1 
-0.997094 -0.0282834 0.0705938 0 -0.03094 0.998833 -0.0368264 0 -0.0694712 -0.0389043 -0.996825 0 -0.202988 -0.32014 0.522647 1 
-0.997094 -0.028291 0.0705983 0 -0.0309481 0.998833 -0.0368314 0 -0.0694752 -0.03891 -0.996825 0 -0.202985 -0.32014 0.52265 1 
-0.997094 -0.0282918 0.0705978 0 -0.0309485 0.998833 -0.0368249 0 -0.0694748 -0.0389036 -0.996825 0 -0.202984 -0.320141 0.522648 1 
-0.997094 -0.0282887 0.0705941 0 -0.0309452 0.998833 -0.0368253 0 -0.0694713 -0.0389036 -0.996825 0 -0.202988 -0.320139 0.522647 1 
-0.997094 -0.0282855 0.0705962 0 -0.0309423 0.998833 -0.0368277 0 -0.0694734 -0.0389058 -0.996825 0 -0.202987 -0.32014 0.522648 1 
-0.997095 -0.0282773 0.0705944 0 -0.0309341 0.998833 -0.0368292 0 -0.0694719 -0.0389067 -0.996825 0 -0.202989 -0.320138 0.522649 1 
-0.997094 -0.0282844 0.0705951 0 -0.0309412 0.998833 -0.0368295 0 -0.0694724 -0.0389076 -0.996825 0 -0.202988 -0.32014 0.522649 1 
-0.997094 -0.0282935 0.0705954 0 -0.0309501 0.998833 -0.0368251 0 -0.0694724 -0.0389037 -0.996825 0 -0.202986 -0.320141 0.522648 1 
-0.997094 -0.0282906 0.070598 0 -0.0309474 0.998833 -0.0368265 0 -0.0694751 -0.0389051 -0.996825 0 -0.202986 -0.320141 0.522648 1 
-0.997094 -0.0282825 0.0705938 0 -0.0309391 0.998833 -0.0368273 0 -0.0694712 -0.0389052 -0.996825 0 -0.202988 -0.32014 0.522648 1 
-0.997094 -0.0282901 0.0705984 0 -0.0309471 0.998833 -0.03683 0 -0.0694754 -0.0389086 -0.996825 0 -0.202985 -0.320142 0.52265 1 
-0.997094 -0.0282885 0.0705963 0 -0.0309451 0.998833 -0.0368252 0 -0.0694735 -0.0389035 -0.996825 0 -0.202986 -0.320141 0.522648 1 
-0.997094 -0.0282838 0.0705968 0 -0.0309407 0.998833 -0.0368285 0 -0.0694741 -0.0389066 -0.996825 0 -0.202987 -0.320139 0.522649 1 
-0.997094 -0.0282835 0.0705958 0 -0.0309404 0.998833 -0.0368293 0 -0.0694731 -0.0389073 -0.996825 0 -0.202988 -0.320139 0.522649 1 
-0.997094 -0.0282837 0.070597 0 -0.0309407 0.998833 -0.0368303 0 -0.0694743 -0.0389084 -0.996825 0 -0.202988 -0.32014 0.52265 1 
-0.997094 -0.0282952 0.0705972 0 -0.030952 0.998833 -0.036826 0 -0.0694741 -0.0389049 -0.996825 0 -0.202985 -0.320141 0.522648 1 
-0.997094 -0.0282892 0.0705956 0 -0.0309456 0.998833 -0.0368234 0 -0.0694729 -0.0389018 -0.996825 0 -0.202985 -0.320141 0.522647 1 
-0.997094 -0.0282864 0.070598 0 -0.0309434 0.998833 -0.0368308 0 -0.0694751 -0.0389091 -0.996825 0 -0.202987 -0.32014 0.52265 1 
-0.997094 -0.0282932 0.0705952 0 -0.03095 0.998833 -0.0368273 0 -0.0694721 -0.038906 -0.996825 0 -0.202986 -0.320141 0.522648 1 
-0.997094 -0.0282932 0.0705996 0 -0.0309503 0.998833 -0.0368296 0 -0.0694765 -0.0389084 -0.996825 0 -0.202986 -0.32014 0.52265 1 
-0.997094 -0.0282865 0.0705963 0 -0.0309432 0.998833 -0.0368271 0 -0.0694736 -0.0389053 -0.996825 0 -0.202987 -0.320141 0.522648 1 
-0.997095 -0.0282795 0.0705944 0 -0.0309361 0.998833 -0.0368259 0 -0.0694719 -0.0389036 -0.996825 0 -0.202988 -0.320139 0.522648 1 
-0.997094 -0.0282863 0.0705962 0 -0.0309431 0.998833 -0.0368267 0 -0.0694734 -0.0389049 -0.996825 0 -0.202986 -0.320141 0.522648 1 
-0.997094 -0.0282815 0.0705944 0 -0.030938 0.998833 -0.0368246 0 -0.0694719 -0.0389024 -0.996825 0 -0.202987 -0.32014 0.522646 1 
-0.997094 -0.0282969 0.0705971 0 -0.0309533 0.998833 -0.0368222 0 -0.069474 -0.0389012 -0.996825 0 -0.202984 -0.320142 0.522647 1 
-0.997094 -0.0282872 0.0705943 0 -0.0309437 0.998833 -0.0368236 0 -0.0694716 -0.0389018 -0.996825 0 -0.202985 -0.32014 0.522646 1 
-0.997094 -0.028282 0.0705959 0 -0.0309391 0.998833 -0.0368331 0 -0.0694731 -0.038911 -0.996825 0 -0.202987 -0.320139 0.52265 1 
-0.997094 -0.028286 0.0705953 0 -0.0309427 0.998833 -0.0368274 0 -0.0694726 -0.0389055 -0.996825 0 -0.202987 -0.32014 0.522648 1 
-0.997094 -0.0282859 0.0705978 0 -0.0309429 0.998833 -0.0368292 0 -0.069475 -0.0389074 -0.996825 0 -0.202987 -0.320141 0.52265 1 
-0.997094 -0.0282904 0.0705967 0 -0.0309472 0.998833 -0.0368269 0 -0.0694738 -0.0389054 -0.996825 0 -0.202986 -0.32014 0.522648 1 
-0.997095 -0.0282711 0.0705972 0 -0.0309286 0.998833 -0.0368377 0 -0.0694747 -0.0389149 -0.996824 0 -0.202993 -0.320137 0.522652 1 
-0.997094 -0.0282935 0.0705986 0 -0.0309506 0.998832 -0.0368314 0 -0.0694755 -0.0389102 -0.996825 0 -0.202985 -0.320142 0.52265 1 
-0.997093 -0.0283135 0.0706082 0 -0.0309707 0.998832 -0.0368258 0 -0.0694844 -0.0389063 -0.996824 0 -0.202975 -0.320147 0.522651 1 
-0.997092 -0.0283079 0.0706116 0 -0.0309661 0.998832 -0.0368386 0 -0.0694877 -0.0389188 -0.996823 0 -0.202979 -0.320145 0.522656 1 
-0.997095 -0.028266 0.0705997 0 -0.0309235 0.998833 -0.036837 0 -0.0694774 -0.038914 -0.996824 0 -0.202994 -0.320136 0.522652 1 
-0.997095 -0.0282566 0.070597 0 -0.0309143 0.998833 -0.0368422 0 -0.069475 -0.0389184 -0.996824 0 -0.202999 -0.320134 0.522653 1 
-0.997092 -0.0283091 0.0706118 0 -0.0309671 0.998832 -0.0368351 0 -0.0694879 -0.0389154 -0.996823 0 -0.20298 -0.320148 0.522654 1 
-0.997091 -0.0283463 0.0706116 0 -0.0310024 0.998832 -0.0368068 0 -0.0694871 -0.0388897 -0.996825 0 -0.202968 -0.320159 0.522644 1 
-0.997091 -0.0283259 0.0706296 0 -0.0309857 0.998831 -0.0368514 0 -0.0695045 -0.0389334 -0.996822 0 -0.202976 -0.320153 0.522663 1 
-0.997091 -0.0283536 0.070616 0 -0.0310111 0.998831 -0.0368253 0 -0.0694906 -0.0389088 -0.996824 0 -0.202964 -0.320165 0.522649 1 
-0.99709 -0.028506 0.0705686 0 -0.0311518 0.998832 -0.0366795 0 -0.0694419 -0.0387718 -0.996832 0 -0.202916 -0.320209 0.522587 1 
-0.99708 -0.0287675 0.0706083 0 -0.0314127 0.998825 -0.0366426 0 -0.0694726 -0.0387543 -0.996831 0 -0.202827 -0.320284 0.522583 1 
-0.99707 -0.0290284 0.0706406 0 -0.0316709 0.998819 -0.0365798 0 -0.0694967 -0.0387106 -0.996831 0 -0.202732 -0.320341 0.522568 1 
-0.997069 -0.0290389 0.0706504 0 -0.0316811 0.998819 -0.0365685 0 -0.0695064 -0.0387003 -0.996831 0 -0.202732 -0.320355 0.52256 1 
-0.996971 -0.0293308 0.0719019 0 -0.0321668 0.998727 -0.0386069 0 -0.0706793 -0.0408036 -0.996664 0 -0.202904 -0.32091 0.522874 1 
-0.996854 -0.0301986 0.0731518 0 -0.0332294 0.998614 -0.0405748 0 -0.0718265 -0.0428788 -0.996495 0 -0.202961 -0.321717 0.523298 1 
-0.996766 -0.031735 0.0736946 0 -0.0348463 0.998528 -0.0413229 0 -0.0722761 -0.0437581 -0.996424 0 -0.202753 -0.322598 0.523603 1 
-0.996696 -0.0334139 0.073904 0 -0.0365695 0.998448 -0.0417655 0 -0.0723952 -0.044331 -0.99639 0 -0.20233 -0.323724 0.523845 1 
-0.99669 -0.0338548 0.073782 0 -0.0370224 0.998422 -0.0419951 0 -0.0722452 -0.0445885 -0.99639 0 -0.201665 -0.32514 0.524012 1 
-0.996708 -0.0339155 0.0735062 0 -0.0370768 0.998417 -0.0420778 0 -0.0719641 -0.0446656 -0.996407 0 -0.200818 -0.326776 0.524061 1 
-0.996695 -0.0345531 0.073392 0 -0.0377382 0.998375 -0.0424636 0 -0.0718069 -0.0450938 -0.996399 0 -0.199827 -0.328821 0.524074 1 
-0.99669 -0.0352137 0.0731381 0 -0.0384142 0.998334 -0.0428244 0 -0.0715096 -0.0454931 -0.996402 0 -0.198692 -0.331263 0.523858 1 
-0.996708 -0.0355758 0.0727165 0 -0.0387584 0.99832 -0.0428346 0 -0.0710719 -0.0455129 -0.996432 0 -0.197499 -0.334033 0.52324 1 
-0.996734 -0.0354811 0.0724083 0 -0.038677 0.998307 -0.0432236 0 -0.0707534 -0.0458839 -0.996438 0 -0.196116 -0.337379 0.522457 1 
-0.996723 -0.0356 0.0724988 0 -0.0388856 0.998246 -0.0444224 0 -0.0707916 -0.047097 -0.996379 0 -0.194601 -0.341329 0.521698 1 
-0.996717 -0.0356259 0.0725757 0 -0.038998 0.998189 -0.0455871 0 -0.0708215 -0.0482686 -0.99632 0 -0.193129 -0.345227 0.520896 1 
-0.996717 -0.0356293 0.0725773 0 -0.0390807 0.998134 -0.0467015 0 -0.0707793 -0.0493855 -0.996269 0 -0.191603 -0.349897 0.519552 1 
-0.996709 -0.0356723 0.0726578 0 -0.0392273 0.998062 -0.0481034 0 -0.0708024 -0.0507963 -0.996196 0 -0.189971 -0.354843 0.51812 1 
-0.996736 -0.0354048 0.0724227 0 -0.0390106 0.998027 -0.0489944 0 -0.0705466 -0.0516608 -0.99617 0 -0.188172 -0.359792 0.516678 1 
-0.99674 -0.0359706 0.0720783 0 -0.0395898 0.997983 -0.0494282 0 -0.0701563 -0.0521216 -0.996173 0 -0.186441 -0.365086 0.514891 1 
-0.99673 -0.035915 0.0722465 0 -0.0396391 0.997913 -0.0507903 0 -0.0702729 -0.053489 -0.996093 0 -0.184699 -0.370438 0.513544 1 
-0.996727 -0.0366381 0.0719293 0 -0.0403687 0.997867 -0.051115 0 -0.0699045 -0.0538525 -0.996099 0 -0.183031 -0.376003 0.511939 1 
-0.9967 -0.036595 0.0723224 0 -0.0404735 0.997769 -0.0529112 0 -0.0702261 -0.0556648 -0.995977 0 -0.181338 -0.382183 0.510496 1 
-0.996729 -0.0365338 0.0719558 0 -0.0404009 0.997765 -0.0530406 0 -0.0698585 -0.0557752 -0.995996 0 -0.17968 -0.388033 0.508881 1 
-0.996732 -0.036135 0.0721108 0 -0.0400883 0.997718 -0.0541493 0 -0.069991 -0.0568643 -0.995926 0 -0.178112 -0.394089 0.50759 1 
-0.996728 -0.0367774 0.0718446 0 -0.0407174 0.997692 -0.054167 0 -0.069688 -0.0569162 -0.995944 0 -0.176312 -0.400863 0.505943 1 
-0.996753 -0.0362426 0.0717732 0 -0.0402368 0.997665 -0.0550092 0 -0.0696133 -0.0577196 -0.995903 0 -0.174649 -0.40725 0.50483 1 
-0.99677 -0.036395 0.0714605 0 -0.0403753 0.997656 -0.0550682 0 -0.0692901 -0.0577766 -0.995922 0 -0.173105 -0.413704 0.503457 1 
-0.996771 -0.0363363 0.0714702 0 -0.0403712 0.997613 -0.0558449 0 -0.0692718 -0.058551 -0.995878 0 -0.17149 -0.420124 0.502385 1 
-0.996771 -0.0361447 0.0715609 0 -0.0402773 0.997542 -0.0571739 0 -0.0693197 -0.0598727 -0.995796 0 -0.169928 -0.42703 0.501322 1 
-0.996802 -0.0363348 0.0710326 0 -0.0403875 0.997577 -0.056475 0 -0.0688099 -0.0591644 -0.995874 0 -0.168292 -0.43381 0.49979 1 
-0.99682 -0.0362617 0.0708154 0 -0.0403249 0.99756 -0.0568164 0 -0.0685837 -0.0594925 -0.99587 0 -0.166577 -0.440271 0.498787 1 
-0.996853 -0.0360671 0.0704622 0 -0.0401115 0.997567 -0.0568518 0 -0.0682416 -0.0595003 -0.995893 0 -0.164896 -0.447174 0.497452 1 
-0.996891 -0.0359445 0.0699827 0 -0.0399106 0.997616 -0.0561236 0 -0.0677998 -0.0587433 -0.995968 0 -0.163248 -0.454031 0.495917 1 
-0.996888 -0.0364493 0.0697588 0 -0.0404054 0.997594 -0.0561645 0 -0.0675451 -0.0588095 -0.995981 0 -0.161364 -0.461203 0.494523 1 
-0.996917 -0.03618 0.0694865 0 -0.0401328 0.997594 -0.056358 0 -0.0672816 -0.0589741 -0.99599 0 -0.159583 -0.468178 0.493166 1 
-0.996956 -0.0360972 0.0689696 0 -0.0399372 0.99767 -0.0551336 0 -0.0668201 -0.0577213 -0.996094 0 -0.158055 -0.474768 0.491304 1 
-0.996951 -0.0364933 0.0688237 0 -0.0403082 0.997669 -0.0548803 0 -0.0666618 -0.0574883 -0.996118 0 -0.156458 -0.481336 0.489793 1 
-0.996973 -0.0361378 0.068694 0 -0.0399671 0.997665 -0.055212 0 -0.0665396 -0.0577915 -0.996109 0 -0.154798 -0.488296 0.488091 1 
-0.996977 -0.0363399 0.0685394 0 -0.040152 0.997664 -0.0550877 0 -0.0663787 -0.0576742 -0.996126 0 -0.153386 -0.495364 0.485939 1 
-0.99697 -0.0365786 0.0685069 0 -0.0403919 0.997652 -0.055131 0 -0.0663307 -0.0577322 -0.996126 0 -0.152075 -0.502254 0.48378 1 
-0.996977 -0.0363754 0.0685121 0 -0.0401995 0.997651 -0.0552907 0 -0.0663413 -0.0578788 -0.996117 0 -0.150811 -0.508621 0.481868 1 
-0.996986 -0.0363561 0.0684002 0 -0.0401462 0.997676 -0.0548769 0 -0.0662474 -0.0574586 -0.996147 0 -0.149592 -0.515088 0.479488 1 
-0.997016 -0.0361671 0.0680564 0 -0.0398596 0.997751 -0.0537042 0 -0.0659624 -0.0562578 -0.996235 0 -0.148549 -0.521262 0.476928 1 
-0.997027 -0.0357026 0.0681415 0 -0.0394225 0.99775 -0.0540491 0 -0.0660598 -0.0565758 -0.99621 0 -0.147607 -0.527671 0.474748 1 
-0.997039 -0.0355834 0.06803 0 -0.039268 0.99778 -0.0536139 0 -0.0659725 -0.0561276 -0.996242 0 -0.14675 -0.534005 0.472081 1 
-0.997054 -0.0356346 0.0677842 0 -0.0392557 0.99782 -0.0528614 0 -0.065754 -0.0553677 -0.996299 0 -0.145964 -0.540006 0.469286 1 
-0.99707 -0.0355482 0.0675975 0 -0.0391219 0.997855 -0.0522993 0 -0.0655947 -0.0547917 -0.996341 0 -0.145166 -0.545901 0.466664 1 
-0.997067 -0.0357266 0.0675397 0 -0.0392824 0.997861 -0.0520726 0 -0.0655361 -0.0545741 -0.996357 0 -0.144532 -0.551619 0.464016 1 
-0.997101 -0.0353702 0.0672317 0 -0.0388279 0.997942 -0.0508387 0 -0.0652965 -0.0533028 -0.996441 0 -0.144059 -0.557101 0.460862 1 
-0.997091 -0.0351022 0.0675099 0 -0.0385958 0.997935 -0.0511605 0 -0.0655759 -0.0536183 -0.996406 0 -0.143828 -0.562683 0.458234 1 
-0.997075 -0.0349843 0.0678088 0 -0.0384939 0.997939 -0.0511599 0 -0.0658805 -0.0536215 -0.996386 0 -0.143823 -0.568024 0.455241 1 
-0.997028 -0.0353339 0.0683225 0 -0.0388469 0.997944 -0.0507916 0 -0.0663886 -0.0532958 -0.996369 0 -0.144165 -0.573541 0.452016 1 
-0.996972 -0.0354877 0.0690513 0 -0.03905 0.997928 -0.0509414 0 -0.0671018 -0.0534846 -0.996312 0 -0.144906 -0.578405 0.449339 1 
-0.996941 -0.0355236 0.0694849 0 -0.0390386 0.997981 -0.0499006 0 -0.0675732 -0.0524615 -0.996334 0 -0.145924 -0.582923 0.446278 1 
-0.996902 -0.0350673 0.0702605 0 -0.0385734 0.998035 -0.0491804 0 -0.0683991 -0.0517392 -0.996316 0 -0.147457 -0.587119 0.443769 1 
-0.996886 -0.0337765 0.0711253 0 -0.0372977 0.998104 -0.048775 0 -0.0693443 -0.0512769 -0.996274 0 -0.149522 -0.591224 0.441274 1 
-0.99687 -0.0322251 0.0720592 0 -0.0357391 0.998197 -0.0480203 0 -0.0703832 -0.0504463 -0.996244 0 -0.151801 -0.59472 0.439148 1 
-0.996855 -0.0304615 0.0730208 0 -0.0340331 0.998249 -0.0481763 0 -0.0714269 -0.0505109 -0.996166 0 -0.15478 -0.5983 0.437154 1 
-0.996851 -0.0291431 0.0736235 0 -0.0326964 0.998325 -0.0475264 0 -0.0721165 -0.0497849 -0.996153 0 -0.157709 -0.60127 0.435379 1 
-0.996851 -0.0277072 0.074172 0 -0.031268 0.998382 -0.0472839 0 -0.0727434 -0.0494552 -0.996124 0 -0.161171 -0.604093 0.433624 1 
-0.99683 -0.0270668 0.0746906 0 -0.030645 0.998406 -0.0471836 0 -0.0732959 -0.0493239 -0.99609 0 -0.164783 -0.606693 0.432241 1 
-0.996813 -0.0269999 0.0749321 0 -0.0305156 0.998457 -0.0461769 0 -0.0735712 -0.0483173 -0.996119 0 -0.168678 -0.609119 0.430278 1 
-0.996767 -0.0272214 0.0754653 0 -0.0307696 0.998446 -0.0462597 0 -0.0740901 -0.0484331 -0.996075 0 -0.172444 -0.611205 0.429162 1 
-0.996767 -0.026668 0.0756654 0 -0.0301484 0.998512 -0.0452336 0 -0.0743479 -0.0473694 -0.996107 0 -0.176681 -0.613207 0.427245 1 
-0.99674 -0.0263122 0.0761436 0 -0.0298129 0.998523 -0.0452084 0 -0.0748431 -0.047332 -0.996071 0 -0.180879 -0.614998 0.425884 1 
-0.996708 -0.0263932 0.0765303 0 -0.0298809 0.99854 -0.0447918 0 -0.0752377 -0.046932 -0.996061 0 -0.185215 -0.616643 0.424481 1 
-0.996697 -0.0263799 0.0766795 0 -0.0297972 0.998588 -0.0437689 0 -0.0754181 -0.04591 -0.996095 0 -0.189488 -0.618294 0.422336 1 
-0.99669 -0.0254475 0.0770831 0 -0.0288925 0.998608 -0.043911 0 -0.0758598 -0.0459936 -0.996057 0 -0.193584 -0.619762 0.42086 1 
-0.996687 -0.0252526 0.0771852 0 -0.0286229 0.998661 -0.0428748 0 -0.0760006 -0.0449429 -0.996094 0 -0.198137 -0.62112 0.418775 1 
-0.996668 -0.025681 0.0772903 0 -0.0290085 0.998677 -0.0422408 0 -0.0761047 -0.044343 -0.996113 0 -0.202526 -0.622466 0.416356 1 
-0.996639 -0.0255665 0.0777074 0 -0.0289227 0.998673 -0.0423766 0 -0.0765224 -0.0444825 -0.996075 0 -0.206574 -0.623652 0.414521 1 
-0.996633 -0.0253239 0.0778621 0 -0.0286168 0.99872 -0.0414699 0 -0.0767137 -0.0435593 -0.996101 0 -0.210768 -0.62473 0.412184 1 
-0.996612 -0.0255085 0.0780622 0 -0.0287505 0.998748 -0.0406914 0 -0.076928 -0.0427987 -0.996118 0 -0.215146 -0.62579 0.409534 1 
-0.996563 -0.0258209 0.078592 0 -0.0291084 0.998726 -0.0409754 0 -0.0774354 -0.0431231 -0.996064 0 -0.219669 -0.626759 0.407333 1 
-0.996524 -0.0260428 0.0790113 0 -0.0293389 0.998725 -0.0408465 0 -0.0778483 -0.0430234 -0.996036 0 -0.224245 -0.62764 0.404908 1 
-0.996462 -0.0265863 0.0796088 0 -0.0299567 0.998682 -0.0414455 0 -0.0784035 -0.0436846 -0.995964 0 -0.229064 -0.628765 0.402054 1 
-0.996397 -0.0270351 0.0802636 0 -0.030521 0.998619 -0.0425252 0 -0.0790046 -0.0448226 -0.995866 0 -0.233807 -0.629672 0.399649 1 
-0.996381 -0.0267977 0.0805483 0 -0.0302601 0.998646 -0.0420756 0 -0.0793132 -0.0443616 -0.995862 0 -0.2389 -0.630216 0.396867 1 
-0.996371 -0.0268386 0.0806495 0 -0.030235 0.998684 -0.041191 0 -0.0794394 -0.0434808 -0.995891 0 -0.243869 -0.630714 0.393552 1 
-0.996351 -0.0271015 0.0808104 0 -0.0305005 0.998679 -0.0411281 0 -0.0795905 -0.0434437 -0.995881 0 -0.24862 -0.631214 0.390529 1 
-0.996349 -0.0268714 0.0809151 0 -0.030235 0.998707 -0.0406352 0 -0.07972 -0.0429341 -0.995892 0 -0.253466 -0.631481 0.387507 1 
-0.996355 -0.027063 0.0807814 0 -0.0303241 0.998753 -0.0394192 0 -0.0796154 -0.0417259 -0.995952 0 -0.258487 -0.631641 0.383742 1 
-0.996364 -0.0272485 0.0806049 0 -0.0304323 0.998784 -0.038537 0 -0.0794583 -0.0408507 -0.996001 0 -0.263343 -0.631701 0.380083 1 
-0.996378 -0.0270494 0.0805013 0 -0.0301876 0.998811 -0.0380239 0 -0.0793786 -0.0403171 -0.996029 0 -0.267601 -0.631689 0.376909 1 
-0.996393 -0.0269309 0.0803578 0 -0.0300073 0.998843 -0.037325 0 -0.0792611 -0.0396024 -0.996067 0 -0.272844 -0.631657 0.372491 1 
-0.996401 -0.02715 0.0801757 0 -0.0301732 0.99886 -0.0367393 0 -0.0790883 -0.039027 -0.996103 0 -0.277698 -0.631516 0.368042 1 
-0.996408 -0.0271526 0.0800905 0 -0.0301358 0.998878 -0.0362776 0 -0.0790171 -0.0385616 -0.996127 0 -0.282358 -0.631274 0.363837 1 
-0.996419 -0.027306 0.0799028 0 -0.0302399 0.998894 -0.0357418 0 -0.07884 -0.0380308 -0.996162 0 -0.286777 -0.631082 0.359516 1 
-0.99645 -0.0277409 0.0793685 0 -0.0305716 0.998921 -0.0346754 0 -0.0783224 -0.0369794 -0.996242 0 -0.291004 -0.630872 0.354882 1 
-0.996479 -0.0271901 0.0791898 0 -0.0300247 0.998933 -0.0348262 0 -0.0781598 -0.037082 -0.996251 0 -0.295424 -0.630807 0.35032 1 
-0.996477 -0.0268733 0.079326 0 -0.0297581 0.99892 -0.0354096 0 -0.0782903 -0.0376462 -0.99622 0 -0.299693 -0.630792 0.345975 1 
-0.996515 -0.027044 0.0787812 0 -0.0298402 0.998948 -0.0345346 0 -0.0777659 -0.0367658 -0.996294 0 -0.303385 -0.63071 0.341191 1 
-0.996543 -0.0269793 0.0784564 0 -0.0297433 0.99896 -0.0342765 0 -0.0774515 -0.0364922 -0.996328 0 -0.307093 -0.630839 0.336128 1 
-0.996571 -0.0264502 0.0782831 0 -0.0292001 0.998979 -0.0341935 0 -0.0773002 -0.0363628 -0.996345 0 -0.311064 -0.630914 0.330876 1 
-0.996591 -0.0265344 0.0779886 0 -0.0292289 0.998998 -0.0336128 0 -0.07702 -0.0357784 -0.996387 0 -0.314406 -0.631009 0.325737 1 
-0.996613 -0.0263417 0.0777735 0 -0.029007 0.999013 -0.0333418 0 -0.0768199 -0.0354855 -0.996413 0 -0.31753 -0.631268 0.320359 1 
-0.996628 -0.026558 0.0775167 0 -0.02921 0.999009 -0.0332811 0 -0.0765575 -0.0354338 -0.996435 0 -0.320627 -0.631648 0.314772 1 
-0.996681 -0.0263504 0.0769033 0 -0.0289171 0.999045 -0.0324543 0 -0.0759761 -0.034571 -0.99651 0 -0.323061 -0.631985 0.309352 1 
-0.996733 -0.0261329 0.07629 0 -0.0286188 0.999079 -0.0316759 0 -0.0753934 -0.0337564 -0.996582 0 -0.325024 -0.632395 0.304207 1 
-0.996751 -0.0255838 0.0762493 0 -0.0281116 0.999074 -0.0322645 0 -0.0753548 -0.0343038 -0.996567 0 -0.327091 -0.633119 0.298915 1 
-0.996816 -0.0252379 0.0755034 0 -0.027668 0.999117 -0.0313136 0 -0.0746479 -0.0333036 -0.996654 0 -0.328707 -0.633627 0.293322 1 
-0.996871 -0.0250736 0.074834 0 -0.027424 0.999147 -0.0305481 0 -0.0740057 -0.0325054 -0.996728 0 -0.329962 -0.634236 0.287663 1 
-0.99691 -0.0248649 0.0743871 0 -0.0271776 0.999163 -0.0302407 0 -0.0735743 -0.0321695 -0.996771 0 -0.330961 -0.635003 0.282063 1 
-0.996963 -0.0249347 0.07364 0 -0.0271626 0.999189 -0.029409 0 -0.0728484 -0.0313206 -0.996851 0 -0.331518 -0.635765 0.276412 1 
-0.997001 -0.0254614 0.0729443 0 -0.0276368 0.999189 -0.0289702 0 -0.0721489 -0.0308998 -0.996915 0 -0.331748 -0.63671 0.270358 1 
-0.997033 -0.0263413 0.0721974 0 -0.0284674 0.999176 -0.0285795 0 -0.0713865 -0.0305506 -0.996981 0 -0.331616 -0.637637 0.264763 1 
-0.997067 -0.0274883 0.0712872 0 -0.0295344 0.999167 -0.0278087 0 -0.0704647 -0.0298332 -0.997068 0 -0.331231 -0.638512 0.259175 1 
-0.997126 -0.0288077 0.069935 0 -0.0307245 0.999167 -0.0264886 0 -0.069115 -0.0285618 -0.9972 0 -0.330555 -0.639368 0.252867 1 
-0.997148 -0.029657 0.069256 0 -0.0315771 0.999132 -0.0267961 0 -0.0684025 -0.0289072 -0.997239 0 -0.329722 -0.640407 0.246992 1 
-0.997185 -0.0304296 0.0683846 0 -0.0322909 0.999123 -0.0262799 0 -0.0675263 -0.0284147 -0.997313 0 -0.32869 -0.641103 0.241644 1 
-0.997227 -0.0312525 0.0673999 0 -0.0330296 0.999122 -0.025415 0 -0.0665477 -0.0275712 -0.997402 0 -0.327549 -0.641636 0.2361 1 
-0.997292 -0.0316926 0.0662159 0 -0.0333523 0.999143 -0.0241111 0 -0.0653963 -0.0262548 -0.997514 0 -0.326294 -0.641905 0.230648 1 
-0.997329 -0.0316627 0.0656681 0 -0.033302 0.999147 -0.0240191 0 -0.0648528 -0.0261424 -0.997552 0 -0.32496 -0.642213 0.225312 1 
-0.997363 -0.0316759 0.0651512 0 -0.0332817 0.999155 -0.0237102 0 -0.0643463 -0.0258165 -0.997594 0 -0.323484 -0.642305 0.220317 1 
-0.997395 -0.0319124 0.0645412 0 -0.0334673 0.999162 -0.0231563 0 -0.0637494 -0.0252565 -0.997646 0 -0.321963 -0.642156 0.215738 1 
-0.997451 -0.0320015 0.0636236 0 -0.0334658 0.999186 -0.0220837 0 -0.0628663 -0.0241571 -0.99773 0 -0.320259 -0.641685 0.211048 1 
-0.997498 -0.0314334 0.0631704 0 -0.0328812 0.999207 -0.0220106 0 -0.0624297 -0.0240331 -0.99776 0 -0.318538 -0.641208 0.206556 1 
-0.997559 -0.0310064 0.0624095 0 -0.0323933 0.999238 -0.0213333 0 -0.0617016 -0.0233033 -0.997823 0 -0.316673 -0.640399 0.202321 1 
-0.997636 -0.0303458 0.0614954 0 -0.0316574 0.99928 -0.020468 0 -0.0608312 -0.0223669 -0.997897 0 -0.314477 -0.639236 0.197802 1 
-0.997707 -0.029745 0.0606368 0 -0.0309891 0.999316 -0.0196794 0 -0.0600111 -0.0215138 -0.997966 0 -0.312304 -0.638003 0.19369 1 
-0.997766 -0.0291293 0.0599541 0 -0.0303329 0.999345 -0.019264 0 -0.0593548 -0.02104 -0.998015 0 -0.31014 -0.636729 0.189686 1 
-0.997824 -0.0288073 0.0591533 0 -0.0299565 0.999368 -0.0186329 0 -0.0585803 -0.0203648 -0.998075 0 -0.30773 -0.635252 0.185552 1 
-0.997882 -0.0284972 0.0583094 0 -0.0295881 0.999392 -0.0179316 0 -0.0577641 -0.0196192 -0.998137 0 -0.305265 -0.633676 0.181573 1 
-0.997922 -0.0282034 0.0577633 0 -0.0292788 0.999402 -0.0178569 0 -0.0572263 -0.0195114 -0.998171 0 -0.302613 -0.632082 0.177597 1 
-0.997953 -0.0283413 0.0571656 0 -0.0294012 0.9994 -0.0177853 0 -0.0566283 -0.01943 -0.998206 0 -0.299508 -0.630165 0.173329 1 
-0.997968 -0.0285814 0.0567711 0 -0.0296331 0.999393 -0.0177696 0 -0.0562298 -0.0194162 -0.998229 0 -0.296632 -0.628374 0.169918 1 
-0.997982 -0.0289395 0.0563461 0 -0.0299946 0.999379 -0.0179704 0 -0.0557921 -0.0196246 -0.99825 0 -0.293411 -0.62647 0.166786 1 
-0.998008 -0.029004 0.0558563 0 -0.0300567 0.999375 -0.0180998 0 -0.0552975 -0.0197429 -0.998275 0 -0.290107 -0.62446 0.163868 1 
-0.998032 -0.0292552 0.0552893 0 -0.030286 0.999371 -0.0178988 0 -0.054732 -0.0195385 -0.99831 0 -0.286647 -0.622359 0.160975 1 
-0.998061 -0.0289237 0.0549424 0 -0.0299517 0.99938 -0.0179792 0 -0.0543894 -0.0195904 -0.998328 0 -0.282991 -0.620173 0.158197 1 
-0.998059 -0.0289154 0.0549827 0 -0.0299918 0.999363 -0.0188541 0 -0.0544035 -0.0204669 -0.998309 0 -0.279341 -0.617999 0.155949 1 
-0.998061 -0.0290654 0.0548695 0 -0.0301666 0.999348 -0.0193483 0 -0.0542724 -0.0209664 -0.998306 0 -0.275785 -0.615751 0.154365 1 
-0.998071 -0.0291646 0.0546223 0 -0.0302815 0.999337 -0.0197317 0 -0.0540117 -0.0213481 -0.998312 0 -0.271979 -0.613338 0.1528 1 
-0.998091 -0.0291856 0.0542436 0 -0.0303087 0.999331 -0.0199991 0 -0.0536246 -0.0216054 -0.998327 0 -0.268115 -0.610856 0.151407 1 
-0.998083 -0.0290393 0.0544745 0 -0.0302465 0.999302 -0.021469 0 -0.053814 -0.0230759 -0.998284 0 -0.264036 -0.608516 0.150996 1 
-0.998093 -0.0295524 0.0540092 0 -0.030738 0.999292 -0.0212546 0 -0.0533439 -0.0228747 -0.998314 0 -0.259835 -0.605971 0.15041 1 
-0.998111 -0.0295205 0.0537023 0 -0.0307238 0.999282 -0.0217216 0 -0.0530235 -0.0233309 -0.998321 0 -0.255667 -0.603485 0.150235 1 
-0.998118 -0.0297858 0.0534267 0 -0.030997 0.999268 -0.0219869 0 -0.0527337 -0.0236021 -0.99833 0 -0.251425 -0.600968 0.150763 1 
-0.998144 -0.0297597 0.0529461 0 -0.0309581 0.99927 -0.02196 0 -0.0522549 -0.0235588 -0.998356 0 -0.247356 -0.598545 0.151002 1 
-0.99813 -0.0298496 0.0531603 0 -0.0311366 0.999228 -0.0235481 0 -0.0524173 -0.0251598 -0.998308 0 -0.243189 -0.596305 0.152179 1 
-0.998137 -0.030202 0.0528291 0 -0.031493 0.999211 -0.0237779 0 -0.0520703 -0.0253979 -0.99832 0 -0.238833 -0.593866 0.152796 1 
-0.998134 -0.0303592 0.0528017 0 -0.0317051 0.999179 -0.0248413 0 -0.0520051 -0.0264695 -0.998296 0 -0.234629 -0.591821 0.154016 1 
-0.998154 -0.0304657 0.0523642 0 -0.0317893 0.999181 -0.0246312 0 -0.0515719 -0.0262508 -0.998324 0 -0.230178 -0.589466 0.155074 1 
-0.998143 -0.0309598 0.0522781 0 -0.0323189 0.999146 -0.0253565 0 -0.0514494 -0.0269995 -0.998311 0 -0.225913 -0.587446 0.156029 1 
-0.998122 -0.0317592 0.0522031 0 -0.0331555 0.9991 -0.0261024 0 -0.0513281 -0.0277847 -0.998295 0 -0.221786 -0.585434 0.157259 1 
-0.998124 -0.0324725 0.0517276 0 -0.0338364 0.999087 -0.0257132 0 -0.0508464 -0.0274157 -0.99833 0 -0.217754 -0.583348 0.157726 1 
-0.998126 -0.0328221 0.0514499 0 -0.0341909 0.999069 -0.0259546 0 -0.0505511 -0.0276656 -0.998338 0 -0.214036 -0.581514 0.158331 1 
-0.998121 -0.0331195 0.0513706 0 -0.0344997 0.999051 -0.0262173 0 -0.0504545 -0.0279409 -0.998335 0 -0.210452 -0.57969 0.158969 1 
-0.99812 -0.0334102 0.0512033 0 -0.0347921 0.999038 -0.0263399 0 -0.0502749 -0.0280724 -0.998341 0 -0.207154 -0.577851 0.158796 1 
-0.998109 -0.0335221 0.0513387 0 -0.0349597 0.999004 -0.0273663 0 -0.0503711 -0.0291099 -0.998306 0 -0.204253 -0.576271 0.158508 1 
-0.998098 -0.0338842 0.0513103 0 -0.0353402 0.998981 -0.0277402 0 -0.050319 -0.0295013 -0.998297 0 -0.201594 -0.574575 0.158033 1 
-0.998109 -0.0338092 0.0511406 0 -0.0352657 0.99898 -0.0278509 0 -0.0501478 -0.0296023 -0.998303 0 -0.199154 -0.572894 0.157312 1 
-0.998118 -0.0336293 0.051095 0 -0.0350996 0.998978 -0.028155 0 -0.0500969 -0.029896 -0.998297 0 -0.196887 -0.571308 0.156225 1 
-0.998123 -0.0337041 0.0509395 0 -0.0351709 0.998974 -0.0281767 0 -0.0499386 -0.029916 -0.998304 0 -0.194855 -0.569815 0.154696 1 
-0.998127 -0.0338784 0.0507468 0 -0.0353433 0.998966 -0.028253 0 -0.0497382 -0.0299942 -0.998312 0 -0.192991 -0.568525 0.152873 1 
-0.998112 -0.0341431 0.0508712 0 -0.035666 0.998923 -0.0293349 0 -0.0498158 -0.0310945 -0.998274 0 -0.191352 -0.567618 0.150866 1 
-0.998099 -0.0343797 0.0509586 0 -0.0359493 0.998887 -0.0302121 0 -0.0498642 -0.0319873 -0.998244 0 -0.189745 -0.56659 0.148364 1 
-0.998093 -0.0346321 0.0509166 0 -0.0362127 0.99887 -0.0304548 0 -0.0498053 -0.0322411 -0.998238 0 -0.18842 -0.565587 0.145846 1 
-0.99808 -0.0350175 0.0509018 0 -0.0366218 0.998841 -0.0309328 0 -0.0497605 -0.0327382 -0.998224 0 -0.187259 -0.564695 0.143213 1 
-0.998089 -0.0350664 0.0506975 0 -0.0366651 0.998838 -0.0309561 0 -0.0495541 -0.0327564 -0.998234 0 -0.186253 -0.563801 0.140411 1 
-0.998089 -0.0348444 0.0508522 0 -0.0364884 0.998819 -0.0317677 0 -0.0496862 -0.0335632 -0.998201 0 -0.185564 -0.563153 0.137696 1 
-0.998086 -0.0345361 0.0511075 0 -0.0362314 0.998801 -0.032625 0 -0.0499205 -0.0344149 -0.99816 0 -0.185048 -0.562458 0.134651 1 
-0.998071 -0.0346139 0.0513444 0 -0.0363316 0.998788 -0.0329064 0 -0.0501441 -0.034709 -0.998139 0 -0.184806 -0.561849 0.131861 1 
-0.998049 -0.0346492 0.0517547 0 -0.0364225 0.998758 -0.0337235 0 -0.0505229 -0.0355435 -0.99809 0 -0.184803 -0.561521 0.129116 1 
-0.998039 -0.0346081 0.0519747 0 -0.0364028 0.998749 -0.0339902 0 -0.0507343 -0.0358162 -0.99807 0 -0.184948 -0.561309 0.126409 1 
-0.998033 -0.0345418 0.0521279 0 -0.0363524 0.998744 -0.0341957 0 -0.0508822 -0.0360241 -0.998055 0 -0.185236 -0.561232 0.123531 1 
-0.998022 -0.0343881 0.0524354 0 -0.0362554 0.998717 -0.0350851 0 -0.0511626 -0.0369175 -0.998008 0 -0.185631 -0.5613 0.120496 1 
-0.998011 -0.0343038 0.0527084 0 -0.0362026 0.998704 -0.0355027 0 -0.0514232 -0.037341 -0.997979 0 -0.186056 -0.561311 0.117555 1 
-0.997991 -0.0342655 0.053103 0 -0.0362042 0.998687 -0.0359865 0 -0.0518011 -0.0378375 -0.99794 0 -0.186579 -0.561445 0.114736 1 
-0.997973 -0.034268 0.0534484 0 -0.0362244 0.998683 -0.0360736 0 -0.0521428 -0.0379373 -0.997919 0 -0.187151 -0.56156 0.111823 1 
-0.997958 -0.0343375 0.0536743 0 -0.036279 0.998697 -0.0356251 0 -0.0523821 -0.0375003 -0.997923 0 -0.18771 -0.561537 0.108771 1 
-0.997935 -0.0343455 0.0540971 0 -0.0363073 0.998693 -0.0357081 0 -0.052801 -0.0375992 -0.997897 0 -0.188368 -0.561685 0.105866 1 
-0.997909 -0.0341608 0.0546861 0 -0.0361978 0.998661 -0.0367022 0 -0.0533601 -0.0386057 -0.997829 0 -0.189062 -0.562087 0.103407 1 
-0.997902 -0.0339103 0.0549851 0 -0.0359741 0.998658 -0.0369882 0 -0.0536581 -0.0388894 -0.997802 0 -0.189738 -0.562325 0.100509 1 
-0.997903 -0.0336681 0.055113 0 -0.0357205 0.998679 -0.0366883 0 -0.053806 -0.0385807 -0.997806 0 -0.190404 -0.562386 0.0974194 1 
-0.997905 -0.0332901 0.0553057 0 -0.0353535 0.998689 -0.0367601 0 -0.0540105 -0.0386391 -0.997793 0 -0.191084 -0.562549 0.094789 1 
-0.997911 -0.0327432 0.055522 0 -0.0348366 0.998692 -0.0371645 0 -0.0542335 -0.0390218 -0.997766 0 -0.1918 -0.562859 0.09242 1 
-0.997921 -0.0322446 0.0556224 0 -0.0343341 0.998715 -0.0370287 0 -0.054358 -0.0388622 -0.997765 0 -0.192562 -0.563101 0.0897206 1 
-0.997938 -0.0317628 0.055608 0 -0.0338191 0.998754 -0.0364349 0 -0.0543825 -0.0382411 -0.997788 0 -0.193341 -0.563285 0.0869712 1 
-0.99793 -0.0313315 0.0559834 0 -0.0334167 0.998758 -0.036706 0 -0.0547648 -0.0385015 -0.997757 0 -0.19427 -0.563754 0.0844549 1 
-0.997912 -0.0310716 0.0564527 0 -0.0331969 0.99875 -0.0371061 0 -0.0552303 -0.0389034 -0.997715 0 -0.195153 -0.564347 0.0823885 1 
-0.997896 -0.0308465 0.0568586 0 -0.0330121 0.99874 -0.0375497 0 -0.0556298 -0.0393484 -0.997676 0 -0.195996 -0.564955 0.0802708 1 
-0.997884 -0.0305163 0.0572384 0 -0.0327275 0.998728 -0.0381001 0 -0.056004 -0.0398935 -0.997633 0 -0.196863 -0.565611 0.0780868 1 
-0.997867 -0.0302758 0.0576709 0 -0.0325369 0.998712 -0.0386788 0 -0.0564267 -0.0404735 -0.997586 0 -0.197705 -0.566329 0.0762105 1 
-0.997858 -0.0301584 0.0578869 0 -0.032424 0.998719 -0.0386075 0 -0.0566495 -0.0404025 -0.997576 0 -0.198344 -0.566903 0.0748288 1 
-0.997855 -0.0300519 0.0579861 0 -0.0322774 0.998753 -0.0378319 0 -0.056778 -0.0396231 -0.9976 0 -0.199172 -0.56768 0.0727958 1 
-0.997858 -0.0300189 0.0579559 0 -0.0321973 0.998786 -0.0370261 0 -0.0567752 -0.0388136 -0.997632 0 -0.19975 -0.568273 0.0710078 1 
-0.997852 -0.0300907 0.0580247 0 -0.0322448 0.998802 -0.0365509 0 -0.0568565 -0.0383441 -0.997646 0 -0.200236 -0.568938 0.0694822 1 
-0.997841 -0.0302385 0.0581377 0 -0.0323803 0.998808 -0.0362573 0 -0.0569731 -0.0380623 -0.99765 0 -0.200647 -0.569683 0.0682429 1 
-0.99783 -0.0304297 0.0582188 0 -0.0325602 0.998812 -0.0360014 0 -0.0570552 -0.0378196 -0.997654 0 -0.200966 -0.570421 0.067148 1 
-0.997825 -0.0306362 0.0581933 0 -0.0327431 0.99882 -0.0356031 0 -0.057035 -0.0374318 -0.99767 0 -0.201175 -0.571013 0.0661367 1 
-0.997819 -0.0309449 0.058146 0 -0.03302 0.99883 -0.0350717 0 -0.0569938 -0.0369159 -0.997692 0 -0.201385 -0.571679 0.0648786 1 
-0.99781 -0.0311993 0.058167 0 -0.0332608 0.998831 -0.0348146 0 -0.0570139 -0.0366738 -0.9977 0 -0.201553 -0.572223 0.0639188 1 
-0.997805 -0.0312989 0.0581929 0 -0.0333542 0.998832 -0.034689 0 -0.0570403 -0.0365545 -0.997702 0 -0.201748 -0.572748 0.0630598 1 
-0.997806 -0.0313576 0.0581365 0 -0.0333924 0.998842 -0.0343657 0 -0.0569926 -0.0362323 -0.997717 0 -0.201925 -0.573168 0.0622352 1 
-0.99781 -0.0313547 0.0580759 0 -0.0333707 0.998852 -0.0340754 0 -0.0569419 -0.0359395 -0.99773 0 -0.202072 -0.573444 0.0616244 1 
-0.997817 -0.0312778 0.0579916 0 -0.0332711 0.998867 -0.0337309 0 -0.056872 -0.0355874 -0.997747 0 -0.202233 -0.573604 0.0610649 1 
-0.997827 -0.0311727 0.0578846 0 -0.0331383 0.998886 -0.0333132 0 -0.0567827 -0.0351597 -0.997767 0 -0.202399 -0.573676 0.0604808 1 
-0.997836 -0.0311462 0.0577481 0 -0.0330754 0.998906 -0.0327584 0 -0.0566657 -0.0345982 -0.997794 0 -0.202574 -0.573602 0.0598244 1 
-0.997845 -0.0311113 0.0576035 0 -0.0330082 0.998924 -0.0322766 0 -0.0565385 -0.0341091 -0.997818 0 -0.20274 -0.57343 0.0591193 1 
-0.997855 -0.0309845 0.0574915 0 -0.0328537 0.998943 -0.0318581 0 -0.0564447 -0.0336792 -0.997838 0 -0.202927 -0.57318 0.0582905 1 
-0.997865 -0.0308504 0.0574036 0 -0.0326975 0.998958 -0.0315217 0 -0.0563724 -0.033332 -0.997853 0 -0.203124 -0.572898 0.0574394 1 
-0.99787 -0.0306537 0.0574123 0 -0.0325 0.998965 -0.0315062 0 -0.0563882 -0.0333057 -0.997853 0 -0.20336 -0.572664 0.0565584 1 
-0.997867 -0.0304476 0.0575726 0 -0.0323215 0.998959 -0.0319018 0 -0.0565425 -0.0336953 -0.997831 0 -0.203653 -0.572503 0.0555896 1 
-0.99786 -0.0302967 0.0577849 0 -0.0322023 0.998948 -0.0323367 0 -0.0567455 -0.0341289 -0.997805 0 -0.203978 -0.572338 0.0545915 1 
-0.997851 -0.030118 0.0580241 0 -0.0320638 0.998935 -0.0329002 0 -0.0569725 -0.0346906 -0.997773 0 -0.204309 -0.572199 0.0536175 1 
-0.997846 -0.0299387 0.0582082 0 -0.0319051 0.998931 -0.033151 0 -0.0571546 -0.0349374 -0.997754 0 -0.204675 -0.571977 0.052573 1 
-0.997852 -0.0296932 0.0582255 0 -0.0316442 0.998949 -0.0328753 0 -0.0571892 -0.0346479 -0.997762 0 -0.205037 -0.571625 0.0514623 1 
-0.997854 -0.0295201 0.0582824 0 -0.0314601 0.998962 -0.0326527 0 -0.0572591 -0.0344169 -0.997766 0 -0.205409 -0.571286 0.0504035 1 
-0.997848 -0.0293691 0.0584522 0 -0.0313182 0.998964 -0.032712 0 -0.0574321 -0.0344729 -0.997754 0 -0.205777 -0.571025 0.0494171 1 
-0.997835 -0.0293479 0.0586884 0 -0.0313125 0.99896 -0.0328398 0 -0.0576647 -0.034607 -0.997736 0 -0.206133 -0.570802 0.0485203 1 
-0.997815 -0.029242 0.0590784 0 -0.0312569 0.998941 -0.0334726 0 -0.0580381 -0.0352467 -0.997692 0 -0.206538 -0.570673 0.0476348 1 
-0.997797 -0.0291114 0.0594427 0 -0.0311791 0.99892 -0.0341587 0 -0.0583852 -0.0359375 -0.997647 0 -0.206898 -0.570567 0.0468238 1 
-0.99778 -0.0290178 0.0597847 0 -0.0311297 0.998903 -0.0347009 0 -0.0587133 -0.0364856 -0.997608 0 -0.207254 -0.570437 0.0459428 1 
-0.997771 -0.0288723 0.0600037 0 -0.0310213 0.998889 -0.0351955 0 -0.058922 -0.0369792 -0.997577 0 -0.207526 -0.570342 0.0450729 1 
-0.997776 -0.0286747 0.0600209 0 -0.0308286 0.998893 -0.0352716 0 -0.0589441 -0.0370442 -0.997574 0 -0.207718 -0.570167 0.0441805 1 
-0.997786 -0.0285464 0.0599098 0 -0.0306804 0.998906 -0.0350073 0 -0.0588461 -0.0367685 -0.99759 0 -0.207829 -0.569942 0.0432808 1 
-0.997793 -0.0285052 0.0598054 0 -0.0306186 0.998918 -0.0347239 0 -0.0587521 -0.0364792 -0.997606 0 -0.207899 -0.569732 0.0424491 1 
-0.997797 -0.0285042 0.0597427 0 -0.0306077 0.998923 -0.0345947 0 -0.0586934 -0.0363477 -0.997614 0 -0.207931 -0.56958 0.0417544 1 
-0.997799 -0.0285722 0.0596782 0 -0.030666 0.998926 -0.0344684 0 -0.0586304 -0.0362234 -0.997622 0 -0.207915 -0.569483 0.0412002 1 
-0.997802 -0.0286792 0.0595805 0 -0.0307581 0.998929 -0.034272 0 -0.0585349 -0.0360299 -0.997635 0 -0.207852 -0.569409 0.0407935 1 
-0.997801 -0.0287955 0.0595307 0 -0.0308644 0.998931 -0.0341312 0 -0.0584854 -0.0358943 -0.997643 0 -0.207799 -0.569369 0.0405656 1 
-0.997797 -0.0288849 0.0595683 0 -0.0309584 0.998926 -0.0341831 0 -0.0585181 -0.0359526 -0.997639 0 -0.207783 -0.569406 0.040539 1 
-0.99779 -0.0289383 0.0596494 0 -0.0310278 0.998917 -0.0344061 0 -0.0585902 -0.0361815 -0.997626 0 -0.207783 -0.569524 0.0406276 1 
-0.997781 -0.029016 0.0597707 0 -0.0311293 0.998902 -0.0347339 0 -0.0586983 -0.0365182 -0.997608 0 -0.207783 -0.569712 0.040751 1 
-0.99777 -0.0290514 0.0599398 0 -0.0311964 0.998885 -0.0351664 0 -0.0588525 -0.0369586 -0.997582 0 -0.207826 -0.569943 0.0409164 1 
-0.997757 -0.029059 0.0601418 0 -0.031242 0.998865 -0.0356817 0 -0.0590378 -0.0374813 -0.997552 0 -0.207902 -0.570214 0.0411123 1 
-0.997744 -0.0290589 0.0603526 0 -0.0312824 0.998844 -0.0362295 0 -0.0592312 -0.0380365 -0.997519 0 -0.207984 -0.570499 0.0413192 1 
-0.997733 -0.0290441 0.0605532 0 -0.0313056 0.998825 -0.0367387 0 -0.0594162 -0.0385518 -0.997489 0 -0.208067 -0.570762 0.0415146 1 
-0.997721 -0.0290456 0.0607485 0 -0.0313451 0.998805 -0.0372486 0 -0.0595951 -0.0390686 -0.997458 0 -0.208143 -0.571029 0.0417077 1 
-0.997709 -0.0290765 0.060921 0 -0.0314108 0.998785 -0.0377161 0 -0.0597515 -0.0395441 -0.99743 0 -0.208191 -0.571284 0.0418785 1 
-0.997699 -0.0291294 0.0610661 0 -0.0314933 0.998767 -0.038112 0 -0.0598818 -0.0399482 -0.997406 0 -0.208219 -0.571507 0.0420202 1 
-0.997691 -0.0291881 0.0611685 0 -0.0315725 0.998755 -0.038384 0 -0.0599731 -0.0402274 -0.997389 0 -0.208232 -0.571668 0.0421113 1 
-0.997687 -0.0292487 0.0612099 0 -0.0316418 0.998748 -0.0384987 0 -0.0600084 -0.0403472 -0.997382 0 -0.208218 -0.571751 0.0421436 1 
-0.997686 -0.0293071 0.0611957 0 -0.0316982 0.998747 -0.0384755 0 -0.0599926 -0.040327 -0.997384 0 -0.208182 -0.571766 0.0421148 1 
-0.997687 -0.0293789 0.061143 0 -0.0317601 0.99875 -0.0383434 0 -0.0599412 -0.0401974 -0.997392 0 -0.208134 -0.571739 0.042028 1 
-0.997691 -0.029431 0.061057 0 -0.0317957 0.998757 -0.0381261 0 -0.0598602 -0.0399802 -0.997406 0 -0.208088 -0.571683 0.041887 1 
-0.997695 -0.0294993 0.0609473 0 -0.0318429 0.998766 -0.0378466 0 -0.0597568 -0.0397009 -0.997423 0 -0.208027 -0.571613 0.0417005 1 
-0.997701 -0.0295853 0.0608184 0 -0.0319037 0.998777 -0.0375092 0 -0.0596355 -0.039364 -0.997444 0 -0.207956 -0.571532 0.0414768 1 
-0.997707 -0.0296322 0.0606838 0 -0.0319241 0.99879 -0.0371531 0 -0.0595105 -0.0390059 -0.997465 0 -0.207913 -0.571444 0.0412293 1 
-0.997715 -0.0296802 0.0605419 0 -0.0319447 0.998803 -0.036784 0 -0.0593788 -0.0386347 -0.997488 0 -0.207867 -0.571365 0.0409554 1 
-0.997721 -0.0297565 0.0604055 0 -0.031994 0.998815 -0.0364169 0 -0.0592514 -0.0382673 -0.997509 0 -0.207814 -0.571306 0.0406685 1 
-0.997725 -0.0298372 0.0602962 0 -0.0320527 0.998824 -0.0361174 0 -0.0591488 -0.0379686 -0.997527 0 -0.20777 -0.57128 0.0404072 1 
-0.997727 -0.0299171 0.0602202 0 -0.032118 0.998829 -0.0359169 0 -0.0590763 -0.0377701 -0.997539 0 -0.207734 -0.571305 0.0401889 1 
-0.997727 -0.0300212 0.0601613 0 -0.0322098 0.998832 -0.035744 0 -0.0590191 -0.0376013 -0.997548 0 -0.207693 -0.571346 0.0399844 1 
-0.997726 -0.0300998 0.0601444 0 -0.0322841 0.998832 -0.035682 0 -0.0590012 -0.0375433 -0.997552 0 -0.207682 -0.571433 0.0398284 1 
-0.997722 -0.0302014 0.0601641 0 -0.0323891 0.998827 -0.0357254 0 -0.0590157 -0.0375934 -0.997549 0 -0.207676 -0.571601 0.0396853 1 
-0.997714 -0.0303541 0.0602132 0 -0.0325508 0.998818 -0.0358411 0 -0.0590552 -0.0377199 -0.997542 0 -0.20766 -0.571843 0.0395379 1 
-0.997705 -0.0305159 0.0602896 0 -0.0327253 0.998806 -0.0360041 0 -0.0591201 -0.0378952 -0.997531 0 -0.207665 -0.572151 0.0393572 1 
-0.997696 -0.0306215 0.0603807 0 -0.0328466 0.998795 -0.0362078 0 -0.0592003 -0.0381084 -0.997518 0 -0.207716 -0.572499 0.0391588 1 
-0.997689 -0.0307121 0.0604416 0 -0.032947 0.998787 -0.0363324 0 -0.0592536 -0.0382406 -0.99751 0 -0.207776 -0.572829 0.0388908 1 
-0.997686 -0.0308157 0.0604441 0 -0.0330486 0.998785 -0.0362959 0 -0.0592533 -0.0382103 -0.997511 0 -0.207815 -0.573104 0.0385283 1 
-0.997686 -0.0308866 0.0604117 0 -0.0331105 0.998788 -0.0361641 0 -0.0592226 -0.0380814 -0.997518 0 -0.207865 -0.573332 0.0381147 1 
-0.997691 -0.0309351 0.0603106 0 -0.0331377 0.998797 -0.0358698 0 -0.0591296 -0.0377863 -0.997535 0 -0.207901 -0.57348 0.0376267 1 
-0.997696 -0.0310445 0.0601625 0 -0.0332171 0.998809 -0.0354539 0 -0.0589913 -0.0373714 -0.997559 0 -0.207889 -0.573563 0.037045 1 
-0.997664 -0.0310878 0.0606628 0 -0.0333686 0.99875 -0.0369531 0 -0.0594393 -0.0388918 -0.997474 0 -0.20799 -0.57415 0.0372508 1 
-0.997652 -0.0312136 0.0608041 0 -0.0335249 0.998729 -0.037369 0 -0.0595616 -0.0393205 -0.99745 0 -0.207987 -0.57443 0.0373557 1 
-0.997645 -0.0313238 0.0608531 0 -0.0336435 0.998721 -0.0374758 0 -0.0596025 -0.0394356 -0.997443 0 -0.20796 -0.574547 0.037347 1 
-0.997647 -0.0313254 0.060821 0 -0.0336365 0.998726 -0.0373528 0 -0.0595746 -0.0393115 -0.997449 0 -0.207958 -0.574526 0.0372498 1 
-0.997651 -0.0312701 0.0607951 0 -0.0335745 0.998732 -0.0372598 0 -0.059554 -0.0392142 -0.997455 0 -0.207984 -0.574483 0.0371875 1 
-0.997652 -0.0312502 0.0607903 0 -0.033554 0.998733 -0.0372534 0 -0.0595503 -0.0392065 -0.997455 0 -0.207993 -0.57447 0.0371976 1 
-0.997651 -0.0312664 0.0607925 0 -0.0335704 0.998732 -0.037255 0 -0.0595517 -0.039209 -0.997455 0 -0.207982 -0.574473 0.037201 1 
-0.99765 -0.0312942 0.0607971 0 -0.0335988 0.998731 -0.0372607 0 -0.059555 -0.0392166 -0.997454 0 -0.207972 -0.574477 0.0372079 1 
-0.99765 -0.0312752 0.0608044 0 -0.0335801 0.998732 -0.0372611 0 -0.0595631 -0.0392161 -0.997454 0 -0.207987 -0.574472 0.0372107 1 
-0.997651 -0.0312118 0.0608145 0 -0.0335166 0.998734 -0.0372549 0 -0.0595759 -0.0392065 -0.997454 0 -0.208023 -0.574458 0.0372106 1 
-0.997652 -0.0312131 0.060805 0 -0.0335166 0.998734 -0.0372402 0 -0.0595668 -0.0391915 -0.997455 0 -0.208023 -0.574449 0.0372076 1 
-0.997651 -0.0312856 0.0607841 0 -0.0335865 0.998733 -0.0372061 0 -0.0595442 -0.0391609 -0.997457 0 -0.207976 -0.574441 0.0371966 1 
-0.997649 -0.0313279 0.0607936 0 -0.0336292 0.998732 -0.0372076 0 -0.059552 -0.0391653 -0.997457 0 -0.207956 -0.574439 0.0372131 1 
-0.99765 -0.0312503 0.0608138 0 -0.0335516 0.998735 -0.0371951 0 -0.0595757 -0.0391489 -0.997456 0 -0.208013 -0.574418 0.0372102 1 
-0.997653 -0.0311916 0.0608011 0 -0.0334905 0.998738 -0.0371652 0 -0.0595662 -0.0391149 -0.997458 0 -0.208042 -0.574384 0.0372047 1 
-0.997653 -0.031217 0.0607825 0 -0.0335124 0.998739 -0.0371176 0 -0.0595483 -0.0390683 -0.997461 0 -0.208017 -0.574347 0.0372069 1 
-0.997655 -0.0312074 0.060759 0 -0.0334971 0.998743 -0.0370389 0 -0.0595279 -0.038988 -0.997465 0 -0.20801 -0.574288 0.037199 1 
-0.997658 -0.0311712 0.0607313 0 -0.0334545 0.998747 -0.0369503 0 -0.0595046 -0.0388962 -0.99747 0 -0.208014 -0.57421 0.0371977 1 
-0.997662 -0.0311419 0.060675 0 -0.0334138 0.998754 -0.0367958 0 -0.0594546 -0.0387379 -0.997479 0 -0.207997 -0.574091 0.0371829 1 
-0.997667 -0.0310941 0.0606172 0 -0.0333532 0.998763 -0.0366201 0 -0.0594047 -0.0385572 -0.997489 0 -0.207989 -0.573946 0.0371746 1 
-0.997672 -0.0310786 0.0605417 0 -0.0333238 0.998771 -0.0364333 0 -0.0593362 -0.0383667 -0.9975 0 -0.207959 -0.573808 0.0371498 1 
-0.997674 -0.0311497 0.0604707 0 -0.033384 0.998774 -0.0362957 0 -0.059267 -0.0382307 -0.99751 0 -0.20788 -0.573709 0.0371482 1 
-0.997675 -0.0312079 0.0604283 0 -0.0334346 0.998776 -0.0361949 0 -0.0592259 -0.0381319 -0.997516 0 -0.207814 -0.573634 0.0371554 1 
-0.997677 -0.0312179 0.0603843 0 -0.0334363 0.99878 -0.0360823 0 -0.0591854 -0.0380183 -0.997523 0 -0.207785 -0.573551 0.0371472 1 
-0.997679 -0.0312038 0.0603619 0 -0.033418 0.998782 -0.0360265 0 -0.0591653 -0.0379608 -0.997526 0 -0.207778 -0.573507 0.0371414 1 
-0.997679 -0.0312668 0.0603263 0 -0.0334774 0.998782 -0.0359878 0 -0.0591287 -0.0379246 -0.99753 0 -0.207726 -0.573494 0.0371313 1 
-0.997676 -0.0314244 0.0603055 0 -0.0336318 0.998778 -0.0359432 0 -0.0591034 -0.0378885 -0.997533 0 -0.207623 -0.573481 0.0371424 1 
-0.997673 -0.0315178 0.060296 0 -0.0337221 0.998777 -0.0358961 0 -0.0590921 -0.0378466 -0.997535 0 -0.207563 -0.573463 0.0371443 1 
-0.997675 -0.0314608 0.0603006 0 -0.0336641 0.998779 -0.0358776 0 -0.0590994 -0.0378248 -0.997535 0 -0.207595 -0.573444 0.0371375 1 
-0.997677 -0.0313981 0.060301 0 -0.0336004 0.998782 -0.0358626 0 -0.0591027 -0.0378062 -0.997536 0 -0.207632 -0.573421 0.0371347 1 
-0.997676 -0.0314103 0.0602979 0 -0.0336129 0.998782 -0.0358667 0 -0.059099 -0.0378109 -0.997536 0 -0.207622 -0.573422 0.0371408 1 
-0.997676 -0.0314211 0.0602966 0 -0.0336226 0.998782 -0.0358505 0 -0.0590978 -0.0377952 -0.997536 0 -0.207619 -0.573414 0.037137 1 
-0.997677 -0.0314096 0.0602811 0 -0.0336085 0.998783 -0.0358163 0 -0.0590839 -0.0377598 -0.997539 0 -0.207615 -0.573389 0.0371294 1 
-0.997676 -0.0314659 0.0602736 0 -0.0336628 0.998783 -0.0357874 0 -0.0590753 -0.037734 -0.99754 0 -0.207585 -0.57337 0.0371365 1 
-0.997675 -0.0315419 0.0602589 0 -0.0337339 0.998783 -0.0357116 0 -0.0590602 -0.037662 -0.997544 0 -0.207543 -0.57333 0.0371285 1 
-0.997674 -0.0315664 0.0602543 0 -0.0337533 0.998785 -0.0356287 0 -0.0590575 -0.0375804 -0.997547 0 -0.207537 -0.573271 0.0371221 1 
-0.997674 -0.0316173 0.0602257 0 -0.033799 0.998786 -0.0355565 0 -0.0590295 -0.0375101 -0.997551 0 -0.207499 -0.573223 0.0371162 1 
-0.997674 -0.0317474 0.0601671 0 -0.0339194 0.998787 -0.035428 0 -0.0589705 -0.0373871 -0.997559 0 -0.207396 -0.573159 0.0371039 1 
-0.997675 -0.0318532 0.0600846 0 -0.0340087 0.998792 -0.0351982 0 -0.058892 -0.0371605 -0.997572 0 -0.207303 -0.573047 0.0370337 1 
-0.997679 -0.0319617 0.0599625 0 -0.0340955 0.998799 -0.0349058 0 -0.058776 -0.0368699 -0.99759 0 -0.207202 -0.572925 0.0369089 1 
-0.997684 -0.0321534 0.0597738 0 -0.0342528 0.99881 -0.0344351 0 -0.0585966 -0.0364035 -0.997618 0 -0.207024 -0.572726 0.03672 1 
-0.997689 -0.0323556 0.0595939 0 -0.0344208 0.998821 -0.0339613 0 -0.0584259 -0.0359347 -0.997645 0 -0.206837 -0.572512 0.0365519 1 
-0.997694 -0.0325086 0.0594259 0 -0.0345434 0.998831 -0.0335399 0 -0.0582671 -0.035516 -0.997669 0 -0.206688 -0.572328 0.0363836 1 
-0.997701 -0.0326075 0.0592483 0 -0.0346095 0.998844 -0.0330837 0 -0.0581022 -0.0350588 -0.997695 0 -0.206563 -0.572118 0.0362019 1 
-0.99771 -0.0326412 0.0590805 0 -0.0346096 0.998859 -0.0326045 0 -0.05795 -0.0345753 -0.997721 0 -0.206477 -0.571861 0.0360402 1 
-0.997719 -0.0325319 0.0589831 0 -0.034477 0.998875 -0.0322659 0 -0.0578682 -0.0342265 -0.997737 0 -0.206503 -0.571662 0.0359193 1 
-0.997729 -0.032338 0.0589201 0 -0.0342683 0.998889 -0.0320488 0 -0.0578194 -0.0339957 -0.997748 0 -0.206598 -0.571517 0.0358289 1 
-0.997737 -0.0321348 0.0589057 0 -0.0340564 0.998901 -0.0319119 0 -0.0578166 -0.0338465 -0.997753 0 -0.206726 -0.571397 0.0357849 1 
-0.997736 -0.0319513 0.0590176 0 -0.0338791 0.998905 -0.0319588 0 -0.057933 -0.0338866 -0.997745 0 -0.206913 -0.571365 0.0358231 1 
-0.997742 -0.0317419 0.0590228 0 -0.0336718 0.998911 -0.0319947 0 -0.0579441 -0.0339105 -0.997744 0 -0.207047 -0.571333 0.0358387 1 
-0.997746 -0.0317252 0.0589653 0 -0.0336471 0.998915 -0.0318921 0 -0.0578907 -0.0338048 -0.99775 0 -0.207047 -0.571287 0.0357791 1 
-0.997743 -0.0318271 0.0589568 0 -0.0337469 0.998913 -0.0318583 0 -0.0578798 -0.0337766 -0.997752 0 -0.206998 -0.571293 0.0357593 1 
-0.99774 -0.0319151 0.0589692 0 -0.0338361 0.99891 -0.0318695 0 -0.0578889 -0.0337934 -0.997751 0 -0.206956 -0.571313 0.0357683 1 
-0.997738 -0.0320011 0.0589553 0 -0.0339173 0.998909 -0.0317935 0 -0.0578747 -0.0337218 -0.997754 0 -0.20692 -0.571301 0.0357258 1 
-0.997736 -0.0320742 0.058944 0 -0.0339834 0.998911 -0.0316781 0 -0.0578649 -0.0336101 -0.997758 0 -0.206908 -0.571272 0.035656 1 
-0.997731 -0.032224 0.0589462 0 -0.0341228 0.998912 -0.031495 0 -0.0578683 -0.0334356 -0.997764 0 -0.20689 -0.571224 0.0355534 1 
-0.99773 -0.0323176 0.0589236 0 -0.0342027 0.998916 -0.031269 0 -0.0578503 -0.033214 -0.997773 0 -0.206881 -0.57116 0.0354171 1 
-0.997732 -0.0324036 0.0588438 0 -0.0342732 0.998921 -0.0310452 0 -0.0577754 -0.0329922 -0.997784 0 -0.206834 -0.571104 0.0352631 1 
-0.997735 -0.0325629 0.0586965 0 -0.0344095 0.998926 -0.0307266 0 -0.057634 -0.0326774 -0.997803 0 -0.206718 -0.571035 0.0350424 1 
-0.997735 -0.0328331 0.058549 0 -0.0346538 0.998929 -0.0303576 0 -0.0574906 -0.0323184 -0.997823 0 -0.206542 -0.570976 0.0347677 1 
-0.997727 -0.0330921 0.0585322 0 -0.0349106 0.998921 -0.0303232 0 -0.0574667 -0.0322983 -0.997825 0 -0.206406 -0.571015 0.0345405 1 
-0.997723 -0.0332266 0.0585363 0 -0.0350488 0.998914 -0.0303824 0 -0.0574644 -0.0323655 -0.997823 0 -0.206347 -0.571097 0.0343393 1 
-0.99772 -0.0332652 0.058558 0 -0.0350929 0.99891 -0.0304656 0 -0.0574819 -0.0324518 -0.997819 0 -0.206358 -0.571183 0.0341461 1 
-0.997717 -0.0332447 0.0586272 0 -0.0350852 0.998905 -0.0306486 0 -0.0575452 -0.0326362 -0.997809 0 -0.20642 -0.571306 0.0339831 1 
-0.99771 -0.0332939 0.0587039 0 -0.0351448 0.998898 -0.0307836 0 -0.0576154 -0.0327769 -0.997801 0 -0.206476 -0.571453 0.0338361 1 
-0.997701 -0.0334105 0.0588056 0 -0.0352725 0.99889 -0.0309156 0 -0.0577085 -0.0329194 -0.997791 0 -0.206527 -0.571629 0.0336708 1 
-0.997694 -0.033503 0.0588626 0 -0.0353701 0.998885 -0.0309679 0 -0.0577605 -0.0329791 -0.997786 0 -0.20657 -0.571788 0.0334811 1 
-0.997688 -0.0336357 0.0588946 0 -0.0355025 0.998881 -0.0309429 0 -0.057789 -0.0329629 -0.997784 0 -0.206593 -0.571922 0.0332724 1 
-0.997681 -0.0338087 0.0589089 0 -0.0356718 0.998877 -0.0308675 0 -0.0578003 -0.032898 -0.997786 0 -0.206584 -0.572049 0.0330316 1 
-0.997677 -0.0339382 0.058902 0 -0.0357955 0.998876 -0.0307673 0 -0.0577927 -0.0328049 -0.997789 0 -0.206575 -0.572144 0.0327465 1 
-0.997674 -0.0340038 0.058913 0 -0.0358635 0.998872 -0.0308028 0 -0.0578002 -0.0328447 -0.997788 0 -0.206597 -0.572253 0.0324122 1 
-0.997673 -0.0340178 0.0589226 0 -0.0358829 0.998869 -0.0308887 0 -0.0578063 -0.0329318 -0.997785 0 -0.206628 -0.572346 0.0320242 1 
-0.997675 -0.0340386 0.0588847 0 -0.0359014 0.998869 -0.0308707 0 -0.0577684 -0.0329136 -0.997787 0 -0.206632 -0.572358 0.0315536 1 
-0.997678 -0.0340053 0.0588411 0 -0.0358653 0.998871 -0.0308489 0 -0.0577267 -0.0328883 -0.997791 0 -0.206658 -0.572311 0.0310095 1 
-0.997686 -0.0339309 0.0587483 0 -0.035782 0.998877 -0.0307489 0 -0.0576401 -0.0327805 -0.997799 0 -0.206696 -0.57221 0.0303311 1 
-0.997698 -0.0338379 0.058597 0 -0.0356686 0.998889 -0.0304835 0 -0.0575015 -0.032504 -0.997816 0 -0.20673 -0.572029 0.02954 1 
-0.997709 -0.0337199 0.0584774 0 -0.0355402 0.998897 -0.0303718 0 -0.0573898 -0.0323811 -0.997827 0 -0.206768 -0.571824 0.0286734 1 
-0.997716 -0.0335924 0.058438 0 -0.0354228 0.998895 -0.0305725 0 -0.0573476 -0.0325733 -0.997823 0 -0.206815 -0.571637 0.0276227 1 
-0.997721 -0.0335399 0.0583855 0 -0.0353821 0.998889 -0.0308102 0 -0.0572884 -0.0328064 -0.997819 0 -0.20681 -0.571481 0.026585 1 
-0.997717 -0.0335354 0.0584612 0 -0.0354154 0.998869 -0.031424 0 -0.0573424 -0.0334233 -0.997795 0 -0.206817 -0.571481 0.0255129 1 
-0.9977 -0.033525 0.0587513 0 -0.0354867 0.998826 -0.0326701 0 -0.0575882 -0.0346805 -0.997738 0 -0.206894 -0.57173 0.024564 1 
-0.997694 -0.033604 0.0588088 0 -0.0355943 0.998807 -0.0331284 0 -0.0576265 -0.035146 -0.997719 0 -0.206904 -0.571866 0.0235486 1 
-0.997696 -0.033601 0.0587776 0 -0.0355981 0.998803 -0.0332663 0 -0.0575905 -0.0352827 -0.997717 0 -0.206952 -0.571945 0.0224375 1 
-0.997697 -0.0335723 0.0587659 0 -0.0355842 0.998794 -0.0335296 0 -0.0575705 -0.0355442 -0.997708 0 -0.207019 -0.572045 0.021312 1 
-0.997703 -0.0335869 0.0586658 0 -0.0355967 0.998793 -0.0335553 0 -0.0574691 -0.0355672 -0.997714 0 -0.207021 -0.572049 0.0201505 1 
-0.997708 -0.0336066 0.0585728 0 -0.0356173 0.99879 -0.0336286 0 -0.0573729 -0.0356384 -0.997717 0 -0.206989 -0.572009 0.019031 1 
-0.997704 -0.033583 0.0586533 0 -0.035633 0.998768 -0.0342607 0 -0.0574315 -0.0362727 -0.99769 0 -0.206984 -0.572058 0.0180612 1 
-0.997699 -0.033438 0.0588098 0 -0.0355433 0.998741 -0.0351234 0 -0.0575624 -0.0371336 -0.997651 0 -0.206992 -0.572159 0.0171786 1 
-0.997701 -0.0334133 0.0587958 0 -0.0355322 0.998733 -0.0353696 0 -0.0575406 -0.0373781 -0.997643 0 -0.206961 -0.57218 0.0163235 1 
-0.997702 -0.0334308 0.0587743 0 -0.0355564 0.998727 -0.0354988 0 -0.0575139 -0.0375077 -0.99764 0 -0.206964 -0.572236 0.0155101 1 
-0.997703 -0.0334596 0.0587337 0 -0.0355861 0.998725 -0.0355405 0 -0.0574708 -0.0375497 -0.997641 0 -0.206984 -0.572334 0.0147339 1 
-0.997708 -0.0335368 0.0586031 0 -0.0356427 0.998732 -0.0352671 0 -0.0573471 -0.0372758 -0.997658 0 -0.206982 -0.572401 0.0139564 1 
-0.997717 -0.033593 0.0584265 0 -0.0356676 0.998747 -0.0348354 0 -0.0571841 -0.0368405 -0.997684 0 -0.206989 -0.572455 0.0131609 1 
-0.997725 -0.0336226 0.0582712 0 -0.0356674 0.998761 -0.0344138 0 -0.0570431 -0.0364146 -0.997707 0 -0.207021 -0.572518 0.0124491 1 
-0.997734 -0.0336936 0.0580668 0 -0.0356992 0.998779 -0.0338558 0 -0.0568563 -0.0358527 -0.997738 0 -0.207015 -0.572541 0.011766 1 
-0.997747 -0.0337034 0.0578376 0 -0.0356675 0.9988 -0.0332682 0 -0.0566481 -0.0352569 -0.997771 0 -0.207 -0.572491 0.0111151 1 
-0.997755 -0.0336799 0.0577118 0 -0.035622 0.998812 -0.0329584 0 -0.0565343 -0.0349409 -0.997789 0 -0.207024 -0.572458 0.0105831 1 
-0.997763 -0.0336955 0.0575758 0 -0.0356119 0.998825 -0.0325901 0 -0.056411 -0.0345683 -0.997809 0 -0.207027 -0.572425 0.010089 1 
-0.997771 -0.0337228 0.0574209 0 -0.0356128 0.998837 -0.0322149 0 -0.0562688 -0.0341886 -0.99783 0 -0.207012 -0.572382 0.00960904 1 
-0.997776 -0.0337301 0.057331 0 -0.035605 0.998844 -0.0320015 0 -0.0561864 -0.0339723 -0.997842 0 -0.207024 -0.572379 0.00915056 1 
-0.997781 -0.0337427 0.0572344 0 -0.0356005 0.998852 -0.0317557 0 -0.0560983 -0.0337235 -0.997856 0 -0.207029 -0.572374 0.00872357 1 
-0.997787 -0.0337802 0.0571014 0 -0.0356157 0.998861 -0.0314375 0 -0.0559755 -0.0334023 -0.997873 0 -0.207019 -0.572345 0.0081956 1 
-0.997793 -0.0337427 0.0570277 0 -0.0355659 0.998869 -0.0312623 0 -0.0559094 -0.0332222 -0.997883 0 -0.207063 -0.572344 0.00765857 1 
-0.997803 -0.033687 0.0568856 0 -0.0354917 0.998879 -0.0310182 0 -0.055778 -0.0329696 -0.997899 0 -0.207095 -0.57233 0.00706816 1 
-0.997808 -0.0337154 0.0567776 0 -0.0355041 0.998885 -0.030794 0 -0.0556772 -0.0327429 -0.997912 0 -0.207105 -0.572352 0.00634977 1 
-0.997811 -0.0337182 0.0567154 0 -0.0355023 0.998887 -0.0307497 0 -0.0556165 -0.0326965 -0.997917 0 -0.207146 -0.57242 0.00562347 1 
-0.997813 -0.0337927 0.0566383 0 -0.0355714 0.998886 -0.0306958 0 -0.055539 -0.032644 -0.997923 0 -0.207136 -0.572478 0.00479854 1 
-0.997811 -0.0338077 0.0566737 0 -0.035602 0.998877 -0.0309554 0 -0.0555646 -0.032906 -0.997913 0 -0.207193 -0.5726 0.00383313 1 
-0.997813 -0.0337431 0.0566631 0 -0.0355472 0.998873 -0.0311385 0 -0.0555496 -0.0330853 -0.997908 0 -0.207291 -0.572703 0.00287987 1 
-0.997814 -0.0337405 0.0566492 0 -0.0355542 0.998867 -0.0313185 0 -0.0555294 -0.0332648 -0.997903 0 -0.207345 -0.572812 0.00189994 1 
-0.997814 -0.0338345 0.056591 0 -0.0356469 0.998864 -0.0313276 0 -0.0554678 -0.0332771 -0.997906 0 -0.207328 -0.572856 0.000930741 1 
-0.997817 -0.0338472 0.0565443 0 -0.0356588 0.998863 -0.0313417 0 -0.0554202 -0.0332902 -0.997908 0 -0.207357 -0.572853 -4.24302e-05 1 
-0.997823 -0.0338566 0.0564323 0 -0.0356612 0.998865 -0.0312839 0 -0.0553101 -0.0332289 -0.997916 0 -0.207355 -0.572796 -0.00105104 1 
-0.997824 -0.0339151 0.056371 0 -0.0357201 0.998861 -0.0313272 0 -0.0552454 -0.0332732 -0.997918 0 -0.207337 -0.572779 -0.00198924 1 
-0.997824 -0.0339563 0.056353 0 -0.0357686 0.998855 -0.0314687 0 -0.055221 -0.0334165 -0.997915 0 -0.207355 -0.572853 -0.00293406 1 
-0.997828 -0.0340252 0.0562419 0 -0.0358254 0.998858 -0.0313161 0 -0.0551132 -0.0332636 -0.997926 0 -0.207351 -0.572889 -0.00385325 1 
-0.997831 -0.0340931 0.0561478 0 -0.0358811 0.998861 -0.0311498 0 -0.0550229 -0.0330975 -0.997936 0 -0.207365 -0.572958 -0.00474084 1 
-0.997835 -0.0341343 0.0560376 0 -0.0359065 0.998867 -0.0309289 0 -0.0549194 -0.0328747 -0.997949 0 -0.207397 -0.573035 -0.0056435 1 
-0.997841 -0.0341635 0.0559133 0 -0.0359186 0.998874 -0.03069 0 -0.0548029 -0.0326327 -0.997964 0 -0.207436 -0.5731 -0.00669287 1 
-0.997846 -0.0342664 0.0557583 0 -0.0360015 0.998879 -0.0304169 0 -0.0546545 -0.0323595 -0.997981 0 -0.207432 -0.573172 -0.00786928 1 
-0.997855 -0.034351 0.0555533 0 -0.0360556 0.99889 -0.0299784 0 -0.0544629 -0.0319177 -0.998006 0 -0.207436 -0.573194 -0.00915181 1 
-0.997868 -0.0344554 0.055262 0 -0.0361174 0.998906 -0.0293624 0 -0.0541909 -0.0312964 -0.99804 0 -0.2074 -0.573132 -0.0107176 1 
-0.997871 -0.0345717 0.0551268 0 -0.0362244 0.998905 -0.0292684 0 -0.0540557 -0.0312037 -0.99805 0 -0.207373 -0.573154 -0.0122348 1 
-0.997866 -0.0346702 0.0551645 0 -0.0363502 0.998887 -0.0297484 0 -0.0540727 -0.0316907 -0.998034 0 -0.207364 -0.573231 -0.0137107 1 
-0.997855 -0.0347007 0.0553441 0 -0.0364324 0.998858 -0.0305932 0 -0.0542203 -0.0325445 -0.997999 0 -0.207426 -0.573395 -0.015211 1 
-0.997847 -0.0346198 0.0555375 0 -0.0364057 0.998832 -0.0314742 0 -0.054384 -0.033429 -0.99796 0 -0.207558 -0.57358 -0.0165502 1 
-0.997843 -0.0346034 0.0556059 0 -0.0364221 0.998813 -0.0320328 0 -0.0544325 -0.0339897 -0.997939 0 -0.207646 -0.573743 -0.0179867 1 
-0.997844 -0.0346591 0.055568 0 -0.0364831 0.998807 -0.0321528 0 -0.0543884 -0.0341114 -0.997937 0 -0.207699 -0.57389 -0.0194648 1 
-0.997858 -0.0347232 0.0552598 0 -0.0365009 0.998828 -0.031493 0 -0.0541025 -0.0334432 -0.997975 0 -0.207695 -0.573829 -0.0212128 1 
-0.997852 -0.0348675 0.0552868 0 -0.0366649 0.998811 -0.0318345 0 -0.0541121 -0.0337938 -0.997963 0 -0.207737 -0.574014 -0.0227623 1 
-0.997797 -0.0347583 0.0563441 0 -0.0367845 0.998689 -0.0353327 0 -0.0550431 -0.0373281 -0.997786 0 -0.208047 -0.57515 -0.0224619 1 
-0.997778 -0.0352242 0.0563873 0 -0.0372664 0.998662 -0.0355862 0 -0.0550594 -0.0376092 -0.997775 0 -0.207883 -0.575549 -0.0226813 1 
-0.997747 -0.0355628 0.0567109 0 -0.0376486 0.998628 -0.036144 0 -0.0553487 -0.0381984 -0.997736 0 -0.207823 -0.575993 -0.0225843 1 
-0.997733 -0.035785 0.0568284 0 -0.0378897 0.998609 -0.0364013 0 -0.0554478 -0.0384727 -0.99772 0 -0.207771 -0.576245 -0.0226376 1 
-0.997726 -0.0358015 0.0569429 0 -0.0379305 0.998594 -0.0367574 0 -0.055548 -0.0388344 -0.997701 0 -0.207832 -0.576508 -0.0226215 1 
-0.997715 -0.0359281 0.0570528 0 -0.0380819 0.998575 -0.0371234 0 -0.0556388 -0.039212 -0.997681 0 -0.207831 -0.576803 -0.0226311 1 
-0.9977 -0.0360488 0.0572347 0 -0.0382364 0.998552 -0.037597 0 -0.0557976 -0.0396997 -0.997653 0 -0.207862 -0.577154 -0.0225906 1 
-0.99768 -0.0361674 0.0575071 0 -0.0384051 0.998519 -0.0382937 0 -0.056038 -0.0404142 -0.99761 0 -0.207938 -0.577654 -0.0225172 1 
-0.997656 -0.0363713 0.057797 0 -0.0386656 0.998478 -0.0390842 0 -0.0562885 -0.0412281 -0.997563 0 -0.207988 -0.578267 -0.0224428 1 
-0.997624 -0.0367021 0.0581375 0 -0.0390572 0.99843 -0.0399034 0 -0.0565828 -0.0420801 -0.997511 0 -0.208016 -0.579013 -0.0223623 1 
-0.997588 -0.0370752 0.0585215 0 -0.0394965 0.998378 -0.040774 0 -0.056916 -0.0429879 -0.997453 0 -0.208043 -0.57985 -0.0222789 1 
-0.997548 -0.0375356 0.0589102 0 -0.040024 0.998321 -0.0416437 0 -0.0572492 -0.0439003 -0.997394 0 -0.208049 -0.580801 -0.0221662 1 
-0.99751 -0.037986 0.0592648 0 -0.0405288 0.998273 -0.0423087 0 -0.0575564 -0.0446061 -0.997345 0 -0.208058 -0.581711 -0.0220657 1 
-0.997472 -0.0384094 0.0596167 0 -0.0410096 0.998222 -0.0430216 0 -0.0578594 -0.0453586 -0.997294 0 -0.208098 -0.582675 -0.0220089 1 
-0.997434 -0.0388802 0.0599574 0 -0.0415388 0.998169 -0.0437513 0 -0.0581477 -0.0461305 -0.997242 0 -0.208096 -0.583614 -0.0220522 1 
-0.997391 -0.0394504 0.0603042 0 -0.0421666 0.998112 -0.0444527 0 -0.0584378 -0.0468804 -0.99719 0 -0.208036 -0.584552 -0.0221643 1 
-0.997351 -0.0398244 0.0607169 0 -0.0426139 0.998052 -0.0453623 0 -0.0587932 -0.0478305 -0.997124 0 -0.208074 -0.585488 -0.0221822 1 
-0.997325 -0.0401338 0.0609362 0 -0.0429613 0.998016 -0.0458209 0 -0.0589775 -0.0483171 -0.997089 0 -0.208114 -0.586298 -0.0222148 1 
-0.9973 -0.0405041 0.0610917 0 -0.0433544 0.997987 -0.0460742 0 -0.0591037 -0.0485993 -0.997068 0 -0.208106 -0.587115 -0.0222497 1 
-0.997283 -0.0407691 0.0611934 0 -0.0436338 0.997968 -0.046231 0 -0.0591853 -0.0487765 -0.997055 0 -0.208093 -0.587852 -0.0222678 1 
-0.997267 -0.0409987 0.0612985 0 -0.0438785 0.997949 -0.0463955 0 -0.0592717 -0.0489593 -0.997041 0 -0.208082 -0.588544 -0.0222188 1 
-0.99726 -0.0410878 0.0613564 0 -0.0439814 0.997936 -0.0465773 0 -0.0593172 -0.0491492 -0.997028 0 -0.208094 -0.589194 -0.02211 1 
-0.997254 -0.0411759 0.061405 0 -0.0440784 0.997927 -0.0466863 0 -0.0593565 -0.0492657 -0.99702 0 -0.208108 -0.58975 -0.0219702 1 
-0.997243 -0.0412862 0.0614986 0 -0.0442061 0.997911 -0.0469 0 -0.059435 -0.0494903 -0.997005 0 -0.208129 -0.590357 -0.0217626 1 
-0.99724 -0.0413953 0.0614789 0 -0.0443067 0.997913 -0.0467717 0 -0.0594156 -0.0493675 -0.997012 0 -0.208113 -0.590884 -0.0215591 1 
-0.997231 -0.0415804 0.0614931 0 -0.0444875 0.997909 -0.0466861 0 -0.0594244 -0.0492935 -0.997015 0 -0.208073 -0.591422 -0.0212955 1 
-0.99722 -0.0416922 0.0615996 0 -0.0446156 0.997894 -0.0468701 0 -0.0595169 -0.0494891 -0.997 0 -0.208068 -0.592034 -0.0209244 1 
-0.997222 -0.0415954 0.0616274 0 -0.0445192 0.997899 -0.0468549 0 -0.0595501 -0.0494693 -0.996999 0 -0.208064 -0.592639 -0.0204929 1 
-0.997264 -0.041499 0.0610193 0 -0.04427 0.998006 -0.0447835 0 -0.0590402 -0.0473632 -0.997131 0 -0.207966 -0.5928 -0.0203705 1 
-0.997309 -0.0414217 0.0603379 0 -0.0440296 0.998114 -0.0425524 0 -0.0584626 -0.0450954 -0.997271 0 -0.207954 -0.592887 -0.0204644 1 
-0.99732 -0.0414934 0.0600963 0 -0.0440361 0.998153 -0.0416217 0 -0.0582594 -0.0441574 -0.997324 0 -0.20798 -0.593188 -0.0204287 1 
-0.997323 -0.0416215 0.0599643 0 -0.0441334 0.998166 -0.0411926 0 -0.058141 -0.0437296 -0.99735 0 -0.207935 -0.593623 -0.020353 1 
-0.997328 -0.0416973 0.0598296 0 -0.0441706 0.998188 -0.0406287 0 -0.0580282 -0.0431637 -0.997381 0 -0.207884 -0.59398 -0.0203419 1 
-0.997339 -0.0416214 0.0596926 0 -0.0440618 0.998211 -0.0401654 0 -0.0579152 -0.0426895 -0.997408 0 -0.207896 -0.594293 -0.0203363 1 
-0.997336 -0.0416713 0.0597088 0 -0.0441039 0.998215 -0.040019 0 -0.0579357 -0.0425466 -0.997413 0 -0.207953 -0.594712 -0.0202695 1 
-0.997334 -0.0417271 0.05971 0 -0.0441548 0.998217 -0.0399323 0 -0.0579384 -0.0424631 -0.997417 0 -0.207957 -0.59518 -0.020195 1 
-0.997338 -0.0416211 0.0597188 0 -0.0440434 0.998225 -0.039835 0 -0.0579559 -0.04236 -0.99742 0 -0.207923 -0.595618 -0.020146 1 
-0.997324 -0.041792 0.0598187 0 -0.044221 0.998216 -0.0398744 0 -0.0580467 -0.0424138 -0.997412 0 -0.207922 -0.596125 -0.0200358 1 
-0.997325 -0.0419139 0.0597239 0 -0.0443078 0.998233 -0.0393381 0 -0.0579707 -0.0418799 -0.997439 0 -0.207944 -0.596504 -0.0199903 1 
-0.997323 -0.0420553 0.0596626 0 -0.0444217 0.998245 -0.0389063 0 -0.0579228 -0.0414532 -0.99746 0 -0.207954 -0.596911 -0.0199023 1 
-0.997307 -0.0422962 0.0597482 0 -0.0446686 0.998233 -0.0389453 0 -0.0579965 -0.0415101 -0.997453 0 -0.207939 -0.597403 -0.0197553 1 
-0.997289 -0.0425154 0.0598934 0 -0.0449056 0.998214 -0.0391428 0 -0.0581234 -0.041727 -0.997437 0 -0.207926 -0.597924 -0.0195915 1 
-0.997263 -0.0425914 0.0602825 0 -0.0450626 0.998164 -0.0402457 0 -0.0584588 -0.0428528 -0.99737 0 -0.207962 -0.598657 -0.0192228 1 
-0.997227 -0.0427186 0.0607718 0 -0.0452847 0.998102 -0.0414932 0 -0.0588851 -0.0441311 -0.997289 0 -0.207982 -0.599505 -0.0185979 1 
-0.997204 -0.0427971 0.0610966 0 -0.0454246 0.998063 -0.0422839 0 -0.0591697 -0.0449419 -0.997236 0 -0.208003 -0.600319 -0.0178739 1 
-0.997199 -0.0427958 0.0611797 0 -0.0454313 0.99806 -0.0423544 0 -0.0592496 -0.0450161 -0.997228 0 -0.208039 -0.601036 -0.0170754 1 
-0.997258 -0.0426944 0.0602877 0 -0.0451181 0.998194 -0.0394292 0 -0.0584966 -0.0420419 -0.997402 0 -0.207909 -0.600761 -0.0166891 1 
-0.997288 -0.0425034 0.0599161 0 -0.0448354 0.998257 -0.038128 0 -0.0581922 -0.0407118 -0.997475 0 -0.207941 -0.600601 -0.0162208 1 
-0.997309 -0.0423079 0.0597147 0 -0.0445982 0.998289 -0.0375564 0 -0.0580247 -0.0401192 -0.997509 0 -0.20796 -0.600551 -0.0156217 1 
-0.997324 -0.0422017 0.0595299 0 -0.0444502 0.998318 -0.0369645 0 -0.0578709 -0.0395125 -0.997542 0 -0.207927 -0.600423 -0.01504 1 
-0.997327 -0.0421549 0.0595232 0 -0.0443984 0.998323 -0.0368848 0 -0.0578696 -0.0394297 -0.997545 0 -0.207909 -0.600425 -0.0143232 1 
-0.99733 -0.0421007 0.0595077 0 -0.0443309 0.998334 -0.0366665 0 -0.057866 -0.0392073 -0.997554 0 -0.207891 -0.600408 -0.013557 1 
-0.997334 -0.0419569 0.0595485 0 -0.0441877 0.998341 -0.0366521 0 -0.057913 -0.0391865 -0.997552 0 -0.207935 -0.600409 -0.0126786 1 
-0.997345 -0.0417483 0.0595089 0 -0.043974 0.998353 -0.0365937 0 -0.0578842 -0.0391141 -0.997557 0 -0.207939 -0.600366 -0.0117072 1 
-0.997359 -0.0414796 0.059466 0 -0.0437073 0.998362 -0.036664 0 -0.0578489 -0.0391671 -0.997557 0 -0.207928 -0.600328 -0.010707 1 
-0.997367 -0.0412709 0.0594746 0 -0.0435072 0.998365 -0.03681 0 -0.0578593 -0.0393014 -0.997551 0 -0.207931 -0.600326 -0.0097292 1 
-0.997379 -0.0410946 0.0593826 0 -0.0433196 0.998378 -0.0366786 0 -0.0577801 -0.0391556 -0.997561 0 -0.207896 -0.600267 -0.00884783 1 
-0.997398 -0.0408549 0.0592428 0 -0.043065 0.998395 -0.0365214 0 -0.0576568 -0.0389784 -0.997575 0 -0.207859 -0.600202 -0.00810085 1 
-0.997412 -0.0406768 0.0591208 0 -0.04287 0.998411 -0.0363148 0 -0.0575508 -0.0387561 -0.99759 0 -0.207829 -0.600117 -0.00752907 1 
-0.997418 -0.0405845 0.0590927 0 -0.0427756 0.998415 -0.0362992 0 -0.057527 -0.0387339 -0.997592 0 -0.207808 -0.600066 -0.00699248 1 
-0.997421 -0.0405347 0.059065 0 -0.0427244 0.998418 -0.0362918 0 -0.0575016 -0.0387225 -0.997594 0 -0.207768 -0.600035 -0.0066236 1 
-0.997433 -0.0403437 0.059004 0 -0.0425316 0.998426 -0.036306 0 -0.0574475 -0.0387231 -0.997597 0 -0.207771 -0.599999 -0.00633007 1 
-0.997447 -0.0401152 0.0589176 0 -0.0423038 0.998433 -0.0363799 0 -0.0573669 -0.0387802 -0.9976 0 -0.207765 -0.599989 -0.00614387 1 
-0.997455 -0.0399728 0.0588771 0 -0.0421663 0.998434 -0.0364956 0 -0.0573272 -0.0388861 -0.997598 0 -0.207739 -0.6 -0.00600954 1 
-0.997454 -0.0399568 0.0589084 0 -0.042159 0.99843 -0.0366271 0 -0.0573535 -0.0390181 -0.997591 0 -0.207721 -0.600019 -0.00585457 1 
-0.997458 -0.0398219 0.0589212 0 -0.0420306 0.998431 -0.0367336 0 -0.0573671 -0.0391175 -0.997587 0 -0.20775 -0.600033 -0.00565739 1 
-0.997478 -0.0395558 0.0587747 0 -0.0417474 0.99845 -0.0365393 0 -0.0572393 -0.0389015 -0.997602 0 -0.207732 -0.599985 -0.00542938 1 
-0.99749 -0.0392899 0.0587497 0 -0.041484 0.998459 -0.0366056 0 -0.057222 -0.0389516 -0.997601 0 -0.207707 -0.599999 -0.00510235 1 
-0.997498 -0.0390843 0.0587486 0 -0.041277 0.998468 -0.0365831 0 -0.0572299 -0.0389173 -0.997602 0 -0.20772 -0.599995 -0.00470016 1 
-0.997523 -0.0385954 0.0586351 0 -0.0407678 0.998499 -0.036316 0 -0.0571465 -0.0386173 -0.997619 0 -0.207721 -0.599959 -0.0040843 1 
-0.997543 -0.0381989 0.0585709 0 -0.0403572 0.998523 -0.0361203 0 -0.0571057 -0.038396 -0.99763 0 -0.207712 -0.599968 -0.00330639 1 
-0.997556 -0.0378758 0.0585542 0 -0.0400201 0.998544 -0.0358915 0 -0.0571106 -0.0381478 -0.997639 0 -0.207716 -0.600003 -0.00232066 1 
-0.997571 -0.0375935 0.05848 0 -0.0397119 0.998571 -0.0354932 0 -0.0570632 -0.03773 -0.997657 0 -0.207721 -0.599988 -0.00118868 1 
-0.997583 -0.0373827 0.05841 0 -0.0394691 0.998599 -0.034983 0 -0.0570215 -0.0372046 -0.997679 0 -0.20773 -0.599947 4.75581e-05 1 
-0.997602 -0.0373502 0.0581076 0 -0.0393563 0.998645 -0.0337717 0 -0.0567686 -0.0359783 -0.997739 0 -0.207718 -0.599843 0.000777122 1 
-0.997623 -0.0373593 0.057739 0 -0.0392777 0.998691 -0.0324561 0 -0.056452 -0.0346475 -0.997804 0 -0.207714 -0.599774 0.000675848 1 
-0.997622 -0.0373662 0.0577461 0 -0.0392856 0.998691 -0.0324666 0 -0.0564584 -0.0346587 -0.997803 0 -0.207756 -0.599926 0.000505703 1 
-0.997621 -0.0374297 0.0577323 0 -0.0393456 0.99869 -0.0324122 0 -0.0564446 -0.0346073 -0.997806 0 -0.207704 -0.599928 0.000472603 1 
-0.997624 -0.0373335 0.0577384 0 -0.0392491 0.998694 -0.0324059 0 -0.0564542 -0.0345958 -0.997806 0 -0.207686 -0.599919 0.000486404 1 
-0.997635 -0.0370116 0.0577499 0 -0.0389291 0.998706 -0.0324395 0 -0.0564756 -0.0346116 -0.997804 0 -0.207737 -0.599914 0.000513552 1 
-0.997641 -0.0368553 0.0577426 0 -0.0387732 0.998711 -0.0324531 0 -0.0564732 -0.0346161 -0.997804 0 -0.20777 -0.599912 0.000547566 1 
-0.997646 -0.0367483 0.0577299 0 -0.0386647 0.998716 -0.032438 0 -0.0564649 -0.0345944 -0.997805 0 -0.207747 -0.599932 0.000612268 1 
-0.997646 -0.0367228 0.0577437 0 -0.0386394 0.998717 -0.0324323 0 -0.0564797 -0.0345879 -0.997804 0 -0.207715 -0.599978 0.000734833 1 
-0.997646 -0.0367796 0.0577036 0 -0.0386825 0.998723 -0.0322126 0 -0.0564462 -0.0343695 -0.997814 0 -0.207677 -0.599989 0.000851394 1 
-0.997652 -0.0367612 0.0576144 0 -0.0386402 0.998736 -0.0318461 0 -0.056372 -0.0339982 -0.997831 0 -0.207668 -0.599972 0.000888078 1 
-0.997654 -0.0367336 0.0575945 0 -0.0386051 0.998741 -0.0317236 0 -0.0563577 -0.0338732 -0.997836 0 -0.207693 -0.59998 0.000897727 1 
-0.997654 -0.0367435 0.0575923 0 -0.0386139 0.998741 -0.0317066 0 -0.0563559 -0.0338567 -0.997837 0 -0.207686 -0.599992 0.000913955 1 
-0.997653 -0.0367342 0.0576113 0 -0.0386078 0.99874 -0.0317526 0 -0.0563734 -0.033903 -0.997834 0 -0.207685 -0.60002 0.000939383 1 
-0.997653 -0.036697 0.0576454 0 -0.0385757 0.998739 -0.0318231 0 -0.056406 -0.0339728 -0.99783 0 -0.2077 -0.600054 0.00098802 1 
-0.997655 -0.0366538 0.0576329 0 -0.0385258 0.998745 -0.0317126 0 -0.0563993 -0.0338592 -0.997834 0 -0.207732 -0.600038 0.00102455 1 
-0.997659 -0.0366458 0.0575691 0 -0.0385039 0.998752 -0.0315058 0 -0.0563438 -0.0336494 -0.997844 0 -0.207725 -0.600025 0.00104554 1 
-0.997659 -0.0366782 0.0575512 0 -0.0385294 0.998755 -0.0313916 0 -0.0563292 -0.0335361 -0.997849 0 -0.207711 -0.600035 0.00106495 1 
-0.997659 -0.0366306 0.0575752 0 -0.0384828 0.998756 -0.0313972 0 -0.0563545 -0.03354 -0.997847 0 -0.207752 -0.600048 0.00111082 1 
-0.997662 -0.0366179 0.0575277 0 -0.0384594 0.998762 -0.0312371 0 -0.0563138 -0.0333772 -0.997855 0 -0.207755 -0.600022 0.0011286 1 
-0.99766 -0.0367106 0.0575162 0 -0.0385466 0.998762 -0.0311435 0 -0.0563028 -0.0332883 -0.997859 0 -0.207706 -0.600029 0.00113141 1 
-0.997658 -0.036707 0.0575499 0 -0.0385461 0.998761 -0.0311771 0 -0.0563353 -0.033323 -0.997856 0 -0.207724 -0.600057 0.00116408 1 
-0.99766 -0.0366637 0.0575337 0 -0.0384974 0.998765 -0.0310917 0 -0.0563238 -0.0332345 -0.997859 0 -0.207751 -0.600058 0.00118209 1 
-0.997662 -0.0366971 0.0574784 0 -0.038519 0.99877 -0.0309156 0 -0.0562742 -0.0330579 -0.997868 0 -0.207726 -0.600047 0.00118756 1 
-0.997662 -0.0366958 0.0574903 0 -0.0385179 0.99877 -0.0309128 0 -0.0562863 -0.0330556 -0.997867 0 -0.207729 -0.600084 0.00123109 1 
-0.997667 -0.0366612 0.0574257 0 -0.0384669 0.99878 -0.0306609 0 -0.0562326 -0.032799 -0.997879 0 -0.207739 -0.60006 0.00125357 1 
-0.99767 -0.036653 0.0573673 0 -0.038444 0.998788 -0.0304327 0 -0.0561834 -0.0325678 -0.997889 0 -0.207745 -0.600056 0.00127461 1 
-0.997672 -0.0366865 0.0573223 0 -0.0384668 0.998792 -0.0302687 0 -0.0561437 -0.0324038 -0.997897 0 -0.207725 -0.600065 0.00128928 1 
-0.997674 -0.0366932 0.0572786 0 -0.0384626 0.998797 -0.0301003 0 -0.0561063 -0.032234 -0.997904 0 -0.207715 -0.600045 0.0012855 1 
-0.997676 -0.0366527 0.0572786 0 -0.0384208 0.998799 -0.0300772 0 -0.0561085 -0.0322086 -0.997905 0 -0.207735 -0.600039 0.00128803 1 
-0.997676 -0.0366532 0.0572752 0 -0.038421 0.998799 -0.0300732 0 -0.0561053 -0.0322045 -0.997905 0 -0.207729 -0.600041 0.00128697 1 
-0.997675 -0.0366649 0.0572744 0 -0.0384321 0.998799 -0.0300633 0 -0.0561045 -0.0321953 -0.997906 0 -0.207714 -0.600044 0.0012806 1 
-0.997676 -0.0366633 0.0572713 0 -0.0384296 0.9988 -0.0300497 0 -0.0561019 -0.0321814 -0.997906 0 -0.207712 -0.600037 0.00127187 1 
-0.997676 -0.0366564 0.0572669 0 -0.038422 0.9988 -0.0300389 0 -0.0560982 -0.0321701 -0.997907 0 -0.207708 -0.600035 0.00126293 1 
-0.997677 -0.0366637 0.0572535 0 -0.0384262 0.998802 -0.0299925 0 -0.0560863 -0.0321234 -0.997909 0 -0.207684 -0.600022 0.00123221 1 
-0.997679 -0.0366161 0.0572398 0 -0.038375 0.998805 -0.0299356 0 -0.0560763 -0.0320633 -0.997912 0 -0.207679 -0.6 0.0011923 1 
-0.997687 -0.0364466 0.0572175 0 -0.0382016 0.998813 -0.0298845 0 -0.0560615 -0.0320018 -0.997914 0 -0.207676 -0.599977 0.00114456 1 
-0.997701 -0.0361151 0.0571727 0 -0.0378629 0.998829 -0.0297862 0 -0.0560311 -0.031883 -0.99792 0 -0.207673 -0.599931 0.00106121 1 
-0.997722 -0.0356121 0.0571255 0 -0.0373546 0.99885 -0.029731 0 -0.0560021 -0.0317978 -0.997924 0 -0.207667 -0.599897 0.000981208 1 
-0.997745 -0.0350416 0.0570839 0 -0.0367832 0.998871 -0.0297491 0 -0.055978 -0.0317823 -0.997926 0 -0.207642 -0.599872 0.000864471 1 
-0.997759 -0.0345093 0.0571628 0 -0.0362694 0.998881 -0.030045 0 -0.0560631 -0.0320515 -0.997913 0 -0.207596 -0.599893 0.000668929 1 
-0.997767 -0.0338865 0.0573941 0 -0.0356844 0.998885 -0.0305964 0 -0.0562944 -0.0325768 -0.997883 0 -0.207576 -0.599952 0.000528409 1 
-0.997774 -0.0336434 0.0574094 0 -0.0354432 0.998893 -0.0306255 0 -0.0563166 -0.0325928 -0.997881 0 -0.207552 -0.599913 0.000438081 1 
-0.997776 -0.0335819 0.0574121 0 -0.0353838 0.998894 -0.0306622 0 -0.0563199 -0.0326261 -0.99788 0 -0.207584 -0.599919 0.000462932 1 
-0.997776 -0.0336104 0.0574026 0 -0.0354117 0.998893 -0.0306564 0 -0.0563098 -0.0326216 -0.99788 0 -0.207566 -0.599921 0.000453976 1 
-0.997776 -0.0336062 0.0574012 0 -0.0354076 0.998893 -0.0306581 0 -0.0563085 -0.032623 -0.99788 0 -0.207566 -0.599922 0.000453991 1 
-0.997777 -0.0335795 0.0573998 0 -0.035381 0.998894 -0.0306617 0 -0.0563078 -0.032625 -0.99788 0 -0.207579 -0.59992 0.000456641 1 
-0.997776 -0.0336216 0.057392 0 -0.0354228 0.998892 -0.0306587 0 -0.0562987 -0.0326241 -0.997881 0 -0.207556 -0.599926 0.000454185 1 
-0.997776 -0.0335951 0.0573967 0 -0.0353966 0.998893 -0.0306626 0 -0.0563041 -0.0326267 -0.99788 0 -0.207572 -0.599921 0.00045526 1 
-0.997776 -0.0336067 0.0573951 0 -0.0354084 0.998893 -0.030667 0 -0.056302 -0.0326317 -0.99788 0 -0.207563 -0.599926 0.000457721 1 
-0.997776 -0.0336049 0.057393 0 -0.0354066 0.998893 -0.0306685 0 -0.0562999 -0.0326331 -0.99788 0 -0.207562 -0.599927 0.000457408 1 
-0.997777 -0.033609 0.0573814 0 -0.0354094 0.998893 -0.0306529 0 -0.0562888 -0.0326172 -0.997882 0 -0.207559 -0.59992 0.000452376 1 
-0.997778 -0.0336331 0.057354 0 -0.0354329 0.998892 -0.0306567 0 -0.0562604 -0.0326214 -0.997883 0 -0.207532 -0.599925 0.000450663 1 
-0.997778 -0.033626 0.0573541 0 -0.0354253 0.998893 -0.0306473 0 -0.0562611 -0.0326116 -0.997883 0 -0.207543 -0.599919 0.000445899 1 
-0.997778 -0.0336268 0.0573539 0 -0.0354264 0.998892 -0.0306529 0 -0.0562607 -0.0326173 -0.997883 0 -0.207538 -0.599922 0.000449604 1 
-0.997778 -0.0336203 0.0573518 0 -0.0354195 0.998893 -0.0306487 0 -0.056259 -0.0326126 -0.997883 0 -0.207539 -0.599919 0.000447224 1 
-0.997778 -0.0336169 0.0573546 0 -0.0354165 0.998893 -0.0306528 0 -0.0562618 -0.0326166 -0.997883 0 -0.207544 -0.599919 0.000449844 1 
-0.997778 -0.0336213 0.0573493 0 -0.0354209 0.998893 -0.0306564 0 -0.0562562 -0.0326203 -0.997883 0 -0.207536 -0.599922 0.000450019 1 
-0.997778 -0.0336185 0.0573511 0 -0.0354179 0.998893 -0.030651 0 -0.0562583 -0.0326148 -0.997883 0 -0.207541 -0.599919 0.000447407 1 
-0.997778 -0.033628 0.0573493 0 -0.0354271 0.998893 -0.0306487 0 -0.0562562 -0.0326129 -0.997884 0 -0.207533 -0.59992 0.000447317 1 
-0.997778 -0.0336174 0.0573558 0 -0.0354171 0.998893 -0.0306543 0 -0.0562629 -0.0326182 -0.997883 0 -0.207545 -0.59992 0.000450869 1 
-0.997778 -0.0336157 0.0573525 0 -0.0354153 0.998893 -0.0306546 0 -0.0562596 -0.0326183 -0.997883 0 -0.20754 -0.599921 0.000449263 1 
-0.997778 -0.0336182 0.0573554 0 -0.0354179 0.998893 -0.0306549 0 -0.0562624 -0.0326188 -0.997883 0 -0.207542 -0.59992 0.000450669 1 
-0.997778 -0.033619 0.0573532 0 -0.0354186 0.998893 -0.0306533 0 -0.0562602 -0.0326172 -0.997883 0 -0.207542 -0.59992 0.000449919 1 
-0.997778 -0.033626 0.0573528 0 -0.0354255 0.998892 -0.0306522 0 -0.0562597 -0.0326164 -0.997883 0 -0.207537 -0.599921 0.000448473 1 
-0.997778 -0.0336109 0.0573519 0 -0.03541 0.998893 -0.0306467 0 -0.0562594 -0.03261 -0.997883 0 -0.207544 -0.599915 0.000444637 1 
-0.997778 -0.0336305 0.0573512 0 -0.0354295 0.998893 -0.0306457 0 -0.0562581 -0.0326102 -0.997884 0 -0.207536 -0.599918 0.00044526 1 
-0.997778 -0.0336222 0.0573501 0 -0.0354215 0.998893 -0.0306498 0 -0.0562572 -0.0326138 -0.997883 0 -0.207538 -0.599919 0.000447334 1 
-0.997778 -0.0336139 0.0573525 0 -0.0354133 0.998893 -0.0306501 0 -0.0562599 -0.0326136 -0.997883 0 -0.207542 -0.599918 0.000448332 1 
-0.997778 -0.0336228 0.0573529 0 -0.0354223 0.998893 -0.0306524 0 -0.0562598 -0.0326165 -0.997883 0 -0.207541 -0.59992 0.000449906 1 
-0.997778 -0.033624 0.0573499 0 -0.0354232 0.998893 -0.0306499 0 -0.0562569 -0.0326139 -0.997884 0 -0.207536 -0.59992 0.000447309 1 
-0.997778 -0.0336268 0.0573509 0 -0.0354262 0.998892 -0.0306522 0 -0.0562577 -0.0326164 -0.997883 0 -0.207536 -0.599921 0.000448898 1 
-0.997778 -0.0336228 0.0573536 0 -0.0354224 0.998893 -0.0306538 0 -0.0562605 -0.0326179 -0.997883 0 -0.20754 -0.59992 0.000450032 1 
-0.997778 -0.0336359 0.0573499 0 -0.0354351 0.998892 -0.030648 0 -0.0562566 -0.0326127 -0.997884 0 -0.207535 -0.599919 0.000445204 1 
-0.997778 -0.0336202 0.057353 0 -0.0354196 0.998893 -0.0306512 0 -0.0562601 -0.0326151 -0.997883 0 -0.207541 -0.599919 0.000449799 1 
-0.997778 -0.0336268 0.0573495 0 -0.0354262 0.998892 -0.0306536 0 -0.0562563 -0.0326178 -0.997883 0 -0.207535 -0.599921 0.000449418 1 
-0.997778 -0.0336236 0.0573527 0 -0.0354232 0.998892 -0.0306548 0 -0.0562596 -0.0326189 -0.997883 0 -0.207539 -0.599921 0.000450105 1 
-0.997778 -0.0336289 0.05735 0 -0.0354283 0.998892 -0.030652 0 -0.0562567 -0.0326164 -0.997883 0 -0.207536 -0.59992 0.000449861 1 
-0.997778 -0.0336252 0.0573497 0 -0.0354245 0.998893 -0.0306517 0 -0.0562566 -0.0326158 -0.997883 0 -0.207536 -0.59992 0.000448368 1 
-0.997778 -0.0336223 0.0573488 0 -0.0354219 0.998892 -0.0306571 0 -0.0562556 -0.032621 -0.997883 0 -0.207538 -0.599921 0.000450145 1 
-0.997778 -0.0336254 0.0573513 0 -0.0354247 0.998893 -0.0306505 0 -0.0562582 -0.0326147 -0.997883 0 -0.207539 -0.599918 0.000448166 1 
-0.997778 -0.0336219 0.0573511 0 -0.0354213 0.998893 -0.0306519 0 -0.0562581 -0.0326159 -0.997883 0 -0.207539 -0.59992 0.000449773 1 
-0.997778 -0.033628 0.0573507 0 -0.0354274 0.998892 -0.0306521 0 -0.0562575 -0.0326164 -0.997883 0 -0.207536 -0.599921 0.000448424 1 
-0.997778 -0.0336238 0.0573503 0 -0.035423 0.998893 -0.0306483 0 -0.0562573 -0.0326123 -0.997884 0 -0.207538 -0.599918 0.000446689 1 
-0.997778 -0.033624 0.0573511 0 -0.0354236 0.998892 -0.0306546 0 -0.0562579 -0.0326187 -0.997883 0 -0.207539 -0.599921 0.000449641 1 
-0.997778 -0.0336205 0.0573492 0 -0.0354196 0.998893 -0.0306476 0 -0.0562564 -0.0326114 -0.997884 0 -0.207537 -0.599918 0.000447027 1 
-0.997778 -0.0336256 0.0573509 0 -0.0354248 0.998893 -0.030649 0 -0.0562579 -0.0326132 -0.997883 0 -0.207538 -0.599919 0.000447628 1 
-0.997778 -0.0336245 0.0573481 0 -0.0354234 0.998893 -0.0306463 0 -0.0562552 -0.0326103 -0.997884 0 -0.207534 -0.599918 0.0004449 1 
-0.997778 -0.0336195 0.0573522 0 -0.035419 0.998893 -0.0306534 0 -0.0562592 -0.0326173 -0.997883 0 -0.20754 -0.59992 0.000449435 1 
-0.997778 -0.0336291 0.0573487 0 -0.0354284 0.998892 -0.0306515 0 -0.0562555 -0.0326158 -0.997884 0 -0.207533 -0.599921 0.000447802 1 
-0.997778 -0.0336242 0.0573498 0 -0.0354235 0.998893 -0.0306498 0 -0.0562568 -0.0326139 -0.997884 0 -0.207536 -0.599919 0.000448437 1 
-0.997778 -0.0336229 0.0573508 0 -0.0354222 0.998893 -0.0306499 0 -0.0562579 -0.0326139 -0.997883 0 -0.207536 -0.599919 0.00044768 1 
-0.997778 -0.0336211 0.0573515 0 -0.0354206 0.998893 -0.0306544 0 -0.0562585 -0.0326184 -0.997883 0 -0.207539 -0.599921 0.000450387 1 
-0.997778 -0.0336198 0.0573507 0 -0.0354193 0.998893 -0.0306541 0 -0.0562577 -0.032618 -0.997883 0 -0.207539 -0.599921 0.000449105 1 
-0.997778 -0.0336271 0.0573492 0 -0.0354267 0.998892 -0.0306565 0 -0.0562559 -0.0326207 -0.997883 0 -0.207535 -0.599923 0.000450639 1 
-0.997778 -0.0336248 0.0573499 0 -0.035424 0.998893 -0.0306494 0 -0.0562569 -0.0326135 -0.997884 0 -0.207536 -0.59992 0.000447028 1 
-0.997778 -0.0336203 0.057355 0 -0.0354201 0.998893 -0.0306579 0 -0.0562618 -0.0326219 -0.997883 0 -0.207541 -0.599922 0.000451942 1 
-0.997778 -0.0336212 0.057351 0 -0.0354205 0.998893 -0.0306512 0 -0.0562581 -0.0326151 -0.997883 0 -0.207539 -0.59992 0.000447514 1 
-0.997778 -0.0336311 0.057355 0 -0.035431 0.998892 -0.0306568 0 -0.0562615 -0.0326214 -0.997883 0 -0.207538 -0.599922 0.000451409 1 
-0.997778 -0.0336268 0.0573529 0 -0.0354265 0.998892 -0.0306554 0 -0.0562596 -0.0326197 -0.997883 0 -0.207537 -0.599922 0.00044957 1 
-0.997778 -0.0336237 0.057355 0 -0.0354236 0.998892 -0.0306573 0 -0.0562618 -0.0326215 -0.997883 0 -0.207541 -0.599921 0.00045136 1 
-0.997778 -0.033632 0.0573539 0 -0.0354319 0.998892 -0.0306578 0 -0.0562604 -0.0326224 -0.997883 0 -0.207537 -0.599923 0.00045158 1 
-0.997778 -0.0336239 0.0573503 0 -0.0354233 0.998893 -0.0306526 0 -0.0562572 -0.0326167 -0.997883 0 -0.207537 -0.59992 0.00044819 1 
-0.997778 -0.0336237 0.0573535 0 -0.0354232 0.998893 -0.0306525 0 -0.0562604 -0.0326166 -0.997883 0 -0.207541 -0.59992 0.000448071 1 
-0.997778 -0.0336268 0.0573509 0 -0.0354263 0.998892 -0.0306527 0 -0.0562577 -0.0326169 -0.997883 0 -0.207537 -0.599921 0.000448546 1 
-0.997778 -0.0336232 0.0573494 0 -0.0354228 0.998892 -0.0306558 0 -0.0562562 -0.0326198 -0.997883 0 -0.207536 -0.599922 0.000448949 1 
-0.997778 -0.0336256 0.0573525 0 -0.0354253 0.998892 -0.0306548 0 -0.0562593 -0.0326191 -0.997883 0 -0.20754 -0.599921 0.000449274 1 
-0.997778 -0.0336259 0.0573507 0 -0.0354254 0.998892 -0.0306532 0 -0.0562575 -0.0326174 -0.997883 0 -0.207537 -0.599921 0.000449159 1 
-0.997778 -0.0336275 0.0573485 0 -0.0354272 0.998892 -0.0306578 0 -0.0562551 -0.032622 -0.997883 0 -0.207535 -0.599923 0.000451052 1 
-0.997778 -0.0336213 0.0573507 0 -0.0354208 0.998893 -0.0306545 0 -0.0562576 -0.0326184 -0.997883 0 -0.207538 -0.599921 0.000449416 1 
-0.997778 -0.0336324 0.0573508 0 -0.035432 0.998892 -0.0306549 0 -0.0562573 -0.0326195 -0.997883 0 -0.207536 -0.599922 0.000449177 1 
-0.997778 -0.033626 0.0573524 0 -0.0354255 0.998893 -0.0306517 0 -0.0562592 -0.0326159 -0.997883 0 -0.207538 -0.59992 0.000448152 1 
-0.997778 -0.0336252 0.0573504 0 -0.0354248 0.998892 -0.0306558 0 -0.0562572 -0.03262 -0.997883 0 -0.207538 -0.599921 0.000449889 1 
-0.997778 -0.033631 0.0573521 0 -0.0354304 0.998892 -0.0306507 0 -0.0562589 -0.0326153 -0.997883 0 -0.207537 -0.59992 0.000448837 1 
-0.997778 -0.0336236 0.0573527 0 -0.035423 0.998893 -0.0306523 0 -0.0562597 -0.0326164 -0.997883 0 -0.20754 -0.59992 0.000448476 1 
-0.997778 -0.0336187 0.0573513 0 -0.0354182 0.998893 -0.0306534 0 -0.0562584 -0.0326172 -0.997883 0 -0.20754 -0.59992 0.00044877 1 
