-0.998928 -0.0183281 0.0422697 0 -0.0170971 0.999415 0.0293006 0 -0.0427828 0.0285471 -0.998676 0 -0.149731 -0.307845 0.554353 1 
-0.998929 -0.0183173 0.0422619 0 -0.0170868 0.999415 0.029297 0 -0.0427747 0.0285441 -0.998677 0 -0.149738 -0.307842 0.554353 1 
-0.998928 -0.0183323 0.042268 0 -0.0171013 0.999415 0.0293036 0 -0.0427813 0.0285499 -0.998676 0 -0.149729 -0.307844 0.554352 1 
-0.998929 -0.0183263 0.0422684 0 -0.0170956 0.999415 0.029296 0 -0.0427814 0.0285425 -0.998677 0 -0.149731 -0.307844 0.554355 1 
-0.998929 -0.0183267 0.0422674 0 -0.017096 0.999415 0.0292979 0 -0.0427805 0.0285444 -0.998677 0 -0.149732 -0.307844 0.554353 1 
-0.998929 -0.0183297 0.0422641 0 -0.0170989 0.999415 0.0293026 0 -0.0427773 0.0285491 -0.998677 0 -0.149732 -0.307843 0.554352 1 
-0.998928 -0.0183367 0.0422685 0 -0.0171057 0.999415 0.0293018 0 -0.0427819 0.0285479 -0.998676 0 -0.149731 -0.307844 0.554353 1 
-0.998929 -0.0183291 0.0422637 0 -0.0170982 0.999415 0.0293033 0 -0.0427769 0.0285499 -0.998677 0 -0.149732 -0.307843 0.554352 1 
-0.998928 -0.0183281 0.0422698 0 -0.0170975 0.999415 0.0292926 0 -0.0427828 0.0285391 -0.998677 0 -0.149732 -0.307845 0.554355 1 
-0.998929 -0.0183268 0.0422679 0 -0.0170961 0.999415 0.0292971 0 -0.0427809 0.0285436 -0.998677 0 -0.149731 -0.307843 0.554354 1 
-0.998929 -0.0183323 0.0422671 0 -0.0171015 0.999415 0.0293008 0 -0.0427804 0.0285472 -0.998677 0 -0.149731 -0.307844 0.554352 1 
-0.998928 -0.018332 0.0422701 0 -0.0171012 0.999415 0.0292984 0 -0.0427833 0.0285447 -0.998677 0 -0.149733 -0.307843 0.554355 1 
-0.998929 -0.0183284 0.0422653 0 -0.0170975 0.999415 0.0293019 0 -0.0427784 0.0285485 -0.998677 0 -0.149732 -0.307843 0.554352 1 
-0.998929 -0.0183287 0.0422653 0 -0.0170979 0.999415 0.0293004 0 -0.0427785 0.0285469 -0.998677 0 -0.149732 -0.307845 0.554352 1 
-0.998929 -0.018328 0.0422686 0 -0.0170973 0.999415 0.0292966 0 -0.0427817 0.0285431 -0.998677 0 -0.149732 -0.307844 0.554354 1 
-0.998929 -0.0183263 0.0422685 0 -0.0170952 0.999415 0.0293054 0 -0.0427816 0.0285519 -0.998676 0 -0.149732 -0.307844 0.554352 1 
-0.998928 -0.0183328 0.0422672 0 -0.0171019 0.999415 0.0293019 0 -0.0427805 0.0285483 -0.998677 0 -0.149731 -0.307843 0.554353 1 
-0.998929 -0.018327 0.0422677 0 -0.0170962 0.999415 0.0292992 0 -0.0427807 0.0285457 -0.998677 0 -0.149732 -0.307844 0.554352 1 
-0.998929 -0.018329 0.0422675 0 -0.0170982 0.999415 0.0292989 0 -0.0427806 0.0285454 -0.998677 0 -0.149732 -0.307845 0.554353 1 
-0.998929 -0.0183244 0.0422661 0 -0.0170934 0.999415 0.0293034 0 -0.0427791 0.02855 -0.998677 0 -0.149732 -0.307844 0.554352 1 
-0.998928 -0.0183303 0.0422683 0 -0.0170995 0.999415 0.0292969 0 -0.0427814 0.0285432 -0.998677 0 -0.149731 -0.307844 0.554353 1 
-0.998929 -0.0183321 0.0422665 0 -0.0171013 0.999415 0.0292995 0 -0.0427797 0.0285458 -0.998677 0 -0.149732 -0.307844 0.554353 1 
-0.998929 -0.0183174 0.0422663 0 -0.0170868 0.999415 0.0292945 0 -0.042779 0.0285415 -0.998677 0 -0.149735 -0.307843 0.554354 1 
-0.998929 -0.0183225 0.042267 0 -0.0170919 0.999415 0.0292943 0 -0.0427798 0.028541 -0.998677 0 -0.149732 -0.307845 0.554354 1 
-0.998928 -0.0183308 0.0422685 0 -0.0170999 0.999415 0.0293023 0 -0.0427817 0.0285486 -0.998676 0 -0.149729 -0.307845 0.554352 1 
-0.998929 -0.0183235 0.042266 0 -0.0170926 0.999415 0.0293013 0 -0.042779 0.0285481 -0.998677 0 -0.149733 -0.307844 0.554351 1 
-0.998928 -0.0183327 0.0422714 0 -0.0171019 0.999415 0.0292959 0 -0.0427845 0.0285422 -0.998677 0 -0.14973 -0.307845 0.554354 1 
-0.998929 -0.0183261 0.0422686 0 -0.0170954 0.999415 0.0292968 0 -0.0427815 0.0285434 -0.998677 0 -0.149732 -0.307844 0.554353 1 
-0.998929 -0.0183226 0.0422693 0 -0.0170917 0.999415 0.0293005 0 -0.0427823 0.0285472 -0.998676 0 -0.149732 -0.307843 0.554352 1 
-0.998929 -0.0183219 0.0422644 0 -0.0170911 0.999415 0.0293017 0 -0.0427774 0.0285485 -0.998677 0 -0.149733 -0.307844 0.554351 1 
-0.998929 -0.0183257 0.0422653 0 -0.0170947 0.999415 0.0293055 0 -0.0427785 0.0285522 -0.998677 0 -0.149731 -0.307844 0.55435 1 
-0.998929 -0.0183243 0.0422679 0 -0.0170936 0.999415 0.0292982 0 -0.0427809 0.0285448 -0.998677 0 -0.149733 -0.307844 0.554353 1 
-0.998929 -0.0183309 0.0422679 0 -0.0171002 0.999415 0.0292967 0 -0.042781 0.0285431 -0.998677 0 -0.149732 -0.307844 0.554353 1 
-0.998929 -0.018332 0.0422659 0 -0.017101 0.999415 0.0293056 0 -0.0427793 0.028552 -0.998676 0 -0.14973 -0.307844 0.55435 1 
-0.998929 -0.0183276 0.0422686 0 -0.0170965 0.999415 0.0293037 0 -0.0427818 0.0285502 -0.998676 0 -0.149732 -0.307843 0.554352 1 
-0.998928 -0.0183295 0.0422703 0 -0.0170989 0.999415 0.0292936 0 -0.0427834 0.02854 -0.998677 0 -0.149731 -0.307845 0.554355 1 
-0.998929 -0.0183316 0.042265 0 -0.0171007 0.999415 0.0293042 0 -0.0427783 0.0285506 -0.998677 0 -0.149731 -0.307844 0.55435 1 
-0.998928 -0.0183314 0.0422695 0 -0.0171005 0.999415 0.0292992 0 -0.0427827 0.0285456 -0.998677 0 -0.149731 -0.307845 0.554353 1 
-0.998929 -0.0183267 0.0422672 0 -0.0170958 0.999415 0.029301 0 -0.0427802 0.0285476 -0.998677 0 -0.149732 -0.307845 0.554352 1 
-0.998929 -0.0183254 0.042266 0 -0.0170944 0.999415 0.0293041 0 -0.0427791 0.0285507 -0.998677 0 -0.14973 -0.307844 0.554352 1 
-0.998929 -0.0183217 0.0422633 0 -0.0170908 0.999415 0.029304 0 -0.0427763 0.0285508 -0.998677 0 -0.149732 -0.307844 0.554351 1 
-0.998928 -0.0183335 0.0422687 0 -0.0171026 0.999415 0.029301 0 -0.042782 0.0285472 -0.998677 0 -0.14973 -0.307846 0.554353 1 
-0.998928 -0.018336 0.0422708 0 -0.017105 0.999415 0.0293018 0 -0.0427842 0.0285479 -0.998676 0 -0.149729 -0.307846 0.554353 1 
-0.998929 -0.0183279 0.0422679 0 -0.0170972 0.999415 0.0292976 0 -0.042781 0.0285441 -0.998677 0 -0.149732 -0.307843 0.554353 1 
-0.998929 -0.0183262 0.0422667 0 -0.0170955 0.999415 0.0292973 0 -0.0427797 0.0285439 -0.998677 0 -0.149732 -0.307843 0.554353 1 
-0.998928 -0.0183325 0.0422682 0 -0.0171016 0.999415 0.0293014 0 -0.0427814 0.0285477 -0.998677 0 -0.149732 -0.307844 0.554352 1 
-0.998929 -0.0183269 0.0422635 0 -0.0170962 0.999415 0.0293005 0 -0.0427766 0.0285471 -0.998677 0 -0.149734 -0.307844 0.554351 1 
-0.998929 -0.0183248 0.0422668 0 -0.017094 0.999415 0.0292995 0 -0.0427798 0.0285461 -0.998677 0 -0.149731 -0.307844 0.554352 1 
-0.998929 -0.0183287 0.0422685 0 -0.0170977 0.999415 0.0293027 0 -0.0427817 0.0285491 -0.998676 0 -0.149731 -0.307845 0.554351 1 
-0.998929 -0.0183287 0.0422679 0 -0.0170978 0.999415 0.0293014 0 -0.0427811 0.0285478 -0.998677 0 -0.149732 -0.307844 0.554353 1 
-0.998928 -0.0183253 0.0422715 0 -0.0170944 0.999415 0.0292979 0 -0.0427845 0.0285444 -0.998676 0 -0.149733 -0.307843 0.554354 1 
-0.998929 -0.0183238 0.0422642 0 -0.0170929 0.999415 0.0293037 0 -0.0427772 0.0285504 -0.998677 0 -0.149731 -0.307843 0.554351 1 
-0.998929 -0.0183262 0.0422681 0 -0.0170954 0.999415 0.029297 0 -0.0427811 0.0285436 -0.998677 0 -0.149732 -0.307844 0.554353 1 
-0.998929 -0.0183319 0.0422649 0 -0.017101 0.999415 0.0293021 0 -0.0427782 0.0285485 -0.998677 0 -0.149731 -0.307845 0.554351 1 
-0.998928 -0.0183327 0.0422689 0 -0.0171018 0.999415 0.0292994 0 -0.0427822 0.0285457 -0.998677 0 -0.149731 -0.307844 0.554353 1 
-0.998928 -0.0183305 0.0422682 0 -0.0170996 0.999415 0.0293008 0 -0.0427814 0.0285472 -0.998677 0 -0.149732 -0.307845 0.554352 1 
-0.998929 -0.0183277 0.0422685 0 -0.0170968 0.999415 0.0293004 0 -0.0427816 0.0285469 -0.998677 0 -0.149731 -0.307844 0.554352 1 
-0.998929 -0.0183273 0.0422656 0 -0.0170964 0.999415 0.029303 0 -0.0427788 0.0285496 -0.998677 0 -0.149732 -0.307843 0.554352 1 
-0.998928 -0.0183283 0.0422706 0 -0.0170974 0.999415 0.0292986 0 -0.0427836 0.0285451 -0.998676 0 -0.149732 -0.307845 0.554353 1 
-0.998927 -0.0183403 0.0422897 0 -0.0171099 0.999415 0.0292757 0 -0.0428027 0.0285213 -0.998676 0 -0.149732 -0.307849 0.554363 1 
-0.998928 -0.0183399 0.0422845 0 -0.0171091 0.999415 0.0292889 0 -0.0427977 0.0285346 -0.998676 0 -0.149729 -0.307848 0.554356 1 
-0.998927 -0.0183566 0.0422965 0 -0.0171262 0.999415 0.0292691 0 -0.0428099 0.0285139 -0.998676 0 -0.149723 -0.307854 0.554367 1 
-0.998927 -0.0183458 0.0422962 0 -0.0171153 0.999415 0.0292721 0 -0.0428093 0.0285173 -0.998676 0 -0.14973 -0.30785 0.554365 1 
-0.998928 -0.0183225 0.0422888 0 -0.0170925 0.999416 0.0292646 0 -0.0428011 0.028511 -0.998677 0 -0.149734 -0.307848 0.554367 1 
-0.998928 -0.0183153 0.0422847 0 -0.0170854 0.999416 0.029266 0 -0.0427968 0.0285127 -0.998677 0 -0.149738 -0.307846 0.554366 1 
-0.998928 -0.0183224 0.0422897 0 -0.017092 0.999416 0.0292754 0 -0.0428022 0.0285218 -0.998676 0 -0.149734 -0.307847 0.554364 1 
-0.998927 -0.018348 0.0422915 0 -0.0171175 0.999415 0.0292761 0 -0.0428047 0.0285213 -0.998676 0 -0.149727 -0.307849 0.554364 1 
-0.998928 -0.0183375 0.0422876 0 -0.0171067 0.999415 0.029285 0 -0.0428007 0.0285307 -0.998676 0 -0.149729 -0.307847 0.554361 1 
-0.998927 -0.0183339 0.0422914 0 -0.0171037 0.999416 0.0292671 0 -0.0428041 0.0285129 -0.998677 0 -0.14973 -0.307848 0.554367 1 
-0.998927 -0.0183572 0.0422931 0 -0.0171265 0.999415 0.0292807 0 -0.0428067 0.0285255 -0.998676 0 -0.149722 -0.307852 0.554363 1 
-0.998927 -0.0183437 0.0423058 0 -0.017114 0.999416 0.0292491 0 -0.0428184 0.0284942 -0.998676 0 -0.149726 -0.307851 0.554377 1 
-0.998926 -0.0183126 0.0423337 0 -0.0170857 0.999419 0.0291629 0 -0.042844 0.0284088 -0.998678 0 -0.149734 -0.307839 0.554413 1 
-0.998926 -0.0182945 0.0423501 0 -0.0170694 0.999421 0.0291113 0 -0.0428589 0.0283577 -0.998679 0 -0.149742 -0.307834 0.554435 1 
-0.998927 -0.0182773 0.0423354 0 -0.0170513 0.99942 0.0291422 0 -0.0428443 0.0283896 -0.998678 0 -0.14975 -0.307835 0.554422 1 
-0.998928 -0.018233 0.0423118 0 -0.0170056 0.99942 0.0291896 0 -0.0428203 0.0284394 -0.998678 0 -0.149773 -0.307829 0.554401 1 
-0.998932 -0.0181244 0.0422781 0 -0.0168972 0.999421 0.029205 0 -0.0427837 0.02846 -0.998679 0 -0.149826 -0.307811 0.554389 1 
-0.998934 -0.0180675 0.0422409 0 -0.0168412 0.999422 0.0292072 0 -0.042745 0.0284653 -0.99868 0 -0.14985 -0.307805 0.554383 1 
-0.998932 -0.0181131 0.0422776 0 -0.0168866 0.999422 0.0291894 0 -0.0427827 0.0284449 -0.998679 0 -0.149827 -0.30781 0.554395 1 
-0.99893 -0.0181388 0.0423062 0 -0.0169133 0.999422 0.0291487 0 -0.0428113 0.0284026 -0.998679 0 -0.149812 -0.30781 0.554414 1 
-0.998934 -0.0180867 0.042242 0 -0.0168594 0.999421 0.0292332 0 -0.0427471 0.0284904 -0.99868 0 -0.149835 -0.307802 0.554372 1 
-0.998936 -0.0181021 0.0421891 0 -0.0168709 0.999417 0.0293595 0 -0.0426968 0.0286171 -0.998678 0 -0.149833 -0.307815 0.554317 1 
-0.998935 -0.0181993 0.0421813 0 -0.0169642 0.999412 0.0294564 0 -0.0426934 0.02871 -0.998676 0 -0.149796 -0.307835 0.554281 1 
-0.998933 -0.0182452 0.0421869 0 -0.0170087 0.999411 0.0294852 0 -0.0427008 0.0287368 -0.998675 0 -0.149775 -0.307847 0.554271 1 
-0.998934 -0.01827 0.0421591 0 -0.0170318 0.999409 0.0295442 0 -0.0426748 0.0287952 -0.998674 0 -0.149769 -0.307852 0.554245 1 
-0.998936 -0.018292 0.0421136 0 -0.0170505 0.999405 0.0296529 0 -0.0426317 0.0289038 -0.998673 0 -0.149761 -0.307868 0.554199 1 
-0.998937 -0.0183782 0.0420418 0 -0.017131 0.999398 0.0298342 0 -0.0425656 0.0290829 -0.99867 0 -0.149731 -0.307899 0.554121 1 
-0.99894 -0.0184697 0.041938 0 -0.0172114 0.999387 0.0301681 0 -0.0424703 0.0294149 -0.998665 0 -0.149709 -0.307932 0.553981 1 
-0.998943 -0.0184864 0.0418667 0 -0.0172225 0.999381 0.0303521 0 -0.0424027 0.0295995 -0.998662 0 -0.149709 -0.307951 0.553907 1 
-0.998942 -0.0185162 0.0418682 0 -0.0172524 0.999381 0.0303481 0 -0.042405 0.0295943 -0.998662 0 -0.149699 -0.307959 0.553909 1 
-0.998941 -0.0185321 0.0418716 0 -0.0172676 0.99938 0.030363 0 -0.0424092 0.0296084 -0.998662 0 -0.149695 -0.307964 0.553905 1 
-0.998944 -0.0185041 0.0418195 0 -0.0172383 0.999379 0.0304293 0 -0.0423574 0.0296768 -0.998662 0 -0.14971 -0.30796 0.553872 1 
-0.998937 -0.0185033 0.0419948 0 -0.0172499 0.999391 0.0300149 0 -0.0425254 0.0292592 -0.998667 0 -0.149785 -0.308102 0.553809 1 
-0.998921 -0.0187203 0.0422651 0 -0.0174816 0.999403 0.0294884 0 -0.0427927 0.0287183 -0.998671 0 -0.149832 -0.30839 0.55361 1 
-0.998913 -0.0193336 0.0421781 0 -0.0180857 0.999383 0.0297708 0 -0.0427285 0.0289762 -0.998666 0 -0.149743 -0.30871 0.553108 1 
-0.998917 -0.019984 0.0417798 0 -0.0187098 0.999345 0.0306693 0 -0.0423661 0.0298549 -0.998656 0 -0.149576 -0.309059 0.552334 1 
-0.998933 -0.0203916 0.0412132 0 -0.0190805 0.999297 0.0319612 0 -0.0418368 0.0311413 -0.998639 0 -0.149398 -0.309466 0.551288 1 
-0.998945 -0.0211346 0.0405441 0 -0.0197855 0.999237 0.0333925 0 -0.0412196 0.0325557 -0.99862 0 -0.149213 -0.310067 0.549939 1 
-0.998956 -0.0219625 0.0398057 0 -0.0205965 0.999186 0.034408 0 -0.0405298 0.0335529 -0.998615 0 -0.149038 -0.310992 0.548259 1 
-0.998956 -0.0226149 0.0394514 0 -0.0212552 0.999167 0.0345482 0 -0.0402006 0.0336742 -0.998624 0 -0.148963 -0.312258 0.54636 1 
-0.99893 -0.0232755 0.0397296 0 -0.021944 0.999184 0.0336255 0 -0.0404807 0.0327183 -0.998644 0 -0.149153 -0.314032 0.544041 1 
-0.998904 -0.0239824 0.0399652 0 -0.0226599 0.999182 0.0332199 0 -0.0407299 0.0322785 -0.998649 0 -0.149576 -0.315961 0.541143 1 
-0.998888 -0.0243968 0.0401122 0 -0.0230801 0.99918 0.0329654 0 -0.0408843 0.0320036 -0.998651 0 -0.150257 -0.317854 0.538046 1 
-0.998873 -0.0244838 0.0404259 0 -0.0231854 0.9992 0.0322818 0 -0.0411847 0.0313087 -0.998661 0 -0.151374 -0.320151 0.534454 1 
-0.99887 -0.0239235 0.0408204 0 -0.0226464 0.999239 0.0314669 0 -0.0415429 0.0305075 -0.998671 0 -0.152904 -0.322768 0.530299 1 
-0.998879 -0.0229556 0.0411671 0 -0.0216867 0.999274 0.03101 0 -0.0418499 0.030083 -0.998671 0 -0.154796 -0.325515 0.525689 1 
-0.998878 -0.0222524 0.041583 0 -0.0209875 0.999301 0.0306111 0 -0.042236 0.0297046 -0.998666 0 -0.157071 -0.328346 0.520837 1 
-0.998867 -0.0213646 0.0422866 0 -0.0201143 0.999345 0.0297745 0 -0.0428958 0.0288907 -0.998662 0 -0.159759 -0.331165 0.515961 1 
-0.998874 -0.0204295 0.042596 0 -0.0191663 0.999361 0.0298543 0 -0.0431795 0.0290048 -0.998646 0 -0.162838 -0.333997 0.510781 1 
-0.998866 -0.019786 0.0430768 0 -0.0185135 0.999377 0.0297415 0 -0.0436393 0.0289108 -0.998629 0 -0.166245 -0.336866 0.505656 1 
-0.99884 -0.0194268 0.0438406 0 -0.0181467 0.999393 0.0294104 0 -0.0443862 0.0285812 -0.998606 0 -0.170156 -0.339621 0.500566 1 
-0.998825 -0.0198252 0.0439969 0 -0.0185248 0.999375 0.0297705 0 -0.0445605 0.028921 -0.998588 0 -0.174414 -0.342448 0.49524 1 
-0.998795 -0.0197951 0.0446905 0 -0.0185095 0.999398 0.0289993 0 -0.0452385 0.0281377 -0.99858 0 -0.178975 -0.345279 0.49028 1 
-0.998762 -0.020306 0.0451946 0 -0.0190158 0.999395 0.0287986 0 -0.0457529 0.0279041 -0.998563 0 -0.184182 -0.347913 0.485347 1 
-0.99873 -0.0207804 0.0456952 0 -0.0195044 0.999403 0.0281934 0 -0.0462547 0.0272668 -0.998557 0 -0.189884 -0.350781 0.48022 1 
-0.998716 -0.0205764 0.0460774 0 -0.0193054 0.999416 0.0278621 0 -0.0466246 0.0269373 -0.998549 0 -0.19583 -0.353304 0.475391 1 
-0.998685 -0.0207131 0.0466883 0 -0.0194535 0.999429 0.0272733 0 -0.0472274 0.0263297 -0.998537 0 -0.202363 -0.355928 0.470553 1 
-0.998659 -0.0213528 0.0469552 0 -0.0200934 0.99942 0.0271326 0 -0.0475083 0.0261532 -0.998528 0 -0.209019 -0.358316 0.465838 1 
-0.998629 -0.0213903 0.0475793 0 -0.0201568 0.999442 0.0262546 0 -0.0481153 0.0252601 -0.998522 0 -0.215832 -0.360494 0.461449 1 
-0.998617 -0.0213674 0.0478359 0 -0.0201333 0.999446 0.0261324 0 -0.0483687 0.0251337 -0.998513 0 -0.223082 -0.362676 0.456588 1 
-0.998587 -0.0209902 0.0486126 0 -0.0197776 0.999475 0.025291 0 -0.0491189 0.0242943 -0.998497 0 -0.230555 -0.364507 0.452226 1 
-0.998567 -0.0212575 0.0489157 0 -0.0200464 0.999474 0.0251167 0 -0.0494249 0.0241006 -0.998487 0 -0.238105 -0.366397 0.447476 1 
-0.998559 -0.0206184 0.0493431 0 -0.0193972 0.999487 0.0251008 0 -0.0498362 0.024108 -0.998466 0 -0.245861 -0.36785 0.44296 1 
-0.998529 -0.0202872 0.0500827 0 -0.0190868 0.999512 0.02433 0 -0.0505528 0.0233387 -0.998449 0 -0.253599 -0.369301 0.438843 1 
-0.998515 -0.0206617 0.0502063 0 -0.0194522 0.999502 0.0244603 0 -0.0506877 0.0234478 -0.998439 0 -0.261473 -0.370645 0.434388 1 
-0.998499 -0.0203106 0.0506692 0 -0.0191067 0.999517 0.0241323 0 -0.0511359 0.0231284 -0.998424 0 -0.269128 -0.371838 0.430546 1 
-0.998491 -0.019963 0.0509764 0 -0.0187595 0.999527 0.0239788 0 -0.051432 0.0229867 -0.998412 0 -0.276506 -0.372949 0.426976 1 
-0.998482 -0.020484 0.0509385 0 -0.0192621 0.999508 0.0243641 0 -0.0514135 0.0233464 -0.998405 0 -0.28396 -0.374216 0.42299 1 
-0.998461 -0.0202592 0.0514316 0 -0.0190447 0.999521 0.0239943 0 -0.0518941 0.0229783 -0.998388 0 -0.291245 -0.375463 0.419519 1 
-0.998441 -0.0204658 0.0517426 0 -0.0192495 0.999519 0.0238959 0 -0.0522078 0.0228631 -0.998374 0 -0.298097 -0.376935 0.416083 1 
-0.998462 -0.020596 0.0512937 0 -0.0193441 0.999496 0.0247852 0 -0.0517793 0.0237553 -0.998376 0 -0.304745 -0.37845 0.412368 1 
-0.998413 -0.0211143 0.0520326 0 -0.0198832 0.999503 0.0240643 0 -0.0525159 0.022992 -0.998355 0 -0.311417 -0.380214 0.409046 1 
-0.998406 -0.0216564 0.0519381 0 -0.0204135 0.999486 0.0243431 0 -0.0524396 0.0232445 -0.998354 0 -0.317456 -0.382109 0.405471 1 
-0.998428 -0.0216846 0.0514952 0 -0.0204156 0.999468 0.0250425 0 -0.0520118 0.0239523 -0.998359 0 -0.323303 -0.384221 0.401651 1 
-0.998411 -0.0220112 0.0516908 0 -0.020739 0.999462 0.0250195 0 -0.0522147 0.0239082 -0.99835 0 -0.329269 -0.386591 0.397985 1 
-0.998385 -0.0223747 0.0520304 0 -0.0211097 0.999461 0.0247361 0 -0.0525569 0.0235983 -0.998339 0 -0.335077 -0.389363 0.39408 1 
-0.998404 -0.0226765 0.0515441 0 -0.0213962 0.999442 0.0252559 0 -0.052089 0.0241132 -0.998351 0 -0.340174 -0.392102 0.389767 1 
-0.998392 -0.0232166 0.0515286 0 -0.0219319 0.999428 0.0253588 0 -0.0520889 0.0241884 -0.998349 0 -0.344937 -0.395004 0.385779 1 
-0.998357 -0.0244569 0.051639 0 -0.0231823 0.999405 0.0251402 0 -0.0522242 0.0239023 -0.998349 0 -0.349507 -0.398257 0.381711 1 
-0.998375 -0.0251882 0.0509292 0 -0.0238931 0.99937 0.0258791 0 -0.05155 0.0246207 -0.998367 0 -0.35377 -0.401586 0.377014 1 
-0.998343 -0.0258682 0.0512121 0 -0.0245854 0.999362 0.0255232 0 -0.0518407 0.0242223 -0.998362 0 -0.357919 -0.405168 0.372559 1 
-0.998318 -0.0265324 0.0513603 0 -0.0252504 0.999347 0.0254508 0 -0.0520031 0.0241116 -0.998356 0 -0.361818 -0.40881 0.368024 1 
-0.99831 -0.0272221 0.0511568 0 -0.025935 0.999325 0.0256574 0 -0.0518217 0.0242878 -0.998361 0 -0.365553 -0.412695 0.36293 1 
-0.998327 -0.0279429 0.0504327 0 -0.026632 0.999285 0.0264814 0 -0.0511376 0.0250944 -0.998376 0 -0.369127 -0.416746 0.357423 1 
-0.99832 -0.0285054 0.0502619 0 -0.0271987 0.999269 0.0264932 0 -0.0509813 0.0250821 -0.998385 0 -0.372394 -0.420788 0.352085 1 
-0.998297 -0.0293064 0.050259 0 -0.0280118 0.999253 0.0262725 0 -0.0509924 0.0248204 -0.998391 0 -0.375544 -0.424981 0.346615 1 
-0.998291 -0.030349 0.0497488 0 -0.029054 0.999216 0.0265509 0 -0.0505166 0.0250606 -0.998409 0 -0.378646 -0.429342 0.340422 1 
-0.998324 -0.031407 0.0484073 0 -0.0300927 0.999155 0.0276452 0 -0.0492356 0.0261427 -0.998445 0 -0.381157 -0.433091 0.334264 1 
-0.998302 -0.0326306 0.0480511 0 -0.0313411 0.999125 0.0273491 0 -0.0489024 0.0257971 -0.99847 0 -0.383744 -0.437234 0.328081 1 
-0.998291 -0.0338452 0.0474471 0 -0.0325855 0.999092 0.0270767 0 -0.0483214 0.0254848 -0.998507 0 -0.386078 -0.441379 0.321727 1 
-0.99833 -0.0346186 0.0460382 0 -0.0333697 0.999052 0.0276232 0 -0.0469517 0.0260413 -0.998558 0 -0.387927 -0.445205 0.315 1 
-0.998368 -0.0353107 0.0446596 0 -0.0340685 0.99901 0.0282766 0 -0.0456147 0.0267095 -0.998602 0 -0.389526 -0.449113 0.308034 1 
-0.998356 -0.0358635 0.0444938 0 -0.0346658 0.999014 0.0274037 0 -0.0454336 0.0258167 -0.998634 0 -0.390984 -0.453324 0.301344 1 
-0.998409 -0.0357734 0.043367 0 -0.0345987 0.999012 0.0275418 0 -0.0443103 0.0259981 -0.998679 0 -0.39206 -0.457517 0.293814 1 
-0.998492 -0.035657 0.0415007 0 -0.0344938 0.998991 0.0284145 0 -0.0424728 0.0269406 -0.998734 0 -0.392547 -0.461492 0.285872 1 
-0.998556 -0.0349577 0.0405509 0 -0.0338222 0.999016 0.0283571 0 -0.0415031 0.0269452 -0.998775 0 -0.392725 -0.465344 0.278653 1 
-0.998615 -0.0342121 0.0397203 0 -0.0330926 0.999036 0.0285074 0 -0.0406581 0.027154 -0.998804 0 -0.392564 -0.469351 0.270914 1 
-0.998685 -0.0336921 0.0383956 0 -0.0325706 0.999025 0.0294677 0 -0.0393518 0.028179 -0.998828 0 -0.391934 -0.473 0.263104 1 
-0.998721 -0.0328824 0.0381664 0 -0.0317739 0.999056 0.0292953 0 -0.0390944 0.0280457 -0.998842 0 -0.391173 -0.47662 0.256025 1 
-0.998764 -0.0323046 0.0375291 0 -0.0311964 0.999061 0.0297468 0 -0.0384555 0.0285398 -0.998853 0 -0.390149 -0.480084 0.248298 1 
-0.998781 -0.0325157 0.0368701 0 -0.0314086 0.99904 0.0302191 0 -0.037818 0.0290248 -0.998863 0 -0.388783 -0.483277 0.241306 1 
-0.998809 -0.0323899 0.0362379 0 -0.0312883 0.999033 0.0305624 0 -0.0371935 0.0293928 -0.998876 0 -0.387092 -0.486574 0.233985 1 
-0.998849 -0.0320074 0.0354536 0 -0.0309072 0.999027 0.0311573 0 -0.0364171 0.0300262 -0.998885 0 -0.385116 -0.489565 0.227059 1 
-0.998886 -0.0314794 0.034872 0 -0.0303828 0.999031 0.0315442 0 -0.0358319 0.0304502 -0.998894 0 -0.383015 -0.492616 0.219948 1 
-0.99893 -0.0310914 0.0339663 0 -0.0299924 0.999015 0.0323968 0 -0.0349408 0.031344 -0.998898 0 -0.380748 -0.495437 0.21311 1 
-0.998935 -0.0309886 0.0338931 0 -0.0299029 0.999028 0.0320849 0 -0.0348551 0.0310378 -0.99891 0 -0.378379 -0.498507 0.206407 1 
-0.998961 -0.0306619 0.0334341 0 -0.0295805 0.999028 0.032373 0 -0.0343949 0.031351 -0.998916 0 -0.375624 -0.501497 0.20013 1 
-0.998979 -0.0307299 0.0328136 0 -0.0296513 0.99901 0.032866 0 -0.0337917 0.0318601 -0.998921 0 -0.37258 -0.504598 0.19334 1 
-0.998987 -0.0303824 0.032917 0 -0.0293158 0.999035 0.0324143 0 -0.0338707 0.0314171 -0.998932 0 -0.369785 -0.507524 0.187952 1 
-0.99902 -0.0298177 0.0324011 0 -0.0287547 0.999039 0.0327921 0 -0.0333483 0.0318289 -0.998937 0 -0.366621 -0.510358 0.18178 1 
-0.999037 -0.0293397 0.0323393 0 -0.0282852 0.999059 0.0325945 0 -0.0332658 0.031649 -0.998945 0 -0.363188 -0.513377 0.176359 1 
-0.999076 -0.0285186 0.0318647 0 -0.0274645 0.999067 0.0330426 0 -0.0327779 0.0321375 -0.998946 0 -0.359603 -0.516216 0.171031 1 
-0.999099 -0.0281703 0.0314524 0 -0.0271187 0.999065 0.0333752 0 -0.0323638 0.0324928 -0.998948 0 -0.356057 -0.518935 0.165587 1 
-0.999091 -0.0279462 0.0318843 0 -0.0269115 0.999102 0.0324326 0 -0.0327627 0.0315457 -0.998965 0 -0.352492 -0.521886 0.160915 1 
-0.999113 -0.0277844 0.0313492 0 -0.0267473 0.999087 0.0330281 0 -0.0322389 0.0321609 -0.998963 0 -0.348517 -0.524562 0.156027 1 
-0.999132 -0.02753 0.0309562 0 -0.0264939 0.999081 0.033395 0 -0.0318478 0.0325465 -0.998963 0 -0.34438 -0.527268 0.150963 1 
-0.999155 -0.0269749 0.0307101 0 -0.0259413 0.99909 0.0335706 0 -0.0315883 0.0327462 -0.998964 0 -0.340401 -0.529835 0.14672 1 
-0.999154 -0.0272112 0.0305301 0 -0.0261808 0.999081 0.033654 0 -0.0314184 0.0328268 -0.998967 0 -0.336139 -0.532526 0.142548 1 
-0.999159 -0.0271716 0.0303917 0 -0.0261439 0.99908 0.0337155 0 -0.0312805 0.0328932 -0.998969 0 -0.331955 -0.535008 0.138346 1 
-0.999171 -0.02688 0.0302435 0 -0.0258548 0.999085 0.0337919 0 -0.0311248 0.0329826 -0.998971 0 -0.327703 -0.537424 0.13434 1 
-0.999172 -0.026881 0.0302212 0 -0.0258607 0.999089 0.0336587 0 -0.031099 0.03285 -0.998976 0 -0.323376 -0.539893 0.130792 1 
-0.999183 -0.0267152 0.0300094 0 -0.0256933 0.999084 0.0339369 0 -0.0308891 0.0331388 -0.998973 0 -0.31892 -0.542277 0.127233 1 
-0.999197 -0.0267416 0.0295233 0 -0.0257131 0.999058 0.0346828 0 -0.0304235 0.0338964 -0.998962 0 -0.314518 -0.544389 0.123647 1 
-0.999206 -0.0264156 0.0295155 0 -0.0253901 0.999069 0.0345955 0 -0.0304025 0.0338193 -0.998965 0 -0.310195 -0.546547 0.120491 1 
-0.999197 -0.0265295 0.0296998 0 -0.02551 0.99908 0.034195 0 -0.0305803 0.0334105 -0.998974 0 -0.305736 -0.548761 0.117745 1 
-0.999214 -0.0261677 0.0294665 0 -0.0251434 0.999075 0.0346125 0 -0.0303456 0.0338451 -0.998966 0 -0.301194 -0.550679 0.115117 1 
-0.999239 -0.0257513 0.0289652 0 -0.0247163 0.999053 0.0355394 0 -0.0298535 0.0347971 -0.998948 0 -0.297003 -0.552156 0.112713 1 
-0.999249 -0.025756 0.0286095 0 -0.0247151 0.999031 0.03616 0 -0.0295136 0.0354265 -0.998936 0 -0.292776 -0.553598 0.110493 1 
-0.999266 -0.025376 0.0283695 0 -0.0243294 0.999022 0.0366481 0 -0.0292723 0.0359317 -0.998925 0 -0.28846 -0.554931 0.108502 1 
-0.999281 -0.0249308 0.0282187 0 -0.0238809 0.999022 0.0369526 0 -0.029113 0.0362529 -0.998918 0 -0.284059 -0.556097 0.106715 1 
-0.999304 -0.0244845 0.02781 0 -0.0234261 0.999002 0.0377662 0 -0.0287074 0.0370892 -0.9989 0 -0.279631 -0.556909 0.105153 1 
-0.999319 -0.0240806 0.027628 0 -0.0230161 0.998995 0.0382202 0 -0.0285211 0.0375589 -0.998887 0 -0.275246 -0.557709 0.103834 1 
-0.999319 -0.0240922 0.0275895 0 -0.0230267 0.998991 0.0383077 0 -0.0284851 0.037647 -0.998885 0 -0.2709 -0.558513 0.102627 1 
-0.999321 -0.023758 0.0278056 0 -0.0226981 0.999017 0.0378302 0 -0.0286775 0.0371741 -0.998897 0 -0.266762 -0.559259 0.10147 1 
-0.999316 -0.0236504 0.0280832 0 -0.0225947 0.999038 0.0373311 0 -0.0289396 0.0366718 -0.998908 0 -0.262755 -0.559912 0.100339 1 
-0.999305 -0.0240863 0.0281163 0 -0.0230313 0.999031 0.0372584 0 -0.028987 0.0365857 -0.99891 0 -0.258523 -0.560479 0.0991393 1 
-0.999313 -0.0239224 0.027975 0 -0.0228646 0.999024 0.0375382 0 -0.0288463 0.0368735 -0.998904 0 -0.254598 -0.560824 0.0979272 1 
-0.999322 -0.023598 0.0279072 0 -0.0225364 0.999023 0.0377622 0 -0.0287716 0.0371084 -0.998897 0 -0.251097 -0.561039 0.096719 1 
-0.999317 -0.0237478 0.0279728 0 -0.0226907 0.999029 0.0375216 0 -0.0288372 0.0368619 -0.998904 0 -0.247422 -0.561245 0.0952854 1 
-0.999303 -0.0242854 0.0280245 0 -0.0232344 0.999027 0.0372388 0 -0.0289021 0.0365624 -0.998913 0 -0.244291 -0.561435 0.0939978 1 
-0.999311 -0.024058 0.0279075 0 -0.0230069 0.999026 0.0373916 0 -0.0287804 0.0367244 -0.998911 0 -0.241076 -0.561515 0.0926379 1 
-0.999321 -0.023672 0.0278845 0 -0.0226222 0.999035 0.0373804 0 -0.028743 0.0367249 -0.998912 0 -0.237902 -0.561507 0.0912207 1 
-0.999325 -0.0233536 0.0280323 0 -0.0223135 0.999062 0.0368619 0 -0.0288674 0.0362122 -0.998927 0 -0.235194 -0.561505 0.0899133 1 
-0.999327 -0.0230572 0.0281814 0 -0.0220276 0.999088 0.0363134 0 -0.0289935 0.0356688 -0.998943 0 -0.232477 -0.561423 0.0884941 1 
-0.999334 -0.0226946 0.0282251 0 -0.0216671 0.9991 0.0361889 0 -0.0290216 0.035554 -0.998946 0 -0.229823 -0.561248 0.0871023 1 
-0.999339 -0.0225537 0.0281612 0 -0.0215273 0.999102 0.0362352 0 -0.0289537 0.0356057 -0.998946 0 -0.227199 -0.561102 0.0857801 1 
-0.999339 -0.022506 0.0282 0 -0.0214885 0.999115 0.0358813 0 -0.0289832 0.0352523 -0.998958 0 -0.224528 -0.561076 0.0844926 1 
-0.999343 -0.0222503 0.0282611 0 -0.0212408 0.999133 0.0355343 0 -0.0290278 0.0349113 -0.998969 0 -0.222144 -0.561059 0.0833517 1 
-0.99935 -0.0220351 0.0281863 0 -0.0210291 0.999139 0.0355031 0 -0.0289449 0.0348879 -0.998972 0 -0.219697 -0.560972 0.0821141 1 
-0.999367 -0.0215684 0.0279604 0 -0.0205565 0.999131 0.0359884 0 -0.0287129 0.0353915 -0.998961 0 -0.217183 -0.560819 0.0807559 1 
-0.999371 -0.0214617 0.0278837 0 -0.0204508 0.999131 0.0360442 0 -0.0286336 0.035452 -0.998961 0 -0.214961 -0.560796 0.0795613 1 
-0.999366 -0.021527 0.0280231 0 -0.0205277 0.99915 0.0354701 0 -0.0287634 0.034873 -0.998978 0 -0.212776 -0.560899 0.0783839 1 
-0.999359 -0.0216194 0.0281976 0 -0.0206339 0.999172 0.0347841 0 -0.0289268 0.0341806 -0.998997 0 -0.210663 -0.561011 0.0772233 1 
-0.999346 -0.0220506 0.0283216 0 -0.0210773 0.999183 0.0342136 0 -0.0290534 0.0335949 -0.999013 0 -0.208691 -0.56111 0.0760426 1 
-0.999347 -0.0220055 0.0283357 0 -0.0210351 0.999187 0.034103 0 -0.0290637 0.0334853 -0.999017 0 -0.206871 -0.561174 0.0748518 1 
-0.999343 -0.0220877 0.028401 0 -0.021115 0.999185 0.0341068 0 -0.0291317 0.0334853 -0.999015 0 -0.205318 -0.561228 0.0736621 1 
-0.99934 -0.0222315 0.0284072 0 -0.0212589 0.999183 0.0340924 0 -0.0291425 0.0334666 -0.999015 0 -0.203971 -0.561326 0.0724314 1 
-0.999328 -0.022422 0.0286777 0 -0.021461 0.999202 0.0333893 0 -0.029404 0.032752 -0.999031 0 -0.203055 -0.561623 0.0713172 1 
-0.999317 -0.0226468 0.028859 0 -0.0216955 0.999215 0.0328599 0 -0.0295811 0.032212 -0.999043 0 -0.202497 -0.561877 0.0702216 1 
-0.999305 -0.0228578 0.0291032 0 -0.0219251 0.999239 0.0319748 0 -0.0298124 0.0313152 -0.999065 0 -0.202217 -0.562173 0.0690509 1 
-0.999298 -0.023012 0.0292451 0 -0.0220901 0.999251 0.0314661 0 -0.0299479 0.0307985 -0.999077 0 -0.20217 -0.562396 0.0677729 1 
-0.999299 -0.0230138 0.0292113 0 -0.0220903 0.999248 0.0315527 0 -0.029916 0.0308859 -0.999075 0 -0.202274 -0.562495 0.066323 1 
-0.999303 -0.0228438 0.0291997 0 -0.0219187 0.99925 0.0316197 0 -0.0299007 0.0309582 -0.999073 0 -0.202501 -0.562572 0.0646817 1 
-0.99931 -0.0225969 0.0291522 0 -0.0216718 0.999254 0.0316664 0 -0.0298466 0.0310134 -0.999073 0 -0.202763 -0.562645 0.0629526 1 
-0.999309 -0.0223959 0.0293329 0 -0.0214841 0.999278 0.031039 0 -0.0300074 0.030388 -0.999088 0 -0.203062 -0.562866 0.0613038 1 
-0.999301 -0.0223095 0.02968 0 -0.0214191 0.999311 0.029988 0 -0.0303292 0.0293319 -0.999109 0 -0.203342 -0.563189 0.059743 1 
-0.999292 -0.0222825 0.0299963 0 -0.021411 0.999338 0.0290676 0 -0.0306247 0.0284053 -0.999127 0 -0.20359 -0.563515 0.0582153 1 
-0.999289 -0.0223205 0.0300633 0 -0.0214505 0.999341 0.0289567 0 -0.0306904 0.0282918 -0.999128 0 -0.203778 -0.563725 0.0565468 1 
-0.999293 -0.0223456 0.0299241 0 -0.0214677 0.999329 0.0293432 0 -0.0305603 0.0286805 -0.999121 0 -0.203905 -0.563853 0.0548409 1 
-0.999295 -0.0224912 0.0297369 0 -0.0216064 0.999314 0.029748 0 -0.0303862 0.0290851 -0.999115 0 -0.203928 -0.564011 0.0531238 1 
-0.999294 -0.0227173 0.0296147 0 -0.0218303 0.999304 0.0299407 0 -0.0302748 0.0292736 -0.999113 0 -0.203906 -0.564279 0.0517478 1 
-0.999287 -0.0230242 0.0295899 0 -0.0221393 0.999298 0.0298918 0 -0.030258 0.029216 -0.999115 0 -0.203886 -0.56477 0.050342 1 
-0.99928 -0.0231957 0.0297183 0 -0.0223194 0.999306 0.0294867 0 -0.0303822 0.0288027 -0.999123 0 -0.203895 -0.565379 0.0492927 1 
-0.999274 -0.0233951 0.0297625 0 -0.0225213 0.999305 0.0293622 0 -0.0304294 0.0286711 -0.999126 0 -0.203898 -0.5659 0.0484878 1 
-0.999275 -0.0234376 0.0296867 0 -0.0225584 0.999297 0.0296131 0 -0.0303604 0.0289225 -0.99912 0 -0.203864 -0.566447 0.0475727 1 
-0.999279 -0.023378 0.0296042 0 -0.0224927 0.99929 0.0298927 0 -0.0302826 0.0292058 -0.999115 0 -0.203804 -0.566902 0.0467918 1 
-0.99928 -0.0233944 0.0295287 0 -0.0225026 0.999282 0.0301785 0 -0.0302141 0.0294929 -0.999108 0 -0.203705 -0.567306 0.0460881 1 
-0.999282 -0.023415 0.0294495 0 -0.0225168 0.999272 0.0304697 0 -0.0301421 0.0297853 -0.999102 0 -0.203553 -0.567742 0.0453464 1 
-0.999285 -0.0233318 0.0294302 0 -0.0224297 0.99927 0.0306161 0 -0.0301236 0.0299346 -0.999098 0 -0.203414 -0.568117 0.0447884 1 
-0.999286 -0.0232606 0.0294468 0 -0.0223573 0.999271 0.0306404 0 -0.0301386 0.0299608 -0.999097 0 -0.20327 -0.56852 0.0443282 1 
-0.999289 -0.023101 0.0294739 0 -0.0221965 0.999274 0.0306561 0 -0.0301613 0.0299807 -0.999095 0 -0.203093 -0.56885 0.0439936 1 
-0.999288 -0.0230543 0.0295536 0 -0.0221506 0.999278 0.0305481 0 -0.0302371 0.0298723 -0.999096 0 -0.20297 -0.569125 0.0438416 1 
-0.999284 -0.023052 0.0296744 0 -0.0221529 0.999286 0.0302801 0 -0.0303518 0.0296016 -0.999101 0 -0.202961 -0.569352 0.0438621 1 
-0.999281 -0.0230252 0.0298071 0 -0.0221325 0.999297 0.0299388 0 -0.0304761 0.0292581 -0.999107 0 -0.203026 -0.569525 0.0439858 1 
-0.999277 -0.0229164 0.0300091 0 -0.0220295 0.999311 0.0295591 0 -0.0306664 0.0288772 -0.999112 0 -0.20317 -0.569688 0.044149 1 
-0.999277 -0.022691 0.0301928 0 -0.0218108 0.999327 0.0291688 0 -0.0308349 0.0284897 -0.999118 0 -0.20338 -0.569846 0.0442972 1 
-0.999281 -0.022361 0.0303081 0 -0.0214856 0.999342 0.0289057 0 -0.0309351 0.0282343 -0.999123 0 -0.203625 -0.56991 0.0443988 1 
-0.999284 -0.0220596 0.0304173 0 -0.0211851 0.999352 0.028778 0 -0.031033 0.0281136 -0.999123 0 -0.203873 -0.569906 0.0444536 1 
-0.999288 -0.021744 0.0305187 0 -0.0208667 0.999358 0.0287756 0 -0.0311254 0.0281189 -0.99912 0 -0.204152 -0.569833 0.0444601 1 
-0.999292 -0.0214539 0.0305936 0 -0.0205708 0.999361 0.0288906 0 -0.0311944 0.0282414 -0.999114 0 -0.204424 -0.569712 0.0444134 1 
-0.999294 -0.0212494 0.030659 0 -0.0203589 0.99936 0.0290723 0 -0.0312578 0.0284282 -0.999107 0 -0.204653 -0.569586 0.0443244 1 
-0.999298 -0.0210868 0.030665 0 -0.0201865 0.999355 0.0293781 0 -0.0312654 0.028739 -0.999098 0 -0.204828 -0.569437 0.0441535 1 
-0.999303 -0.0209458 0.0305888 0 -0.0200354 0.999346 0.0297738 0 -0.0311931 0.0291407 -0.999088 0 -0.204943 -0.569275 0.0439114 1 
-0.999311 -0.0208175 0.0304257 0 -0.0198952 0.999333 0.030306 0 -0.0310369 0.0296804 -0.999077 0 -0.204997 -0.569084 0.043578 1 
-0.999318 -0.0207636 0.0302033 0 -0.0198285 0.999315 0.0309381 0 -0.0308256 0.0303187 -0.999065 0 -0.204982 -0.568886 0.0431599 1 
-0.999323 -0.0208112 0.0300036 0 -0.0198645 0.999296 0.0315118 0 -0.0306389 0.0308951 -0.999053 0 -0.20493 -0.568732 0.0426511 1 
-0.999326 -0.0209052 0.0298642 0 -0.0199522 0.999284 0.0318588 0 -0.0305094 0.0312421 -0.999046 0 -0.204871 -0.568667 0.0421399 1 
-0.999328 -0.0209678 0.029754 0 -0.0200105 0.999274 0.0321133 0 -0.0304063 0.0314969 -0.999041 0 -0.204833 -0.568633 0.0415911 1 
-0.999328 -0.0210139 0.0297168 0 -0.0200559 0.999271 0.032177 0 -0.0303719 0.03156 -0.99904 0 -0.20484 -0.56868 0.0410646 1 
-0.999327 -0.021034 0.0297153 0 -0.0200763 0.999271 0.0321661 0 -0.0303708 0.0315485 -0.999041 0 -0.204891 -0.568817 0.0405691 1 
-0.999327 -0.0210406 0.0297323 0 -0.0200833 0.999272 0.0321357 0 -0.0303873 0.0315176 -0.999041 0 -0.204966 -0.569012 0.0401028 1 
-0.999326 -0.0210552 0.0297599 0 -0.0200992 0.999274 0.032067 0 -0.0304141 0.0314478 -0.999043 0 -0.205058 -0.569262 0.0396404 1 
-0.999323 -0.0210838 0.0298139 0 -0.02013 0.999277 0.0319383 0 -0.0304663 0.0313172 -0.999045 0 -0.205157 -0.569566 0.0391984 1 
-0.999322 -0.0211006 0.0298549 0 -0.0201479 0.99928 0.0318607 0 -0.0305062 0.0312382 -0.999046 0 -0.205256 -0.569861 0.0388138 1 
-0.999321 -0.0211482 0.0298512 0 -0.0201946 0.999278 0.0318922 0 -0.0305046 0.0312683 -0.999045 0 -0.205326 -0.570124 0.0384312 1 
-0.999319 -0.0212532 0.0298314 0 -0.0202983 0.999274 0.0319538 0 -0.0304895 0.0313271 -0.999044 0 -0.205349 -0.570377 0.038056 1 
-0.999316 -0.021398 0.0298273 0 -0.0204421 0.999269 0.0319928 0 -0.0304907 0.0313618 -0.999043 0 -0.205353 -0.570637 0.0377116 1 
-0.999313 -0.0215226 0.0298349 0 -0.0205659 0.999266 0.0320105 0 -0.0305025 0.0313756 -0.999042 0 -0.205363 -0.570871 0.0374146 1 
-0.999311 -0.0216306 0.0298412 0 -0.0206736 0.999264 0.032015 0 -0.0305123 0.0313766 -0.999042 0 -0.205371 -0.571088 0.0371547 1 
-0.99931 -0.021685 0.0298353 0 -0.0207271 0.999262 0.0320497 0 -0.0305089 0.0314098 -0.999041 0 -0.205381 -0.571231 0.0369471 1 
-0.99931 -0.0216755 0.0298429 0 -0.020717 0.999262 0.0320602 0 -0.0305164 0.0314204 -0.99904 0 -0.205431 -0.571338 0.0367932 1 
-0.999311 -0.0216425 0.0298387 0 -0.0206825 0.99926 0.032117 0 -0.0305123 0.0314783 -0.999039 0 -0.20548 -0.571399 0.0366459 1 
-0.999313 -0.0215979 0.0297853 0 -0.0206345 0.999256 0.0322815 0 -0.030461 0.0316453 -0.999035 0 -0.205504 -0.571384 0.0364845 1 
-0.999317 -0.0215819 0.0296896 0 -0.0206132 0.999248 0.0325527 0 -0.0303704 0.031919 -0.999029 0 -0.205492 -0.5713 0.0363066 1 
-0.99932 -0.0215712 0.0295949 0 -0.0205976 0.999239 0.0328171 0 -0.0302809 0.0321858 -0.999023 0 -0.205476 -0.57122 0.0361272 1 
-0.999323 -0.0215593 0.0294903 0 -0.0205803 0.99923 0.0331069 0 -0.0301819 0.0324782 -0.999017 0 -0.205453 -0.571131 0.0359396 1 
-0.999326 -0.0215574 0.0293877 0 -0.0205733 0.999221 0.0333885 0 -0.0300852 0.032762 -0.99901 0 -0.205426 -0.571047 0.0357528 1 
-0.999329 -0.0215328 0.0292985 0 -0.0205438 0.999213 0.0336488 0 -0.0300006 0.033025 -0.999004 0 -0.205412 -0.570962 0.0355699 1 
-0.999332 -0.021503 0.0292196 0 -0.0205103 0.999206 0.0338598 0 -0.029925 0.0332385 -0.998999 0 -0.205411 -0.570888 0.035398 1 
-0.999335 -0.0214911 0.0291331 0 -0.0204944 0.999199 0.0340896 0 -0.029843 0.0334705 -0.998994 0 -0.205397 -0.570811 0.0352312 1 
-0.999336 -0.0214946 0.0290769 0 -0.0204952 0.999194 0.0342431 0 -0.0297901 0.0336251 -0.99899 0 -0.205377 -0.57076 0.0350894 1 
-0.999337 -0.0214768 0.0290545 0 -0.0204764 0.999192 0.0343021 0 -0.0297683 0.0336851 -0.998989 0 -0.205379 -0.570726 0.0349645 1 
-0.999339 -0.0214537 0.0290213 0 -0.020452 0.99919 0.0343824 0 -0.029736 0.0337668 -0.998987 0 -0.20538 -0.570683 0.034836 1 
-0.99934 -0.021445 0.0289846 0 -0.0204417 0.999187 0.0344761 0 -0.0297009 0.0338615 -0.998985 0 -0.205374 -0.570641 0.0347119 1 
-0.999342 -0.0214275 0.0289385 0 -0.0204217 0.999182 0.0346181 0 -0.0296572 0.034005 -0.998982 0 -0.205376 -0.570588 0.0345787 1 
-0.999345 -0.0213561 0.0288987 0 -0.0203477 0.999179 0.0347493 0 -0.0296177 0.0341392 -0.998978 0 -0.205409 -0.570521 0.0344355 1 
-0.999348 -0.0213145 0.0288086 0 -0.0203023 0.999172 0.0349829 0 -0.0295309 0.0343758 -0.998973 0 -0.205409 -0.570432 0.0342299 1 
-0.999351 -0.0213053 0.0287256 0 -0.0202892 0.999164 0.0352129 0 -0.0294523 0.0346079 -0.998967 0 -0.205395 -0.570343 0.0339844 1 
-0.999353 -0.0212495 0.0286987 0 -0.0202324 0.999163 0.0352754 0 -0.0294248 0.0346726 -0.998965 0 -0.20542 -0.570265 0.033679 1 
-0.999352 -0.0212101 0.028742 0 -0.0201984 0.999172 0.0350434 0 -0.029462 0.0344408 -0.998972 0 -0.205444 -0.570245 0.0333264 1 
-0.99935 -0.0212366 0.0287967 0 -0.0202303 0.99918 0.0347969 0 -0.0295127 0.0341924 -0.998979 0 -0.205437 -0.570219 0.0328614 1 
-0.99935 -0.0212058 0.0288106 0 -0.0202023 0.999184 0.0346846 0 -0.0295231 0.0340807 -0.998983 0 -0.205451 -0.570142 0.0323253 1 
-0.999355 -0.0211018 0.0287352 0 -0.0200968 0.999182 0.0348254 0 -0.0294472 0.0342261 -0.99898 0 -0.205493 -0.569989 0.0317403 1 
-0.999361 -0.0210057 0.0285857 0 -0.019996 0.999172 0.0351613 0 -0.0293012 0.0345679 -0.998973 0 -0.205513 -0.569772 0.0310121 1 
-0.999365 -0.0209448 0.0284856 0 -0.0199332 0.999167 0.0353436 0 -0.0292027 0.034754 -0.998969 0 -0.205517 -0.569595 0.03028 1 
-0.999366 -0.0208793 0.0285143 0 -0.0198737 0.999176 0.0351072 0 -0.0292244 0.0345189 -0.998977 0 -0.20555 -0.569512 0.029616 1 
-0.999365 -0.0208192 0.0285694 0 -0.0198211 0.999189 0.0347839 0 -0.029271 0.0341962 -0.998986 0 -0.20559 -0.569443 0.028917 1 
-0.999363 -0.0208486 0.0286444 0 -0.0198583 0.9992 0.034431 0 -0.0293399 0.0338409 -0.998996 0 -0.2056 -0.569404 0.0282104 1 
-0.999355 -0.0209101 0.0288662 0 -0.0199361 0.999226 0.0336246 0 -0.0295475 0.033028 -0.999018 0 -0.205612 -0.569493 0.0275818 1 
-0.999347 -0.0209919 0.0290937 0 -0.0200338 0.99925 0.0328397 0 -0.0297619 0.032236 -0.999037 0 -0.20562 -0.569554 0.0269768 1 
-0.999343 -0.0210603 0.029183 0 -0.0201092 0.999259 0.0325103 0 -0.0298466 0.0319027 -0.999045 0 -0.205612 -0.56951 0.0263404 1 
-0.999339 -0.0210755 0.0292785 0 -0.0201322 0.999271 0.0321449 0 -0.0299352 0.0315348 -0.999054 0 -0.205627 -0.569473 0.0257354 1 
-0.999335 -0.0210881 0.0294161 0 -0.0201565 0.999287 0.0316159 0 -0.0300624 0.0310025 -0.999067 0 -0.205649 -0.569477 0.0251793 1 
-0.999332 -0.0211253 0.0295093 0 -0.0202028 0.999299 0.031217 0 -0.0301487 0.0306006 -0.999077 0 -0.205642 -0.569458 0.0246145 1 
-0.999331 -0.0211436 0.0295269 0 -0.0202251 0.999303 0.0310664 0 -0.0301638 0.030449 -0.999081 0 -0.205632 -0.569383 0.02403 1 
-0.999329 -0.0211803 0.0295524 0 -0.020266 0.999307 0.0309025 0 -0.0301871 0.0302835 -0.999085 0 -0.205623 -0.569333 0.023486 1 
-0.999327 -0.0212186 0.029584 0 -0.0203082 0.999311 0.030744 0 -0.0302166 0.0301231 -0.999089 0 -0.20562 -0.569309 0.0229265 1 
-0.999327 -0.0212345 0.0295818 0 -0.020327 0.999314 0.0306475 0 -0.0302129 0.0300261 -0.999092 0 -0.205619 -0.569289 0.0223391 1 
-0.999327 -0.0212673 0.0295688 0 -0.0203609 0.999314 0.0306244 0 -0.0302004 0.0300023 -0.999093 0 -0.205621 -0.569253 0.0217285 1 
-0.999325 -0.0213572 0.0295666 0 -0.0204501 0.999311 0.0306504 0 -0.0302014 0.0300256 -0.999093 0 -0.205617 -0.56923 0.0211235 1 
-0.999325 -0.0214286 0.0295036 0 -0.0205176 0.999304 0.0308416 0 -0.0301445 0.030216 -0.999089 0 -0.205617 -0.569214 0.0204227 1 
-0.999328 -0.0214513 0.0293993 0 -0.0205348 0.999295 0.0311297 0 -0.030047 0.0305056 -0.999083 0 -0.205642 -0.569225 0.0197166 1 
-0.99933 -0.0215174 0.0292644 0 -0.0205925 0.99928 0.0315492 0 -0.0299227 0.0309261 -0.999074 0 -0.205662 -0.569257 0.018933 1 
-0.999333 -0.0216284 0.0291082 0 -0.020694 0.999263 0.0320293 0 -0.0297801 0.0314062 -0.999063 0 -0.20566 -0.569304 0.01812 1 
-0.999334 -0.0217392 0.0289699 0 -0.0207953 0.999246 0.0324933 0 -0.029655 0.0318698 -0.999052 0 -0.205667 -0.569348 0.0172889 1 
-0.999336 -0.0218293 0.0288471 0 -0.0208762 0.99923 0.032938 0 -0.0295444 0.0323145 -0.999041 0 -0.205702 -0.569388 0.0163177 1 
-0.999338 -0.0218763 0.0287288 0 -0.0209165 0.999217 0.033296 0 -0.0294353 0.0326737 -0.999033 0 -0.205744 -0.569411 0.015259 1 
-0.99934 -0.0219459 0.0286043 0 -0.0209822 0.999207 0.033565 0 -0.0293188 0.0329433 -0.999027 0 -0.205741 -0.5694 0.0141039 1 
-0.999342 -0.0220097 0.0284997 0 -0.0210441 0.999199 0.0337461 0 -0.0292202 0.0331248 -0.999024 0 -0.205726 -0.569341 0.0128838 1 
-0.999343 -0.0220751 0.0284179 0 -0.0211099 0.999195 0.0338268 0 -0.0291423 0.0332053 -0.999024 0 -0.205696 -0.569263 0.0117171 1 
-0.999341 -0.0221237 0.0284331 0 -0.0211659 0.999203 0.0335565 0 -0.0291534 0.0329332 -0.999032 0 -0.205677 -0.569198 0.0105271 1 
-0.999338 -0.0221524 0.0285302 0 -0.0212063 0.999219 0.0330471 0 -0.0292405 0.0324209 -0.999046 0 -0.205685 -0.569155 0.00937639 1 
-0.999337 -0.0221871 0.0285418 0 -0.021247 0.999225 0.0328291 0 -0.0292487 0.0322015 -0.999053 0 -0.205681 -0.569106 0.00831682 1 
-0.999334 -0.0222072 0.0286199 0 -0.0212763 0.999238 0.0324286 0 -0.0293188 0.0317987 -0.999064 0 -0.205715 -0.569166 0.00728266 1 
-0.99933 -0.0222463 0.0287151 0 -0.0213251 0.999251 0.0319973 0 -0.0294059 0.0313641 -0.999075 0 -0.205761 -0.569281 0.00628485 1 
-0.999331 -0.0223122 0.0286401 0 -0.0213897 0.999245 0.0321229 0 -0.0293357 0.0314894 -0.999073 0 -0.205767 -0.56929 0.00523669 1 
-0.999332 -0.0223965 0.0285275 0 -0.0214699 0.999235 0.0323848 0 -0.0292315 0.0317513 -0.999068 0 -0.205759 -0.569282 0.00418175 1 
-0.999333 -0.0224866 0.0284249 0 -0.021557 0.999226 0.0325981 0 -0.0291365 0.0319642 -0.999064 0 -0.205744 -0.569291 0.00314805 1 
-0.999336 -0.0225534 0.0282806 0 -0.0216173 0.999213 0.0329788 0 -0.0290026 0.0323462 -0.999056 0 -0.205725 -0.569207 0.002089 1 
-0.999337 -0.0225584 0.0282215 0 -0.0216221 0.99921 0.0330541 0 -0.0289454 0.0324227 -0.999055 0 -0.205737 -0.56915 0.00122436 1 
-0.999336 -0.0225868 0.0282522 0 -0.0216539 0.999214 0.0329035 0 -0.0289737 0.0322705 -0.999059 0 -0.205766 -0.569129 0.000444073 1 
-0.999335 -0.0226164 0.0282701 0 -0.0216865 0.999218 0.0327781 0 -0.0289899 0.0321438 -0.999063 0 -0.205777 -0.569104 -0.000236014 1 
-0.999334 -0.022635 0.0282659 0 -0.021707 0.999219 0.0327174 0 -0.028985 0.0320827 -0.999065 0 -0.205776 -0.569058 -0.000817863 1 
-0.999333 -0.0226586 0.028314 0 -0.0217356 0.999226 0.0324917 0 -0.0290289 0.0318552 -0.999071 0 -0.20578 -0.569059 -0.00129833 1 
-0.99933 -0.0227188 0.0283605 0 -0.0217999 0.999231 0.0323018 0 -0.0290731 0.0316625 -0.999076 0 -0.20578 -0.569087 -0.00172968 1 
-0.999329 -0.0228191 0.0283299 0 -0.0218992 0.999226 0.0323671 0 -0.0290471 0.0317256 -0.999074 0 -0.205748 -0.569067 -0.00217378 1 
-0.999327 -0.0229071 0.0282964 0 -0.0219851 0.999221 0.0324762 0 -0.0290189 0.0318328 -0.999072 0 -0.205727 -0.569059 -0.00258987 1 
-0.999326 -0.0230027 0.0282713 0 -0.0220778 0.999215 0.032604 0 -0.0289996 0.0319585 -0.999068 0 -0.205726 -0.569087 -0.0029915 1 
-0.999326 -0.0230808 0.0282079 0 -0.0221501 0.999204 0.0328725 0 -0.0289447 0.0322261 -0.999061 0 -0.205734 -0.569101 -0.00344381 1 
-0.999328 -0.0231177 0.0280937 0 -0.0221795 0.999191 0.0332607 0 -0.0288404 0.0326159 -0.999052 0 -0.205747 -0.569097 -0.00393915 1 
-0.99933 -0.023175 0.027994 0 -0.0222297 0.999178 0.0336195 0 -0.0287507 0.0329753 -0.999043 0 -0.205761 -0.569106 -0.00446139 1 
-0.999331 -0.0232621 0.0278615 0 -0.0223096 0.999162 0.0340241 0 -0.0286302 0.0333805 -0.999033 0 -0.205751 -0.569123 -0.00507216 1 
-0.999333 -0.0233403 0.0277576 0 -0.0223801 0.999147 0.0344125 0 -0.0285377 0.033769 -0.999022 0 -0.205761 -0.569118 -0.00573724 1 
-0.999333 -0.0234288 0.0276714 0 -0.0224637 0.999136 0.0346862 0 -0.0284607 0.0340421 -0.999015 0 -0.205754 -0.569108 -0.00641056 1 
-0.999334 -0.0234901 0.0275911 0 -0.0225209 0.999126 0.0349284 0 -0.028388 0.0342844 -0.999009 0 -0.205756 -0.569108 -0.00707764 1 
-0.999335 -0.0235225 0.0275304 0 -0.0225494 0.999118 0.0351361 0 -0.0283332 0.0344926 -0.999003 0 -0.205787 -0.56912 -0.00771953 1 
-0.999334 -0.0236071 0.0274677 0 -0.0226314 0.999111 0.0353067 0 -0.0282773 0.0346622 -0.998999 0 -0.205774 -0.569146 -0.00826774 1 
-0.999332 -0.023681 0.0274686 0 -0.0227043 0.999108 0.0353382 0 -0.0282815 0.0346917 -0.998998 0 -0.205786 -0.569216 -0.00869597 1 
-0.999333 -0.0236514 0.0274717 0 -0.0226737 0.999107 0.0353704 0 -0.0282843 0.0347246 -0.998997 0 -0.205847 -0.569276 -0.00903676 1 
-0.999335 -0.0235966 0.0274463 0 -0.0226174 0.999106 0.0354545 0 -0.0282589 0.0348108 -0.998994 0 -0.205909 -0.569328 -0.00928949 1 
-0.999336 -0.0235579 0.0274326 0 -0.0225776 0.999105 0.0355126 0 -0.0282452 0.0348703 -0.998993 0 -0.205962 -0.569385 -0.00948206 1 
-0.999337 -0.0235597 0.0274177 0 -0.0225788 0.999103 0.0355498 0 -0.0282312 0.0349079 -0.998992 0 -0.205982 -0.569437 -0.00962226 1 
-0.999337 -0.023594 0.0273847 0 -0.022612 0.999099 0.0356321 0 -0.0282013 0.0349899 -0.99899 0 -0.205976 -0.569476 -0.00977908 1 
-0.999338 -0.0236064 0.0273162 0 -0.0226214 0.999092 0.0358252 0 -0.0281376 0.0351842 -0.998985 0 -0.205966 -0.569451 -0.00997915 1 
-0.999341 -0.023589 0.027231 0 -0.0225992 0.999083 0.0361019 0 -0.0280582 0.0354634 -0.998977 0 -0.205972 -0.569378 -0.0102485 1 
-0.999344 -0.0235576 0.0271636 0 -0.0225641 0.999076 0.0363183 0 -0.0279946 0.0356822 -0.998971 0 -0.205988 -0.569304 -0.0105346 1 
-0.999348 -0.0235201 0.0270514 0 -0.0225226 0.999066 0.0366051 0 -0.0278876 0.0359727 -0.998964 0 -0.205983 -0.569188 -0.0108571 1 
-0.999351 -0.0234753 0.0269663 0 -0.0224749 0.99906 0.0368192 0 -0.0278059 0.03619 -0.998958 0 -0.205983 -0.569065 -0.0111866 1 
-0.999353 -0.0234552 0.0269274 0 -0.0224532 0.999056 0.0369302 0 -0.0277687 0.0363023 -0.998955 0 -0.205995 -0.568954 -0.0115035 1 
-0.99935 -0.0235162 0.026951 0 -0.0225145 0.999056 0.0368859 0 -0.0277935 0.0362558 -0.998956 0 -0.205989 -0.568889 -0.0118062 1 
-0.999347 -0.0235998 0.0270137 0 -0.0226014 0.999062 0.0366865 0 -0.0278547 0.0360527 -0.998962 0 -0.205972 -0.568887 -0.0120642 1 
-0.999342 -0.0236819 0.0271095 0 -0.0226874 0.999069 0.03642 0 -0.0279473 0.0357817 -0.998969 0 -0.205976 -0.568947 -0.0122976 1 
-0.99934 -0.0237319 0.0271673 0 -0.0227399 0.999074 0.0362578 0 -0.0280031 0.0356167 -0.998973 0 -0.20599 -0.569017 -0.0124991 1 
-0.999338 -0.0237749 0.0272012 0 -0.0227847 0.999077 0.0361503 0 -0.0280361 0.0355073 -0.998976 0 -0.206004 -0.569114 -0.0126461 1 
-0.999335 -0.0238363 0.0272448 0 -0.0228481 0.99908 0.0360226 0 -0.0280789 0.0353768 -0.99898 0 -0.206016 -0.569259 -0.0127438 1 
-0.99933 -0.0239495 0.027312 0 -0.0229646 0.999085 0.0358209 0 -0.0281454 0.0351704 -0.998985 0 -0.206009 -0.569464 -0.0128093 1 
-0.999324 -0.0241435 0.0273631 0 -0.0231601 0.999084 0.0357034 0 -0.0282006 0.0350462 -0.998988 0 -0.205953 -0.569644 -0.012892 1 
-0.999324 -0.0242484 0.0272712 0 -0.023261 0.999073 0.0359587 0 -0.0281184 0.0353007 -0.998981 0 -0.205877 -0.56959 -0.0130848 1 
-0.999326 -0.0243193 0.0271404 0 -0.0233269 0.999059 0.0363037 0 -0.0279983 0.0356468 -0.998972 0 -0.205808 -0.569493 -0.0133415 1 
-0.999325 -0.0244157 0.0270813 0 -0.0234207 0.999051 0.0364683 0 -0.0279465 0.0358102 -0.998968 0 -0.20576 -0.569506 -0.0135786 1 
-0.999324 -0.0245284 0.0270416 0 -0.0235308 0.999043 0.0366124 0 -0.0279143 0.035952 -0.998964 0 -0.205722 -0.569561 -0.0138224 1 
-0.999325 -0.0245667 0.0269606 0 -0.0235634 0.999031 0.036919 0 -0.027842 0.0362595 -0.998954 0 -0.20572 -0.569522 -0.0141411 1 
-0.999326 -0.0245775 0.0269034 0 -0.0235697 0.999022 0.0371551 0 -0.0277908 0.0364967 -0.998947 0 -0.205733 -0.569492 -0.0144324 1 
-0.999328 -0.0245966 0.026833 0 -0.023586 0.999014 0.0373484 0 -0.0277257 0.0366912 -0.998942 0 -0.20573 -0.569481 -0.0147565 1 
-0.999328 -0.0246253 0.026792 0 -0.0236134 0.99901 0.03745 0 -0.0276883 0.0367929 -0.998939 0 -0.205733 -0.569508 -0.0150496 1 
-0.999328 -0.0246758 0.0267405 0 -0.0236606 0.999002 0.0376381 0 -0.027643 0.0369808 -0.998934 0 -0.205733 -0.569523 -0.0153434 1 
-0.999329 -0.0247159 0.0266806 0 -0.0236983 0.998994 0.0378048 0 -0.0275887 0.0371479 -0.998929 0 -0.205724 -0.569533 -0.015623 1 
-0.999327 -0.0247553 0.0267264 0 -0.0237402 0.998999 0.0376529 0 -0.0276323 0.0369937 -0.998933 0 -0.205745 -0.56966 -0.0157964 1 
-0.999326 -0.0247751 0.0267375 0 -0.0237605 0.999 0.0376201 0 -0.0276434 0.0369601 -0.998934 0 -0.205768 -0.569761 -0.0159455 1 
-0.999324 -0.0248342 0.0267579 0 -0.023822 0.999003 0.0375052 0 -0.0276632 0.0368431 -0.998938 0 -0.205766 -0.569881 -0.0160618 1 
-0.99932 -0.0249528 0.0267843 0 -0.0239431 0.999005 0.0373786 0 -0.0276909 0.0367126 -0.998942 0 -0.20573 -0.570015 -0.016128 1 
-0.999317 -0.0250565 0.0268009 0 -0.0240463 0.999003 0.0373695 0 -0.0277111 0.0367002 -0.998942 0 -0.205694 -0.570088 -0.0162148 1 
-0.999316 -0.0250806 0.0268092 0 -0.0240708 0.999003 0.0373449 0 -0.0277196 0.0366748 -0.998943 0 -0.205702 -0.570138 -0.016292 1 
-0.999315 -0.0250909 0.0268452 0 -0.0240831 0.999007 0.0372263 0 -0.0277531 0.036555 -0.998946 0 -0.205719 -0.570218 -0.0163458 1 
-0.999314 -0.0251295 0.0268653 0 -0.0241223 0.999008 0.0371781 0 -0.0277734 0.0365053 -0.998947 0 -0.205723 -0.5703 -0.0164207 1 
-0.999313 -0.0251571 0.0268596 0 -0.0241496 0.999006 0.0371992 0 -0.0277693 0.0365257 -0.998947 0 -0.205726 -0.570359 -0.0165538 1 
-0.99931 -0.025222 0.0268964 0 -0.0242163 0.999009 0.037082 0 -0.0278055 0.0364058 -0.99895 0 -0.205735 -0.5705 -0.0166754 1 
-0.999306 -0.0253292 0.0269537 0 -0.0243251 0.999011 0.0369498 0 -0.0278635 0.0362692 -0.998954 0 -0.205735 -0.570691 -0.0167994 1 
-0.999302 -0.0254582 0.0269877 0 -0.0244546 0.99901 0.0368886 0 -0.0279006 0.0362035 -0.998955 0 -0.205724 -0.570871 -0.0169941 1 
-0.999297 -0.0255963 0.0270234 0 -0.0245935 0.99901 0.0368087 0 -0.0279394 0.0361189 -0.998957 0 -0.205714 -0.571078 -0.0172108 1 
-0.999291 -0.0257812 0.0270907 0 -0.0247801 0.999011 0.0366584 0 -0.0280095 0.0359618 -0.998961 0 -0.20569 -0.571351 -0.0174231 1 
-0.999285 -0.0259516 0.0271514 0 -0.024952 0.999011 0.0365275 0 -0.028073 0.0358246 -0.998964 0 -0.205684 -0.571627 -0.0176918 1 
-0.999278 -0.0261003 0.0272669 0 -0.0251047 0.999018 0.0362393 0 -0.0281865 0.0355293 -0.998971 0 -0.205717 -0.571994 -0.017904 1 
-0.999272 -0.026237 0.0273615 0 -0.0252445 0.999023 0.0360079 0 -0.02828 0.0352917 -0.998977 0 -0.205748 -0.572319 -0.0181393 1 
-0.999263 -0.0263788 0.0275375 0 -0.0253926 0.999035 0.0355648 0 -0.0284497 0.03484 -0.998988 0 -0.2058 -0.572741 -0.01826 1 
-0.999251 -0.0265757 0.0277692 0 -0.0255989 0.999051 0.0349574 0 -0.0286725 0.034221 -0.999003 0 -0.205847 -0.573271 -0.0183428 1 
-0.999239 -0.026787 0.0280196 0 -0.0258204 0.999068 0.0343094 0 -0.0289131 0.0335605 -0.999018 0 -0.205888 -0.573802 -0.0183719 1 
-0.999227 -0.0269982 0.0282509 0 -0.0260414 0.999083 0.0337068 0 -0.0291356 0.0329457 -0.999032 0 -0.205914 -0.574306 -0.0184012 1 
-0.999217 -0.027168 0.0284403 0 -0.0262186 0.999094 0.0332387 0 -0.0293181 0.0324676 -0.999043 0 -0.205952 -0.574748 -0.0184958 1 
-0.99921 -0.0272897 0.0285709 0 -0.0263456 0.999101 0.0329165 0 -0.029444 0.0321384 -0.99905 0 -0.205994 -0.575105 -0.018679 1 
-0.999201 -0.0273528 0.028801 0 -0.026419 0.999119 0.0323202 0 -0.0296602 0.0315341 -0.999062 0 -0.206108 -0.575603 -0.0187673 1 
-0.99919 -0.0274342 0.029127 0 -0.0265158 0.999143 0.0314642 0 -0.0299658 0.030667 -0.99908 0 -0.206242 -0.576242 -0.0187612 1 
-0.999178 -0.0274644 0.0294801 0 -0.0265646 0.999172 0.0304924 0 -0.0302937 0.0296848 -0.9991 0 -0.206343 -0.576937 -0.0186887 1 
-0.999165 -0.027576 0.0298113 0 -0.0266963 0.999198 0.0295133 0 -0.0306018 0.0286934 -0.99912 0 -0.206371 -0.577659 -0.0186038 1 
-0.999148 -0.0278473 0.0301457 0 -0.026984 0.999215 0.0286736 0 -0.0309211 0.0278362 -0.999134 0 -0.206347 -0.578357 -0.0185728 1 
-0.999133 -0.028008 0.0304749 0 -0.0271614 0.999234 0.0278458 0 -0.0312321 0.0269944 -0.999148 0 -0.206297 -0.579059 -0.0186024 1 
-0.999119 -0.0281334 0.0308268 0 -0.0273047 0.999253 0.0269796 0 -0.0315634 0.0261146 -0.999161 0 -0.206268 -0.5798 -0.0186415 1 
-0.999104 -0.0282894 0.0311634 0 -0.0274785 0.999271 0.0261508 0 -0.031881 0.0252715 -0.999172 0 -0.206257 -0.580533 -0.0187006 1 
-0.99909 -0.0284853 0.0314412 0 -0.0276886 0.999282 0.0254892 0 -0.0321453 0.024596 -0.999181 0 -0.206247 -0.581233 -0.018826 1 
-0.999078 -0.0286881 0.0316365 0 -0.0278999 0.999286 0.0250825 0 -0.0323341 0.0241772 -0.999185 0 -0.206236 -0.581847 -0.0189549 1 
-0.999066 -0.0289019 0.0318136 0 -0.0281219 0.99929 0.0246968 0 -0.0325054 0.0237795 -0.999189 0 -0.206225 -0.582387 -0.0190648 1 
-0.999056 -0.0290328 0.03203 0 -0.0282631 0.999297 0.0242265 0 -0.0327114 0.0232988 -0.999193 0 -0.206241 -0.582955 -0.0191287 1 
-0.999049 -0.0290325 0.0322326 0 -0.0282723 0.999307 0.0237934 0 -0.0329017 0.0228599 -0.999197 0 -0.206298 -0.583488 -0.0191349 1 
-0.999044 -0.0289772 0.0324318 0 -0.0282274 0.999319 0.0233422 0 -0.0330867 0.0224048 -0.999201 0 -0.206387 -0.583992 -0.0190421 1 
-0.99904 -0.0289103 0.0326318 0 -0.0281725 0.999332 0.022848 0 -0.0332712 0.0219072 -0.999206 0 -0.206451 -0.58445 -0.0188617 1 
-0.999035 -0.0288185 0.0328467 0 -0.0280935 0.999346 0.0223233 0 -0.0334692 0.0213794 -0.999211 0 -0.206485 -0.584892 -0.0185873 1 
-0.99904 -0.0287059 0.0327958 0 -0.0279721 0.999343 0.0226176 0 -0.0334242 0.0216789 -0.999206 0 -0.206455 -0.585068 -0.0184486 1 
-0.999048 -0.0286202 0.0326271 0 -0.027872 0.999334 0.0231592 0 -0.0332688 0.0222282 -0.999199 0 -0.206405 -0.585038 -0.0185194 1 
-0.99905 -0.0285332 0.0326298 0 -0.0277844 0.999336 0.0231748 0 -0.0332701 0.0222466 -0.999199 0 -0.206388 -0.585055 -0.0185518 1 
-0.999052 -0.0284528 0.0326424 0 -0.027705 0.999339 0.0231377 0 -0.0332798 0.0222118 -0.999199 0 -0.206389 -0.585074 -0.0185383 1 
-0.999053 -0.0284014 0.032679 0 -0.0276562 0.999342 0.0230335 0 -0.0333123 0.0221083 -0.9992 0 -0.206401 -0.585131 -0.0185042 1 
-0.999054 -0.028333 0.0327005 0 -0.0275892 0.999346 0.0229779 0 -0.0333307 0.0220544 -0.999201 0 -0.2064 -0.585169 -0.018497 1 
-0.999055 -0.0282728 0.0327135 0 -0.0275293 0.999348 0.0229597 0 -0.033342 0.0220378 -0.999201 0 -0.206409 -0.585187 -0.018505 1 
-0.999056 -0.0282247 0.0327204 0 -0.0274815 0.999349 0.0229446 0 -0.0333474 0.0220242 -0.999201 0 -0.206415 -0.585204 -0.0185192 1 
-0.999056 -0.0282233 0.032738 0 -0.0274817 0.999351 0.0228876 0 -0.0333634 0.0219667 -0.999202 0 -0.206413 -0.585251 -0.0185258 1 
-0.999054 -0.0282495 0.0327813 0 -0.0275103 0.999352 0.0227861 0 -0.0334044 0.0218632 -0.999203 0 -0.206414 -0.585333 -0.0185226 1 
-0.999052 -0.0282673 0.0328028 0 -0.0275289 0.999352 0.0227486 0 -0.0334252 0.0218244 -0.999203 0 -0.206424 -0.585386 -0.0185666 1 
-0.999052 -0.0282329 0.0328438 0 -0.0274961 0.999355 0.0226747 0 -0.0334634 0.0217505 -0.999203 0 -0.206479 -0.58546 -0.0186236 1 
-0.99905 -0.0282207 0.0329231 0 -0.0274888 0.99936 0.0224751 0 -0.0335369 0.0215491 -0.999205 0 -0.206534 -0.585609 -0.0186306 1 
-0.999047 -0.0282566 0.0329776 0 -0.0275285 0.999362 0.0223267 0 -0.0335881 0.021398 -0.999207 0 -0.20656 -0.585751 -0.0186945 1 
-0.999043 -0.0283432 0.0330325 0 -0.02762 0.999363 0.0221467 0 -0.0336398 0.0212135 -0.999209 0 -0.206563 -0.58593 -0.0187643 1 
-0.999034 -0.0284967 0.0331752 0 -0.0277837 0.999368 0.0217576 0 -0.0337749 0.0208152 -0.999213 0 -0.20656 -0.586245 -0.018769 1 
-0.999022 -0.0287171 0.0333443 0 -0.0280157 0.999371 0.0213163 0 -0.0339361 0.0203617 -0.999217 0 -0.206543 -0.586631 -0.0187951 1 
-0.999009 -0.0289779 0.0334848 0 -0.0282858 0.99937 0.0209634 0 -0.0340719 0.0199959 -0.999219 0 -0.206491 -0.58701 -0.0189245 1 
-0.998995 -0.0292863 0.0336475 0 -0.0286049 0.99937 0.0205591 0 -0.0342291 0.0195764 -0.999222 0 -0.206418 -0.587444 -0.0190615 1 
-0.998979 -0.0296091 0.0338501 0 -0.0289411 0.99937 0.0200564 0 -0.0344233 0.0190566 -0.999226 0 -0.206358 -0.587953 -0.0191886 1 
-0.998963 -0.0298992 0.0340663 0 -0.0292454 0.999372 0.0195308 0 -0.0346295 0.0185146 -0.999229 0 -0.206301 -0.588527 -0.0193395 1 
-0.998953 -0.0299831 0.0342594 0 -0.0293424 0.999378 0.0190516 0 -0.03481 0.0180267 -0.999231 0 -0.20625 -0.58908 -0.0194633 1 
-0.998946 -0.0299973 0.0344611 0 -0.0293715 0.999387 0.0185234 0 -0.0349964 0.0174921 -0.999234 0 -0.206231 -0.589692 -0.0195413 1 
-0.998938 -0.0300452 0.0346445 0 -0.0294321 0.999394 0.0180736 0 -0.0351672 0.0170351 -0.999236 0 -0.206261 -0.590325 -0.0196027 1 
-0.998927 -0.0301298 0.0348867 0 -0.0295334 0.999401 0.0174863 0 -0.0353934 0.0164376 -0.999238 0 -0.206341 -0.59102 -0.0196145 1 
-0.998918 -0.0301274 0.0351622 0 -0.0295492 0.999412 0.0168483 0 -0.0356498 0.0157914 -0.99924 0 -0.206425 -0.59182 -0.019607 1 
-0.998913 -0.0300272 0.0353775 0 -0.0294625 0.999422 0.0163776 0 -0.0358495 0.0153178 -0.99924 0 -0.206459 -0.59252 -0.0196286 1 
-0.998912 -0.0298315 0.0355668 0 -0.0292772 0.999434 0.016006 0 -0.0360249 0.0149476 -0.999239 0 -0.206463 -0.593151 -0.0196599 1 
-0.998912 -0.0296145 0.0357502 0 -0.0290701 0.999445 0.0156524 0 -0.0361946 0.0145964 -0.999238 0 -0.206474 -0.593738 -0.0196504 1 
-0.998912 -0.0294599 0.0358777 0 -0.028922 0.999453 0.0154213 0 -0.0363131 0.0143672 -0.999237 0 -0.206484 -0.594221 -0.0196086 1 
-0.998916 -0.0292962 0.0359207 0 -0.028755 0.999457 0.0154911 0 -0.0363557 0.0144417 -0.999235 0 -0.206473 -0.594611 -0.0195356 1 
-0.998921 -0.0290749 0.0359471 0 -0.0285298 0.999462 0.0155855 0 -0.0363816 0.0145434 -0.999232 0 -0.206449 -0.59494 -0.0193865 1 
-0.998924 -0.0289183 0.036001 0 -0.0283724 0.999466 0.0155838 0 -0.0364332 0.0145459 -0.99923 0 -0.206418 -0.595261 -0.0191275 1 
-0.998922 -0.0287932 0.0361401 0 -0.0282547 0.999474 0.0153233 0 -0.036563 0.014286 -0.999229 0 -0.206401 -0.595638 -0.0187787 1 
-0.998921 -0.0287442 0.0362094 0 -0.0282068 0.999476 0.0152668 0 -0.0366299 0.0142293 -0.999228 0 -0.206369 -0.595935 -0.0184499 1 
-0.998924 -0.0286964 0.0361807 0 -0.0281499 0.999474 0.015524 0 -0.0366078 0.0144891 -0.999225 0 -0.206305 -0.596117 -0.0181475 1 
-0.998931 -0.0284841 0.0361306 0 -0.0279257 0.999474 0.0158646 0 -0.0365642 0.0148389 -0.999221 0 -0.206276 -0.59624 -0.0178336 1 
-0.998945 -0.0282175 0.0359767 0 -0.0276396 0.999473 0.0164583 0 -0.0364228 0.0154469 -0.999217 0 -0.206264 -0.59625 -0.017538 1 
-0.998958 -0.02794 0.0358288 0 -0.0273438 0.999471 0.0170242 0 -0.0362862 0.0160271 -0.999213 0 -0.206242 -0.596234 -0.0172048 1 
-0.998968 -0.0276706 0.0357589 0 -0.027062 0.999473 0.0173928 0 -0.036222 0.0164074 -0.999209 0 -0.206225 -0.596277 -0.0168058 1 
-0.998973 -0.0273487 0.0358436 0 -0.026744 0.999484 0.0172432 0 -0.0362973 0.0162672 -0.999209 0 -0.206257 -0.596432 -0.0165087 1 
-0.998981 -0.0269497 0.0359469 0 -0.026351 0.999498 0.0170283 0 -0.0363884 0.016064 -0.999209 0 -0.206321 -0.596593 -0.0163442 1 
-0.998984 -0.0268026 0.0359532 0 -0.0262031 0.999502 0.0170445 0 -0.0363928 0.0160854 -0.999208 0 -0.206331 -0.596664 -0.0161833 1 
-0.998986 -0.0267823 0.035911 0 -0.0261761 0.999499 0.0172448 0 -0.0363556 0.0162876 -0.999206 0 -0.206324 -0.596678 -0.0159707 1 
-0.998993 -0.0267324 0.035751 0 -0.0261065 0.99949 0.0178605 0 -0.0362109 0.0169095 -0.999201 0 -0.206319 -0.59662 -0.0156881 1 
-0.999003 -0.0266661 0.0355385 0 -0.0260136 0.999477 0.0186963 0 -0.0360191 0.0177535 -0.999193 0 -0.206331 -0.59654 -0.0153158 1 
-0.999009 -0.0266106 0.0354158 0 -0.0259417 0.999469 0.0192157 0 -0.035909 0.0182783 -0.999188 0 -0.206352 -0.596536 -0.0148277 1 
-0.999012 -0.0265777 0.0353515 0 -0.025897 0.999463 0.019574 0 -0.0358535 0.0186395 -0.999183 0 -0.206373 -0.596584 -0.0141911 1 
-0.999015 -0.0265355 0.0353021 0 -0.0258434 0.999458 0.0199214 0 -0.0358123 0.0189898 -0.999178 0 -0.206407 -0.596656 -0.0134149 1 
-0.99902 -0.0264527 0.0352084 0 -0.0257429 0.99945 0.0204627 0 -0.035731 0.0195367 -0.99917 0 -0.206453 -0.596697 -0.0124651 1 
-0.999025 -0.0263661 0.0351343 0 -0.02564 0.999442 0.020959 0 -0.035668 0.0200382 -0.999163 0 -0.206507 -0.596749 -0.0113873 1 
-0.999029 -0.0262837 0.0350989 0 -0.0255447 0.999436 0.0213395 0 -0.0356407 0.0204226 -0.999156 0 -0.206565 -0.596836 -0.0101779 1 
-0.999034 -0.0261819 0.0350137 0 -0.0254247 0.999427 0.0218998 0 -0.0355677 0.0209888 -0.999147 0 -0.206618 -0.596885 -0.00889427 1 
-0.999038 -0.0260732 0.0349983 0 -0.0253052 0.999423 0.0222096 0 -0.0355579 0.0213029 -0.999141 0 -0.206684 -0.596984 -0.00756617 1 
-0.99904 -0.0260761 0.0349198 0 -0.0252959 0.999415 0.0226005 0 -0.0354894 0.0216959 -0.999135 0 -0.206675 -0.59706 -0.0064854 1 
-0.999038 -0.0261787 0.0349115 0 -0.025389 0.999406 0.022875 0 -0.0354903 0.021967 -0.999129 0 -0.206629 -0.597176 -0.00548626 1 
-0.999042 -0.0262206 0.0347708 0 -0.0254097 0.99939 0.0235607 0 -0.035368 0.022655 -0.999118 0 -0.206567 -0.597112 -0.00475491 1 
-0.999046 -0.0261526 0.034697 0 -0.0253314 0.999384 0.0239005 0 -0.0353014 0.0229992 -0.999112 0 -0.206577 -0.597042 -0.00410131 1 
-0.999048 -0.0261128 0.0346777 0 -0.0252873 0.999382 0.0240325 0 -0.0352845 0.0231332 -0.99911 0 -0.206568 -0.59698 -0.0035474 1 
-0.999046 -0.0261228 0.0347322 0 -0.0253022 0.999385 0.0238589 0 -0.0353347 0.0229578 -0.999112 0 -0.206542 -0.596962 -0.00313009 1 
-0.999042 -0.0261384 0.0348336 0 -0.0253263 0.999392 0.0235556 0 -0.0354288 0.0226513 -0.999115 0 -0.206525 -0.596969 -0.00273393 1 
-0.999039 -0.0260916 0.0349478 0 -0.0252882 0.9994 0.0232366 0 -0.0355338 0.022331 -0.999119 0 -0.206547 -0.596989 -0.00236126 1 
-0.999036 -0.0260534 0.0350609 0 -0.0252591 0.999409 0.0229089 0 -0.0356377 0.0220016 -0.999123 0 -0.206563 -0.597008 -0.00195229 1 
-0.999032 -0.0260481 0.0351702 0 -0.0252631 0.999416 0.0225813 0 -0.0357385 0.0216713 -0.999126 0 -0.206562 -0.597035 -0.00151016 1 
-0.99903 -0.0260402 0.0352376 0 -0.0252609 0.999421 0.0223817 0 -0.0358007 0.0214702 -0.999128 0 -0.206542 -0.597021 -0.00103504 1 
-0.999026 -0.0260043 0.0353886 0 -0.0252378 0.999431 0.0219363 0 -0.0359396 0.0210222 -0.999133 0 -0.206545 -0.59705 -0.000384534 1 
-0.99902 -0.0259568 0.0355881 0 -0.0252061 0.999444 0.0213832 0 -0.0361241 0.0204656 -0.999138 0 -0.206569 -0.597117 0.000402949 1 
-0.999018 -0.0258896 0.0356731 0 -0.0251438 0.999449 0.0212008 0 -0.036203 0.0202834 -0.999139 0 -0.206578 -0.597119 0.00134263 1 
-0.999047 -0.0258513 0.0348829 0 -0.025032 0.999395 0.0237233 0 -0.0354758 0.022828 -0.99911 0 -0.206377 -0.59635 0.00120779 1 
-0.999046 -0.025822 0.0349379 0 -0.0250088 0.999401 0.0235172 0 -0.035525 0.0226214 -0.999113 0 -0.206403 -0.596427 0.00128725 1 
-0.999043 -0.0258986 0.0349605 0 -0.0250871 0.9994 0.0234558 0 -0.0355477 0.0225567 -0.999113 0 -0.206377 -0.596511 0.00125346 1 
-0.999041 -0.025945 0.0349832 0 -0.0251338 0.9994 0.0234305 0 -0.0355708 0.0225292 -0.999113 0 -0.206353 -0.596536 0.00127933 1 
-0.999041 -0.0259559 0.0349912 0 -0.0251444 0.999399 0.023435 0 -0.0355792 0.0225331 -0.999113 0 -0.206352 -0.596536 0.00127493 1 
-0.999042 -0.0259275 0.0349936 0 -0.0251159 0.9994 0.023438 0 -0.035581 0.0225371 -0.999113 0 -0.206362 -0.596532 0.00128296 1 
-0.999042 -0.0259184 0.0349863 0 -0.0251069 0.9994 0.0234393 0 -0.0355735 0.0225388 -0.999113 0 -0.206356 -0.596532 0.00128267 1 
-0.999044 -0.0258328 0.0349909 0 -0.0250214 0.999403 0.0234309 0 -0.035576 0.0225334 -0.999113 0 -0.206351 -0.596537 0.00128806 1 
-0.999048 -0.025661 0.0349909 0 -0.0248495 0.999407 0.0234326 0 -0.0355721 0.0225412 -0.999113 0 -0.20635 -0.596536 0.00128939 1 
-0.99905 -0.0256213 0.0349832 0 -0.0248099 0.999408 0.023435 0 -0.0355636 0.0225453 -0.999113 0 -0.206327 -0.596542 0.00128897 1 
-0.999052 -0.0255392 0.0349894 0 -0.0247279 0.99941 0.023427 0 -0.0355677 0.02254 -0.999113 0 -0.206319 -0.596548 0.00129408 1 
-0.999055 -0.0254177 0.0349917 0 -0.0246061 0.999413 0.0234327 0 -0.0355675 0.02255 -0.999113 0 -0.206312 -0.596547 0.00129301 1 
-0.999058 -0.0252724 0.0349906 0 -0.0244603 0.999416 0.0234459 0 -0.0355634 0.0225683 -0.999113 0 -0.206309 -0.596541 0.00128689 1 
-0.999063 -0.0250976 0.0349959 0 -0.0242858 0.999421 0.02343 0 -0.0355644 0.0225585 -0.999113 0 -0.206304 -0.596547 0.00129267 1 
-0.999066 -0.024936 0.0350019 0 -0.0241241 0.999425 0.0234282 0 -0.0355667 0.0225624 -0.999113 0 -0.206297 -0.596548 0.00129077 1 
-0.999071 -0.0247707 0.0350038 0 -0.0239588 0.999429 0.0234251 0 -0.0355648 0.0225651 -0.999113 0 -0.206297 -0.596546 0.00128946 1 
-0.999073 -0.0246648 0.03501 0 -0.0238533 0.999432 0.0234092 0 -0.0355682 0.0225528 -0.999113 0 -0.206288 -0.596554 0.00129255 1 
-0.999075 -0.0245803 0.0350135 0 -0.0237689 0.999434 0.0234054 0 -0.0355697 0.022552 -0.999113 0 -0.206285 -0.596557 0.00129302 1 
-0.999077 -0.0244908 0.0350156 0 -0.0236793 0.999436 0.0234058 0 -0.0355697 0.0225555 -0.999113 0 -0.206285 -0.596555 0.00129024 1 
-0.99908 -0.0243644 0.0350081 0 -0.023553 0.999439 0.0234057 0 -0.0355594 0.0225601 -0.999113 0 -0.206276 -0.596553 0.00128664 1 
-0.999086 -0.0241463 0.0350082 0 -0.0233353 0.999444 0.0233933 0 -0.0355543 0.0225554 -0.999113 0 -0.206257 -0.59656 0.00128575 1 
-0.999094 -0.0237897 0.0350103 0 -0.022979 0.999453 0.0233771 0 -0.035548 0.0225518 -0.999113 0 -0.206217 -0.596572 0.00128344 1 
-0.999105 -0.0233073 0.0350306 0 -0.0224969 0.999465 0.0233522 0 -0.0355568 0.0225437 -0.999113 0 -0.206164 -0.596591 0.00128179 1 
-0.99911 -0.0230833 0.0350369 0 -0.0222733 0.99947 0.0233356 0 -0.0355577 0.0225349 -0.999114 0 -0.206148 -0.596599 0.00128079 1 
-0.999111 -0.0230545 0.0350345 0 -0.0222449 0.999471 0.0233254 0 -0.0355544 0.0225257 -0.999114 0 -0.206159 -0.596596 0.00127968 1 
-0.99911 -0.0230566 0.0350366 0 -0.0222475 0.999471 0.0233095 0 -0.0355562 0.0225097 -0.999114 0 -0.206158 -0.596601 0.0012814 1 
-0.99911 -0.0230554 0.0350365 0 -0.0222464 0.999471 0.023307 0 -0.035556 0.0225073 -0.999114 0 -0.206162 -0.5966 0.00128114 1 
-0.999111 -0.0230209 0.0350391 0 -0.0222112 0.999472 0.0233245 0 -0.0355582 0.022526 -0.999114 0 -0.206181 -0.596585 0.00127415 1 
-0.999112 -0.0229852 0.035043 0 -0.0221759 0.999473 0.0233106 0 -0.035561 0.0225133 -0.999114 0 -0.206205 -0.596583 0.0012801 1 
-0.999111 -0.0230218 0.0350355 0 -0.0222125 0.999472 0.0233174 0 -0.0355544 0.0225189 -0.999114 0 -0.206183 -0.596585 0.00127394 1 
-0.999111 -0.0230124 0.0350356 0 -0.0222032 0.999472 0.0233134 0 -0.0355542 0.0225152 -0.999114 0 -0.206187 -0.596586 0.00127684 1 
-0.999112 -0.0229932 0.0350431 0 -0.0221842 0.999473 0.0233038 0 -0.0355612 0.0225061 -0.999114 0 -0.206199 -0.596587 0.0012787 1 
-0.999111 -0.0230145 0.0350396 0 -0.0222056 0.999472 0.0233013 0 -0.0355581 0.022503 -0.999114 0 -0.206188 -0.596591 0.00127759 1 
-0.999111 -0.0229991 0.0350448 0 -0.0221904 0.999473 0.023293 0 -0.0355628 0.0224951 -0.999114 0 -0.206197 -0.59659 0.00128023 1 
-0.999111 -0.0230018 0.0350419 0 -0.0221933 0.999473 0.0232888 0 -0.0355598 0.0224909 -0.999114 0 -0.206192 -0.596593 0.00128024 1 
-0.999111 -0.0230054 0.0350422 0 -0.0221969 0.999473 0.0232883 0 -0.0355601 0.0224902 -0.999114 0 -0.206192 -0.596592 0.00127942 1 
-0.999111 -0.0229937 0.0350478 0 -0.0221852 0.999473 0.0232852 0 -0.0355655 0.0224874 -0.999114 0 -0.206198 -0.596593 0.00128182 1 
-0.999111 -0.0230134 0.0350425 0 -0.0222051 0.999473 0.023283 0 -0.0355605 0.0224847 -0.999115 0 -0.206188 -0.596596 0.00128073 1 
-0.999111 -0.0230104 0.0350458 0 -0.0222021 0.999473 0.0232821 0 -0.0355638 0.0224838 -0.999114 0 -0.206194 -0.596595 0.001282 1 
-0.999111 -0.0230056 0.035044 0 -0.0221972 0.999473 0.0232862 0 -0.035562 0.022488 -0.999114 0 -0.206193 -0.596593 0.00127919 1 
-0.999111 -0.0230101 0.035042 0 -0.0222017 0.999473 0.023288 0 -0.0355601 0.0224897 -0.999114 0 -0.206191 -0.596593 0.00127853 1 
-0.999111 -0.0230028 0.0350433 0 -0.0221944 0.999473 0.0232848 0 -0.0355611 0.0224868 -0.999114 0 -0.206193 -0.596593 0.00127926 1 
-0.999111 -0.0230012 0.0350435 0 -0.0221927 0.999473 0.0232863 0 -0.0355613 0.0224883 -0.999114 0 -0.206193 -0.596592 0.00127871 1 
-0.999111 -0.0230071 0.0350438 0 -0.0221987 0.999473 0.0232836 0 -0.0355617 0.0224854 -0.999114 0 -0.206193 -0.596594 0.00127937 1 
-0.999111 -0.0230083 0.0350432 0 -0.0221999 0.999473 0.0232861 0 -0.0355612 0.0224879 -0.999114 0 -0.206193 -0.596593 0.00127827 1 
-0.999111 -0.0230061 0.0350445 0 -0.022198 0.999473 0.0232781 0 -0.0355623 0.0224799 -0.999115 0 -0.206193 -0.596596 0.0012824 1 
-0.999111 -0.023009 0.0350446 0 -0.0222005 0.999473 0.0232864 0 -0.0355626 0.0224881 -0.999114 0 -0.206192 -0.596593 0.00127832 1 
-0.999111 -0.0230056 0.0350424 0 -0.0221974 0.999473 0.0232817 0 -0.0355602 0.0224836 -0.999115 0 -0.206191 -0.596595 0.0012805 1 
-0.999111 -0.0230107 0.0350417 0 -0.0222023 0.999473 0.0232865 0 -0.0355597 0.0224883 -0.999115 0 -0.20619 -0.596593 0.00127773 1 
-0.999111 -0.0230051 0.0350456 0 -0.0221968 0.999473 0.0232816 0 -0.0355634 0.0224834 -0.999114 0 -0.206195 -0.596594 0.00128098 1 
-0.999111 -0.023003 0.0350438 0 -0.0221947 0.999473 0.0232835 0 -0.0355617 0.0224855 -0.999114 0 -0.206193 -0.596594 0.00127938 1 
-0.999111 -0.0230035 0.035044 0 -0.0221953 0.999473 0.0232797 0 -0.0355617 0.0224816 -0.999115 0 -0.206192 -0.596595 0.00128165 1 
-0.999111 -0.023008 0.035043 0 -0.0221996 0.999473 0.0232853 0 -0.0355609 0.0224871 -0.999114 0 -0.206189 -0.596593 0.0012774 1 
-0.999111 -0.0230086 0.035046 0 -0.0222004 0.999473 0.0232799 0 -0.0355638 0.0224817 -0.999115 0 -0.206194 -0.596595 0.00128175 1 
-0.999111 -0.0230064 0.0350434 0 -0.0221983 0.999473 0.0232772 0 -0.0355611 0.022479 -0.999115 0 -0.20619 -0.596597 0.00128279 1 
-0.999111 -0.0230126 0.0350422 0 -0.0222043 0.999473 0.0232834 0 -0.0355602 0.022485 -0.999115 0 -0.206189 -0.596594 0.00127843 1 
-0.999111 -0.0230012 0.0350443 0 -0.022193 0.999473 0.0232811 0 -0.035562 0.0224831 -0.999115 0 -0.206193 -0.596595 0.00128003 1 
-0.999111 -0.0230098 0.035041 0 -0.0222016 0.999473 0.0232797 0 -0.0355588 0.0224814 -0.999115 0 -0.206188 -0.596597 0.00128091 1 
-0.999111 -0.0230079 0.0350434 0 -0.0221996 0.999473 0.0232839 0 -0.0355613 0.0224857 -0.999115 0 -0.206194 -0.596593 0.00127799 1 
-0.999111 -0.023012 0.0350422 0 -0.0222036 0.999473 0.0232859 0 -0.0355602 0.0224876 -0.999114 0 -0.20619 -0.596593 0.0012778 1 
-0.999111 -0.0230084 0.0350441 0 -0.0222001 0.999473 0.0232822 0 -0.035562 0.022484 -0.999115 0 -0.206191 -0.596594 0.00128035 1 
-0.999111 -0.0230103 0.0350402 0 -0.0222021 0.999473 0.0232825 0 -0.0355581 0.0224842 -0.999115 0 -0.206187 -0.596595 0.00127887 1 
-0.999111 -0.0230085 0.0350416 0 -0.0222002 0.999473 0.0232836 0 -0.0355595 0.0224855 -0.999115 0 -0.206189 -0.596594 0.00127968 1 
-0.999111 -0.0229964 0.0350449 0 -0.0221881 0.999473 0.0232824 0 -0.0355626 0.0224846 -0.999114 0 -0.206196 -0.596593 0.0012791 1 
-0.999111 -0.0230029 0.0350437 0 -0.0221946 0.999473 0.0232828 0 -0.0355615 0.0224847 -0.999115 0 -0.206194 -0.596593 0.0012801 1 
-0.999111 -0.023003 0.0350438 0 -0.0221946 0.999473 0.0232832 0 -0.0355616 0.0224852 -0.999115 0 -0.206193 -0.596593 0.00128049 1 
-0.999111 -0.0230058 0.0350432 0 -0.0221975 0.999473 0.0232837 0 -0.035561 0.0224856 -0.999115 0 -0.20619 -0.596594 0.00127841 1 
-0.999111 -0.0230058 0.0350415 0 -0.0221974 0.999473 0.0232863 0 -0.0355594 0.0224882 -0.999115 0 -0.206193 -0.596592 0.00127773 1 
-0.999111 -0.0230076 0.0350441 0 -0.0221994 0.999473 0.0232784 0 -0.0355619 0.0224802 -0.999115 0 -0.206192 -0.596595 0.00127932 1 
-0.999111 -0.0230025 0.0350477 0 -0.0221945 0.999473 0.0232719 0 -0.0355652 0.0224738 -0.999115 0 -0.206192 -0.596597 0.00128345 1 
-0.999111 -0.0229985 0.0350448 0 -0.0221903 0.999473 0.0232798 0 -0.0355624 0.0224819 -0.999115 0 -0.206194 -0.596595 0.0012805 1 
-0.999111 -0.0230048 0.0350433 0 -0.0221966 0.999473 0.0232789 0 -0.0355611 0.0224808 -0.999115 0 -0.206192 -0.596595 0.00127926 1 
-0.999111 -0.0230068 0.0350446 0 -0.0221986 0.999473 0.0232795 0 -0.0355624 0.0224813 -0.999115 0 -0.206194 -0.596594 0.00127927 1 
-0.999111 -0.0230029 0.0350427 0 -0.0221945 0.999473 0.0232854 0 -0.0355606 0.0224874 -0.999114 0 -0.206192 -0.596593 0.00127784 1 
-0.999111 -0.0230026 0.0350449 0 -0.0221943 0.999473 0.0232794 0 -0.0355626 0.0224813 -0.999115 0 -0.206193 -0.596595 0.0012811 1 
-0.999111 -0.0230036 0.0350458 0 -0.0221953 0.999473 0.0232808 0 -0.0355635 0.0224827 -0.999114 0 -0.206193 -0.596594 0.0012812 1 
-0.999111 -0.0230043 0.0350439 0 -0.0221962 0.999473 0.0232744 0 -0.0355616 0.0224763 -0.999115 0 -0.206191 -0.596596 0.00128162 1 
-0.999111 -0.0230044 0.0350431 0 -0.0221963 0.999473 0.0232776 0 -0.0355608 0.0224796 -0.999115 0 -0.206192 -0.596595 0.00127981 1 
-0.999111 -0.0230069 0.0350431 0 -0.0221988 0.999473 0.0232783 0 -0.0355609 0.0224801 -0.999115 0 -0.206191 -0.596596 0.00128072 1 
