-0.996715 -0.0287974 0.0755686 0 -0.0319395 0.998651 -0.0407049 0 -0.0742959 -0.0429857 -0.996309 0 -0.226443 -0.294175 0.458014 1 
-0.996715 -0.0287952 0.0755696 0 -0.0319376 0.998651 -0.0407088 0 -0.0742968 -0.0429894 -0.996309 0 -0.226443 -0.294175 0.458016 1 
-0.996714 -0.0288034 0.0755766 0 -0.0319461 0.998651 -0.0407085 0 -0.0743035 -0.0429899 -0.996309 0 -0.226441 -0.294177 0.458016 1 
-0.996715 -0.028792 0.0755675 0 -0.0319343 0.998651 -0.0407086 0 -0.0742949 -0.0429889 -0.996309 0 -0.226444 -0.294174 0.458015 1 
-0.996715 -0.0287873 0.0755671 0 -0.0319298 0.998651 -0.0407109 0 -0.0742946 -0.0429909 -0.996309 0 -0.226445 -0.294174 0.458015 1 
-0.996715 -0.0287972 0.0755713 0 -0.0319396 0.998651 -0.0407076 0 -0.0742986 -0.0429884 -0.996309 0 -0.226441 -0.294176 0.458015 1 
-0.996715 -0.028805 0.0755695 0 -0.0319473 0.998651 -0.0407076 0 -0.0742964 -0.0429889 -0.996309 0 -0.22644 -0.294177 0.458015 1 
-0.996715 -0.0287942 0.075574 0 -0.0319371 0.998651 -0.0407132 0 -0.0743012 -0.0429939 -0.996309 0 -0.226443 -0.294176 0.458017 1 
-0.996714 -0.0288026 0.0755753 0 -0.0319453 0.998651 -0.0407084 0 -0.0743022 -0.0429898 -0.996309 0 -0.226441 -0.294178 0.458016 1 
-0.996715 -0.0287998 0.0755731 0 -0.0319425 0.998651 -0.0407098 0 -0.0743001 -0.0429909 -0.996309 0 -0.226442 -0.294177 0.458016 1 
-0.996715 -0.0287969 0.0755681 0 -0.0319392 0.998651 -0.0407081 0 -0.0742953 -0.0429888 -0.996309 0 -0.226444 -0.294174 0.458015 1 
-0.996715 -0.028793 0.0755658 0 -0.031935 0.998651 -0.0407051 0 -0.0742933 -0.0429854 -0.99631 0 -0.226442 -0.294174 0.458014 1 
-0.996714 -0.0288017 0.0755741 0 -0.0319441 0.998651 -0.0407047 0 -0.0743012 -0.042986 -0.996309 0 -0.226441 -0.294178 0.458015 1 
-0.996715 -0.0287932 0.0755685 0 -0.0319356 0.998651 -0.0407096 0 -0.0742958 -0.0429901 -0.996309 0 -0.226442 -0.294175 0.458016 1 
-0.996715 -0.0287912 0.0755674 0 -0.0319335 0.998651 -0.0407081 0 -0.0742948 -0.0429883 -0.996309 0 -0.226443 -0.294173 0.458015 1 
-0.996715 -0.0287977 0.0755742 0 -0.0319406 0.998651 -0.0407129 0 -0.0743012 -0.0429938 -0.996309 0 -0.226442 -0.294176 0.458017 1 
-0.996715 -0.0287913 0.0755702 0 -0.0319341 0.998651 -0.0407136 0 -0.0742975 -0.0429939 -0.996309 0 -0.226444 -0.294174 0.458017 1 
-0.996715 -0.0287952 0.0755756 0 -0.0319383 0.998651 -0.0407152 0 -0.0743026 -0.042996 -0.996308 0 -0.226442 -0.294177 0.458019 1 
-0.996715 -0.0287964 0.0755714 0 -0.0319389 0.998651 -0.0407094 0 -0.0742985 -0.0429901 -0.996309 0 -0.226441 -0.294175 0.458017 1 
-0.996715 -0.0287963 0.0755719 0 -0.0319391 0.998651 -0.0407116 0 -0.0742991 -0.0429924 -0.996309 0 -0.226442 -0.294176 0.458016 1 
-0.996715 -0.0287965 0.0755718 0 -0.031939 0.998651 -0.0407089 0 -0.074299 -0.0429897 -0.996309 0 -0.226442 -0.294176 0.458017 1 
-0.996715 -0.0287906 0.0755702 0 -0.0319333 0.998651 -0.0407115 0 -0.0742976 -0.0429918 -0.996309 0 -0.226443 -0.294175 0.458015 1 
-0.996715 -0.0287956 0.0755677 0 -0.0319378 0.998651 -0.0407069 0 -0.074295 -0.0429875 -0.996309 0 -0.226444 -0.294175 0.458014 1 
-0.996715 -0.0287941 0.0755678 0 -0.0319363 0.998651 -0.0407074 0 -0.0742952 -0.0429878 -0.996309 0 -0.226443 -0.294175 0.458014 1 
-0.996715 -0.028797 0.075568 0 -0.0319388 0.998651 -0.0407025 0 -0.0742954 -0.0429832 -0.99631 0 -0.226442 -0.294175 0.458013 1 
-0.996715 -0.0287967 0.0755671 0 -0.0319387 0.998651 -0.0407046 0 -0.0742945 -0.0429852 -0.996309 0 -0.226442 -0.294176 0.458014 1 
-0.996715 -0.0287981 0.0755707 0 -0.0319409 0.998651 -0.0407133 0 -0.0742977 -0.0429942 -0.996309 0 -0.226443 -0.294176 0.458016 1 
-0.996715 -0.0287932 0.0755703 0 -0.0319358 0.998651 -0.0407114 0 -0.0742976 -0.0429919 -0.996309 0 -0.226444 -0.294175 0.458015 1 
-0.996715 -0.0287958 0.075571 0 -0.0319383 0.998651 -0.0407089 0 -0.0742982 -0.0429896 -0.996309 0 -0.226442 -0.294176 0.458015 1 
-0.996715 -0.0287938 0.0755712 0 -0.0319365 0.998651 -0.0407116 0 -0.0742984 -0.0429922 -0.996309 0 -0.226444 -0.294175 0.458016 1 
-0.996715 -0.0287979 0.0755702 0 -0.0319403 0.998651 -0.0407078 0 -0.0742974 -0.0429886 -0.996309 0 -0.226442 -0.294175 0.458014 1 
-0.996715 -0.0287966 0.0755695 0 -0.0319389 0.998651 -0.0407072 0 -0.0742967 -0.0429879 -0.996309 0 -0.226443 -0.294176 0.458014 1 
-0.996715 -0.0287862 0.0755689 0 -0.0319286 0.998651 -0.0407091 0 -0.0742966 -0.042989 -0.996309 0 -0.226444 -0.294174 0.458015 1 
-0.996715 -0.0287941 0.0755698 0 -0.0319366 0.998651 -0.0407101 0 -0.0742971 -0.0429907 -0.996309 0 -0.226443 -0.294175 0.458016 1 
-0.996715 -0.0287935 0.0755723 0 -0.0319361 0.998651 -0.0407088 0 -0.0742997 -0.0429893 -0.996309 0 -0.226443 -0.294176 0.458015 1 
-0.996715 -0.0287929 0.0755732 0 -0.0319357 0.998651 -0.0407121 0 -0.0743005 -0.0429926 -0.996309 0 -0.226443 -0.294176 0.458018 1 
-0.996715 -0.0287993 0.0755711 0 -0.0319419 0.998651 -0.0407109 0 -0.0742981 -0.0429918 -0.996309 0 -0.226441 -0.294177 0.458015 1 
-0.996715 -0.0287964 0.0755733 0 -0.0319393 0.998651 -0.040713 0 -0.0743004 -0.0429938 -0.996309 0 -0.226443 -0.294176 0.458017 1 
-0.996715 -0.0287887 0.0755677 0 -0.0319307 0.998651 -0.0407053 0 -0.0742953 -0.0429854 -0.996309 0 -0.226444 -0.294174 0.458014 1 
-0.996715 -0.0287896 0.0755704 0 -0.0319322 0.998651 -0.0407113 0 -0.0742978 -0.0429915 -0.996309 0 -0.226443 -0.294174 0.458016 1 
-0.996715 -0.0288025 0.0755687 0 -0.0319446 0.998651 -0.0407041 0 -0.0742958 -0.0429852 -0.996309 0 -0.226442 -0.294176 0.458014 1 
-0.996715 -0.0287927 0.0755714 0 -0.0319356 0.998651 -0.0407133 0 -0.0742986 -0.0429938 -0.996309 0 -0.226445 -0.294174 0.458018 1 
-0.996715 -0.0287975 0.0755689 0 -0.0319399 0.998651 -0.0407081 0 -0.0742961 -0.0429888 -0.996309 0 -0.226442 -0.294175 0.458015 1 
-0.996714 -0.0288007 0.0755771 0 -0.0319438 0.99865 -0.0407137 0 -0.0743039 -0.042995 -0.996308 0 -0.226443 -0.294176 0.458018 1 
-0.996715 -0.0287942 0.075572 0 -0.0319368 0.998651 -0.0407099 0 -0.0742993 -0.0429905 -0.996309 0 -0.226443 -0.294176 0.458016 1 
-0.996715 -0.0287908 0.0755712 0 -0.0319335 0.998651 -0.0407113 0 -0.0742985 -0.0429916 -0.996309 0 -0.226442 -0.294176 0.458016 1 
-0.996713 -0.0288189 0.0755822 0 -0.0319622 0.99865 -0.0407127 0 -0.0743083 -0.0429955 -0.996308 0 -0.226436 -0.294183 0.458019 1 
-0.996713 -0.0288209 0.0755835 0 -0.031964 0.99865 -0.040709 0 -0.0743096 -0.042992 -0.996308 0 -0.226434 -0.294184 0.458018 1 
-0.996714 -0.0288147 0.0755767 0 -0.0319573 0.99865 -0.0407065 0 -0.0743032 -0.0429888 -0.996309 0 -0.226436 -0.294182 0.458016 1 
-0.996714 -0.0288249 0.0755727 0 -0.0319666 0.99865 -0.0406965 0 -0.074299 -0.0429794 -0.996309 0 -0.226432 -0.294181 0.458013 1 
-0.996714 -0.0288094 0.0755721 0 -0.0319516 0.998651 -0.0407047 0 -0.0742989 -0.0429864 -0.996309 0 -0.226436 -0.294179 0.458015 1 
-0.996715 -0.0287886 0.0755718 0 -0.0319313 0.998651 -0.0407118 0 -0.0742992 -0.042992 -0.996309 0 -0.226444 -0.294173 0.458018 1 
-0.996716 -0.0287703 0.0755666 0 -0.031913 0.998651 -0.0407149 0 -0.0742947 -0.0429936 -0.996309 0 -0.22645 -0.294171 0.458016 1 
-0.996717 -0.0287533 0.07556 0 -0.0318959 0.998652 -0.0407173 0 -0.0742888 -0.0429945 -0.99631 0 -0.226455 -0.294164 0.458016 1 
-0.996716 -0.0287598 0.0755727 0 -0.0319036 0.998651 -0.040727 0 -0.0743009 -0.0430051 -0.996308 0 -0.226453 -0.294169 0.458023 1 
-0.996714 -0.0288101 0.0755825 0 -0.0319536 0.99865 -0.0407153 0 -0.0743089 -0.0429975 -0.996308 0 -0.226437 -0.294181 0.458021 1 
-0.996713 -0.0288193 0.0755889 0 -0.0319632 0.99865 -0.0407169 0 -0.0743148 -0.0429999 -0.996307 0 -0.226435 -0.294184 0.458024 1 
-0.996714 -0.028804 0.075582 0 -0.0319475 0.99865 -0.0407166 0 -0.0743086 -0.0429983 -0.996308 0 -0.226439 -0.294181 0.458022 1 
-0.996713 -0.0288157 0.0755857 0 -0.0319594 0.99865 -0.0407152 0 -0.0743119 -0.0429979 -0.996308 0 -0.226437 -0.294183 0.458022 1 
-0.996712 -0.0288367 0.0755951 0 -0.031981 0.998649 -0.0407179 0 -0.0743203 -0.0430025 -0.996307 0 -0.226431 -0.294189 0.458026 1 
-0.996713 -0.0288214 0.0755827 0 -0.0319647 0.99865 -0.0407127 0 -0.0743087 -0.0429957 -0.996308 0 -0.226435 -0.294184 0.458019 1 
-0.996716 -0.0287935 0.0755581 0 -0.0319351 0.998651 -0.0407034 0 -0.0742856 -0.0429835 -0.99631 0 -0.226446 -0.294176 0.45801 1 
-0.996716 -0.0287731 0.0755713 0 -0.0319165 0.998651 -0.0407221 0 -0.0742991 -0.0430012 -0.996308 0 -0.226452 -0.294175 0.45802 1 
-0.996718 -0.0287269 0.075555 0 -0.0318702 0.998652 -0.0407308 0 -0.0742845 -0.0430059 -0.996309 0 -0.226466 -0.294163 0.458017 1 
-0.996722 -0.0287328 0.0755018 0 -0.0318689 0.998655 -0.0406646 0 -0.0742333 -0.0429383 -0.996316 0 -0.226464 -0.29416 0.45798 1 
-0.996722 -0.0288016 0.0754762 0 -0.0319315 0.998656 -0.0405947 0 -0.074207 -0.0428725 -0.996321 0 -0.22644 -0.294179 0.457951 1 
-0.996721 -0.0288888 0.075451 0 -0.0320131 0.998656 -0.0405328 0 -0.07418 -0.0428161 -0.996325 0 -0.226408 -0.294199 0.457922 1 
-0.996723 -0.0289681 0.0753929 0 -0.0320837 0.998657 -0.0404462 0 -0.0741214 -0.0427334 -0.996333 0 -0.226378 -0.294219 0.45788 1 
-0.996725 -0.0291301 0.0753059 0 -0.0322322 0.998658 -0.0403116 0 -0.0740319 -0.0426076 -0.996345 0 -0.226323 -0.294258 0.457813 1 
-0.996726 -0.0293726 0.0752076 0 -0.0324534 0.99866 -0.0400746 0 -0.0739311 -0.0423849 -0.996362 0 -0.22623 -0.294304 0.457704 1 
-0.996692 -0.0293631 0.0756585 0 -0.0325056 0.998635 -0.0406437 0 -0.0743632 -0.0429694 -0.996305 0 -0.226032 -0.294685 0.457708 1 
-0.996671 -0.0295099 0.0758795 0 -0.0327043 0.998606 -0.0412058 0 -0.0745591 -0.043551 -0.996265 0 -0.225501 -0.295306 0.457705 1 
-0.99664 -0.0303745 0.075944 0 -0.0336045 0.998559 -0.0416201 0 -0.0745718 -0.0440332 -0.996243 0 -0.224673 -0.296149 0.457653 1 
-0.996643 -0.0308993 0.0756899 0 -0.0341297 0.998535 -0.0417647 0 -0.0742899 -0.0442086 -0.996256 0 -0.223506 -0.297183 0.457492 1 
-0.996661 -0.031632 0.0751474 0 -0.0348282 0.998517 -0.0416096 0 -0.0737212 -0.0440888 -0.996304 0 -0.222033 -0.2984 0.457213 1 
-0.996704 -0.0319887 0.0744197 0 -0.0351337 0.998518 -0.041342 0 -0.0729883 -0.0438212 -0.99637 0 -0.220404 -0.299735 0.45678 1 
-0.996732 -0.0328947 0.0736546 0 -0.0359866 0.998499 -0.0410509 0 -0.0721951 -0.0435681 -0.996439 0 -0.218465 -0.301402 0.456161 1 
-0.996762 -0.0335031 0.0729652 0 -0.0365617 0.998481 -0.0409944 0 -0.0714823 -0.0435302 -0.996492 0 -0.216498 -0.303268 0.455388 1 
-0.996831 -0.0332495 0.0721374 0 -0.0362577 0.9985 -0.0407992 0 -0.070674 -0.0432862 -0.99656 0 -0.214549 -0.305138 0.454448 1 
-0.996909 -0.0332409 0.0710541 0 -0.0361643 0.998525 -0.0402593 0 -0.0696124 -0.0427053 -0.99666 0 -0.21226 -0.307268 0.453256 1 
-0.996962 -0.0335935 0.0701357 0 -0.036458 0.998526 -0.0399699 0 -0.0686909 -0.0424063 -0.996736 0 -0.209958 -0.309535 0.45202 1 
-0.997005 -0.03348 0.0695693 0 -0.0363426 0.998517 -0.0402967 0 -0.0681183 -0.0427052 -0.996763 0 -0.207711 -0.312029 0.450738 1 
-0.997001 -0.0340459 0.0693599 0 -0.0369529 0.998463 -0.0410682 0 -0.0678564 -0.043509 -0.996746 0 -0.20531 -0.314887 0.449311 1 
-0.997004 -0.0337745 0.0694515 0 -0.0367782 0.998412 -0.0424353 0 -0.0679093 -0.0448633 -0.996682 0 -0.202943 -0.318 0.447769 1 
-0.997002 -0.0338856 0.0694247 0 -0.0369594 0.998361 -0.0434788 0 -0.0678389 -0.0459152 -0.996639 0 -0.20065 -0.321213 0.446008 1 
-0.997037 -0.0339757 0.0688792 0 -0.0370441 0.998345 -0.0437703 0 -0.0672794 -0.0461931 -0.996664 0 -0.19813 -0.324794 0.44372 1 
-0.99703 -0.0346704 0.0686216 0 -0.0377737 0.998287 -0.0444539 0 -0.0669642 -0.0469149 -0.996652 0 -0.195787 -0.328517 0.441347 1 
-0.997055 -0.0344306 0.0683789 0 -0.0375648 0.998267 -0.0450899 0 -0.0667092 -0.0475267 -0.99664 0 -0.19344 -0.332287 0.438925 1 
-0.997075 -0.0341956 0.0682134 0 -0.0373746 0.998238 -0.0458847 0 -0.0665254 -0.0483009 -0.996615 0 -0.190994 -0.33625 0.436345 1 
-0.997118 -0.0339367 0.0677142 0 -0.0370906 0.998249 -0.0458746 0 -0.06604 -0.0482549 -0.996649 0 -0.18871 -0.340337 0.433139 1 
-0.997116 -0.0343369 0.067539 0 -0.0375057 0.998217 -0.046222 0 -0.0658328 -0.0486228 -0.996645 0 -0.186444 -0.344605 0.429806 1 
-0.997135 -0.0341922 0.067325 0 -0.0373848 0.998197 -0.046745 0 -0.0656066 -0.049129 -0.996635 0 -0.184158 -0.348877 0.426489 1 
-0.99716 -0.0342932 0.0669141 0 -0.0374609 0.998198 -0.046674 0 -0.0651941 -0.049049 -0.996666 0 -0.182145 -0.353381 0.422516 1 
-0.997139 -0.0345226 0.0670972 0 -0.0377433 0.998156 -0.0473398 0 -0.0653404 -0.0497378 -0.996623 0 -0.180265 -0.357819 0.418828 1 
-0.997153 -0.0347855 0.0667567 0 -0.0379693 0.998162 -0.0470317 0 -0.0649993 -0.0494335 -0.99666 0 -0.178502 -0.362231 0.414874 1 
-0.997147 -0.0345887 0.0669565 0 -0.0378246 0.998137 -0.0476786 0 -0.0651838 -0.0500761 -0.996616 0 -0.176923 -0.367329 0.410522 1 
-0.997174 -0.0343733 0.0666603 0 -0.0375627 0.998169 -0.0471974 0 -0.0649172 -0.0495689 -0.996659 0 -0.175371 -0.372111 0.406137 1 
-0.997201 -0.033868 0.0665062 0 -0.0370627 0.998178 -0.0474045 0 -0.0647808 -0.0497377 -0.996659 0 -0.174077 -0.376867 0.40186 1 
-0.997225 -0.033852 0.0661592 0 -0.0370145 0.998191 -0.0471751 0 -0.0644438 -0.049494 -0.996693 0 -0.17289 -0.381786 0.397001 1 
-0.997238 -0.0333928 0.0662038 0 -0.036596 0.998178 -0.0477762 0 -0.064489 -0.050068 -0.996662 0 -0.171743 -0.386731 0.392302 1 
-0.997278 -0.0333381 0.0656177 0 -0.0364731 0.998211 -0.0471727 0 -0.0639289 -0.0494386 -0.996729 0 -0.170606 -0.391666 0.386925 1 
-0.997323 -0.0325147 0.0653535 0 -0.0356589 0.998223 -0.047533 0 -0.063693 -0.0497371 -0.996729 0 -0.169634 -0.396504 0.381701 1 
-0.997339 -0.0322878 0.0652234 0 -0.0354273 0.99823 -0.0475661 0 -0.0635734 -0.0497511 -0.996736 0 -0.168823 -0.401339 0.376147 1 
-0.997365 -0.0324557 0.0647412 0 -0.0355418 0.998248 -0.0470988 0 -0.0631004 -0.0492766 -0.99679 0 -0.168015 -0.406089 0.370203 1 
-0.997395 -0.0320808 0.0644532 0 -0.0351799 0.99824 -0.0475374 0 -0.0628159 -0.0496819 -0.996788 0 -0.167206 -0.410816 0.364488 1 
-0.997417 -0.0316503 0.0643243 0 -0.0347703 0.998233 -0.047977 0 -0.0626934 -0.0500907 -0.996775 0 -0.166489 -0.415817 0.358194 1 
-0.997444 -0.0315524 0.0639545 0 -0.0346243 0.998261 -0.047507 0 -0.0623455 -0.049601 -0.996821 0 -0.165822 -0.420609 0.351468 1 
-0.997462 -0.0311064 0.0639002 0 -0.0341877 0.998267 -0.0477058 0 -0.0623067 -0.0497703 -0.996815 0 -0.165295 -0.424925 0.345512 1 
-0.997458 -0.030991 0.0640076 0 -0.0341025 0.99825 -0.0481045 0 -0.062406 -0.050166 -0.996789 0 -0.164772 -0.429462 0.339081 1 
-0.997476 -0.0311842 0.0636346 0 -0.0342327 0.99828 -0.0473925 0 -0.0620484 -0.0494523 -0.996847 0 -0.16419 -0.433674 0.332545 1 
-0.997492 -0.0310761 0.0634478 0 -0.0341203 0.99828 -0.0474729 0 -0.0618646 -0.0495196 -0.996855 0 -0.163635 -0.438006 0.325878 1 
-0.997512 -0.0305419 0.0633901 0 -0.0335984 0.998286 -0.0477252 0 -0.0618249 -0.0497372 -0.996847 0 -0.163186 -0.442194 0.31929 1 
-0.997523 -0.0301903 0.0633739 0 -0.0332358 0.998305 -0.0475653 0 -0.0618317 -0.0495548 -0.996856 0 -0.162821 -0.446443 0.312057 1 
-0.997543 -0.0301193 0.0631059 0 -0.0330964 0.998352 -0.0466739 0 -0.0615973 -0.0486487 -0.996915 0 -0.162509 -0.450238 0.304913 1 
-0.997541 -0.030192 0.0630985 0 -0.0331654 0.998352 -0.0466186 0 -0.0615882 -0.0485975 -0.996918 0 -0.1623 -0.453798 0.298376 1 
-0.997548 -0.0300228 0.063071 0 -0.0330056 0.998349 -0.0467952 0 -0.0615632 -0.0487631 -0.996911 0 -0.162187 -0.457575 0.291279 1 
-0.997553 -0.0299362 0.0630245 0 -0.0328923 0.998372 -0.0463999 0 -0.061534 -0.0483603 -0.996933 0 -0.162164 -0.461038 0.28432 1 
-0.99756 -0.0299759 0.0628943 0 -0.0328754 0.99841 -0.045584 0 -0.061429 -0.0475414 -0.996979 0 -0.162271 -0.464528 0.276728 1 
-0.997559 -0.0300136 0.0628931 0 -0.0329026 0.998417 -0.0454127 0 -0.0614317 -0.0473721 -0.996986 0 -0.16246 -0.467673 0.270152 1 
-0.997555 -0.029976 0.0629706 0 -0.0328985 0.998395 -0.0458981 0 -0.0614949 -0.0478585 -0.996959 0 -0.16285 -0.470941 0.263542 1 
-0.997575 -0.0298792 0.0627033 0 -0.0327527 0.998426 -0.0453113 0 -0.0612519 -0.047256 -0.997003 0 -0.163316 -0.473839 0.256985 1 
-0.997575 -0.0300479 0.0626192 0 -0.0329045 0.998431 -0.0450975 0 -0.0611671 -0.0470496 -0.997018 0 -0.163906 -0.476665 0.250683 1 
-0.997555 -0.0304316 0.0627528 0 -0.0333189 0.998399 -0.0454895 0 -0.0612692 -0.0474701 -0.996992 0 -0.164562 -0.479342 0.245188 1 
-0.997558 -0.0308689 0.0624927 0 -0.0337283 0.998397 -0.0452299 0 -0.0609975 -0.0472282 -0.99702 0 -0.165279 -0.482095 0.239237 1 
-0.997571 -0.0311531 0.0621463 0 -0.0339915 0.998392 -0.0451505 0 -0.0606409 -0.0471542 -0.997045 0 -0.166009 -0.484779 0.23335 1 
-0.997577 -0.0313191 0.061963 0 -0.0341703 0.99837 -0.0455029 0 -0.060438 -0.0475109 -0.997041 0 -0.166716 -0.487431 0.227971 1 
-0.997593 -0.0315072 0.0616136 0 -0.0343327 0.998371 -0.0453496 0 -0.0600856 -0.0473567 -0.997069 0 -0.167344 -0.490127 0.222426 1 
-0.997606 -0.0316161 0.0613484 0 -0.0344343 0.998364 -0.0454374 0 -0.0598126 -0.047442 -0.997082 0 -0.167925 -0.49274 0.217314 1 
-0.997607 -0.0316637 0.0613141 0 -0.0345171 0.998333 -0.0460511 0 -0.0597549 -0.0480582 -0.997056 0 -0.168542 -0.495551 0.212448 1 
-0.997627 -0.0319457 0.0608326 0 -0.0347341 0.998358 -0.045346 0 -0.0592852 -0.0473523 -0.997117 0 -0.168988 -0.498191 0.207071 1 
-0.997634 -0.0322668 0.0605453 0 -0.0350218 0.998363 -0.0450058 0 -0.0589951 -0.0470206 -0.99715 0 -0.169443 -0.500893 0.20215 1 
-0.997607 -0.0326535 0.0607843 0 -0.0355018 0.998283 -0.0463829 0 -0.0591665 -0.0484308 -0.997073 0 -0.169984 -0.503862 0.197767 1 
-0.997617 -0.0330594 0.0603988 0 -0.0358572 0.998295 -0.0458399 0 -0.0587816 -0.0478973 -0.997121 0 -0.170497 -0.506661 0.19276 1 
-0.997619 -0.0330892 0.0603481 0 -0.0359044 0.998278 -0.0461759 0 -0.0587174 -0.0482336 -0.997109 0 -0.17117 -0.509544 0.188319 1 
-0.997631 -0.0331455 0.0601208 0 -0.0359353 0.998288 -0.0459293 0 -0.0584967 -0.0479819 -0.997134 0 -0.171882 -0.512375 0.183698 1 
-0.997647 -0.0331999 0.0598291 0 -0.0359462 0.998311 -0.045426 0 -0.0582211 -0.0474706 -0.997174 0 -0.17268 -0.51518 0.179183 1 
-0.997643 -0.0330497 0.0599755 0 -0.0358513 0.998277 -0.0462528 0 -0.0583447 -0.0482949 -0.997128 0 -0.17362 -0.518116 0.17505 1 
-0.997661 -0.0331115 0.0596389 0 -0.0358559 0.998309 -0.0455487 0 -0.058031 -0.0475815 -0.99718 0 -0.174493 -0.520783 0.170441 1 
-0.997662 -0.0331389 0.0596154 0 -0.035884 0.998306 -0.0455798 0 -0.0580051 -0.0476134 -0.99718 0 -0.175426 -0.523489 0.166689 1 
-0.997672 -0.0331745 0.059427 0 -0.0358894 0.998323 -0.0452146 0 -0.0578285 -0.047243 -0.997208 0 -0.176341 -0.526044 0.162589 1 
-0.997682 -0.0332702 0.0591983 0 -0.0359401 0.998348 -0.044623 0 -0.0576169 -0.0466481 -0.997248 0 -0.177265 -0.528685 0.158593 1 
-0.997684 -0.03324 0.059184 0 -0.0359081 0.99835 -0.0446032 0 -0.0576048 -0.046626 -0.99725 0 -0.178282 -0.531421 0.154872 1 
-0.997694 -0.0333906 0.0589242 0 -0.0360072 0.998376 -0.0439172 0 -0.0573632 -0.0459385 -0.997296 0 -0.179109 -0.533823 0.150996 1 
-0.997672 -0.0333421 0.0593261 0 -0.0360522 0.998317 -0.0452124 0 -0.0577199 -0.0472469 -0.997214 0 -0.180147 -0.536706 0.147612 1 
-0.997681 -0.0334184 0.0591338 0 -0.0360845 0.998343 -0.0446061 0 -0.0575463 -0.0466373 -0.997253 0 -0.181048 -0.539137 0.143669 1 
-0.997668 -0.0334805 0.0593234 0 -0.036174 0.998326 -0.0449255 0 -0.057721 -0.0469676 -0.997227 0 -0.181991 -0.541687 0.140389 1 
-0.997684 -0.0334693 0.0590548 0 -0.0360855 0.998379 -0.0438052 0 -0.057494 -0.0458356 -0.997293 0 -0.182933 -0.543916 0.136594 1 
-0.997678 -0.0333799 0.0592112 0 -0.0360194 0.998369 -0.0440853 0 -0.0576442 -0.0461166 -0.997271 0 -0.183859 -0.5462 0.133612 1 
-0.997691 -0.0333148 0.0590299 0 -0.0358871 0.998418 -0.0430656 0 -0.0575029 -0.0450854 -0.997327 0 -0.184821 -0.548221 0.129944 1 
-0.99766 -0.0333222 0.0595366 0 -0.0359672 0.998378 -0.0439206 0 -0.0579776 -0.0459601 -0.997259 0 -0.185826 -0.550506 0.127183 1 
-0.997667 -0.0333002 0.0594267 0 -0.0358737 0.998431 -0.0427771 0 -0.0579101 -0.0448101 -0.997316 0 -0.186787 -0.552359 0.123793 1 
-0.997662 -0.0332158 0.0595622 0 -0.0357721 0.998451 -0.0423764 0 -0.0580635 -0.0444089 -0.997325 0 -0.187791 -0.554279 0.120729 1 
-0.997662 -0.033039 0.0596643 0 -0.0355814 0.998471 -0.0420643 0 -0.0581845 -0.0440897 -0.997332 0 -0.188781 -0.556187 0.117866 1 
-0.997672 -0.0328756 0.0595805 0 -0.0353652 0.998514 -0.0412228 0 -0.0581379 -0.0432347 -0.997372 0 -0.189669 -0.557721 0.114811 1 
-0.997653 -0.0327331 0.0599883 0 -0.035268 0.998498 -0.041696 0 -0.0585345 -0.0437147 -0.997328 0 -0.19064 -0.559504 0.112258 1 
-0.997648 -0.0326016 0.0601404 0 -0.0351268 0.998514 -0.0414206 0 -0.0587018 -0.0434366 -0.99733 0 -0.191551 -0.561002 0.1093 1 
-0.997627 -0.0325746 0.0604984 0 -0.0351217 0.99851 -0.0415277 0 -0.0590567 -0.0435548 -0.997304 0 -0.192461 -0.562461 0.1066 1 
-0.997604 -0.0325923 0.0608674 0 -0.0351517 0.998512 -0.0414619 0 -0.0594266 -0.043503 -0.997284 0 -0.193341 -0.563716 0.104102 1 
-0.997599 -0.0327157 0.0608876 0 -0.0352058 0.998558 -0.040283 0 -0.0594831 -0.0423307 -0.997331 0 -0.194086 -0.564489 0.101223 1 
-0.997578 -0.0327899 0.0611874 0 -0.0352704 0.998571 -0.03991 0 -0.0597925 -0.0419723 -0.997328 0 -0.194888 -0.565352 0.0985658 1 
-0.997562 -0.0327547 0.061472 0 -0.0352274 0.998586 -0.0395804 0 -0.0600898 -0.0416502 -0.997324 0 -0.195704 -0.566196 0.0961412 1 
-0.99757 -0.0326627 0.0613827 0 -0.0350611 0.998637 -0.0384098 0 -0.0600457 -0.0404694 -0.997375 0 -0.196391 -0.566665 0.0934917 1 
-0.997569 -0.0325427 0.0614583 0 -0.0349204 0.998657 -0.0380187 0 -0.0601397 -0.0400732 -0.997385 0 -0.197026 -0.567089 0.090843 1 
-0.997553 -0.0324468 0.0617724 0 -0.0348533 0.998649 -0.0382863 0 -0.0604479 -0.0403464 -0.997356 0 -0.197664 -0.56756 0.0885787 1 
-0.99754 -0.0323232 0.0620528 0 -0.0347573 0.998642 -0.038556 0 -0.0607234 -0.0406187 -0.997328 0 -0.198264 -0.567986 0.0864532 1 
-0.997549 -0.0322416 0.0619421 0 -0.0346244 0.998676 -0.037787 0 -0.0606429 -0.0398399 -0.997364 0 -0.198721 -0.568141 0.0841276 1 
-0.997548 -0.0323126 0.0619248 0 -0.0346739 0.998687 -0.0374435 0 -0.0606348 -0.0394997 -0.997378 0 -0.199061 -0.568346 0.0818734 1 
-0.997544 -0.0324238 0.0619335 0 -0.0347858 0.998683 -0.0374482 0 -0.0606389 -0.0395114 -0.997377 0 -0.199285 -0.568583 0.0798722 1 
-0.997529 -0.0325125 0.0621206 0 -0.0349276 0.99865 -0.0381962 0 -0.060796 -0.0402723 -0.997337 0 -0.199457 -0.568949 0.0782431 1 
-0.997516 -0.0326676 0.0622545 0 -0.0351279 0.998618 -0.0388432 0 -0.0609007 -0.0409344 -0.997304 0 -0.199566 -0.569269 0.0765879 1 
-0.997516 -0.0328174 0.0621701 0 -0.0352804 0.998609 -0.0389426 0 -0.0608068 -0.0410401 -0.997305 0 -0.19959 -0.569394 0.0748273 1 
-0.997531 -0.0329573 0.0618653 0 -0.0353734 0.998628 -0.0383731 0 -0.0605168 -0.0404675 -0.997347 0 -0.199561 -0.569294 0.0729465 1 
-0.997541 -0.0330511 0.0616422 0 -0.0354389 0.998637 -0.0380531 0 -0.0603017 -0.0401449 -0.997373 0 -0.199549 -0.569199 0.0712811 1 
-0.997548 -0.0331147 0.0614917 0 -0.0354873 0.998642 -0.0379006 0 -0.0601543 -0.0399907 -0.997388 0 -0.199573 -0.569095 0.0696434 1 
-0.997552 -0.0331403 0.0614243 0 -0.035505 0.998644 -0.0378151 0 -0.0600889 -0.0399041 -0.997395 0 -0.199652 -0.569008 0.0683157 1 
-0.99754 -0.0331337 0.0616254 0 -0.0355385 0.998623 -0.0383441 0 -0.0602712 -0.0404406 -0.997362 0 -0.199866 -0.569063 0.067044 1 
-0.997535 -0.0330512 0.0617478 0 -0.0354727 0.998618 -0.0385405 0 -0.0603898 -0.0406366 -0.997347 0 -0.200132 -0.569104 0.0660077 1 
-0.997528 -0.0329479 0.0619089 0 -0.0353858 0.998614 -0.0387042 0 -0.060549 -0.0408001 -0.997331 0 -0.200482 -0.569181 0.0650377 1 
-0.997517 -0.0329204 0.0621016 0 -0.0353751 0.998609 -0.0388505 0 -0.0607374 -0.0409517 -0.997313 0 -0.200886 -0.569267 0.0640896 1 
-0.99751 -0.0328722 0.0622388 0 -0.0353272 0.998614 -0.0387628 0 -0.0608795 -0.0408658 -0.997308 0 -0.20131 -0.569315 0.0631587 1 
-0.99751 -0.0327608 0.0623064 0 -0.0351942 0.998634 -0.0383672 0 -0.0609656 -0.0404653 -0.997319 0 -0.201746 -0.569285 0.0622653 1 
-0.997509 -0.032678 0.0623631 0 -0.0350825 0.998657 -0.037858 0 -0.0610434 -0.0399523 -0.997335 0 -0.202182 -0.569227 0.0614647 1 
-0.997507 -0.0325057 0.0624758 0 -0.0348911 0.998679 -0.0374762 0 -0.0611762 -0.0395634 -0.997343 0 -0.202631 -0.56919 0.060811 1 
-0.997499 -0.0323633 0.0626865 0 -0.034739 0.998695 -0.0371854 0 -0.0614024 -0.0392708 -0.99734 0 -0.203124 -0.569179 0.0602393 1 
-0.997495 -0.0321058 0.0628789 0 -0.034466 0.998718 -0.0368172 0 -0.0616174 -0.0388929 -0.997342 0 -0.203659 -0.569133 0.0597218 1 
-0.997494 -0.0317436 0.0630782 0 -0.0340954 0.99874 -0.0365629 0 -0.0618393 -0.0386227 -0.997339 0 -0.204215 -0.569095 0.0593277 1 
-0.997492 -0.0313907 0.063279 0 -0.0337378 0.998759 -0.03637 0 -0.06206 -0.0384145 -0.997333 0 -0.2048 -0.569069 0.0589821 1 
-0.997482 -0.0311922 0.0635458 0 -0.0335476 0.998766 -0.0363431 0 -0.062335 -0.0383842 -0.997317 0 -0.205386 -0.569102 0.058698 1 
-0.997472 -0.0308935 0.0638404 0 -0.0332699 0.99877 -0.036502 0 -0.0626354 -0.0385344 -0.997292 0 -0.205976 -0.569212 0.0584575 1 
-0.997462 -0.0306533 0.0641142 0 -0.0330521 0.99877 -0.0366946 0 -0.0629118 -0.0387214 -0.997268 0 -0.206478 -0.569405 0.0582642 1 
-0.997449 -0.0305427 0.0643766 0 -0.0329681 0.998763 -0.0369561 0 -0.0631695 -0.038985 -0.997241 0 -0.20692 -0.569731 0.0580691 1 
-0.997441 -0.0304057 0.0645556 0 -0.0328564 0.998756 -0.037245 0 -0.0633441 -0.0392715 -0.997219 0 -0.207253 -0.570129 0.0578379 1 
-0.997433 -0.030339 0.0647103 0 -0.0328148 0.998746 -0.0375452 0 -0.0634913 -0.039573 -0.997197 0 -0.207514 -0.570573 0.0575897 1 
-0.997422 -0.0303855 0.0648578 0 -0.0328824 0.998735 -0.0377832 0 -0.0636289 -0.0398193 -0.997179 0 -0.207726 -0.571023 0.0572925 1 
-0.997416 -0.0304054 0.0649446 0 -0.0329159 0.998728 -0.0379408 0 -0.0637096 -0.0399812 -0.997167 0 -0.207931 -0.571479 0.056908 1 
-0.997415 -0.0304515 0.0649337 0 -0.0329565 0.99873 -0.0378629 0 -0.0636995 -0.0399058 -0.997171 0 -0.208044 -0.571851 0.0564058 1 
-0.99742 -0.0305913 0.064798 0 -0.0330669 0.99874 -0.0374838 0 -0.0635709 -0.0395305 -0.997194 0 -0.208086 -0.572144 0.0557142 1 
-0.997427 -0.0307345 0.0646237 0 -0.0331711 0.998756 -0.0369767 0 -0.0634081 -0.0390259 -0.997224 0 -0.20813 -0.572395 0.0549317 1 
-0.997434 -0.0308127 0.0644704 0 -0.0332104 0.998774 -0.0364547 0 -0.0632693 -0.038503 -0.997253 0 -0.208198 -0.572555 0.0542166 1 
-0.997439 -0.0308872 0.0643665 0 -0.0332563 0.998786 -0.0360641 0 -0.0631757 -0.0381131 -0.997274 0 -0.208283 -0.572713 0.0535191 1 
-0.997445 -0.0309057 0.0642563 0 -0.0332479 0.998799 -0.0357066 0 -0.0630769 -0.0377525 -0.997294 0 -0.208375 -0.572833 0.0528471 1 
-0.997449 -0.0308944 0.0641969 0 -0.0332219 0.998807 -0.0355098 0 -0.0630245 -0.0375527 -0.997305 0 -0.208468 -0.572921 0.0522471 1 
-0.99745 -0.0309081 0.0641791 0 -0.0332363 0.998806 -0.0355297 0 -0.0630056 -0.0375729 -0.997306 0 -0.208552 -0.573034 0.0516484 1 
-0.99745 -0.0309213 0.0641795 0 -0.0332552 0.998802 -0.0356213 0 -0.0630024 -0.0376654 -0.997302 0 -0.208626 -0.573145 0.0510446 1 
-0.99745 -0.0309352 0.0641727 0 -0.0332751 0.998798 -0.0357189 0 -0.0629919 -0.0377639 -0.997299 0 -0.208683 -0.573252 0.0504512 1 
-0.997448 -0.0309766 0.0641738 0 -0.0333262 0.998791 -0.0358715 0 -0.0629862 -0.0379194 -0.997294 0 -0.208725 -0.573398 0.0498108 1 
-0.997448 -0.0310657 0.0641325 0 -0.0334158 0.998787 -0.0359022 0 -0.0629406 -0.0379543 -0.997295 0 -0.208731 -0.573506 0.0491036 1 
-0.997443 -0.0311414 0.0641734 0 -0.0335138 0.998772 -0.0362287 0 -0.0629676 -0.0382875 -0.997281 0 -0.208749 -0.573677 0.0484028 1 
-0.997432 -0.0312183 0.0643018 0 -0.0336356 0.998745 -0.0368587 0 -0.0630716 -0.0389276 -0.99725 0 -0.208782 -0.573898 0.0476446 1 
-0.997425 -0.0313252 0.0643712 0 -0.0337742 0.998723 -0.0373148 0 -0.0631213 -0.0393936 -0.997228 0 -0.208788 -0.574073 0.0468275 1 
-0.997422 -0.0314778 0.0643344 0 -0.0339364 0.998711 -0.0374867 0 -0.0630727 -0.0395741 -0.997224 0 -0.208744 -0.574171 0.0458878 1 
-0.997419 -0.0316432 0.0643047 0 -0.0341108 0.998699 -0.0376446 0 -0.0630311 -0.0397417 -0.99722 0 -0.208675 -0.574216 0.045093 1 
-0.997417 -0.0318141 0.0642473 0 -0.0342883 0.998688 -0.0377807 0 -0.0629622 -0.0398868 -0.997219 0 -0.208575 -0.574187 0.0442585 1 
-0.997421 -0.0319295 0.0641363 0 -0.0343957 0.998686 -0.0377237 0 -0.0628487 -0.0398332 -0.997228 0 -0.208485 -0.574064 0.0434659 1 
-0.997431 -0.032005 0.0639373 0 -0.0344401 0.998699 -0.0373522 0 -0.0626599 -0.039459 -0.997255 0 -0.208401 -0.573883 0.0427418 1 
-0.997443 -0.0320754 0.0637182 0 -0.0344741 0.998714 -0.0369096 0 -0.0624535 -0.0390126 -0.997285 0 -0.20832 -0.573687 0.0420352 1 
-0.997453 -0.0321425 0.0635202 0 -0.0345088 0.998728 -0.0365126 0 -0.0622669 -0.0386124 -0.997312 0 -0.208243 -0.57351 0.0413862 1 
-0.997461 -0.0321785 0.063382 0 -0.0345253 0.998735 -0.0362843 0 -0.0621354 -0.0383811 -0.997329 0 -0.208193 -0.573368 0.0407867 1 
-0.997466 -0.0322305 0.0632807 0 -0.0345673 0.998737 -0.0361861 0 -0.0620357 -0.0382825 -0.997339 0 -0.208139 -0.573259 0.0402235 1 
-0.997469 -0.0322741 0.063203 0 -0.0346048 0.998738 -0.0361347 0 -0.0619582 -0.0382311 -0.997346 0 -0.208093 -0.573167 0.0397077 1 
-0.997473 -0.0323307 0.0631142 0 -0.0346534 0.998739 -0.0360595 0 -0.06187 -0.0381562 -0.997355 0 -0.208039 -0.573077 0.0392108 1 
-0.997477 -0.0323847 0.0630234 0 -0.0346978 0.998741 -0.0359602 0 -0.0617807 -0.038057 -0.997364 0 -0.207984 -0.572991 0.0387616 1 
-0.99748 -0.0324343 0.0629498 0 -0.0347396 0.998743 -0.035879 0 -0.0617082 -0.0379762 -0.997372 0 -0.20794 -0.572911 0.0383456 1 
-0.997482 -0.032467 0.0629065 0 -0.0347716 0.998741 -0.0358922 0 -0.0616631 -0.0379899 -0.997374 0 -0.207909 -0.572854 0.0379525 1 
-0.997482 -0.0324817 0.0628982 0 -0.0347933 0.998736 -0.0360109 0 -0.0616502 -0.0381094 -0.99737 0 -0.20789 -0.572817 0.0375954 1 
-0.997479 -0.0324911 0.0629284 0 -0.0348166 0.998728 -0.0362168 0 -0.0616728 -0.0383172 -0.997361 0 -0.207887 -0.572801 0.0372825 1 
-0.997475 -0.0325003 0.0630004 0 -0.0348492 0.998714 -0.0365491 0 -0.0617327 -0.038653 -0.997344 0 -0.207892 -0.572813 0.0369886 1 
-0.997451 -0.0324832 0.0633872 0 -0.0349253 0.998665 -0.0378062 0 -0.0620757 -0.0399244 -0.997273 0 -0.207962 -0.573088 0.037091 1 
-0.997449 -0.0325175 0.0633934 0 -0.0349625 0.998662 -0.0378476 0 -0.0620791 -0.0399682 -0.997271 0 -0.207942 -0.573112 0.0370597 1 
-0.997448 -0.0325159 0.0634055 0 -0.0349644 0.99866 -0.0378961 0 -0.0620895 -0.0400171 -0.997268 0 -0.20795 -0.573124 0.037071 1 
-0.997449 -0.0324879 0.0634136 0 -0.0349373 0.998661 -0.0379058 0 -0.0620984 -0.0400253 -0.997267 0 -0.207965 -0.573126 0.037066 1 
-0.997448 -0.0325022 0.0634213 0 -0.034953 0.99866 -0.0379237 0 -0.0621049 -0.0400445 -0.997266 0 -0.20796 -0.573135 0.0370727 1 
-0.997447 -0.0325715 0.063402 0 -0.0350225 0.998657 -0.0379374 0 -0.0620823 -0.0400618 -0.997267 0 -0.207914 -0.573154 0.03707 1 
-0.997445 -0.0326992 0.0633668 0 -0.0351506 0.998651 -0.0379657 0 -0.062041 -0.0400968 -0.997268 0 -0.207824 -0.573193 0.0370728 1 
-0.99744 -0.0328488 0.0633729 0 -0.0353035 0.998644 -0.0380117 0 -0.0620395 -0.0401524 -0.997266 0 -0.207731 -0.57325 0.0370863 1 
-0.997434 -0.0330365 0.0633581 0 -0.0354913 0.998637 -0.0380181 0 -0.062017 -0.04017 -0.997266 0 -0.207615 -0.573301 0.0370761 1 
-0.997428 -0.0332631 0.0633371 0 -0.0357165 0.998629 -0.0380041 0 -0.0619874 -0.0401693 -0.997268 0 -0.207471 -0.573348 0.0370621 1 
-0.99742 -0.0335486 0.0633083 0 -0.0359982 0.998621 -0.0379571 0 -0.0619488 -0.040139 -0.997272 0 -0.207291 -0.573395 0.0370297 1 
-0.997411 -0.0339041 0.0632688 0 -0.0363478 0.998611 -0.0378815 0 -0.0618978 -0.0400839 -0.997277 0 -0.207062 -0.573452 0.0369756 1 
-0.997403 -0.0342063 0.0632254 0 -0.0366434 0.998604 -0.0377958 0 -0.0618455 -0.0400152 -0.997283 0 -0.206812 -0.573511 0.0369144 1 
-0.997403 -0.0342982 0.063178 0 -0.0367274 0.998604 -0.037698 0 -0.0617981 -0.0399212 -0.99729 0 -0.206614 -0.573546 0.0368408 1 
-0.9974 -0.0345292 0.0631007 0 -0.0369419 0.998605 -0.0374764 0 -0.0617198 -0.0397107 -0.997303 0 -0.206463 -0.573525 0.0367004 1 
-0.997404 -0.0345885 0.0629985 0 -0.0369805 0.998613 -0.0372074 0 -0.0616254 -0.0394413 -0.99732 0 -0.206408 -0.573453 0.0365223 1 
-0.997413 -0.0345435 0.0628905 0 -0.0369116 0.998628 -0.036889 0 -0.0615312 -0.0391157 -0.997338 0 -0.206421 -0.573343 0.0363159 1 
-0.997424 -0.0344556 0.0627562 0 -0.036796 0.998645 -0.0365267 0 -0.0614138 -0.0387425 -0.99736 0 -0.206449 -0.573208 0.0360684 1 
-0.997437 -0.0343152 0.0626271 0 -0.0366289 0.998664 -0.0361762 0 -0.0613033 -0.0383782 -0.997381 0 -0.206503 -0.573069 0.0358267 1 
-0.997447 -0.0342028 0.062538 0 -0.0365007 0.998676 -0.0359767 0 -0.0612259 -0.0381682 -0.997394 0 -0.206553 -0.572966 0.035609 1 
-0.997453 -0.0341656 0.0624521 0 -0.0364491 0.998685 -0.035797 0 -0.0611481 -0.0379829 -0.997406 0 -0.206554 -0.572885 0.0353863 1 
-0.997454 -0.0342203 0.0624048 0 -0.0364976 0.998685 -0.0357246 0 -0.0611014 -0.037912 -0.997411 0 -0.206513 -0.572851 0.0352043 1 
-0.997455 -0.0342304 0.0623935 0 -0.0365078 0.998685 -0.0357332 0 -0.0610895 -0.0379209 -0.997412 0 -0.206505 -0.572846 0.0350789 1 
-0.997456 -0.0342012 0.0623963 0 -0.0364796 0.998685 -0.0357485 0 -0.0610928 -0.0379344 -0.997411 0 -0.206531 -0.572845 0.0349551 1 
-0.997457 -0.0341492 0.0624038 0 -0.0364294 0.998686 -0.0357736 0 -0.0611014 -0.0379567 -0.99741 0 -0.206568 -0.572858 0.0348578 1 
-0.997457 -0.0341255 0.0624106 0 -0.0364079 0.998686 -0.0358059 0 -0.0611079 -0.0379878 -0.997408 0 -0.206598 -0.572898 0.0347756 1 
-0.997456 -0.0341037 0.0624404 0 -0.0363927 0.998683 -0.035896 0 -0.0611352 -0.0380778 -0.997403 0 -0.206639 -0.572975 0.0347135 1 
-0.997456 -0.0340883 0.0624538 0 -0.0363788 0.998683 -0.0359126 0 -0.0611485 -0.0380939 -0.997401 0 -0.206676 -0.573047 0.0346253 1 
-0.997456 -0.0340827 0.0624541 0 -0.0363729 0.998683 -0.0359068 0 -0.0611492 -0.0380878 -0.997402 0 -0.206715 -0.573133 0.0344951 1 
-0.997456 -0.0341091 0.062434 0 -0.0363952 0.998684 -0.0358529 0 -0.0611301 -0.0380347 -0.997405 0 -0.206734 -0.573229 0.034313 1 
-0.997456 -0.0341451 0.0624141 0 -0.0364276 0.998685 -0.0358046 0 -0.0611106 -0.0379878 -0.997408 0 -0.206749 -0.573338 0.0341206 1 
-0.997458 -0.0341929 0.0623651 0 -0.036465 0.998689 -0.0356638 0 -0.061065 -0.037848 -0.997416 0 -0.206768 -0.57345 0.0338287 1 
-0.997461 -0.0342283 0.0622967 0 -0.0364868 0.998694 -0.0354849 0 -0.061002 -0.0376686 -0.997427 0 -0.206779 -0.573528 0.0335313 1 
-0.997465 -0.0343045 0.0621913 0 -0.036542 0.998702 -0.0352038 0 -0.0609041 -0.0373878 -0.997443 0 -0.206767 -0.573589 0.0331443 1 
-0.997467 -0.0343981 0.0621063 0 -0.036618 0.998708 -0.0349653 0 -0.0608244 -0.0371517 -0.997457 0 -0.206753 -0.573671 0.0327107 1 
-0.997472 -0.0344396 0.0620068 0 -0.03664 0.998716 -0.0347059 0 -0.0607331 -0.0368908 -0.997472 0 -0.20677 -0.573739 0.0322245 1 
-0.997479 -0.0343619 0.0619287 0 -0.0365405 0.99873 -0.0343958 0 -0.0606694 -0.0365727 -0.997488 0 -0.206842 -0.573721 0.0318061 1 
-0.99748 -0.0340794 0.0620762 0 -0.0362867 0.998726 -0.0347838 0 -0.0608129 -0.0369494 -0.997465 0 -0.207032 -0.573779 0.0319926 1 
-0.997481 -0.0339973 0.0621 0 -0.0362161 0.998723 -0.0349596 0 -0.0608333 -0.0371213 -0.997457 0 -0.207077 -0.573825 0.0320888 1 
-0.997483 -0.0340203 0.0620521 0 -0.0362286 0.998727 -0.0348157 0 -0.0607898 -0.0369769 -0.997465 0 -0.207055 -0.573777 0.0320048 1 
-0.997484 -0.0339946 0.062052 0 -0.0362028 0.998728 -0.0348162 0 -0.0607907 -0.0369758 -0.997465 0 -0.207068 -0.573772 0.0320073 1 
-0.997484 -0.0340033 0.0620519 0 -0.0362113 0.998728 -0.0348116 0 -0.0607904 -0.0369717 -0.997466 0 -0.207067 -0.57377 0.032005 1 
-0.997485 -0.0339745 0.0620535 0 -0.0361819 0.998729 -0.0348018 0 -0.0607934 -0.0369602 -0.997466 0 -0.20708 -0.573761 0.032001 1 
-0.997485 -0.0339727 0.0620534 0 -0.0361797 0.99873 -0.0347959 0 -0.0607936 -0.0369542 -0.997466 0 -0.207085 -0.573757 0.0319988 1 
-0.997486 -0.0339463 0.0620494 0 -0.0361533 0.998731 -0.0347976 0 -0.0607905 -0.0369542 -0.997466 0 -0.207097 -0.573752 0.0319993 1 
-0.997487 -0.0339241 0.0620379 0 -0.0361277 0.998733 -0.03475 0 -0.0607816 -0.0369047 -0.997469 0 -0.20711 -0.573724 0.0319808 1 
-0.99749 -0.0338761 0.0620252 0 -0.0360776 0.998736 -0.0347245 0 -0.0607717 -0.0368758 -0.99747 0 -0.207132 -0.573699 0.0319725 1 
-0.997492 -0.0338546 0.0620061 0 -0.0360531 0.998738 -0.0346872 0 -0.0607547 -0.0368364 -0.997473 0 -0.20714 -0.573674 0.0319575 1 
-0.997493 -0.033852 0.0619929 0 -0.036049 0.998739 -0.0346702 0 -0.0607423 -0.0368188 -0.997474 0 -0.207134 -0.573664 0.0319504 1 
-0.997493 -0.0338635 0.0619874 0 -0.0360596 0.998739 -0.0346576 0 -0.0607368 -0.0368066 -0.997475 0 -0.207124 -0.57366 0.0319462 1 
-0.997494 -0.0338504 0.0619747 0 -0.0360438 0.998741 -0.0346225 0 -0.0607258 -0.0367702 -0.997477 0 -0.207125 -0.573636 0.031938 1 
-0.997494 -0.0338453 0.0619721 0 -0.0360385 0.998741 -0.0346193 0 -0.0607235 -0.0367666 -0.997477 0 -0.207126 -0.573629 0.0319404 1 
-0.997494 -0.0338581 0.0619728 0 -0.0360512 0.998741 -0.0346184 0 -0.0607238 -0.0367665 -0.997477 0 -0.20712 -0.573629 0.0319442 1 
-0.997493 -0.0338654 0.0619769 0 -0.0360601 0.998739 -0.0346419 0 -0.0607268 -0.0367907 -0.997476 0 -0.207116 -0.573639 0.031957 1 
-0.997494 -0.0338395 0.0619794 0 -0.0360335 0.998741 -0.0346284 0 -0.0607307 -0.0367756 -0.997476 0 -0.207127 -0.573625 0.0319574 1 
-0.997495 -0.0338246 0.0619751 0 -0.0360177 0.998742 -0.0346174 0 -0.0607274 -0.0367636 -0.997477 0 -0.207132 -0.57361 0.0319611 1 
-0.997495 -0.0338245 0.0619759 0 -0.0360177 0.998742 -0.0346188 0 -0.0607281 -0.036765 -0.997477 0 -0.207134 -0.573606 0.031967 1 
-0.997494 -0.0338485 0.0619684 0 -0.0360407 0.998741 -0.0346075 0 -0.0607202 -0.0367549 -0.997478 0 -0.207119 -0.573604 0.0319628 1 
-0.997495 -0.0338372 0.0619627 0 -0.0360283 0.998742 -0.0345926 0 -0.0607154 -0.0367391 -0.997479 0 -0.207116 -0.573587 0.0319673 1 
-0.997496 -0.0338207 0.0619542 0 -0.0360099 0.998744 -0.0345648 0 -0.0607086 -0.0367099 -0.99748 0 -0.207118 -0.573555 0.0319762 1 
-0.997501 -0.0338263 0.0618805 0 -0.0360007 0.998751 -0.0343686 0 -0.0606418 -0.0365112 -0.997492 0 -0.207087 -0.573447 0.0319116 1 
-0.997512 -0.0337983 0.0617083 0 -0.0359374 0.99877 -0.0338888 0 -0.0604882 -0.0360228 -0.997519 0 -0.207038 -0.573193 0.0317281 1 
-0.997533 -0.0336653 0.0614504 0 -0.0357531 0.9988 -0.0331963 0 -0.0602602 -0.0353121 -0.997558 0 -0.207013 -0.572801 0.0314733 1 
-0.997559 -0.0334253 0.0611514 0 -0.0354535 0.998837 -0.0323883 0 -0.0599989 -0.0344779 -0.997603 0 -0.207034 -0.572327 0.0311716 1 
-0.997588 -0.0331324 0.0608358 0 -0.035102 0.998874 -0.0315983 0 -0.0597215 -0.0336582 -0.997647 0 -0.207082 -0.571847 0.0308656 1 
-0.997613 -0.0329247 0.06054 0 -0.034842 0.998906 -0.0308908 0 -0.0594578 -0.032927 -0.997688 0 -0.207086 -0.57142 0.0305806 1 
-0.997617 -0.0328547 0.0605063 0 -0.0347747 0.998906 -0.030957 0 -0.0594242 -0.032988 -0.997688 0 -0.207068 -0.571247 0.0304345 1 
-0.997602 -0.0328949 0.0607434 0 -0.034873 0.998876 -0.0317969 0 -0.0596303 -0.0338396 -0.997647 0 -0.207061 -0.571372 0.0304629 1 
-0.997593 -0.0329529 0.0608581 0 -0.0349595 0.99886 -0.0322063 0 -0.0597285 -0.034257 -0.997627 0 -0.207036 -0.571456 0.0304812 1 
-0.99759 -0.0329586 0.0608988 0 -0.0349735 0.998856 -0.0323212 0 -0.059765 -0.0343738 -0.99762 0 -0.207042 -0.571487 0.0305034 1 
-0.997589 -0.0329422 0.0609213 0 -0.0349615 0.998854 -0.0323818 0 -0.0597859 -0.0344343 -0.997617 0 -0.207058 -0.571508 0.0305211 1 
-0.997589 -0.0329557 0.0609195 0 -0.0349755 0.998854 -0.0323902 0 -0.0597834 -0.0344434 -0.997617 0 -0.207049 -0.571514 0.0305196 1 
-0.997588 -0.0329747 0.0609174 0 -0.0349939 0.998853 -0.0323819 0 -0.0597809 -0.0344362 -0.997617 0 -0.207037 -0.571514 0.0305132 1 
-0.997589 -0.0329445 0.0609215 0 -0.0349636 0.998854 -0.032379 0 -0.0597861 -0.0344316 -0.997617 0 -0.207055 -0.571508 0.0305064 1 
-0.99759 -0.0329511 0.0608972 0 -0.034966 0.998856 -0.0323232 0 -0.0597636 -0.0343753 -0.99762 0 -0.20705 -0.571489 0.0304673 1 
-0.997592 -0.0329734 0.0608504 0 -0.0349804 0.998859 -0.0322157 0 -0.0597199 -0.0342673 -0.997627 0 -0.207026 -0.57146 0.0303687 1 
-0.997594 -0.0329845 0.0608151 0 -0.0349856 0.998861 -0.0321392 0 -0.0596869 -0.0341902 -0.997631 0 -0.20702 -0.57143 0.0302025 1 
-0.997596 -0.0330082 0.0607657 0 -0.0350031 0.998863 -0.032062 0 -0.0596394 -0.0341126 -0.997637 0 -0.207009 -0.571414 0.0299563 1 
-0.997596 -0.0330656 0.0607386 0 -0.0350597 0.998861 -0.0320635 0 -0.0596104 -0.0341166 -0.997639 0 -0.206995 -0.571455 0.0296317 1 
-0.997599 -0.033105 0.0606748 0 -0.0350918 0.998863 -0.0319776 0 -0.0595483 -0.0340306 -0.997645 0 -0.206987 -0.571488 0.0292242 1 
-0.997602 -0.0332162 0.0605586 0 -0.0351898 0.998864 -0.0318198 0 -0.059434 -0.0338752 -0.997657 0 -0.206929 -0.571494 0.0287001 1 
-0.997603 -0.0333773 0.0604545 0 -0.0353369 0.998865 -0.0316398 0 -0.059331 -0.0337009 -0.997669 0 -0.206852 -0.571502 0.0279903 1 
-0.997603 -0.0334093 0.0604463 0 -0.035374 0.998861 -0.0317295 0 -0.0593185 -0.0337923 -0.997667 0 -0.206899 -0.571622 0.0272122 1 
-0.997604 -0.0333689 0.0604424 0 -0.0353399 0.998858 -0.0318393 0 -0.0593121 -0.0338997 -0.997664 0 -0.207022 -0.571842 0.0263749 1 
-0.997607 -0.0334369 0.0603496 0 -0.035399 0.998859 -0.0317405 0 -0.0592206 -0.0338015 -0.997672 0 -0.20707 -0.57207 0.025438 1 
-0.997609 -0.0335569 0.0602563 0 -0.0355114 0.998858 -0.0316629 0 -0.0591261 -0.0337276 -0.997681 0 -0.207101 -0.572344 0.0242894 1 
-0.997619 -0.0336375 0.060047 0 -0.0355649 0.998867 -0.0313217 0 -0.0589266 -0.0333833 -0.997704 0 -0.207109 -0.572503 0.0229655 1 
-0.997644 -0.0336348 0.0596387 0 -0.0354997 0.998895 -0.0304907 0 -0.0585484 -0.0325366 -0.997754 0 -0.207089 -0.572396 0.0213403 1 
-0.997663 -0.0335197 0.0593852 0 -0.0353604 0.998908 -0.0302209 0 -0.0583085 -0.0322508 -0.997778 0 -0.207105 -0.572293 0.0196849 1 
-0.997681 -0.0331076 0.0593121 0 -0.0349797 0.998903 -0.0308073 0 -0.0582282 -0.0328112 -0.997764 0 -0.207118 -0.572292 0.0182015 1 
-0.997678 -0.0329764 0.0594272 0 -0.0349101 0.998875 -0.0318002 0 -0.0583128 -0.0338017 -0.997726 0 -0.207095 -0.572316 0.0167862 1 
-0.997669 -0.0329557 0.0596003 0 -0.0349581 0.998838 -0.0328728 0 -0.0584488 -0.0348803 -0.997681 0 -0.207089 -0.572354 0.0154899 1 
-0.997665 -0.0328905 0.0596959 0 -0.0349479 0.998809 -0.0337533 0 -0.0585157 -0.0357614 -0.997646 0 -0.207076 -0.572369 0.0141329 1 
-0.997661 -0.0326961 0.0598636 0 -0.034819 0.998779 -0.0347683 0 -0.0586548 -0.0367721 -0.997601 0 -0.207091 -0.572538 0.0127843 1 
-0.997668 -0.0326207 0.0597983 0 -0.0347492 0.998777 -0.0349069 0 -0.0585876 -0.0369042 -0.9976 0 -0.207111 -0.572616 0.011373 1 
-0.997681 -0.032664 0.0595443 0 -0.0347518 0.998795 -0.0343705 0 -0.058351 -0.0363608 -0.997634 0 -0.207124 -0.572604 0.00995423 1 
-0.997697 -0.0326995 0.0592636 0 -0.0347364 0.998819 -0.0336711 0 -0.0580938 -0.0356529 -0.997674 0 -0.207144 -0.572574 0.00871075 1 
-0.997716 -0.0326915 0.0589434 0 -0.0346692 0.998849 -0.0328481 0 -0.0578028 -0.0348173 -0.997721 0 -0.207186 -0.572537 0.00747308 1 
-0.997731 -0.0326941 0.0586842 0 -0.0346284 0.99887 -0.0322518 0 -0.0575645 -0.0342114 -0.997755 0 -0.207232 -0.572545 0.00627598 1 
-0.997738 -0.0327701 0.058524 0 -0.0346797 0.998879 -0.0319164 0 -0.0574136 -0.0338745 -0.997776 0 -0.207254 -0.572632 0.00516603 1 
-0.997747 -0.0328195 0.0583522 0 -0.0347013 0.99889 -0.0315331 0 -0.0572536 -0.0334876 -0.997798 0 -0.207295 -0.572716 0.00397472 1 
-0.997755 -0.0328197 0.0582056 0 -0.0346827 0.998899 -0.0312908 0 -0.0571156 -0.0332399 -0.997814 0 -0.207373 -0.572822 0.00270861 1 
-0.997761 -0.0328672 0.0580794 0 -0.0347167 0.998903 -0.0311255 0 -0.0569937 -0.0330728 -0.997827 0 -0.20742 -0.572934 0.00140431 1 
-0.997772 -0.0329583 0.0578404 0 -0.0347738 0.998915 -0.0306668 0 -0.056768 -0.0326105 -0.997855 0 -0.207415 -0.572893 -0.000202386 1 
-0.99778 -0.0329911 0.0576827 0 -0.0347962 0.998917 -0.030574 0 -0.0566127 -0.0325139 -0.997867 0 -0.207429 -0.572853 -0.00186835 1 
-0.997782 -0.0330522 0.0576073 0 -0.0348645 0.998909 -0.0307419 0 -0.0565295 -0.0326828 -0.997866 0 -0.20744 -0.572881 -0.00343752 1 
-0.997775 -0.0331619 0.0576755 0 -0.0350074 0.998888 -0.0312878 0 -0.0565749 -0.0332379 -0.997845 0 -0.207464 -0.573069 -0.00487888 1 
-0.99777 -0.0332514 0.0577102 0 -0.0351232 0.99887 -0.031728 0 -0.0565911 -0.0336849 -0.997829 0 -0.2075 -0.573243 -0.00639952 1 
-0.997769 -0.033324 0.057677 0 -0.0352094 0.998858 -0.0319866 0 -0.0565463 -0.0339466 -0.997823 0 -0.207535 -0.573376 -0.00801084 1 
-0.99777 -0.0334204 0.0576131 0 -0.0353157 0.998848 -0.0321983 0 -0.0564718 -0.0341618 -0.99782 0 -0.207547 -0.573444 -0.00982594 1 
-0.997772 -0.033549 0.0574949 0 -0.0354476 0.998839 -0.0323266 0 -0.0563447 -0.0342933 -0.997822 0 -0.207496 -0.573422 -0.0116729 1 
-0.997767 -0.0336664 0.0575138 0 -0.0355938 0.998818 -0.0328231 0 -0.0563418 -0.0347977 -0.997805 0 -0.207489 -0.573514 -0.0134208 1 
-0.997762 -0.0336981 0.0575785 0 -0.0356558 0.998799 -0.033319 0 -0.0563876 -0.0352982 -0.997785 0 -0.207541 -0.573621 -0.0149774 1 
-0.997762 -0.0336225 0.0576315 0 -0.0356058 0.998787 -0.0337381 0 -0.0564283 -0.0357153 -0.997768 0 -0.207669 -0.573772 -0.0163018 1 
-0.997768 -0.0335749 0.0575536 0 -0.03556 0.998785 -0.0338211 0 -0.0563493 -0.0357929 -0.997769 0 -0.207767 -0.573907 -0.0176806 1 
-0.997767 -0.0336663 0.0575201 0 -0.0356576 0.998778 -0.033951 0 -0.0563079 -0.035927 -0.997767 0 -0.207801 -0.574117 -0.0189817 1 
-0.997761 -0.0338054 0.0575439 0 -0.0358157 0.998761 -0.034269 0 -0.0563152 -0.0362539 -0.997755 0 -0.207847 -0.574476 -0.0202474 1 
-0.997751 -0.0340382 0.0575723 0 -0.0360663 0.998742 -0.0345621 0 -0.0563246 -0.0365615 -0.997743 0 -0.207871 -0.574963 -0.0213863 1 
-0.997732 -0.0344186 0.057682 0 -0.0364664 0.998718 -0.0348339 0 -0.0564102 -0.036859 -0.997727 0 -0.207872 -0.575605 -0.0223891 1 
-0.997676 -0.0346971 0.0584777 0 -0.0369003 0.998623 -0.0370267 0 -0.0571136 -0.0390993 -0.997602 0 -0.208065 -0.576864 -0.0226011 1 
-0.997627 -0.0351386 0.0590524 0 -0.0374681 0.998534 -0.0388134 0 -0.0576031 -0.0409347 -0.9975 0 -0.208137 -0.578173 -0.0224429 1 
-0.997562 -0.0357167 0.0597861 0 -0.0381789 0.998438 -0.040561 0 -0.0582452 -0.0427455 -0.997387 0 -0.208192 -0.579538 -0.0223132 1 
-0.997503 -0.0362571 0.060452 0 -0.038843 0.998346 -0.0421647 0 -0.0588243 -0.0444084 -0.99728 0 -0.20825 -0.580869 -0.022231 1 
-0.997451 -0.0367538 0.0610008 0 -0.0394405 0.998268 -0.0434384 0 -0.0592997 -0.0457345 -0.997192 0 -0.208276 -0.582151 -0.0222275 1 
-0.997413 -0.0369266 0.0615233 0 -0.0397136 0.998201 -0.0447098 0 -0.0597628 -0.0470384 -0.997104 0 -0.208327 -0.583288 -0.0221939 1 
-0.997381 -0.0371837 0.0618857 0 -0.0400381 0.99815 -0.0455416 0 -0.060079 -0.047901 -0.997044 0 -0.20831 -0.58438 -0.0221611 1 
-0.997349 -0.0374579 0.062227 0 -0.0403738 0.998103 -0.046281 0 -0.0603765 -0.0486716 -0.996988 0 -0.208246 -0.585279 -0.0221707 1 
-0.997321 -0.0375977 0.0625872 0 -0.0405841 0.998053 -0.0471489 0 -0.0606938 -0.0495636 -0.996925 0 -0.208199 -0.586155 -0.0221966 1 
-0.997304 -0.0376042 0.0628651 0 -0.0406476 0.998017 -0.0478539 0 -0.0609421 -0.0502812 -0.996874 0 -0.208185 -0.586912 -0.0222396 1 
-0.997289 -0.0375654 0.0631142 0 -0.0406587 0.997987 -0.0484634 0 -0.0611678 -0.0508992 -0.996829 0 -0.208201 -0.587578 -0.0222732 1 
-0.997271 -0.0376622 0.0633496 0 -0.040802 0.997954 -0.0490211 0 -0.0613749 -0.0514731 -0.996787 0 -0.208216 -0.588152 -0.0222859 1 
-0.997259 -0.0376748 0.0635324 0 -0.0408503 0.997931 -0.0494471 0 -0.0615392 -0.0519079 -0.996754 0 -0.208232 -0.588616 -0.0222736 1 
-0.997253 -0.0375862 0.0636797 0 -0.0407901 0.997917 -0.0497826 0 -0.0616771 -0.0522443 -0.996728 0 -0.208254 -0.589006 -0.0222502 1 
-0.997247 -0.0375111 0.0638148 0 -0.040742 0.997903 -0.0501036 0 -0.0618027 -0.0525667 -0.996703 0 -0.208299 -0.589325 -0.0221902 1 
-0.997236 -0.03755 0.0639683 0 -0.0408112 0.997882 -0.0504612 0 -0.0619392 -0.0529333 -0.996675 0 -0.208337 -0.589635 -0.0220708 1 
-0.997227 -0.0375257 0.0641118 0 -0.0408175 0.997863 -0.0508295 0 -0.0620686 -0.0533064 -0.996647 0 -0.208371 -0.589958 -0.0218985 1 
-0.997225 -0.037401 0.0642247 0 -0.0407164 0.997853 -0.0511131 0 -0.0621763 -0.0535873 -0.996626 0 -0.208378 -0.590244 -0.0217197 1 
-0.997217 -0.0373167 0.0643981 0 -0.0406677 0.997833 -0.0515343 0 -0.0623367 -0.0540108 -0.996593 0 -0.208373 -0.590604 -0.0214889 1 
-0.997204 -0.0372908 0.064607 0 -0.0406826 0.997808 -0.0520038 0 -0.0625273 -0.0544878 -0.996555 0 -0.208382 -0.591058 -0.0211927 1 
-0.997194 -0.0372545 0.0647795 0 -0.0406792 0.997789 -0.0523771 0 -0.0626862 -0.0548663 -0.996524 0 -0.208389 -0.591503 -0.0209087 1 
-0.997186 -0.0372205 0.064925 0 -0.0406697 0.997775 -0.0526388 0 -0.0628225 -0.0551323 -0.996501 0 -0.208365 -0.591978 -0.0206212 1 
-0.997196 -0.0372176 0.0647773 0 -0.0406126 0.997816 -0.0519072 0 -0.0627052 -0.0543935 -0.996549 0 -0.208291 -0.592225 -0.0205636 1 
-0.997198 -0.0372631 0.064724 0 -0.0406356 0.997831 -0.0515947 0 -0.0626623 -0.0540813 -0.996568 0 -0.208282 -0.592473 -0.0206491 1 
-0.997184 -0.0373404 0.0648863 0 -0.0407465 0.997807 -0.0519869 0 -0.062804 -0.0544855 -0.996538 0 -0.20831 -0.592877 -0.0206944 1 
-0.997171 -0.037374 0.0650654 0 -0.0408179 0.99778 -0.0524297 0 -0.0629627 -0.0549383 -0.996503 0 -0.208317 -0.593323 -0.0207044 1 
-0.997163 -0.037386 0.0651811 0 -0.0408534 0.997765 -0.0527002 0 -0.0630664 -0.0552146 -0.996481 0 -0.208285 -0.593687 -0.0207147 1 
-0.997154 -0.0374782 0.0652614 0 -0.0409568 0.997755 -0.0528059 0 -0.063137 -0.0553296 -0.99647 0 -0.208241 -0.593988 -0.0207098 1 
-0.997152 -0.0374813 0.065301 0 -0.04096 0.997757 -0.0527728 0 -0.0631777 -0.0552983 -0.996469 0 -0.208239 -0.594266 -0.02067 1 
-0.997155 -0.0374454 0.0652728 0 -0.0409105 0.997769 -0.0525838 0 -0.0631593 -0.0551056 -0.996481 0 -0.208234 -0.594495 -0.0206432 1 
-0.99716 -0.0373641 0.0652369 0 -0.0408124 0.997785 -0.0523506 0 -0.0631376 -0.0548655 -0.996496 0 -0.208227 -0.594698 -0.0206591 1 
-0.997165 -0.0372077 0.0652505 0 -0.0406532 0.997794 -0.0522971 0 -0.063162 -0.0548026 -0.996497 0 -0.208253 -0.594933 -0.0206449 1 
-0.997169 -0.0370761 0.0652702 0 -0.0405192 0.997802 -0.0522419 0 -0.0631911 -0.0547398 -0.996499 0 -0.208283 -0.595218 -0.0205966 1 
-0.997165 -0.0370924 0.0653164 0 -0.0405352 0.997804 -0.0521976 0 -0.0632381 -0.0546983 -0.996498 0 -0.208306 -0.595536 -0.0205425 1 
-0.997159 -0.0371828 0.0653572 0 -0.0406244 0.997803 -0.052143 0 -0.063276 -0.0546511 -0.996499 0 -0.208308 -0.595874 -0.0204912 1 
-0.997154 -0.0372076 0.0654288 0 -0.0406556 0.9978 -0.0521814 0 -0.0633445 -0.054694 -0.996492 0 -0.208307 -0.596277 -0.020439 1 
-0.997158 -0.037039 0.0654526 0 -0.0404819 0.997812 -0.052082 0 -0.0633816 -0.0545848 -0.996495 0 -0.208296 -0.596657 -0.0203967 1 
-0.997168 -0.0368427 0.0654153 0 -0.0402637 0.997837 -0.0517718 0 -0.0633677 -0.0542601 -0.996514 0 -0.20829 -0.596971 -0.0203468 1 
-0.997164 -0.0369544 0.0654116 0 -0.0403575 0.997848 -0.0514922 0 -0.0633692 -0.0539871 -0.996529 0 -0.208295 -0.597328 -0.0202249 1 
-0.997162 -0.037144 0.0653408 0 -0.0405078 0.997871 -0.0509321 0 -0.0633111 -0.0534354 -0.996562 0 -0.208293 -0.59769 -0.0201198 1 
-0.997158 -0.037278 0.0653155 0 -0.0406153 0.997887 -0.0505335 0 -0.0632948 -0.0530437 -0.996584 0 -0.208308 -0.598095 -0.020063 1 
-0.997137 -0.0373064 0.0656245 0 -0.0407031 0.997849 -0.0512079 0 -0.0635741 -0.0537334 -0.99653 0 -0.208387 -0.598806 -0.0197665 1 
-0.997111 -0.0374793 0.0659216 0 -0.0409365 0.997803 -0.0518997 0 -0.0638329 -0.0544494 -0.996474 0 -0.208382 -0.599572 -0.0192669 1 
-0.997076 -0.0377921 0.0662675 0 -0.0413044 0.997759 -0.0524586 0 -0.0641377 -0.0550435 -0.996422 0 -0.208345 -0.600422 -0.0185851 1 
-0.997035 -0.0381268 0.0666966 0 -0.0417087 0.997705 -0.0531622 0 -0.0645178 -0.0557875 -0.996356 0 -0.208346 -0.601484 -0.0177161 1 
-0.997078 -0.038245 0.0659803 0 -0.0415927 0.997866 -0.0501337 0 -0.0639234 -0.0527325 -0.996561 0 -0.208211 -0.601543 -0.0173284 1 
-0.997147 -0.0379685 0.0650874 0 -0.0410574 0.998051 -0.0467954 0 -0.063185 -0.0493351 -0.996782 0 -0.208227 -0.601159 -0.017166 1 
-0.997185 -0.037729 0.0646436 0 -0.0407138 0.998125 -0.0454948 0 -0.0628071 -0.0479996 -0.996871 0 -0.208224 -0.601085 -0.0169211 1 
-0.997204 -0.0374877 0.0645013 0 -0.0404331 0.99816 -0.0449802 0 -0.0626976 -0.0474633 -0.996903 0 -0.208171 -0.601058 -0.0166977 1 
-0.997214 -0.037302 0.0644553 0 -0.0402311 0.998178 -0.0447602 0 -0.0626694 -0.0472295 -0.996916 0 -0.208177 -0.601028 -0.0164652 1 
-0.997217 -0.0371801 0.0644684 0 -0.04011 0.998182 -0.0447635 0 -0.0626881 -0.0472257 -0.996915 0 -0.208192 -0.601013 -0.0162064 1 
-0.997215 -0.037135 0.0645358 0 -0.0400765 0.998178 -0.0448979 0 -0.0627521 -0.0473601 -0.996905 0 -0.208207 -0.600992 -0.0159037 1 
-0.997212 -0.0370655 0.0646096 0 -0.0400242 0.99817 -0.0451167 0 -0.0628203 -0.0475777 -0.99689 0 -0.20823 -0.600974 -0.0155539 1 
-0.99721 -0.0370036 0.064679 0 -0.0399792 0.998162 -0.0453331 0 -0.0628838 -0.0477933 -0.996876 0 -0.208235 -0.600955 -0.0151275 1 
-0.997204 -0.036983 0.0647859 0 -0.0399828 0.998148 -0.0456347 0 -0.0629795 -0.0480983 -0.996855 0 -0.20822 -0.600936 -0.0145464 1 
-0.997194 -0.0369307 0.064975 0 -0.0399727 0.998124 -0.0461569 0 -0.0631498 -0.0486255 -0.996819 0 -0.208227 -0.600948 -0.0137933 1 
-0.99718 -0.0368627 0.0652205 0 -0.0399589 0.998094 -0.0468211 0 -0.0633714 -0.0492961 -0.996772 0 -0.208246 -0.600995 -0.0128714 1 
-0.997173 -0.0368008 0.0653656 0 -0.0399247 0.99808 -0.0471445 0 -0.0635064 -0.0496219 -0.996747 0 -0.208238 -0.600978 -0.0118156 1 
-0.997168 -0.0367458 0.0654655 0 -0.0398849 0.998074 -0.0473056 0 -0.0636024 -0.0497837 -0.996733 0 -0.208211 -0.600927 -0.0106331 1 
-0.997166 -0.0366519 0.0655474 0 -0.0397995 0.998074 -0.0473761 0 -0.063686 -0.0498516 -0.996724 0 -0.208206 -0.600839 -0.00947671 1 
-0.997162 -0.0365771 0.0656502 0 -0.03974 0.998069 -0.047537 0 -0.0637859 -0.050012 -0.99671 0 -0.208202 -0.600795 -0.00835951 1 
-0.997163 -0.0365676 0.0656398 0 -0.0397227 0.998075 -0.0474224 0 -0.0637805 -0.0498962 -0.996716 0 -0.208129 -0.600709 -0.007309 1 
-0.997174 -0.0364151 0.0655574 0 -0.0395474 0.998096 -0.0471323 0 -0.0637174 -0.0495927 -0.996735 0 -0.208072 -0.600572 -0.00630742 1 
-0.997189 -0.0361401 0.065494 0 -0.039258 0.998115 -0.0469609 0 -0.0636746 -0.049401 -0.996747 0 -0.208051 -0.600466 -0.00528835 1 
-0.997201 -0.0358521 0.0654638 0 -0.0389653 0.998129 -0.0469147 0 -0.0636605 -0.0493352 -0.996751 0 -0.208005 -0.600393 -0.00435042 1 
-0.997208 -0.035507 0.0655469 0 -0.0386363 0.998133 -0.0471071 0 -0.0637531 -0.049509 -0.996737 0 -0.207991 -0.600408 -0.00341599 1 
-0.997218 -0.0351991 0.0655668 0 -0.0383268 0.998146 -0.0470706 0 -0.0637896 -0.0494535 -0.996737 0 -0.207999 -0.600422 -0.00263688 1 
-0.997231 -0.0349601 0.0654933 0 -0.0380625 0.998172 -0.0467374 0 -0.0637409 -0.0491018 -0.996758 0 -0.207981 -0.600401 -0.00195608 1 
-0.997243 -0.0348104 0.065388 0 -0.0378799 0.998199 -0.046305 0 -0.0636596 -0.0486552 -0.996785 0 -0.207974 -0.600422 -0.00134349 1 
-0.997258 -0.0346755 0.0652244 0 -0.0376886 0.998241 -0.0455467 0 -0.0635316 -0.047881 -0.996831 0 -0.207996 -0.60041 -0.000753247 1 
-0.997271 -0.0345758 0.06509 0 -0.0375428 0.998275 -0.0449251 0 -0.0634256 -0.047247 -0.996868 0 -0.207976 -0.60043 -0.000187878 1 
-0.997299 -0.0345716 0.0646543 0 -0.037412 0.998354 -0.04325 0 -0.0630539 -0.0455529 -0.99697 0 -0.207924 -0.600217 4.70134e-05 1 
-0.997311 -0.0345584 0.0644829 0 -0.0373494 0.998385 -0.0425906 0 -0.0629081 -0.0448853 -0.997009 0 -0.207944 -0.600242 2.68974e-05 1 
-0.997316 -0.0345808 0.0643894 0 -0.037343 0.998401 -0.0421993 0 -0.0628284 -0.0444914 -0.997032 0 -0.207918 -0.600258 1.28189e-05 1 
-0.997323 -0.0344765 0.0643283 0 -0.0372214 0.998416 -0.0419707 0 -0.0627806 -0.0442536 -0.997046 0 -0.207904 -0.600228 2.51801e-05 1 
-0.997334 -0.0341898 0.0643172 0 -0.0369352 0.998425 -0.0419912 0 -0.0627815 -0.0442557 -0.997046 0 -0.207905 -0.600242 4.17255e-05 1 
-0.997345 -0.0338423 0.0643343 0 -0.0365944 0.998434 -0.042093 0 -0.0628102 -0.0443364 -0.99704 0 -0.207892 -0.600283 9.30219e-05 1 
-0.997349 -0.0336202 0.0643787 0 -0.0363819 0.998436 -0.0422172 0 -0.0628599 -0.0444484 -0.997032 0 -0.207888 -0.600347 0.000218451 1 
-0.997355 -0.0335834 0.0643161 0 -0.0363216 0.998452 -0.0418884 0 -0.0628111 -0.0441145 -0.99705 0 -0.207891 -0.600332 0.000348924 1 
-0.997364 -0.0335982 0.064159 0 -0.0362897 0.99848 -0.0412558 0 -0.0626765 -0.0434762 -0.997086 0 -0.207886 -0.600289 0.000459403 1 
-0.997376 -0.0336219 0.0639698 0 -0.036257 0.998512 -0.0404864 0 -0.0625146 -0.0427003 -0.99713 0 -0.207881 -0.600243 0.000475812 1 
-0.997386 -0.0336336 0.0638005 0 -0.0362199 0.99854 -0.0398229 0 -0.0623692 -0.0420305 -0.997168 0 -0.207879 -0.600206 0.000497923 1 
-0.997393 -0.0336474 0.0636783 0 -0.0361967 0.998562 -0.039312 0 -0.0622652 -0.0415153 -0.997196 0 -0.207883 -0.600195 0.000556344 1 
-0.997399 -0.0336448 0.0635973 0 -0.0361642 0.998579 -0.0388871 0 -0.0621998 -0.0410867 -0.997218 0 -0.207907 -0.600202 0.000651396 1 
-0.997408 -0.0336294 0.0634669 0 -0.0361105 0.998602 -0.038359 0 -0.0620894 -0.0405521 -0.997246 0 -0.207917 -0.60017 0.000745707 1 
-0.997416 -0.033648 0.0633287 0 -0.0360926 0.998621 -0.0378617 0 -0.0619686 -0.0400504 -0.997274 0 -0.207897 -0.600117 0.000800103 1 
-0.997417 -0.0336746 0.0632943 0 -0.0361073 0.998627 -0.0376918 0 -0.0619394 -0.0398806 -0.997283 0 -0.207882 -0.600105 0.000811459 1 
-0.997416 -0.033663 0.063308 0 -0.0360966 0.998627 -0.0376974 0 -0.0619532 -0.039886 -0.997282 0 -0.207902 -0.600136 0.000837603 1 
-0.99742 -0.0336662 0.0632503 0 -0.0360857 0.998635 -0.0375066 0 -0.0619025 -0.0396931 -0.997293 0 -0.207892 -0.600104 0.000831768 1 
-0.997421 -0.03368 0.0632263 0 -0.0360927 0.998638 -0.037413 0 -0.0618814 -0.0395993 -0.997298 0 -0.207882 -0.600098 0.000838449 1 
-0.997422 -0.03365 0.0632273 0 -0.036062 0.99864 -0.037402 0 -0.0618839 -0.0395865 -0.997298 0 -0.207898 -0.600104 0.00084938 1 
-0.997421 -0.0336751 0.0632244 0 -0.0360863 0.998639 -0.037389 0 -0.0618804 -0.0395749 -0.997299 0 -0.207886 -0.600109 0.000860556 1 
-0.997421 -0.0336894 0.0632262 0 -0.0360991 0.99864 -0.0373641 0 -0.0618827 -0.0395509 -0.997299 0 -0.207886 -0.600114 0.000877478 1 
-0.997423 -0.0336922 0.0631881 0 -0.036092 0.998645 -0.0372298 0 -0.0618494 -0.0394152 -0.997307 0 -0.207883 -0.600099 0.000875655 1 
-0.997423 -0.0337375 0.0631724 0 -0.0361319 0.998647 -0.0371517 0 -0.0618346 -0.0393392 -0.997311 0 -0.20786 -0.600114 0.000904474 1 
-0.997421 -0.0337792 0.0631768 0 -0.0361698 0.998648 -0.0370856 0 -0.0618398 -0.0392758 -0.997313 0 -0.20785 -0.600147 0.000964624 1 
-0.997428 -0.0337892 0.0630515 0 -0.0361441 0.998667 -0.0365885 0 -0.0617324 -0.0387741 -0.997339 0 -0.207851 -0.60011 0.000975835 1 
-0.997439 -0.0338023 0.0628788 0 -0.0361094 0.998692 -0.0359236 0 -0.0615835 -0.0381029 -0.997374 0 -0.207844 -0.600089 0.00100994 1 
-0.99745 -0.0338527 0.0626825 0 -0.0360995 0.998723 -0.0350653 0 -0.0614166 -0.0372394 -0.997417 0 -0.207839 -0.600087 0.00108801 1 
-0.997461 -0.0338977 0.0624771 0 -0.0360819 0.998755 -0.0341684 0 -0.0612422 -0.0363367 -0.997461 0 -0.20784 -0.600073 0.001148 1 
-0.997463 -0.0340715 0.0623439 0 -0.036196 0.998781 -0.0332702 0 -0.0611355 -0.0354431 -0.9975 0 -0.207849 -0.600054 0.00121039 1 
-0.997472 -0.0341472 0.0621652 0 -0.0362162 0.998807 -0.0324645 0 -0.0609836 -0.0346345 -0.997538 0 -0.207836 -0.600018 0.00126113 1 
-0.997481 -0.0341803 0.0620072 0 -0.0362037 0.998828 -0.0318069 0 -0.0608485 -0.0339723 -0.997569 0 -0.207824 -0.59999 0.00129043 1 
-0.997486 -0.0341693 0.0619319 0 -0.03617 0.99884 -0.0314751 0 -0.0607857 -0.0336367 -0.997584 0 -0.207842 -0.599979 0.00130851 1 
-0.997488 -0.0341857 0.0618822 0 -0.0361738 0.998846 -0.0312973 0 -0.060742 -0.0334579 -0.997593 0 -0.207832 -0.599975 0.00131633 1 
-0.997488 -0.0341969 0.0618758 0 -0.0361816 0.998847 -0.031243 0 -0.0607372 -0.0334039 -0.997595 0 -0.207831 -0.599982 0.00132232 1 
-0.99749 -0.0341603 0.0618749 0 -0.0361448 0.998849 -0.0312406 0 -0.0607376 -0.0333992 -0.997595 0 -0.207847 -0.599989 0.00132617 1 
-0.997489 -0.0341866 0.0618668 0 -0.0361696 0.998848 -0.0312218 0 -0.0607294 -0.0333817 -0.997596 0 -0.20783 -0.599989 0.0013223 1 
-0.997488 -0.0342169 0.0618702 0 -0.0361998 0.998847 -0.0312164 0 -0.0607319 -0.0333783 -0.997596 0 -0.20781 -0.599996 0.00132212 1 
-0.997488 -0.0342084 0.0618758 0 -0.0361915 0.998848 -0.0312175 0 -0.0607378 -0.0333791 -0.997595 0 -0.207815 -0.599998 0.00132149 1 
-0.997489 -0.0341645 0.061879 0 -0.0361483 0.998849 -0.0312289 0 -0.060742 -0.0333879 -0.997595 0 -0.207835 -0.599997 0.00132772 1 
-0.997488 -0.0342021 0.0618755 0 -0.0361858 0.998847 -0.0312274 0 -0.0607373 -0.0333886 -0.997595 0 -0.20781 -0.600006 0.00132964 1 
-0.997489 -0.0341824 0.0618766 0 -0.036166 0.998848 -0.0312254 0 -0.0607391 -0.0333855 -0.997595 0 -0.207818 -0.600006 0.00132541 1 
-0.997489 -0.0341713 0.0618729 0 -0.0361542 0.998849 -0.031216 0 -0.0607362 -0.0333752 -0.997596 0 -0.207821 -0.600001 0.00131699 1 
-0.997489 -0.0341656 0.0618748 0 -0.0361491 0.998849 -0.0312248 0 -0.0607379 -0.0333837 -0.997595 0 -0.207821 -0.600005 0.00132051 1 
-0.997489 -0.0341914 0.0618657 0 -0.0361743 0.998848 -0.0312207 0 -0.0607282 -0.0333809 -0.997596 0 -0.207802 -0.600013 0.00131113 1 
-0.997489 -0.0341915 0.0618641 0 -0.0361732 0.998849 -0.0312019 0 -0.0607272 -0.033362 -0.997597 0 -0.207799 -0.600008 0.00129521 1 
-0.99749 -0.0341638 0.06186 0 -0.0361449 0.99885 -0.0311933 0 -0.0607243 -0.0333516 -0.997597 0 -0.207809 -0.6 0.00128086 1 
-0.997492 -0.0341302 0.0618526 0 -0.0361115 0.998851 -0.0312025 0 -0.0607178 -0.0333585 -0.997597 0 -0.207804 -0.600008 0.00127646 1 
-0.997498 -0.0339781 0.0618346 0 -0.0359578 0.998857 -0.0311889 0 -0.0607054 -0.0333349 -0.997599 0 -0.207781 -0.600006 0.0012527 1 
-0.997505 -0.0337847 0.0618347 0 -0.0357648 0.998863 -0.0311999 0 -0.0607116 -0.0333342 -0.997599 0 -0.207789 -0.600008 0.00124732 1 
-0.997508 -0.0336949 0.0618269 0 -0.0356748 0.998867 -0.0312036 0 -0.0607066 -0.0333322 -0.997599 0 -0.207788 -0.600011 0.00123437 1 
-0.997516 -0.033541 0.0617922 0 -0.0355171 0.998873 -0.0311626 0 -0.0606785 -0.0332805 -0.997602 0 -0.20775 -0.6 0.00118715 1 
-0.997523 -0.0333106 0.0617955 0 -0.0352867 0.998882 -0.0311663 0 -0.0606893 -0.0332703 -0.997602 0 -0.207742 -0.600003 0.0011758 1 
-0.997526 -0.0331931 0.0618068 0 -0.0351707 0.998885 -0.0311884 0 -0.0607038 -0.0332857 -0.997601 0 -0.207775 -0.600004 0.00117871 1 
-0.997528 -0.0331863 0.061785 0 -0.0351602 0.998887 -0.0311384 0 -0.060684 -0.0332344 -0.997604 0 -0.207773 -0.599983 0.00113612 1 
-0.997532 -0.0331632 0.0617398 0 -0.03513 0.998891 -0.0310482 0 -0.0606428 -0.0331411 -0.997609 0 -0.207751 -0.599949 0.00105064 1 
-0.997538 -0.0329212 0.0617638 0 -0.034899 0.998893 -0.0312221 0 -0.0606688 -0.0333014 -0.997602 0 -0.20774 -0.599962 0.000959408 1 
-0.997548 -0.03253 0.061806 0 -0.0345248 0.998898 -0.0314848 0 -0.0607149 -0.0335421 -0.997591 0 -0.207724 -0.599993 0.000876637 1 
-0.997555 -0.0322015 0.0618636 0 -0.0342149 0.9989 -0.0317672 0 -0.0607738 -0.0338068 -0.997579 0 -0.20774 -0.600013 0.000795482 1 
-0.997564 -0.0319678 0.061852 0 -0.0339846 0.998906 -0.0318336 0 -0.0607678 -0.0338587 -0.997577 0 -0.207725 -0.599991 0.000694889 1 
-0.99757 -0.031709 0.0618806 0 -0.0337405 0.998906 -0.0320655 0 -0.0607973 -0.0340762 -0.997568 0 -0.207705 -0.599995 0.000564229 1 
-0.997572 -0.031483 0.0619693 0 -0.0335438 0.998899 -0.0325007 0 -0.060879 -0.0345012 -0.997549 0 -0.207694 -0.600027 0.000414244 1 
-0.997574 -0.0314486 0.0619501 0 -0.0335061 0.998902 -0.0324582 0 -0.0608625 -0.0344558 -0.997551 0 -0.207708 -0.600009 0.000407689 1 
-0.997575 -0.0314268 0.0619454 0 -0.0334832 0.998903 -0.0324429 0 -0.0608591 -0.034439 -0.997552 0 -0.207721 -0.6 0.000400065 1 
-0.997575 -0.0314496 0.0619346 0 -0.0335042 0.998903 -0.0324186 0 -0.0608483 -0.0344157 -0.997554 0 -0.207705 -0.599998 0.000397256 1 
-0.997576 -0.031429 0.0619357 0 -0.0334837 0.998904 -0.0324195 0 -0.06085 -0.0344154 -0.997553 0 -0.207719 -0.599996 0.00039863 1 
-0.997575 -0.0314363 0.0619332 0 -0.0334903 0.998904 -0.0324095 0 -0.0608476 -0.0344057 -0.997554 0 -0.207713 -0.599995 0.000396619 1 
-0.997576 -0.0314343 0.0619333 0 -0.0334882 0.998904 -0.0324083 0 -0.0608478 -0.0344045 -0.997554 0 -0.207716 -0.599995 0.000396574 1 
-0.997575 -0.0314379 0.0619323 0 -0.0334918 0.998904 -0.0324089 0 -0.0608467 -0.0344052 -0.997554 0 -0.207714 -0.599996 0.000396203 1 
-0.997576 -0.031438 0.0619308 0 -0.0334918 0.998904 -0.0324074 0 -0.0608452 -0.0344036 -0.997554 0 -0.207715 -0.599995 0.00039728 1 
-0.997576 -0.0314313 0.0619294 0 -0.033485 0.998904 -0.0324064 0 -0.0608441 -0.0344022 -0.997554 0 -0.207716 -0.599995 0.000398169 1 
-0.997577 -0.0314337 0.0619157 0 -0.0334856 0.998905 -0.0323854 0 -0.0608311 -0.0343809 -0.997556 0 -0.207708 -0.599989 0.000392893 1 
-0.997577 -0.0314268 0.0619133 0 -0.033478 0.998905 -0.0323765 0 -0.0608292 -0.0343715 -0.997556 0 -0.20771 -0.599985 0.00039057 1 
-0.997577 -0.0314352 0.0619128 0 -0.0334865 0.998905 -0.0323775 0 -0.0608284 -0.0343729 -0.997556 0 -0.207706 -0.599987 0.000392132 1 
-0.997577 -0.0314343 0.0619144 0 -0.0334859 0.998905 -0.0323816 0 -0.0608298 -0.0343771 -0.997556 0 -0.207709 -0.599987 0.000394414 1 
-0.997577 -0.0314448 0.0619117 0 -0.0334963 0.998904 -0.0323817 0 -0.0608268 -0.0343777 -0.997556 0 -0.207703 -0.599989 0.000394377 1 
-0.997576 -0.0314407 0.0619142 0 -0.0334922 0.998905 -0.0323802 0 -0.0608295 -0.034376 -0.997556 0 -0.207707 -0.599987 0.000393231 1 
-0.997577 -0.0314448 0.0619109 0 -0.0334961 0.998905 -0.0323779 0 -0.0608261 -0.0343738 -0.997556 0 -0.207703 -0.599987 0.000392013 1 
-0.997577 -0.0314367 0.0619127 0 -0.0334882 0.998905 -0.0323801 0 -0.0608281 -0.0343757 -0.997556 0 -0.207706 -0.599987 0.000393482 1 
-0.997577 -0.0314429 0.0619118 0 -0.0334944 0.998905 -0.0323819 0 -0.060827 -0.0343778 -0.997556 0 -0.207705 -0.599988 0.00039466 1 
-0.997577 -0.0314414 0.061913 0 -0.0334928 0.998905 -0.0323787 0 -0.0608283 -0.0343745 -0.997556 0 -0.207706 -0.599987 0.000392072 1 
-0.997577 -0.031429 0.061912 0 -0.0334803 0.998905 -0.0323767 0 -0.0608278 -0.0343717 -0.997556 0 -0.207709 -0.599984 0.000393049 1 
-0.997577 -0.0314426 0.0619097 0 -0.0334937 0.998905 -0.0323759 0 -0.0608251 -0.0343717 -0.997556 0 -0.207705 -0.599986 0.000390921 1 
-0.997577 -0.0314329 0.0619102 0 -0.0334839 0.998905 -0.0323728 0 -0.060826 -0.034368 -0.997557 0 -0.207709 -0.599984 0.000391546 1 
-0.997577 -0.0314451 0.061908 0 -0.0334961 0.998905 -0.0323755 0 -0.0608233 -0.0343713 -0.997557 0 -0.207703 -0.599986 0.00038991 1 
-0.997577 -0.0314404 0.0619078 0 -0.0334915 0.998905 -0.0323762 0 -0.0608233 -0.0343718 -0.997557 0 -0.207704 -0.599986 0.000391307 1 
-0.997577 -0.0314349 0.061909 0 -0.0334858 0.998905 -0.032373 0 -0.0608247 -0.0343683 -0.997557 0 -0.207706 -0.599984 0.00039 1 
-0.997577 -0.0314408 0.0619104 0 -0.0334922 0.998905 -0.0323793 0 -0.0608257 -0.034375 -0.997556 0 -0.207704 -0.599987 0.000393171 1 
-0.997577 -0.0314424 0.0619105 0 -0.0334937 0.998905 -0.0323792 0 -0.0608258 -0.034375 -0.997556 0 -0.207704 -0.599987 0.000393646 1 
-0.997577 -0.031442 0.0619118 0 -0.0334934 0.998905 -0.0323794 0 -0.0608271 -0.0343752 -0.997556 0 -0.207705 -0.599987 0.000393255 1 
-0.997577 -0.0314432 0.0619097 0 -0.0334944 0.998905 -0.0323774 0 -0.060825 -0.0343732 -0.997556 0 -0.207704 -0.599987 0.000392873 1 
-0.997577 -0.0314442 0.061909 0 -0.0334953 0.998905 -0.0323771 0 -0.0608243 -0.0343729 -0.997556 0 -0.207702 -0.599986 0.000391329 1 
-0.997577 -0.0314361 0.0619104 0 -0.0334872 0.998905 -0.0323759 0 -0.060826 -0.0343713 -0.997556 0 -0.207706 -0.599985 0.000391618 1 
-0.997577 -0.0314376 0.0619078 0 -0.0334886 0.998905 -0.0323751 0 -0.0608234 -0.0343706 -0.997557 0 -0.207702 -0.599985 0.000390594 1 
-0.997577 -0.0314365 0.0619114 0 -0.0334878 0.998905 -0.0323786 0 -0.0608269 -0.034374 -0.997556 0 -0.207708 -0.599986 0.000393979 1 
-0.997577 -0.0314432 0.0619103 0 -0.0334942 0.998905 -0.0323737 0 -0.0608257 -0.0343695 -0.997556 0 -0.207705 -0.599985 0.000392388 1 
-0.997577 -0.0314394 0.0619095 0 -0.0334908 0.998905 -0.0323803 0 -0.0608248 -0.0343759 -0.997556 0 -0.207704 -0.599987 0.000392977 1 
-0.997577 -0.0314368 0.0619078 0 -0.0334879 0.998905 -0.0323769 0 -0.0608234 -0.0343723 -0.997557 0 -0.207704 -0.599985 0.000391599 1 
-0.997577 -0.0314405 0.0619087 0 -0.0334915 0.998905 -0.0323761 0 -0.0608242 -0.0343717 -0.997557 0 -0.207704 -0.599986 0.000392005 1 
-0.997577 -0.0314331 0.0619105 0 -0.0334843 0.998905 -0.0323768 0 -0.0608262 -0.034372 -0.997556 0 -0.207707 -0.599986 0.000393057 1 
-0.997577 -0.0314361 0.0619083 0 -0.0334873 0.998905 -0.0323787 0 -0.0608238 -0.034374 -0.997556 0 -0.207705 -0.599986 0.000392143 1 
-0.997577 -0.0314359 0.0619112 0 -0.0334872 0.998905 -0.0323782 0 -0.0608267 -0.0343736 -0.997556 0 -0.207707 -0.599985 0.000393215 1 
-0.997577 -0.0314361 0.0619091 0 -0.0334873 0.998905 -0.0323769 0 -0.0608246 -0.0343723 -0.997556 0 -0.207704 -0.599986 0.000391462 1 
-0.997577 -0.0314397 0.0619111 0 -0.033491 0.998905 -0.0323783 0 -0.0608265 -0.034374 -0.997556 0 -0.207705 -0.599986 0.000393244 1 
-0.997577 -0.0314418 0.0619099 0 -0.0334932 0.998905 -0.0323811 0 -0.0608251 -0.0343769 -0.997556 0 -0.207704 -0.599988 0.000393812 1 
-0.997577 -0.0314474 0.0619092 0 -0.0334986 0.998905 -0.0323777 0 -0.0608243 -0.0343737 -0.997556 0 -0.207703 -0.599987 0.000393367 1 
-0.997577 -0.031441 0.0619082 0 -0.0334923 0.998905 -0.0323803 0 -0.0608235 -0.034376 -0.997556 0 -0.207702 -0.599987 0.000392786 1 
-0.997577 -0.0314388 0.0619082 0 -0.0334898 0.998905 -0.0323754 0 -0.0608237 -0.0343709 -0.997557 0 -0.207705 -0.599984 0.000391487 1 
-0.997577 -0.0314409 0.0619076 0 -0.033492 0.998905 -0.0323774 0 -0.060823 -0.034373 -0.997557 0 -0.207703 -0.599986 0.000392073 1 
-0.997577 -0.0314356 0.0619104 0 -0.0334869 0.998905 -0.0323785 0 -0.060826 -0.0343739 -0.997556 0 -0.207706 -0.599986 0.000392811 1 
-0.997577 -0.0314413 0.0619086 0 -0.0334924 0.998905 -0.0323756 0 -0.060824 -0.0343713 -0.997557 0 -0.207705 -0.599984 0.000391145 1 
-0.997577 -0.0314482 0.0619044 0 -0.0334992 0.998905 -0.0323768 0 -0.0608196 -0.0343728 -0.997557 0 -0.207699 -0.599987 0.000390419 1 
-0.997577 -0.0314391 0.0619094 0 -0.0334906 0.998905 -0.0323826 0 -0.0608246 -0.0343781 -0.997556 0 -0.207703 -0.599988 0.000394764 1 
-0.997577 -0.0314499 0.0619085 0 -0.0335011 0.998904 -0.0323789 0 -0.0608235 -0.0343751 -0.997556 0 -0.207701 -0.599988 0.000394289 1 
-0.997577 -0.0314391 0.0619086 0 -0.0334905 0.998905 -0.0323818 0 -0.0608239 -0.0343773 -0.997556 0 -0.207703 -0.599987 0.000393392 1 
-0.997577 -0.0314415 0.0619074 0 -0.0334928 0.998905 -0.0323801 0 -0.0608227 -0.0343758 -0.997556 0 -0.207704 -0.599987 0.000394134 1 
-0.997577 -0.031442 0.0619108 0 -0.0334936 0.998905 -0.0323824 0 -0.060826 -0.0343782 -0.997556 0 -0.207704 -0.599988 0.000394856 1 
-0.997577 -0.0314466 0.061911 0 -0.033498 0.998905 -0.0323785 0 -0.0608261 -0.0343746 -0.997556 0 -0.207704 -0.599987 0.000394145 1 
-0.997577 -0.0314467 0.0619052 0 -0.0334978 0.998905 -0.0323784 0 -0.0608204 -0.0343743 -0.997557 0 -0.207699 -0.599988 0.000391418 1 
-0.997577 -0.0314416 0.0619091 0 -0.0334931 0.998905 -0.0323834 0 -0.0608243 -0.0343791 -0.997556 0 -0.207704 -0.599988 0.000393929 1 
