-0.999046 -0.0102989 0.0422225 0 -0.0103136 0.999937 -0.000131398 0 -0.0422193 -0.00056675 -0.999108 0 -0.264677 -0.610662 0.473578 1 
-0.999045 -0.0103012 0.0422227 0 -0.0103162 0.999937 -0.000136625 0 -0.0422194 -0.000572082 -0.999108 0 -0.264674 -0.610663 0.47358 1 
-0.999045 -0.0103003 0.0422255 0 -0.0103154 0.999937 -0.00013916 0 -0.0422223 -0.000574612 -0.999108 0 -0.264674 -0.610663 0.473581 1 
-0.999045 -0.0102982 0.0422278 0 -0.0103133 0.999937 -0.000138393 0 -0.0422245 -0.000573778 -0.999108 0 -0.264675 -0.610661 0.473583 1 
-0.999045 -0.0102917 0.0422351 0 -0.0103069 0.999937 -0.000142689 0 -0.0422318 -0.000577876 -0.999108 0 -0.264683 -0.610659 0.473586 1 
-0.999045 -0.0102942 0.0422301 0 -0.0103093 0.999937 -0.000139762 0 -0.0422268 -0.000575001 -0.999108 0 -0.264682 -0.61066 0.473582 1 
-0.999045 -0.0102973 0.0422259 0 -0.0103124 0.999937 -0.000138324 0 -0.0422226 -0.000573651 -0.999108 0 -0.264675 -0.610662 0.473581 1 
-0.999045 -0.0103056 0.0422279 0 -0.0103206 0.999937 -0.000138015 0 -0.0422246 -0.000573713 -0.999108 0 -0.264674 -0.610662 0.473583 1 
-0.999045 -0.0103031 0.0422245 0 -0.010318 0.999937 -0.000133962 0 -0.0422213 -0.000569516 -0.999108 0 -0.264674 -0.610663 0.473579 1 
-0.999045 -0.0102951 0.0422255 0 -0.01031 0.999937 -0.000135978 0 -0.0422223 -0.000571206 -0.999108 0 -0.264676 -0.610661 0.473582 1 
-0.999045 -0.0102926 0.0422283 0 -0.0103078 0.999937 -0.000141534 0 -0.042225 -0.00057669 -0.999108 0 -0.264682 -0.61066 0.473583 1 
-0.999045 -0.0102966 0.042225 0 -0.0103116 0.999937 -0.000136933 0 -0.0422217 -0.000572221 -0.999108 0 -0.264679 -0.61066 0.473583 1 
-0.999045 -0.0103071 0.0422254 0 -0.0103223 0.999937 -0.000141971 0 -0.0422221 -0.000577708 -0.999108 0 -0.264671 -0.610664 0.473583 1 
-0.999045 -0.0103045 0.0422234 0 -0.0103195 0.999937 -0.000135765 0 -0.0422202 -0.000571369 -0.999108 0 -0.264674 -0.610663 0.473579 1 
-0.999045 -0.0103003 0.0422239 0 -0.0103153 0.999937 -0.000136371 0 -0.0422207 -0.000571804 -0.999108 0 -0.264676 -0.610663 0.47358 1 
-0.999045 -0.0102943 0.04223 0 -0.0103095 0.999937 -0.000143343 0 -0.0422267 -0.000578589 -0.999108 0 -0.264678 -0.61066 0.473586 1 
-0.999045 -0.0102932 0.0422283 0 -0.0103081 0.999937 -0.000134229 0 -0.0422251 -0.000569406 -0.999108 0 -0.26468 -0.610661 0.47358 1 
-0.999045 -0.0102991 0.0422276 0 -0.0103143 0.999937 -0.000142231 0 -0.0422243 -0.000577654 -0.999108 0 -0.264677 -0.610662 0.473584 1 
-0.999045 -0.0102945 0.0422271 0 -0.0103097 0.999937 -0.000142622 0 -0.0422238 -0.000577847 -0.999108 0 -0.264677 -0.610662 0.473583 1 
-0.999045 -0.0102953 0.0422279 0 -0.0103105 0.999937 -0.000140494 0 -0.0422246 -0.00057576 -0.999108 0 -0.264678 -0.610662 0.473583 1 
-0.999045 -0.0103021 0.0422295 0 -0.0103172 0.999937 -0.000139778 0 -0.0422262 -0.000575346 -0.999108 0 -0.264677 -0.610663 0.473582 1 
-0.999045 -0.0103071 0.0422275 0 -0.0103223 0.999937 -0.000142215 0 -0.0422242 -0.000577975 -0.999108 0 -0.264672 -0.610663 0.473585 1 
-0.999045 -0.0102984 0.0422286 0 -0.0103136 0.999937 -0.000143067 0 -0.0422253 -0.00057847 -0.999108 0 -0.264676 -0.610662 0.473585 1 
-0.999045 -0.0102951 0.0422265 0 -0.0103101 0.999937 -0.00013911 0 -0.0422233 -0.000574349 -0.999108 0 -0.264675 -0.610662 0.473582 1 
-0.999045 -0.0103037 0.0422247 0 -0.0103185 0.999937 -0.000134219 0 -0.0422215 -0.000569799 -0.999108 0 -0.264674 -0.610664 0.473579 1 
-0.999045 -0.0103027 0.0422312 0 -0.0103179 0.999937 -0.000142757 0 -0.0422279 -0.000578371 -0.999108 0 -0.264674 -0.610663 0.473585 1 
-0.999045 -0.0103018 0.0422245 0 -0.0103167 0.999937 -0.000135995 0 -0.0422213 -0.000571494 -0.999108 0 -0.264674 -0.610663 0.47358 1 
-0.999045 -0.0103004 0.0422256 0 -0.0103155 0.999937 -0.000140158 0 -0.0422223 -0.000575613 -0.999108 0 -0.264676 -0.610662 0.473583 1 
-0.999045 -0.0102943 0.0422268 0 -0.0103094 0.999937 -0.000138553 0 -0.0422235 -0.000573763 -0.999108 0 -0.264677 -0.610662 0.473581 1 
-0.999045 -0.010297 0.0422274 0 -0.0103121 0.999937 -0.000140131 0 -0.0422241 -0.000575463 -0.999108 0 -0.264679 -0.610661 0.473583 1 
-0.999045 -0.0102976 0.0422273 0 -0.0103129 0.999937 -0.000143406 0 -0.042224 -0.000578766 -0.999108 0 -0.264676 -0.610662 0.473584 1 
-0.999045 -0.0102949 0.0422312 0 -0.0103102 0.999937 -0.000143063 0 -0.0422279 -0.000578347 -0.999108 0 -0.264679 -0.610661 0.473585 1 
-0.999045 -0.0102989 0.0422265 0 -0.0103141 0.999937 -0.000142106 0 -0.0422232 -0.00057751 -0.999108 0 -0.264676 -0.610662 0.473584 1 
-0.999045 -0.0102914 0.0422282 0 -0.0103065 0.999937 -0.000140578 0 -0.042225 -0.00057568 -0.999108 0 -0.264679 -0.610661 0.473584 1 
-0.999045 -0.0103032 0.0422235 0 -0.0103181 0.999937 -0.000134154 0 -0.0422202 -0.000569701 -0.999108 0 -0.264675 -0.610663 0.473578 1 
-0.999045 -0.010303 0.0422259 0 -0.0103182 0.999937 -0.000141631 0 -0.0422226 -0.000577201 -0.999108 0 -0.264674 -0.610663 0.473583 1 
-0.999045 -0.0102921 0.0422298 0 -0.0103074 0.999937 -0.000142781 0 -0.0422265 -0.000577934 -0.999108 0 -0.264679 -0.610661 0.473584 1 
-0.999045 -0.0102986 0.0422264 0 -0.0103137 0.999937 -0.000139718 0 -0.0422231 -0.000575105 -0.999108 0 -0.264675 -0.610662 0.473583 1 
-0.999045 -0.0103007 0.0422277 0 -0.0103158 0.999937 -0.000139774 0 -0.0422244 -0.000575266 -0.999108 0 -0.264676 -0.610662 0.473582 1 
-0.999045 -0.0102971 0.0422315 0 -0.0103122 0.999937 -0.000139229 0 -0.0422283 -0.000574607 -0.999108 0 -0.264678 -0.610662 0.473583 1 
-0.999045 -0.0103024 0.0422264 0 -0.0103174 0.999937 -0.000137976 0 -0.0422232 -0.000573522 -0.999108 0 -0.264676 -0.610661 0.473583 1 
-0.999045 -0.0102835 0.0422294 0 -0.0102984 0.999937 -0.000135802 0 -0.0422262 -0.00057058 -0.999108 0 -0.264683 -0.61066 0.47358 1 
-0.999045 -0.0103007 0.0422247 0 -0.0103158 0.999937 -0.000138659 0 -0.0422214 -0.000574118 -0.999108 0 -0.264675 -0.610663 0.473581 1 
-0.999045 -0.0103035 0.0422279 0 -0.0103186 0.999937 -0.00013981 0 -0.0422246 -0.00057542 -0.999108 0 -0.264675 -0.610663 0.473583 1 
-0.999045 -0.0103074 0.0422268 0 -0.0103229 0.999937 -0.000148607 0 -0.0422234 -0.000584379 -0.999108 0 -0.264669 -0.610666 0.473586 1 
-0.999045 -0.0103001 0.0422263 0 -0.0103151 0.999937 -0.000137119 0 -0.042223 -0.000572566 -0.999108 0 -0.264674 -0.610663 0.473581 1 
-0.999045 -0.010297 0.0422279 0 -0.0103123 0.999937 -0.000144661 0 -0.0422246 -0.000580003 -0.999108 0 -0.264678 -0.610662 0.473585 1 
-0.999045 -0.0102879 0.0422266 0 -0.0103028 0.999937 -0.000135132 0 -0.0422234 -0.000570066 -0.999108 0 -0.264681 -0.61066 0.47358 1 
-0.999045 -0.0102992 0.0422245 0 -0.0103141 0.999937 -0.000136669 0 -0.0422213 -0.000572058 -0.999108 0 -0.264676 -0.610663 0.47358 1 
-0.999045 -0.0103113 0.0422246 0 -0.0103264 0.999937 -0.000138379 0 -0.0422213 -0.000574286 -0.999108 0 -0.264672 -0.610664 0.473581 1 
-0.999045 -0.0103086 0.0422274 0 -0.0103238 0.999937 -0.000142391 0 -0.0422241 -0.000578214 -0.999108 0 -0.264671 -0.610664 0.473584 1 
-0.999045 -0.0102952 0.0422273 0 -0.0103105 0.999937 -0.000143129 0 -0.042224 -0.000578386 -0.999108 0 -0.264677 -0.610662 0.473584 1 
-0.999045 -0.0102984 0.0422289 0 -0.0103136 0.999937 -0.000143111 0 -0.0422256 -0.00057852 -0.999108 0 -0.264678 -0.610662 0.473584 1 
-0.999045 -0.0103027 0.0422261 0 -0.0103178 0.999937 -0.000141402 0 -0.0422228 -0.000576961 -0.999108 0 -0.264675 -0.610663 0.473583 1 
-0.999045 -0.0103244 0.0422276 0 -0.0103396 0.999937 -0.000143096 0 -0.0422243 -0.000579589 -0.999108 0 -0.264663 -0.610669 0.473583 1 
-0.999045 -0.0103354 0.0422202 0 -0.0103506 0.999937 -0.000141257 0 -0.0422169 -0.000578137 -0.999108 0 -0.264652 -0.610674 0.47358 1 
-0.999045 -0.0103297 0.0422232 0 -0.0103449 0.999937 -0.000141825 0 -0.0422199 -0.000578494 -0.999108 0 -0.264657 -0.610671 0.473582 1 
-0.999045 -0.0103108 0.0422299 0 -0.0103265 0.999937 -0.000152684 0 -0.0422265 -0.000588634 -0.999108 0 -0.264668 -0.610666 0.473589 1 
-0.999045 -0.0103017 0.0422269 0 -0.0103168 0.999937 -0.000139583 0 -0.0422236 -0.000575105 -0.999108 0 -0.264676 -0.610662 0.473583 1 
-0.999045 -0.0102885 0.0422281 0 -0.0103036 0.999937 -0.000140335 0 -0.0422249 -0.000575316 -0.999108 0 -0.264679 -0.610661 0.473583 1 
-0.999045 -0.0102766 0.0422316 0 -0.0102919 0.999937 -0.000144414 0 -0.0422283 -0.000578929 -0.999108 0 -0.264689 -0.610657 0.473585 1 
-0.999046 -0.0102733 0.0422289 0 -0.0102882 0.999937 -0.000135811 0 -0.0422257 -0.000570151 -0.999108 0 -0.26469 -0.610656 0.47358 1 
-0.999045 -0.0102801 0.0422286 0 -0.0102951 0.999937 -0.000138506 0 -0.0422254 -0.000573134 -0.999108 0 -0.264686 -0.610658 0.473582 1 
-0.999045 -0.0102987 0.0422292 0 -0.0103141 0.999937 -0.000147134 0 -0.0422259 -0.000582562 -0.999108 0 -0.264676 -0.610662 0.473587 1 
-0.999045 -0.0103083 0.0422302 0 -0.0103236 0.999937 -0.000144995 0 -0.0422269 -0.000580836 -0.999108 0 -0.264672 -0.610662 0.473588 1 
-0.999045 -0.0103072 0.0422288 0 -0.0103226 0.999937 -0.000147392 0 -0.0422254 -0.000583174 -0.999108 0 -0.264672 -0.610664 0.473587 1 
-0.999046 -0.0102994 0.0422214 0 -0.0103141 0.999937 -0.000129251 0 -0.0422182 -0.000564613 -0.999108 0 -0.264677 -0.610663 0.473575 1 
-0.999046 -0.010303 0.0422203 0 -0.0103177 0.999937 -0.000129892 0 -0.0422171 -0.000565396 -0.999108 0 -0.264674 -0.610665 0.473575 1 
-0.999045 -0.010327 0.042221 0 -0.0103423 0.999937 -0.000143167 0 -0.0422177 -0.000579703 -0.999108 0 -0.264658 -0.61067 0.473583 1 
-0.999045 -0.0103286 0.042221 0 -0.0103439 0.999937 -0.000141793 0 -0.0422177 -0.000578397 -0.999108 0 -0.264657 -0.61067 0.473583 1 
-0.999045 -0.0103246 0.0422175 0 -0.010339 0.999937 -0.000122285 0 -0.0422144 -0.000558664 -0.999108 0 -0.264661 -0.610669 0.473572 1 
-0.999046 -0.0103129 0.0422166 0 -0.0103272 0.999937 -0.000122347 0 -0.0422135 -0.000558223 -0.999108 0 -0.264667 -0.610667 0.473571 1 
-0.999046 -0.0103243 0.0422158 0 -0.0103388 0.999937 -0.000126029 0 -0.0422126 -0.000562381 -0.999108 0 -0.26466 -0.61067 0.473572 1 
-0.999045 -0.010328 0.0422173 0 -0.0103426 0.999937 -0.000127244 0 -0.0422141 -0.00056377 -0.999108 0 -0.264657 -0.610671 0.473574 1 
-0.999046 -0.0102633 0.0422138 0 -0.0102757 0.999938 -7.68691e-05 0 -0.0422112 -0.000510583 -0.999109 0 -0.264698 -0.61065 0.473551 1 
-0.999048 -0.0101343 0.0422061 0 -0.0101446 0.999939 -2.94867e-05 0 -0.0422041 -0.000457631 -0.999109 0 -0.264777 -0.610619 0.473524 1 
-0.99905 -0.0100309 0.0421904 0 -0.0100397 0.99994 3.4279e-06 0 -0.0421887 -0.000420163 -0.99911 0 -0.264842 -0.61059 0.473504 1 
-0.999049 -0.0100702 0.0421936 0 -0.01008 0.99994 -1.87733e-05 0 -0.0421916 -0.000444075 -0.999109 0 -0.264818 -0.610601 0.473515 1 
-0.999049 -0.0101402 0.0421884 0 -0.01015 0.999939 -1.61974e-05 0 -0.0421865 -0.000444401 -0.99911 0 -0.264778 -0.610618 0.473513 1 
-0.999049 -0.0100972 0.0421923 0 -0.0101069 0.999939 -1.59477e-05 0 -0.0421904 -0.000442374 -0.999109 0 -0.264804 -0.610607 0.473513 1 
-0.999049 -0.00997049 0.0422086 0 -0.00997978 0.999941 -9.49032e-06 0 -0.0422068 -0.000430722 -0.999109 0 -0.264877 -0.610576 0.473513 1 
-0.999017 -0.00966136 0.0430459 0 -0.00970174 0.999943 -0.000729132 0 -0.0430372 -0.00114606 -0.999073 0 -0.265208 -0.610602 0.473735 1 
-0.998984 -0.00927209 0.0438918 0 -0.00935633 0.999945 -0.0017141 0 -0.0438743 -0.00212306 -0.999035 0 -0.26556 -0.610592 0.474133 1 
-0.998972 -0.0088362 0.0442344 0 -0.00895342 0.999947 -0.00245264 0 -0.0442113 -0.00284622 -0.999018 0 -0.265797 -0.610429 0.474632 1 
-0.998962 -0.00843527 0.0445453 0 -0.00858616 0.999948 -0.00319694 0 -0.0445169 -0.00357617 -0.999002 0 -0.265976 -0.610204 0.475194 1 
-0.998948 -0.00820202 0.0449037 0 -0.00839271 0.999947 -0.00405964 0 -0.0448689 -0.00443232 -0.998983 0 -0.266032 -0.60999 0.475869 1 
-0.998938 -0.00816448 0.0451257 0 -0.00838172 0.999945 -0.00462692 0 -0.0450862 -0.00500034 -0.998971 0 -0.265917 -0.60973 0.476562 1 
-0.998927 -0.00825794 0.0453557 0 -0.008504 0.999941 -0.00523472 0 -0.0453106 -0.00561492 -0.998957 0 -0.265723 -0.60949 0.477264 1 
-0.998915 -0.00845741 0.0455876 0 -0.00873276 0.999935 -0.00584411 0 -0.0455361 -0.00623599 -0.998943 0 -0.265439 -0.609208 0.477982 1 
-0.998907 -0.0088066 0.0457049 0 -0.00909965 0.99993 -0.00620762 0 -0.0456479 -0.00661685 -0.998936 0 -0.265008 -0.608828 0.478629 1 
-0.998903 -0.00937556 0.0456598 0 -0.00967323 0.999924 -0.00630266 0 -0.0455981 -0.00673755 -0.998937 0 -0.264377 -0.608334 0.479249 1 
-0.998904 -0.0100402 0.0454957 0 -0.010327 0.999919 -0.00607527 0 -0.0454319 -0.00653857 -0.998946 0 -0.263652 -0.607806 0.479674 1 
-0.998909 -0.0107867 0.0452135 0 -0.0110493 0.999914 -0.00556202 0 -0.0451505 -0.00605565 -0.998962 0 -0.262812 -0.607246 0.479935 1 
-0.998927 -0.0112306 0.0447192 0 -0.0114461 0.999914 -0.00456598 0 -0.0446649 -0.00507304 -0.998989 0 -0.261848 -0.606629 0.479956 1 
-0.998955 -0.0114184 0.0440278 0 -0.0115684 0.999918 -0.0031516 0 -0.043989 -0.00365771 -0.999025 0 -0.260771 -0.606017 0.479731 1 
-0.998987 -0.0117009 0.0432287 0 -0.0117752 0.99992 -0.00146341 0 -0.0432089 -0.00197099 -0.999064 0 -0.25964 -0.605413 0.479338 1 
-0.999017 -0.0121662 0.0424059 0 -0.0121643 0.999916 0.000303027 0 -0.0424068 -0.000213111 -0.9991 0 -0.258405 -0.604824 0.478906 1 
-0.999047 -0.0125174 0.0415909 0 -0.0124444 0.999911 0.00201525 0 -0.0416133 0.00149579 -0.999133 0 -0.257055 -0.604232 0.478494 1 
-0.999076 -0.0127255 0.0408071 0 -0.0125865 0.999904 0.00366134 0 -0.0408506 0.0031444 -0.99916 0 -0.255604 -0.603595 0.47809 1 
-0.999108 -0.0126496 0.0400567 0 -0.0124508 0.999899 0.00520812 0 -0.0401193 0.00470482 -0.999184 0 -0.253991 -0.602945 0.477688 1 
-0.999139 -0.0126452 0.0392638 0 -0.0123842 0.99989 0.00688425 0 -0.0393473 0.00639219 -0.999205 0 -0.252295 -0.602268 0.477187 1 
-0.999168 -0.0128064 0.038461 0 -0.012484 0.999875 0.00860919 0 -0.0385672 0.00812204 -0.999223 0 -0.250612 -0.601675 0.476557 1 
-0.999193 -0.0130058 0.0377526 0 -0.0126314 0.999859 0.0101396 0 -0.0378799 0.00965471 -0.999236 0 -0.24897 -0.601189 0.475816 1 
-0.999214 -0.0132485 0.0371074 0 -0.0128315 0.999842 0.0114535 0 -0.037254 0.0109686 -0.999246 0 -0.24724 -0.600823 0.475109 1 
-0.99923 -0.0135124 0.0365728 0 -0.0130618 0.999827 0.0125318 0 -0.0367365 0.0120447 -0.999252 0 -0.245483 -0.600489 0.474466 1 
-0.999242 -0.0136673 0.0361766 0 -0.0131915 0.999814 0.013357 0 -0.0363531 0.0128699 -0.999256 0 -0.243677 -0.600163 0.473964 1 
-0.999253 -0.0139308 0.0357734 0 -0.0134304 0.999799 0.0141898 0 -0.0359646 0.013699 -0.999259 0 -0.241827 -0.599802 0.473429 1 
-0.999259 -0.0144712 0.0354087 0 -0.0139502 0.999782 0.0149164 0 -0.0356175 0.0144117 -0.999262 0 -0.239929 -0.599483 0.4728 1 
-0.999271 -0.0141827 0.0351587 0 -0.0136486 0.999779 0.0153845 0 -0.0353698 0.0148937 -0.999263 0 -0.238208 -0.599272 0.471939 1 
-0.999278 -0.0142267 0.0349545 0 -0.0136825 0.999773 0.01576 0 -0.0351714 0.0152707 -0.999265 0 -0.236417 -0.599185 0.470789 1 
-0.999283 -0.0142966 0.0347886 0 -0.0137447 0.999767 0.0160535 0 -0.0350106 0.0155642 -0.999266 0 -0.234743 -0.599193 0.469328 1 
-0.999285 -0.0144987 0.0346372 0 -0.0139403 0.99976 0.0163087 0 -0.034866 0.0158145 -0.999267 0 -0.232916 -0.599293 0.467416 1 
-0.999274 -0.0147872 0.0348225 0 -0.014247 0.999765 0.0157092 0 -0.0350474 0.015202 -0.99927 0 -0.231422 -0.599559 0.465594 1 
-0.999268 -0.0148487 0.0349954 0 -0.0143264 0.999773 0.0151266 0 -0.0352128 0.0146145 -0.999273 0 -0.230076 -0.599792 0.463544 1 
-0.99927 -0.0151433 0.0347919 0 -0.0146108 0.999763 0.0155095 0 -0.0350192 0.0149902 -0.999274 0 -0.228602 -0.599869 0.460944 1 
-0.999274 -0.0152608 0.0346299 0 -0.0147212 0.999757 0.0157814 0 -0.0348631 0.0152604 -0.999276 0 -0.2272 -0.599938 0.458128 1 
-0.999288 -0.0150734 0.0343174 0 -0.0145154 0.99975 0.016453 0 -0.0345574 0.0159435 -0.999276 0 -0.225905 -0.599909 0.455082 1 
-0.999293 -0.0151304 0.0341312 0 -0.0145652 0.999744 0.0167487 0 -0.0343765 0.0162401 -0.999277 0 -0.224484 -0.600016 0.451015 1 
-0.999301 -0.0152207 0.0338682 0 -0.0146424 0.999734 0.0172567 0 -0.0341225 0.016749 -0.999277 0 -0.223358 -0.600061 0.447042 1 
-0.999305 -0.0151031 0.0337826 0 -0.0145239 0.999735 0.0173244 0 -0.034036 0.016822 -0.999279 0 -0.222357 -0.600183 0.442941 1 
-0.999309 -0.0153241 0.0335723 0 -0.0147373 0.999726 0.017655 0 -0.0338343 0.0171484 -0.99928 0 -0.221374 -0.600227 0.438406 1 
-0.999303 -0.015648 0.0336151 0 -0.0150726 0.999727 0.0173035 0 -0.0338774 0.0167851 -0.999285 0 -0.220493 -0.60034 0.434033 1 
-0.999309 -0.0158026 0.0333635 0 -0.0152167 0.999717 0.0177411 0 -0.0336351 0.0172215 -0.999286 0 -0.219593 -0.600215 0.429435 1 
-0.999314 -0.0157784 0.0332113 0 -0.0151903 0.999715 0.0178861 0 -0.0334847 0.0173697 -0.999288 0 -0.218733 -0.600052 0.424923 1 
-0.999316 -0.0157112 0.033173 0 -0.0151299 0.999719 0.0177017 0 -0.0334424 0.017188 -0.999293 0 -0.217862 -0.599828 0.420233 1 
-0.999324 -0.0159235 0.032839 0 -0.0153279 0.999705 0.0183071 0 -0.0331215 0.0177918 -0.999293 0 -0.216931 -0.599312 0.415642 1 
-0.999325 -0.0162068 0.0326631 0 -0.0156091 0.999698 0.0184715 0 -0.0329533 0.0179495 -0.999296 0 -0.216068 -0.598772 0.411192 1 
-0.999331 -0.0162812 0.032452 0 -0.0156792 0.999692 0.018717 0 -0.0327474 0.018196 -0.999298 0 -0.215212 -0.598126 0.406666 1 
-0.999343 -0.0159132 0.032279 0 -0.0153069 0.999694 0.0189433 0 -0.0325712 0.0184371 -0.999299 0 -0.214419 -0.597388 0.402108 1 
-0.999354 -0.0156604 0.0320529 0 -0.0150498 0.999693 0.019201 0 -0.0323443 0.0187065 -0.999302 0 -0.213649 -0.596576 0.397538 1 
-0.999363 -0.0156362 0.0317847 0 -0.0150186 0.999686 0.0195757 0 -0.0320814 0.0190862 -0.999303 0 -0.212904 -0.595679 0.393208 1 
-0.999368 -0.0155188 0.0316653 0 -0.0149043 0.999688 0.019548 0 -0.0319594 0.0190641 -0.999307 0 -0.212175 -0.594638 0.388859 1 
-0.99938 -0.0153965 0.0313671 0 -0.0147743 0.999682 0.0199718 0 -0.0316652 0.0194964 -0.999308 0 -0.211381 -0.593236 0.384448 1 
-0.999391 -0.0152373 0.0310978 0 -0.0146103 0.999678 0.0202895 0 -0.0313975 0.0198232 -0.99931 0 -0.210559 -0.591696 0.380578 1 
-0.999395 -0.015089 0.03103 0 -0.0144729 0.999686 0.0199856 0 -0.0313224 0.0195247 -0.999319 0 -0.209713 -0.590061 0.376908 1 
-0.999412 -0.0149964 0.0305049 0 -0.0143622 0.999669 0.0209041 0 -0.0308089 0.0204541 -0.999316 0 -0.2086 -0.587677 0.372137 1 
-0.999424 -0.0147665 0.0302385 0 -0.0141261 0.999664 0.0212838 0 -0.0305432 0.0208448 -0.999316 0 -0.207684 -0.585623 0.368476 1 
-0.999424 -0.014701 0.0302835 0 -0.0140761 0.999676 0.0207445 0 -0.0305793 0.0203067 -0.999326 0 -0.20678 -0.583461 0.365343 1 
-0.999427 -0.0146729 0.0301886 0 -0.0140461 0.999674 0.0208708 0 -0.0304856 0.0204352 -0.999326 0 -0.205874 -0.580956 0.362523 1 
-0.999436 -0.0144964 0.0299689 0 -0.0138569 0.999665 0.0214384 0 -0.0302702 0.0210114 -0.999321 0 -0.204974 -0.578216 0.359425 1 
-0.99944 -0.014313 0.0299364 0 -0.0136749 0.999668 0.0214135 0 -0.0302335 0.0209925 -0.999322 0 -0.204103 -0.575414 0.356721 1 
-0.999437 -0.0140846 0.0301344 0 -0.0134644 0.999686 0.0206881 0 -0.0304169 0.0202711 -0.999332 0 -0.203236 -0.572395 0.354551 1 
-0.999445 -0.0139513 0.0299447 0 -0.0133171 0.999675 0.0212733 0 -0.0302323 0.0208631 -0.999325 0 -0.202342 -0.569032 0.35215 1 
-0.999449 -0.0136491 0.0299205 0 -0.0130176 0.999681 0.021197 0 -0.0302009 0.0207963 -0.999327 0 -0.201574 -0.565628 0.350043 1 
-0.999452 -0.0132268 0.0300351 0 -0.0126004 0.999691 0.0209499 0 -0.0303035 0.0205603 -0.999329 0 -0.200799 -0.561905 0.348518 1 
-0.999464 -0.0126791 0.029875 0 -0.0120374 0.999685 0.0215618 0 -0.0301395 0.0211911 -0.999321 0 -0.200079 -0.558062 0.346623 1 
-0.999459 -0.0119578 0.0303153 0 -0.0113454 0.99972 0.0202924 0 -0.0305501 0.0199378 -0.999334 0 -0.199491 -0.554481 0.345585 1 
-0.999471 -0.0111629 0.0302295 0 -0.010541 0.999722 0.0206519 0 -0.0304522 0.0203227 -0.99933 0 -0.198785 -0.550323 0.344246 1 
-0.999476 -0.0102671 0.0303677 0 -0.00964977 0.999736 0.020407 0 -0.0305698 0.0201037 -0.99933 0 -0.198184 -0.54636 0.343151 1 
-0.999478 -0.00946219 0.0305649 0 -0.00884391 0.999745 0.0203002 0 -0.0307498 0.0200197 -0.999327 0 -0.197451 -0.542073 0.3424 1 
-0.999482 -0.00857723 0.0306996 0 -0.00795142 0.99975 0.0204491 0 -0.0308679 0.0201948 -0.999319 0 -0.196788 -0.537795 0.341477 1 
-0.999479 -0.00783462 0.0309884 0 -0.00721136 0.999761 0.0201732 0 -0.0311396 0.0199396 -0.999316 0 -0.196022 -0.533436 0.340998 1 
-0.999471 -0.00716884 0.0314252 0 -0.00655959 0.99978 0.0194476 0 -0.0315583 0.0192315 -0.999317 0 -0.195424 -0.52937 0.340132 1 
-0.999453 -0.00676897 0.0320712 0 -0.00618747 0.999806 0.0181959 0 -0.0321888 0.0179879 -0.99932 0 -0.194772 -0.525384 0.339847 1 
-0.99945 -0.00647032 0.032238 0 -0.00586621 0.999796 0.0187983 0 -0.0323537 0.0185992 -0.999303 0 -0.194142 -0.521058 0.338754 1 
-0.999426 -0.0063284 0.0329805 0 -0.00573868 0.999813 0.0179445 0 -0.0330886 0.0177453 -0.999295 0 -0.193589 -0.517113 0.338354 1 
-0.999415 -0.006113 0.0333709 0 -0.00550473 0.999808 0.0182889 0 -0.0334769 0.0180948 -0.999276 0 -0.193126 -0.512772 0.337137 1 
-0.999398 -0.00616279 0.0338457 0 -0.00555511 0.999813 0.018019 0 -0.0339511 0.0178204 -0.999265 0 -0.192786 -0.508659 0.336183 1 
-0.99939 -0.00612972 0.0341086 0 -0.00551472 0.999811 0.0180952 0 -0.0342138 0.0178964 -0.999254 0 -0.192576 -0.504607 0.335011 1 
-0.99938 -0.00597328 0.0344228 0 -0.00537739 0.999825 0.0173775 0 -0.0345212 0.0171819 -0.999256 0 -0.192549 -0.50084 0.333401 1 
-0.999368 -0.00579451 0.0347913 0 -0.00522374 0.999841 0.0164739 0 -0.0348819 0.0162821 -0.999259 0 -0.192647 -0.496366 0.331684 1 
-0.999371 -0.00594598 0.0346828 0 -0.00536811 0.999836 0.0167308 0 -0.0347773 0.0165344 -0.999258 0 -0.192873 -0.492786 0.329626 1 
-0.999369 -0.00621053 0.0346936 0 -0.0056462 0.999841 0.0163403 0 -0.0347903 0.0161344 -0.999264 0 -0.193349 -0.489337 0.327416 1 
-0.99937 -0.00609003 0.0346852 0 -0.00554747 0.999851 0.0157171 0 -0.0347764 0.0155151 -0.999275 0 -0.19395 -0.485811 0.325231 1 
-0.999374 -0.00565673 0.0346404 0 -0.00513475 0.999863 0.0151387 0 -0.034722 0.0149517 -0.999285 0 -0.194692 -0.482552 0.322739 1 
-0.999375 -0.00492799 0.0347362 0 -0.00443821 0.99988 0.014163 0 -0.0348025 0.0140002 -0.999296 0 -0.195587 -0.479506 0.319745 1 
-0.99938 -0.0045674 0.0346317 0 -0.00409294 0.999887 0.0137586 0 -0.0346913 0.0136086 -0.999305 0 -0.196438 -0.47653 0.316415 1 
-0.999382 -0.00416918 0.0346191 0 -0.0037192 0.999898 0.0130521 0 -0.0346707 0.0129155 -0.999315 0 -0.197238 -0.473881 0.313044 1 
-0.999381 -0.00394637 0.0346858 0 -0.00352871 0.999911 0.0120943 0 -0.0347311 0.0119647 -0.999325 0 -0.197934 -0.471532 0.309435 1 
-0.999381 -0.00386049 0.0347051 0 -0.0034705 0.999921 0.0112906 0 -0.0347466 0.0111634 -0.999334 0 -0.198543 -0.469449 0.305602 1 
-0.999384 -0.00377583 0.0346218 0 -0.00340581 0.999927 0.0107403 0 -0.0346605 0.010616 -0.999343 0 -0.198981 -0.467604 0.30145 1 
-0.99938 -0.0038235 0.0347244 0 -0.00348836 0.999937 0.00970672 0 -0.03476 0.00957975 -0.99935 0 -0.199364 -0.466069 0.297108 1 
-0.999379 -0.00374923 0.0347505 0 -0.00344135 0.999945 0.00891517 0 -0.0347827 0.00879021 -0.999356 0 -0.199533 -0.464788 0.292925 1 
-0.999377 -0.00376803 0.0348042 0 -0.00348511 0.999951 0.0081857 0 -0.034834 0.00805946 -0.999361 0 -0.199597 -0.463649 0.288567 1 
-0.999375 -0.00394232 0.0348452 0 -0.00368227 0.999955 0.00752402 0 -0.034874 0.00739115 -0.999364 0 -0.199561 -0.462701 0.284305 1 
-0.999373 -0.00400603 0.034895 0 -0.00377232 0.99996 0.00676079 0 -0.0349214 0.00662505 -0.999368 0 -0.199454 -0.461925 0.280014 1 
-0.999373 -0.00422005 0.0348694 0 -0.00400193 0.999962 0.00632292 0 -0.0348954 0.00617953 -0.999372 0 -0.199234 -0.461287 0.275879 1 
-0.999372 -0.00462057 0.0348444 0 -0.00441162 0.999962 0.00607125 0 -0.0348718 0.00591383 -0.999374 0 -0.198996 -0.460821 0.271892 1 
-0.999367 -0.00502182 0.0349377 0 -0.00483949 0.999965 0.00530142 0 -0.0349637 0.00512909 -0.999375 0 -0.198819 -0.460647 0.268023 1 
-0.999368 -0.00551656 0.0348426 0 -0.00534456 0.999963 0.00502788 0 -0.0348697 0.00483857 -0.99938 0 -0.198615 -0.460508 0.263824 1 
-0.999364 -0.00597088 0.0348857 0 -0.00581905 0.999964 0.00445231 0 -0.0349117 0.00424656 -0.999381 0 -0.198506 -0.460599 0.260241 1 
-0.99936 -0.00640482 0.0349062 0 -0.00627178 0.999963 0.00391965 0 -0.0349307 0.00369829 -0.999383 0 -0.19846 -0.460861 0.256821 1 
-0.999351 -0.0067661 0.0351117 0 -0.00666665 0.999964 0.00294876 0 -0.035131 0.00271282 -0.999379 0 -0.198546 -0.461367 0.253558 1 
-0.999355 -0.00710453 0.0349229 0 -0.00700395 0.999961 0.00300167 0 -0.0349435 0.00275519 -0.999385 0 -0.198646 -0.461862 0.25016 1 
-0.99935 -0.00747188 0.0350025 0 -0.00739303 0.99996 0.00238151 0 -0.0350196 0.00212123 -0.999384 0 -0.198852 -0.46267 0.246757 1 
-0.999346 -0.00792821 0.0350156 0 -0.00786218 0.999957 0.0020231 0 -0.0350308 0.00174651 -0.999385 0 -0.19904 -0.463556 0.243767 1 
-0.999337 -0.00844168 0.0351477 0 -0.00839988 0.999954 0.00133663 0 -0.035158 0.00104052 -0.999381 0 -0.199278 -0.464669 0.240564 1 
-0.999333 -0.00893872 0.0351364 0 -0.00890924 0.99995 0.000995297 0 -0.0351443 0.000681607 -0.999382 0 -0.199511 -0.465734 0.23709 1 
-0.999326 -0.00951727 0.0351779 0 -0.00950502 0.999945 0.000515536 0 -0.0351815 0.000180825 -0.999381 0 -0.199747 -0.466919 0.233527 1 
-0.999327 -0.00995346 0.0350406 0 -0.00994233 0.999941 0.000491939 0 -0.0350441 0.000143226 -0.999386 0 -0.199974 -0.468035 0.229988 1 
-0.999335 -0.0102293 0.0347086 0 -0.0102031 0.999938 0.000932457 0 -0.0347167 0.000577714 -0.999397 0 -0.20014 -0.469033 0.226324 1 
-0.999321 -0.0106832 0.0349895 0 -0.0106973 0.999933 -0.000215495 0 -0.0349856 -0.000589653 -0.999388 0 -0.200388 -0.47048 0.222327 1 
-0.999326 -0.011279 0.0346507 0 -0.0112778 0.999927 0.000230506 0 -0.0346515 -0.000160435 -0.999399 0 -0.200525 -0.471595 0.218226 1 
-0.999319 -0.0117913 0.0346833 0 -0.011807 0.999921 -0.000248781 0 -0.0346783 -0.000658131 -0.999398 0 -0.200763 -0.472884 0.214377 1 
-0.999314 -0.0123188 0.0346486 0 -0.0123454 0.999914 -0.000554265 0 -0.0346395 -0.000981655 -0.999399 0 -0.200974 -0.474307 0.210539 1 
-0.999311 -0.0126917 0.034609 0 -0.0127289 0.999909 -0.000855284 0 -0.0345957 -0.00129525 -0.999401 0 -0.201221 -0.47578 0.20641 1 
-0.999301 -0.0130622 0.0347608 0 -0.0131252 0.999903 -0.00158483 0 -0.0347374 -0.00204001 -0.999394 0 -0.20144 -0.477308 0.202988 1 
-0.999306 -0.0133488 0.0344834 0 -0.0133988 0.9999 -0.00121892 0 -0.0344643 -0.00168014 -0.999405 0 -0.2016 -0.478796 0.199176 1 
-0.999303 -0.0135317 0.0345247 0 -0.0135959 0.999897 -0.00162453 0 -0.0344998 -0.00209283 -0.999403 0 -0.201816 -0.480522 0.195632 1 
-0.999299 -0.0136007 0.0346141 0 -0.0136806 0.999895 -0.00207231 0 -0.034583 -0.00254445 -0.999399 0 -0.202033 -0.482406 0.192605 1 
-0.9993 -0.0134348 0.0346413 0 -0.0135262 0.999896 -0.00240377 0 -0.0346061 -0.0028707 -0.999397 0 -0.202269 -0.484487 0.189156 1 
-0.999291 -0.0132733 0.0349588 0 -0.0133995 0.999895 -0.00337794 0 -0.034911 -0.00384405 -0.999383 0 -0.202435 -0.486686 0.186508 1 
-0.999301 -0.0131531 0.0347075 0 -0.0132583 0.999899 -0.00280177 0 -0.0346677 -0.00326004 -0.999394 0 -0.202489 -0.488679 0.18379 1 
-0.999299 -0.0129526 0.0348589 0 -0.0130723 0.9999 -0.00320762 0 -0.0348145 -0.00366113 -0.999387 0 -0.202606 -0.49121 0.181317 1 
-0.999292 -0.0128817 0.0350762 0 -0.0130191 0.999899 -0.00369135 0 -0.0350258 -0.00414547 -0.999378 0 -0.202686 -0.493723 0.179566 1 
-0.999296 -0.0131575 0.0348458 0 -0.0132701 0.999898 -0.00299998 0 -0.0348034 -0.00346034 -0.999388 0 -0.202619 -0.496229 0.177295 1 
-0.999281 -0.0134148 0.035182 0 -0.0135541 0.999892 -0.00372286 0 -0.035129 -0.00419713 -0.999374 0 -0.202615 -0.499168 0.175771 1 
-0.999274 -0.0136461 0.0352861 0 -0.0137869 0.999888 -0.00374905 0 -0.0352316 -0.0042329 -0.99937 0 -0.202584 -0.502162 0.17435 1 
-0.999272 -0.0139128 0.0352621 0 -0.0140474 0.999885 -0.00357354 0 -0.035209 -0.00406635 -0.999372 0 -0.202486 -0.505191 0.172774 1 
-0.999246 -0.0143996 0.035786 0 -0.0145791 0.999873 -0.00476103 0 -0.0357135 -0.00527927 -0.999348 0 -0.202478 -0.508664 0.171932 1 
-0.999228 -0.0147607 0.0361441 0 -0.0149677 0.999863 -0.00546257 0 -0.0360592 -0.00599946 -0.999332 0 -0.202458 -0.512109 0.170749 1 
-0.999209 -0.015086 0.036541 0 -0.0153249 0.999853 -0.00626596 0 -0.0364418 -0.00682112 -0.999312 0 -0.202445 -0.515589 0.169581 1 
-0.999175 -0.0155278 0.0372633 0 -0.0158359 0.999833 -0.00798613 0 -0.0371338 -0.0085698 -0.999274 0 -0.202496 -0.519203 0.168935 1 
-0.999162 -0.0159295 0.0374568 0 -0.0162586 0.999822 -0.00849747 0 -0.0373155 -0.00909952 -0.999262 0 -0.202444 -0.522508 0.167572 1 
-0.999143 -0.0158024 0.0379993 0 -0.0161796 0.999813 -0.00963793 0 -0.0378406 -0.0102447 -0.999231 0 -0.202449 -0.526097 0.166465 1 
-0.999123 -0.0159215 0.0384656 0 -0.0163386 0.999801 -0.0105541 0 -0.0382906 -0.0111736 -0.999204 0 -0.202438 -0.52958 0.165272 1 
-0.999115 -0.0162004 0.0385642 0 -0.0166177 0.999797 -0.0105252 0 -0.0383866 -0.0111569 -0.999201 0 -0.202392 -0.532824 0.163461 1 
-0.999094 -0.016363 0.0390334 0 -0.0168235 0.999783 -0.0114988 0 -0.0388375 -0.0121453 -0.999172 0 -0.20242 -0.536278 0.162191 1 
-0.999088 -0.0166658 0.0390565 0 -0.0171181 0.99978 -0.0112747 0 -0.0388607 -0.0119332 -0.999173 0 -0.202399 -0.539254 0.160309 1 
-0.999076 -0.0169842 0.0392415 0 -0.0174487 0.999772 -0.0115234 0 -0.0390376 -0.0121977 -0.999163 0 -0.202407 -0.542625 0.158474 1 
-0.999065 -0.0171451 0.0394491 0 -0.0176256 0.999765 -0.0118637 0 -0.0392372 -0.0125481 -0.999151 0 -0.202386 -0.545842 0.15676 1 
-0.999064 -0.0173111 0.0394024 0 -0.0177759 0.999766 -0.0114771 0 -0.0391953 -0.012167 -0.999157 0 -0.20235 -0.548923 0.154546 1 
-0.999045 -0.0175378 0.0397894 0 -0.0180395 0.999752 -0.0122837 0 -0.0395649 -0.01299 -0.999133 0 -0.202395 -0.552287 0.152986 1 
-0.999041 -0.0177387 0.0397871 0 -0.0182342 0.999751 -0.0121246 0 -0.0395629 -0.0128387 -0.999135 0 -0.202393 -0.555284 0.15089 1 
-0.999022 -0.0178755 0.0401918 0 -0.0184094 0.999737 -0.0129516 0 -0.0399505 -0.0136791 -0.999108 0 -0.202507 -0.558655 0.149237 1 
-0.999012 -0.017675 0.0405346 0 -0.0182381 0.999732 -0.0135646 0 -0.0402848 -0.0142907 -0.999086 0 -0.20265 -0.56206 0.147475 1 
-0.998998 -0.0176685 0.0408891 0 -0.0182642 0.999722 -0.0142419 0 -0.0406269 -0.0149747 -0.999062 0 -0.202814 -0.565398 0.14567 1 
-0.998974 -0.0177148 0.0414368 0 -0.0183659 0.999703 -0.0153848 0 -0.0411527 -0.0161304 -0.999023 0 -0.203 -0.568966 0.144414 1 
-0.998963 -0.0178783 0.04165 0 -0.0185439 0.999696 -0.0156472 0 -0.0413584 -0.0164036 -0.99901 0 -0.20313 -0.572069 0.142827 1 
-0.998941 -0.0178569 0.0421854 0 -0.0185825 0.999675 -0.0168715 0 -0.0418712 -0.0176379 -0.998967 0 -0.20329 -0.575413 0.141619 1 
-0.998915 -0.0179934 0.0427366 0 -0.0187796 0.999651 -0.0180665 0 -0.0423974 -0.0188498 -0.998923 0 -0.203462 -0.578753 0.140651 1 
-0.998895 -0.0182518 0.0430889 0 -0.0190735 0.999633 -0.0187375 0 -0.042732 -0.019539 -0.998895 0 -0.203611 -0.582043 0.139241 1 
-0.998866 -0.0183554 0.0437178 0 -0.0192607 0.999597 -0.0203773 0 -0.043327 -0.0211967 -0.998836 0 -0.2038 -0.585556 0.138433 1 
-0.998854 -0.018368 0.0439716 0 -0.0192943 0.999589 -0.020735 0 -0.0435735 -0.02156 -0.998818 0 -0.203947 -0.588512 0.137586 1 
-0.998855 -0.0184222 0.0439301 0 -0.019323 0.9996 -0.0201697 0 -0.0435418 -0.0209959 -0.998831 0 -0.204011 -0.591097 0.136398 1 
-0.99884 -0.0184115 0.0442837 0 -0.0193491 0.999586 -0.0208377 0 -0.0438826 -0.0216708 -0.998802 0 -0.204152 -0.593933 0.135867 1 
-0.998835 -0.0183252 0.0444306 0 -0.0192676 0.999587 -0.0208753 0 -0.0440305 -0.0217075 -0.998794 0 -0.204247 -0.596455 0.135409 1 
-0.998833 -0.018324 0.0444655 0 -0.0192593 0.999591 -0.0206994 0 -0.0440689 -0.0215321 -0.998796 0 -0.204329 -0.598942 0.134587 1 
-0.99882 -0.0185705 0.0446617 0 -0.0195251 0.999578 -0.0210323 0 -0.0442532 -0.0218799 -0.998781 0 -0.204404 -0.601437 0.134011 1 
-0.998813 -0.0185527 0.0448126 0 -0.0195204 0.999574 -0.0212546 0 -0.0444 -0.0221045 -0.998769 0 -0.204485 -0.603661 0.133697 1 
-0.998815 -0.0183547 0.0448609 0 -0.0193106 0.999584 -0.0209687 0 -0.0444582 -0.0218106 -0.998773 0 -0.204595 -0.605799 0.133361 1 
-0.998832 -0.0181532 0.0445572 0 -0.0190416 0.999617 -0.0195962 0 -0.0441853 -0.0204221 -0.998815 0 -0.204654 -0.60757 0.132654 1 
-0.998848 -0.018039 0.0442565 0 -0.018865 0.999645 -0.0183176 0 -0.0439112 -0.0191317 -0.998852 0 -0.204673 -0.60902 0.131916 1 
-0.99886 -0.0179013 0.0440328 0 -0.0186788 0.999666 -0.0173087 0 -0.0437091 -0.0181118 -0.99888 0 -0.204716 -0.610448 0.131268 1 
-0.998872 -0.0178567 0.0437795 0 -0.0185859 0.999685 -0.0163069 0 -0.0434753 -0.0171026 -0.998908 0 -0.204781 -0.611573 0.130613 1 
-0.998901 -0.0174692 0.0432714 0 -0.0181161 0.99972 -0.0146031 0 -0.043005 -0.0153712 -0.998957 0 -0.204844 -0.612153 0.129684 1 
-0.998932 -0.0170788 0.042706 0 -0.0176378 0.999754 -0.0127459 0 -0.0424786 -0.0134858 -0.999006 0 -0.204917 -0.61226 0.128392 1 
-0.998966 -0.0168169 0.0420136 0 -0.0172699 0.999787 -0.0104429 0 -0.0418298 -0.0111578 -0.999062 0 -0.204936 -0.611798 0.126793 1 
-0.999014 -0.0164874 0.0409981 0 -0.0168039 0.999822 -0.00738494 0 -0.0408698 -0.00806673 -0.999132 0 -0.204912 -0.610856 0.124929 1 
-0.999067 -0.0159719 0.0398792 0 -0.016149 0.999851 -0.00412234 0 -0.0398082 -0.0047626 -0.999196 0 -0.204875 -0.609573 0.122904 1 
-0.999113 -0.0154789 0.0389117 0 -0.0155455 0.999869 -0.00141019 0 -0.0388855 -0.00201388 -0.999242 0 -0.204817 -0.6082 0.120955 1 
-0.999156 -0.0149335 0.0380162 0 -0.0149056 0.999879 0.00101638 0 -0.0380275 0.000448875 -0.999277 0 -0.204757 -0.606673 0.119002 1 
-0.99919 -0.0144039 0.0373108 0 -0.0143096 0.999884 0.00279316 0 -0.0373474 0.00225704 -0.9993 0 -0.204691 -0.605152 0.117224 1 
-0.999227 -0.0138359 0.0365357 0 -0.0136698 0.999885 0.00479434 0 -0.0365985 0.00429128 -0.999321 0 -0.204599 -0.603453 0.115456 1 
-0.999255 -0.0132224 0.0359988 0 -0.0130136 0.999888 0.0060273 0 -0.0360751 0.00555444 -0.999334 0 -0.204581 -0.601902 0.113801 1 
-0.999276 -0.0126105 0.0356343 0 -0.0123785 0.999891 0.00672538 0 -0.0357159 0.00627954 -0.999342 0 -0.204589 -0.600432 0.112132 1 
-0.999285 -0.012138 0.0355318 0 -0.0119026 0.999896 0.00682918 0 -0.0356117 0.0064015 -0.999345 0 -0.204608 -0.599095 0.110523 1 
-0.999289 -0.011755 0.0355452 0 -0.0115285 0.999902 0.00656933 0 -0.0356196 0.00615499 -0.999346 0 -0.204621 -0.597987 0.109148 1 
-0.999297 -0.0114258 0.0354297 0 -0.0111927 0.999905 0.00676888 0 -0.0355044 0.00636769 -0.999349 0 -0.204594 -0.596829 0.107775 1 
-0.999308 -0.0111557 0.0352139 0 -0.010904 0.999904 0.00733182 0 -0.035293 0.00694291 -0.999353 0 -0.204533 -0.595677 0.106484 1 
-0.999314 -0.0109753 0.0350856 0 -0.0107156 0.999904 0.00757961 0 -0.0351661 0.00719859 -0.999356 0 -0.204438 -0.594651 0.105279 1 
-0.999322 -0.0108197 0.0349035 0 -0.0105488 0.999903 0.0079364 0 -0.0349866 0.00756298 -0.999359 0 -0.204311 -0.593688 0.10415 1 
-0.99933 -0.010633 0.0347345 0 -0.0103569 0.999904 0.00811974 0 -0.0348181 0.00775471 -0.999364 0 -0.204174 -0.592733 0.103025 1 
-0.99934 -0.0104688 0.0344934 0 -0.0101763 0.999901 0.00864443 0 -0.0345811 0.00828787 -0.999368 0 -0.204043 -0.591781 0.101967 1 
-0.99935 -0.0102833 0.0342755 0 -0.00997652 0.999899 0.00910879 0 -0.0343664 0.00876108 -0.999371 0 -0.203933 -0.590824 0.100906 1 
-0.999356 -0.0101005 0.0341469 0 -0.00978531 0.999898 0.00938543 0 -0.0342389 0.00904542 -0.999373 0 -0.20385 -0.589846 0.0998006 1 
-0.999358 -0.00990867 0.034152 0 -0.00960006 0.999902 0.00918826 0 -0.0342404 0.00885467 -0.999374 0 -0.203814 -0.589056 0.0988617 1 
-0.999355 -0.00973359 0.0342858 0 -0.00944512 0.999909 0.00856557 0 -0.0343667 0.00823637 -0.999375 0 -0.203819 -0.588358 0.0979762 1 
-0.999351 -0.00968376 0.0344209 0 -0.00941341 0.999914 0.00800778 0 -0.0344961 0.00767871 -0.999375 0 -0.20384 -0.587565 0.0970048 1 
-0.999357 -0.00954588 0.034289 0 -0.00926816 0.999913 0.00824922 0 -0.0343654 0.00792628 -0.999378 0 -0.203811 -0.586578 0.0959233 1 
-0.999367 -0.00929006 0.0340515 0 -0.00899606 0.999911 0.00877704 0 -0.0341306 0.00846532 -0.999382 0 -0.203786 -0.585512 0.0947995 1 
-0.999377 -0.00902269 0.0338298 0 -0.0087164 0.99991 0.00919049 0 -0.0339104 0.00889007 -0.999385 0 -0.2038 -0.584423 0.093676 1 
-0.999379 -0.00882348 0.0338199 0 -0.00852023 0.999913 0.00910022 0 -0.0338979 0.00880659 -0.999386 0 -0.203882 -0.583356 0.0925205 1 
-0.999379 -0.00873381 0.0338629 0 -0.00843469 0.999915 0.00896615 0 -0.033939 0.00867512 -0.999386 0 -0.203979 -0.582351 0.0914127 1 
-0.999378 -0.00860438 0.0339075 0 -0.00831386 0.999918 0.00869953 0 -0.0339802 0.00841238 -0.999387 0 -0.204067 -0.581381 0.0903098 1 
-0.999382 -0.00851132 0.0338118 0 -0.0082137 0.999917 0.00893155 0 -0.0338857 0.00864848 -0.999388 0 -0.204132 -0.580311 0.0891766 1 
-0.999382 -0.00844477 0.0338326 0 -0.00814922 0.999918 0.0088641 0 -0.0339053 0.00858308 -0.999388 0 -0.204233 -0.579312 0.0880477 1 
-0.999377 -0.00831847 0.0340155 0 -0.00804077 0.999924 0.00829258 0 -0.0340826 0.00801406 -0.999387 0 -0.204349 -0.57842 0.0868986 1 
-0.999372 -0.00811462 0.0341989 0 -0.00785709 0.99993 0.00765811 0 -0.0342593 0.00738474 -0.999386 0 -0.204411 -0.57763 0.0857666 1 
-0.999367 -0.0079805 0.0343783 0 -0.0077429 0.999936 0.0070389 0 -0.0344329 0.00676839 -0.999384 0 -0.204444 -0.576882 0.0845957 1 
-0.999366 -0.00795239 0.0344192 0 -0.0077179 0.999937 0.00694006 0 -0.0344729 0.00667014 -0.999383 0 -0.204455 -0.576102 0.0833248 1 
-0.999369 -0.00791327 0.0343477 0 -0.00767418 0.999936 0.007087 0 -0.0344023 0.00681907 -0.999385 0 -0.204414 -0.575503 0.0821446 1 
-0.999369 -0.00783907 0.0343684 0 -0.00761241 0.999939 0.0067209 0 -0.0344197 0.00645515 -0.999387 0 -0.204364 -0.575083 0.0808654 1 
-0.99937 -0.00789085 0.0343346 0 -0.00766934 0.999939 0.00657846 0 -0.0343851 0.00631111 -0.999389 0 -0.204277 -0.574765 0.0795794 1 
-0.999369 -0.00796756 0.0343479 0 -0.00775551 0.99994 0.00630244 0 -0.0343967 0.0060322 -0.99939 0 -0.204214 -0.574586 0.0782582 1 
-0.999372 -0.00808764 0.0342091 0 -0.0078674 0.999938 0.00656757 0 -0.0342607 0.00629443 -0.999393 0 -0.204129 -0.574393 0.0768755 1 
-0.999381 -0.00820168 0.0339419 0 -0.00796095 0.999933 0.00722147 0 -0.0339995 0.00694692 -0.999398 0 -0.204031 -0.574128 0.0752986 1 
-0.999386 -0.00831517 0.0337668 0 -0.00806277 0.999929 0.00760402 0 -0.0338283 0.00732724 -0.999401 0 -0.203958 -0.57389 0.073613 1 
-0.999391 -0.00839043 0.0335868 0 -0.00812797 0.999926 0.00794321 0 -0.0336516 0.00766553 -0.999404 0 -0.203898 -0.573647 0.0718345 1 
-0.999388 -0.00844987 0.0336483 0 -0.00820313 0.999929 0.00746414 0 -0.0337097 0.00718369 -0.999406 0 -0.203878 -0.57357 0.0701402 1 
-0.999383 -0.00850196 0.033792 0 -0.00827855 0.999933 0.0067457 0 -0.0338477 0.00646191 -0.999406 0 -0.203881 -0.573535 0.0685242 1 
-0.999377 -0.00856778 0.0339428 0 -0.00836481 0.999937 0.00611693 0 -0.0339937 0.00582931 -0.999405 0 -0.203906 -0.57349 0.0669693 1 
-0.99938 -0.00854318 0.0338631 0 -0.00833941 0.999937 0.00615409 0 -0.0339142 0.00586799 -0.999408 0 -0.20391 -0.573297 0.0654127 1 
-0.999386 -0.0084957 0.0337156 0 -0.00828459 0.999936 0.00639613 0 -0.0337684 0.006113 -0.999411 0 -0.203917 -0.57305 0.0638631 1 
-0.999395 -0.00841191 0.0334723 0 -0.00818371 0.999933 0.00694853 0 -0.0335291 0.00667053 -0.999415 0 -0.203915 -0.572725 0.0622565 1 
-0.999399 -0.00832651 0.033352 0 -0.00809509 0.999933 0.00706768 0 -0.0334093 0.00679357 -0.999419 0 -0.203936 -0.572481 0.0606487 1 
-0.999404 -0.00829726 0.0332338 0 -0.00806188 0.999932 0.00721028 0 -0.033292 0.00693819 -0.999422 0 -0.203933 -0.572228 0.0590016 1 
-0.999403 -0.00831144 0.0332587 0 -0.00808336 0.999933 0.00698618 0 -0.0333152 0.00671329 -0.999422 0 -0.203945 -0.572049 0.0574546 1 
-0.999401 -0.00844909 0.0332841 0 -0.00822261 0.999933 0.0069352 0 -0.0333411 0.00665749 -0.999422 0 -0.203938 -0.57186 0.0559674 1 
-0.999402 -0.00858178 0.0332164 0 -0.00834711 0.99993 0.00719713 0 -0.0332765 0.00691569 -0.999422 0 -0.203915 -0.571639 0.0547084 1 
-0.999396 -0.00883675 0.0333256 0 -0.00860766 0.999929 0.00701125 0 -0.0333858 0.00672029 -0.99942 0 -0.20393 -0.571524 0.0535736 1 
-0.999393 -0.00904698 0.0333595 0 -0.00881974 0.999927 0.00695265 0 -0.0334206 0.00665434 -0.999419 0 -0.203931 -0.571391 0.0525168 1 
-0.999391 -0.00914223 0.0333955 0 -0.0089211 0.999928 0.00676455 0 -0.0334556 0.00646263 -0.999419 0 -0.203931 -0.571291 0.0515618 1 
-0.999384 -0.00931687 0.0335457 0 -0.00910892 0.999929 0.00634653 0 -0.0336031 0.00603718 -0.999417 0 -0.20398 -0.57123 0.0506153 1 
-0.99938 -0.00948396 0.0336358 0 -0.00928502 0.999929 0.00606577 0 -0.0336916 0.00574981 -0.999416 0 -0.204041 -0.571131 0.0496584 1 
-0.999376 -0.00960296 0.0336969 0 -0.00941003 0.999929 0.00587937 0 -0.0337516 0.00555872 -0.999415 0 -0.20411 -0.570998 0.0486715 1 
-0.999374 -0.00971226 0.033739 0 -0.0095231 0.999928 0.00576288 0 -0.0337932 0.00543808 -0.999414 0 -0.204192 -0.570855 0.0477504 1 
-0.999375 -0.00971051 0.0337064 0 -0.00951963 0.999928 0.00581878 0 -0.0337611 0.00549437 -0.999415 0 -0.20429 -0.570668 0.0468476 1 
-0.999379 -0.00964234 0.0336035 0 -0.00944264 0.999927 0.00609646 0 -0.0336605 0.00577548 -0.999417 0 -0.204417 -0.570433 0.0460341 1 
-0.999382 -0.00966192 0.033515 0 -0.00945424 0.999926 0.00634955 0 -0.0335745 0.00602888 -0.999418 0 -0.204555 -0.570207 0.0452646 1 
-0.999384 -0.00966377 0.0334547 0 -0.00945019 0.999924 0.00653653 0 -0.033516 0.00621647 -0.999419 0 -0.204706 -0.570008 0.0446022 1 
-0.999386 -0.00965342 0.0333957 0 -0.00943463 0.999923 0.00670262 0 -0.0334585 0.00638356 -0.99942 0 -0.204861 -0.56983 0.0440672 1 
-0.999389 -0.00958952 0.033311 0 -0.00936344 0.999922 0.00693634 0 -0.0333755 0.00662033 -0.999421 0 -0.205026 -0.569653 0.0436439 1 
-0.999391 -0.00964421 0.0332484 0 -0.00941118 0.99992 0.00715811 0 -0.0333154 0.00684098 -0.999421 0 -0.205207 -0.569491 0.0433295 1 
-0.99939 -0.00983423 0.0332264 0 -0.00959828 0.999918 0.00725331 0 -0.0332956 0.0069301 -0.999422 0 -0.205433 -0.569356 0.0430956 1 
-0.99939 -0.00992034 0.0332075 0 -0.00968282 0.999917 0.00730586 0 -0.0332778 0.00697999 -0.999422 0 -0.205698 -0.569226 0.0429374 1 
-0.999391 -0.00983337 0.033185 0 -0.00959347 0.999917 0.00738063 0 -0.0332555 0.00705791 -0.999422 0 -0.205948 -0.569109 0.0428548 1 
-0.999392 -0.00974126 0.033192 0 -0.0095005 0.999918 0.00740342 0 -0.033262 0.00708372 -0.999422 0 -0.206236 -0.569 0.0428358 1 
-0.999389 -0.00988452 0.0332378 0 -0.00964288 0.999916 0.00742258 0 -0.033309 0.00709768 -0.99942 0 -0.206514 -0.568904 0.042838 1 
-0.999386 -0.0100838 0.0332629 0 -0.00984134 0.999914 0.0074441 0 -0.0333357 0.00711231 -0.999419 0 -0.206775 -0.568812 0.0428336 1 
-0.999384 -0.0102471 0.0332768 0 -0.0100045 0.999913 0.00745089 0 -0.0333509 0.00711352 -0.999418 0 -0.206986 -0.568738 0.0428309 1 
-0.999381 -0.0105555 0.0332811 0 -0.0103126 0.999909 0.00746211 0 -0.0333575 0.00711441 -0.999418 0 -0.207118 -0.568692 0.0428294 1 
-0.999379 -0.0107312 0.0332655 0 -0.0104871 0.999907 0.00750154 0 -0.0333436 0.00714816 -0.999418 0 -0.207198 -0.568653 0.0428071 1 
-0.999378 -0.0109269 0.0332492 0 -0.0106818 0.999905 0.00754284 0 -0.0333291 0.00718312 -0.999419 0 -0.207202 -0.568639 0.0427752 1 
-0.999377 -0.0111728 0.0332041 0 -0.0109267 0.999902 0.00758641 0 -0.0332863 0.00721901 -0.99942 0 -0.207126 -0.568649 0.042728 1 
-0.999375 -0.011395 0.0331738 0 -0.0111473 0.999899 0.00764062 0 -0.0332582 0.00726619 -0.99942 0 -0.207017 -0.568666 0.0426636 1 
-0.999372 -0.0115958 0.0332039 0 -0.0113518 0.999898 0.00752627 0 -0.0332884 0.00714475 -0.99942 0 -0.206914 -0.568726 0.0426178 1 
-0.999368 -0.0117258 0.0332548 0 -0.0114872 0.999897 0.00735801 0 -0.0333383 0.00697149 -0.99942 0 -0.206857 -0.568784 0.0425838 1 
-0.999366 -0.0118217 0.0332917 0 -0.0115879 0.999897 0.00720683 0 -0.0333741 0.00681661 -0.99942 0 -0.206816 -0.568836 0.0425458 1 
-0.999363 -0.0118862 0.0333503 0 -0.0116588 0.999898 0.00700597 0 -0.0334308 0.00661281 -0.999419 0 -0.206798 -0.568904 0.0425193 1 
-0.999361 -0.0119529 0.0333879 0 -0.0117292 0.999898 0.00688712 0 -0.0334675 0.00649123 -0.999419 0 -0.206785 -0.568951 0.0424932 1 
-0.999359 -0.0119999 0.0334346 0 -0.0117806 0.999898 0.00674915 0 -0.0335128 0.00635107 -0.999418 0 -0.20679 -0.568994 0.042481 1 
-0.999358 -0.0120161 0.0334679 0 -0.0117997 0.999899 0.00665492 0 -0.0335451 0.00625585 -0.999418 0 -0.206808 -0.569037 0.0424709 1 
-0.999356 -0.0120222 0.0335165 0 -0.0118103 0.999899 0.00651473 0 -0.033592 0.00611482 -0.999417 0 -0.206834 -0.569111 0.0424768 1 
-0.999355 -0.0120457 0.0335549 0 -0.0118378 0.9999 0.00638769 0 -0.0336292 0.00598646 -0.999416 0 -0.206841 -0.569192 0.0424759 1 
-0.999354 -0.0120734 0.0335753 0 -0.0118669 0.9999 0.00634328 0 -0.0336492 0.00594086 -0.999416 0 -0.206853 -0.569246 0.0424419 1 
-0.999354 -0.012067 0.0335652 0 -0.0118591 0.9999 0.00638462 0 -0.0336395 0.00598256 -0.999416 0 -0.206861 -0.569258 0.0423689 1 
-0.999355 -0.0120416 0.0335466 0 -0.0118322 0.9999 0.00643337 0 -0.0336213 0.00603241 -0.999416 0 -0.206877 -0.56927 0.0422842 1 
-0.999357 -0.0120189 0.0334921 0 -0.0118056 0.999899 0.00655993 0 -0.0335682 0.00616044 -0.999417 0 -0.206873 -0.569263 0.0421478 1 
-0.99936 -0.0119975 0.0334139 0 -0.0117793 0.999898 0.00672079 0 -0.0334917 0.00632302 -0.999419 0 -0.206852 -0.569244 0.0419662 1 
-0.999364 -0.0119265 0.033332 0 -0.011704 0.999898 0.00686289 0 -0.0334111 0.00646853 -0.999421 0 -0.206834 -0.56922 0.0417113 1 
-0.99937 -0.0117057 0.0332023 0 -0.0114784 0.9999 0.00702903 0 -0.0332819 0.00664362 -0.999424 0 -0.206807 -0.569181 0.0413989 1 
-0.999378 -0.011347 0.0331074 0 -0.0111203 0.999904 0.00702326 0 -0.0331846 0.00665086 -0.999427 0 -0.206801 -0.569169 0.0410237 1 
-0.999382 -0.0110336 0.0330843 0 -0.0108117 0.999908 0.00687813 0 -0.0331578 0.00651631 -0.999429 0 -0.206779 -0.569161 0.0405818 1 
-0.999384 -0.0108274 0.0330937 0 -0.0106119 0.999912 0.00668106 0 -0.0331638 0.00632587 -0.99943 0 -0.206729 -0.569135 0.0400594 1 
-0.999385 -0.0107302 0.0330954 0 -0.0105202 0.999914 0.00651082 0 -0.0331631 0.00615877 -0.999431 0 -0.206685 -0.569088 0.0394578 1 
-0.999385 -0.0107165 0.0331037 0 -0.0105135 0.999915 0.00630025 0 -0.033169 0.00594846 -0.999432 0 -0.206632 -0.569034 0.0387692 1 
-0.999382 -0.0106579 0.0332107 0 -0.0104712 0.999919 0.0057904 0 -0.0332704 0.00543917 -0.999432 0 -0.206614 -0.569021 0.0380282 1 
-0.999378 -0.0105997 0.0333459 0 -0.0104311 0.999922 0.00522593 0 -0.0333994 0.00487494 -0.99943 0 -0.206626 -0.569015 0.0372357 1 
-0.999381 -0.0105938 0.0332609 0 -0.0104252 0.999922 0.00523693 0 -0.0333144 0.00488703 -0.999433 0 -0.206568 -0.568902 0.0363882 1 
-0.999383 -0.0107586 0.0331336 0 -0.010586 0.99992 0.00538098 0 -0.0331895 0.00502701 -0.999436 0 -0.206427 -0.568783 0.0355061 1 
-0.999382 -0.0108818 0.0331369 0 -0.0107158 0.99992 0.00518173 0 -0.0331912 0.00482353 -0.999437 0 -0.206349 -0.568781 0.0347297 1 
-0.999379 -0.0109071 0.0332098 0 -0.0107512 0.999921 0.00486886 0 -0.0332609 0.00450888 -0.999437 0 -0.206346 -0.568815 0.0340458 1 
-0.999375 -0.0108479 0.0333468 0 -0.0107095 0.999924 0.00432866 0 -0.0333919 0.00396891 -0.999434 0 -0.206379 -0.568923 0.0334441 1 
-0.999363 -0.010806 0.033735 0 -0.0107119 0.999929 0.00296977 0 -0.0337654 0.00260656 -0.999426 0 -0.206445 -0.56937 0.0331728 1 
-0.999358 -0.0109225 0.0338414 0 -0.0108399 0.999928 0.0026212 0 -0.0338682 0.00225272 -0.999424 0 -0.206409 -0.569674 0.0329482 1 
-0.999355 -0.0110578 0.033875 0 -0.0109781 0.999927 0.00253831 0 -0.0339012 0.00216483 -0.999423 0 -0.206374 -0.569889 0.0327897 1 
-0.999354 -0.0111578 0.0338823 0 -0.0110787 0.999926 0.00252184 0 -0.0339085 0.00214488 -0.999423 0 -0.206346 -0.570031 0.0326495 1 
-0.999353 -0.0112861 0.0338607 0 -0.011205 0.999924 0.00258442 0 -0.0338879 0.00220338 -0.999423 0 -0.20628 -0.570127 0.0324936 1 
-0.999354 -0.011298 0.0338336 0 -0.0112155 0.999924 0.00262857 0 -0.0338614 0.00224745 -0.999424 0 -0.206222 -0.570216 0.0323492 1 
-0.999354 -0.0112929 0.0338215 0 -0.0112088 0.999924 0.00267519 0 -0.0338498 0.00229441 -0.999424 0 -0.206171 -0.570319 0.0321922 1 
-0.999355 -0.0114122 0.033774 0 -0.0113234 0.999922 0.00281841 0 -0.0338041 0.00243421 -0.999426 0 -0.206111 -0.570376 0.0319977 1 
-0.999357 -0.0114621 0.0336878 0 -0.0113645 0.999921 0.00308735 0 -0.0337212 0.00270257 -0.999428 0 -0.206086 -0.570351 0.0317582 1 
-0.999362 -0.011434 0.0335575 0 -0.0113227 0.99992 0.00350367 0 -0.0335955 0.00312153 -0.999431 0 -0.206081 -0.570236 0.0314582 1 
-0.999367 -0.0113694 0.0334363 0 -0.0112453 0.99992 0.0038996 0 -0.0334786 0.0035212 -0.999433 0 -0.2061 -0.570091 0.0311548 1 
-0.999367 -0.0112427 0.033464 0 -0.0111225 0.999921 0.00377478 0 -0.0335045 0.00340025 -0.999433 0 -0.206183 -0.570071 0.0309024 1 
-0.999364 -0.0111833 0.0335685 0 -0.0110759 0.999923 0.00338566 0 -0.0336044 0.00301177 -0.999431 0 -0.206255 -0.570136 0.0306531 1 
-0.999361 -0.0112185 0.0336528 0 -0.0111196 0.999924 0.00312542 0 -0.033686 0.00274927 -0.999429 0 -0.206283 -0.570223 0.0303956 1 
-0.99936 -0.0112643 0.0336649 0 -0.0111675 0.999923 0.00306211 0 -0.0336974 0.00268425 -0.999428 0 -0.206295 -0.570303 0.0301024 1 
-0.999361 -0.0113094 0.0336304 0 -0.0112093 0.999923 0.00316469 0 -0.0336642 0.00278575 -0.999429 0 -0.206299 -0.570344 0.0297788 1 
-0.99936 -0.0113465 0.0336265 0 -0.0112466 0.999922 0.00315768 0 -0.0336604 0.00277753 -0.999429 0 -0.206318 -0.570444 0.0294487 1 
-0.99936 -0.0114079 0.0336161 0 -0.011308 0.999921 0.00316019 0 -0.0336501 0.00277809 -0.99943 0 -0.206328 -0.57057 0.029088 1 
-0.99936 -0.0114778 0.0335952 0 -0.0113754 0.99992 0.00323722 0 -0.0336304 0.00285305 -0.99943 0 -0.206347 -0.570705 0.0287008 1 
-0.999361 -0.0115384 0.0335556 0 -0.0114323 0.999919 0.00335216 0 -0.0335922 0.00296646 -0.999431 0 -0.206375 -0.570872 0.0282632 1 
-0.999361 -0.0116348 0.0335224 0 -0.0115246 0.999918 0.00348002 0 -0.0335608 0.00309152 -0.999432 0 -0.206407 -0.571098 0.0277708 1 
-0.99936 -0.0117654 0.0334831 0 -0.0116502 0.999916 0.0036347 0 -0.0335237 0.00324235 -0.999433 0 -0.206432 -0.571373 0.0272119 1 
-0.999363 -0.0118758 0.0333672 0 -0.0117477 0.999913 0.00403165 0 -0.0334128 0.00363716 -0.999435 0 -0.20645 -0.571569 0.0265488 1 
-0.999372 -0.0119525 0.0330606 0 -0.0117956 0.999909 0.00493544 0 -0.0331172 0.00454246 -0.999441 0 -0.206408 -0.57149 0.0257013 1 
-0.999382 -0.0119588 0.0327532 0 -0.0117744 0.999904 0.00581716 0 -0.0328203 0.00542802 -0.999447 0 -0.206371 -0.571311 0.0247606 1 
-0.999384 -0.0119883 0.0326961 0 -0.0118018 0.999903 0.00589209 0 -0.0327642 0.00550269 -0.999448 0 -0.206366 -0.57128 0.0238564 1 
-0.999382 -0.0120648 0.0327093 0 -0.0118848 0.999904 0.00569191 0 -0.0327755 0.00529975 -0.999449 0 -0.206329 -0.571256 0.0229629 1 
-0.999379 -0.012099 0.0327997 0 -0.0119326 0.999905 0.00526453 0 -0.0328609 0.00486997 -0.999448 0 -0.206307 -0.571213 0.0220743 1 
-0.999377 -0.0121063 0.0328744 0 -0.0119518 0.999907 0.00489154 0 -0.0329312 0.00449567 -0.999448 0 -0.2063 -0.571144 0.0212255 1 
-0.999377 -0.0121116 0.0328642 0 -0.0119619 0.999908 0.00474621 0 -0.0329193 0.00435022 -0.999449 0 -0.206275 -0.571018 0.0203236 1 
-0.999377 -0.0121049 0.0328468 0 -0.0119584 0.999908 0.00465143 0 -0.0329007 0.00425582 -0.99945 0 -0.206252 -0.570899 0.0194506 1 
-0.99938 -0.0121014 0.0327812 0 -0.0119538 0.999908 0.00469316 0 -0.0328356 0.00429847 -0.999452 0 -0.206233 -0.570769 0.0185111 1 
-0.999383 -0.012088 0.0326828 0 -0.0119354 0.999907 0.00486156 0 -0.0327391 0.00446856 -0.999454 0 -0.206221 -0.570654 0.0175415 1 
-0.999385 -0.0121146 0.0326198 0 -0.0119605 0.999907 0.0049149 0 -0.0326769 0.00452181 -0.999456 0 -0.206209 -0.57059 0.0165348 1 
-0.999384 -0.0121615 0.0326406 0 -0.012015 0.999907 0.00467987 0 -0.0326952 0.00428489 -0.999456 0 -0.206196 -0.570588 0.0154863 1 
-0.999384 -0.0122679 0.032581 0 -0.0121216 0.999906 0.00468359 0 -0.032636 0.00428585 -0.999458 0 -0.206138 -0.570526 0.0143871 1 
-0.999385 -0.0123543 0.0325263 0 -0.0122092 0.999905 0.00465609 0 -0.0325814 0.00425619 -0.99946 0 -0.206076 -0.570447 0.013171 1 
-0.999382 -0.0124319 0.0325885 0 -0.0122997 0.999906 0.00425319 0 -0.0326389 0.0038498 -0.99946 0 -0.206046 -0.570441 0.0119246 1 
-0.999381 -0.0125284 0.0325829 0 -0.0124019 0.999905 0.00408191 0 -0.0326316 0.00367537 -0.999461 0 -0.205996 -0.570403 0.0107513 1 
-0.999381 -0.0126519 0.0325237 0 -0.0125248 0.999903 0.00410785 0 -0.0325731 0.00369802 -0.999463 0 -0.205941 -0.570407 0.00959825 1 
-0.999384 -0.0128126 0.0323824 0 -0.0126755 0.9999 0.00443336 0 -0.0324366 0.00402024 -0.999466 0 -0.205867 -0.570411 0.00852504 1 
-0.999386 -0.0129423 0.0322692 0 -0.0127961 0.999897 0.00473091 0 -0.0323277 0.00431517 -0.999468 0 -0.205829 -0.570463 0.00754803 1 
-0.999389 -0.0130191 0.0321489 0 -0.0128631 0.999895 0.00505548 0 -0.032212 0.00463895 -0.99947 0 -0.205837 -0.570555 0.0066119 1 
-0.99939 -0.0130867 0.0320912 0 -0.0129264 0.999893 0.00519524 0 -0.0321564 0.00477734 -0.999471 0 -0.205879 -0.570736 0.00571604 1 
-0.999392 -0.0131336 0.0320132 0 -0.0129667 0.999892 0.00541557 0 -0.0320815 0.00499726 -0.999473 0 -0.205933 -0.570905 0.00479367 1 
-0.999395 -0.0131608 0.0319017 0 -0.012984 0.99989 0.00574425 0 -0.0319744 0.00532666 -0.999474 0 -0.205983 -0.571033 0.00387547 1 
-0.999401 -0.0132224 0.0316898 0 -0.0130267 0.999885 0.00637205 0 -0.031771 0.00595554 -0.999477 0 -0.205999 -0.571075 0.00281519 1 
-0.999407 -0.0132606 0.0314712 0 -0.0130471 0.999881 0.00697943 0 -0.0315607 0.00656481 -0.99948 0 -0.205994 -0.571056 0.00174847 1 
-0.99941 -0.0132876 0.0313576 0 -0.0130656 0.999879 0.00727442 0 -0.031451 0.00686056 -0.999482 0 -0.206013 -0.571083 0.000725715 1 
-0.999414 -0.0133035 0.0312329 0 -0.0130719 0.999876 0.00760732 0 -0.0313308 0.00719472 -0.999483 0 -0.206022 -0.571043 -0.000219624 1 
-0.999415 -0.0133194 0.0312025 0 -0.0130883 0.999876 0.00759892 0 -0.0313004 0.00718622 -0.999484 0 -0.206026 -0.571024 -0.00115631 1 
-0.999412 -0.0133284 0.0312904 0 -0.0131093 0.999879 0.00719712 0 -0.0313831 0.00678282 -0.999484 0 -0.206046 -0.571038 -0.00204006 1 
-0.999409 -0.0133395 0.0313917 0 -0.0131333 0.999881 0.00676495 0 -0.0314788 0.00634879 -0.999484 0 -0.206059 -0.571066 -0.00289044 1 
-0.999405 -0.0133823 0.0314798 0 -0.0131886 0.999883 0.00635278 0 -0.0315618 0.00593395 -0.999484 0 -0.206059 -0.57109 -0.00373994 1 
-0.9994 -0.013423 0.0316204 0 -0.0132462 0.999886 0.00579573 0 -0.0316952 0.00537351 -0.999483 0 -0.206065 -0.571147 -0.00454922 1 
-0.999397 -0.0134995 0.0316892 0 -0.0133345 0.999887 0.00541406 0 -0.0317593 0.00498834 -0.999483 0 -0.206032 -0.571155 -0.00542163 1 
-0.999397 -0.0135623 0.0316658 0 -0.0133992 0.999886 0.00535757 0 -0.0317355 0.00493014 -0.999484 0 -0.205988 -0.571095 -0.00633315 1 
-0.999399 -0.0136059 0.0315946 0 -0.0134404 0.999885 0.00544514 0 -0.0316656 0.00501732 -0.999486 0 -0.205949 -0.570998 -0.00724231 1 
-0.999399 -0.0136738 0.031538 0 -0.0135084 0.999884 0.00545165 0 -0.0316095 0.00502245 -0.999488 0 -0.205889 -0.570914 -0.00813192 1 
-0.999399 -0.0137901 0.0315064 0 -0.0136269 0.999883 0.00538934 0 -0.0315776 0.00495687 -0.999489 0 -0.20581 -0.570855 -0.00898184 1 
-0.999397 -0.0138451 0.0315501 0 -0.0136878 0.999883 0.00519782 0 -0.0316189 0.00476293 -0.999489 0 -0.205793 -0.570852 -0.00971407 1 
-0.999395 -0.0138712 0.031575 0 -0.0137191 0.999884 0.00502939 0 -0.0316417 0.00459326 -0.999489 0 -0.205791 -0.570903 -0.0103113 1 
-0.999393 -0.013924 0.0316359 0 -0.0137792 0.999884 0.00479187 0 -0.0316996 0.00435313 -0.999488 0 -0.205795 -0.571021 -0.0107557 1 
-0.99939 -0.0139667 0.0316955 0 -0.0138286 0.999884 0.00457132 0 -0.0317563 0.00413031 -0.999487 0 -0.20582 -0.571191 -0.011059 1 
-0.999391 -0.0140064 0.0316465 0 -0.0138633 0.999883 0.00473617 0 -0.0317098 0.00429464 -0.999488 0 -0.205809 -0.571227 -0.0113083 1 
-0.999394 -0.0140098 0.0315766 0 -0.0138599 0.999882 0.0049587 0 -0.031643 0.00451813 -0.999489 0 -0.2058 -0.571176 -0.0115044 1 
-0.999395 -0.0139944 0.0315492 0 -0.0138425 0.999882 0.00502976 0 -0.0316164 0.00459008 -0.99949 0 -0.205807 -0.571177 -0.0115963 1 
-0.999394 -0.0139964 0.0315536 0 -0.0138444 0.999882 0.00503039 0 -0.0316209 0.00459059 -0.999489 0 -0.205807 -0.571185 -0.0116083 1 
-0.999395 -0.0139525 0.0315673 0 -0.0138007 0.999883 0.0050213 0 -0.0316343 0.0045827 -0.999489 0 -0.205834 -0.571184 -0.0116047 1 
-0.999395 -0.0139241 0.0315814 0 -0.0137729 0.999883 0.00500085 0 -0.031648 0.00456295 -0.999489 0 -0.205859 -0.571192 -0.0116043 1 
-0.999395 -0.0138974 0.0315932 0 -0.0137464 0.999883 0.00499288 0 -0.0316595 0.00455566 -0.999488 0 -0.205887 -0.571197 -0.01161 1 
-0.999395 -0.0138452 0.0316033 0 -0.0136943 0.999884 0.00498606 0 -0.0316693 0.00455035 -0.999488 0 -0.205923 -0.571205 -0.0116332 1 
-0.999397 -0.0137723 0.0315791 0 -0.0136189 0.999885 0.00506786 0 -0.0316459 0.00463481 -0.999488 0 -0.205967 -0.571184 -0.0117244 1 
-0.999398 -0.0137126 0.0315534 0 -0.0135565 0.999885 0.00515624 0 -0.0316211 0.00472548 -0.999489 0 -0.206005 -0.571173 -0.0118321 1 
-0.9994 -0.0136755 0.0315047 0 -0.0135148 0.999885 0.00530685 0 -0.0315743 0.00487799 -0.99949 0 -0.206029 -0.571144 -0.0119845 1 
-0.999402 -0.0136594 0.0314476 0 -0.0134937 0.999884 0.00547647 0 -0.0315194 0.00504895 -0.99949 0 -0.206037 -0.571123 -0.0121712 1 
-0.999404 -0.0136714 0.0313856 0 -0.0135006 0.999883 0.00564749 0 -0.0314598 0.0052205 -0.999491 0 -0.206032 -0.57112 -0.0123769 1 
-0.999407 -0.0137235 0.0312875 0 -0.013545 0.999881 0.00591118 0 -0.0313655 0.00548399 -0.999493 0 -0.205996 -0.571092 -0.0126417 1 
-0.999409 -0.0137734 0.0311797 0 -0.0135865 0.999879 0.00619857 0 -0.0312619 0.00577139 -0.999495 0 -0.205959 -0.571056 -0.0129454 1 
-0.999411 -0.0138138 0.0310927 0 -0.0136201 0.999877 0.00643188 0 -0.0311784 0.00600472 -0.999496 0 -0.205942 -0.571061 -0.0132733 1 
-0.999415 -0.0138332 0.0309829 0 -0.0136298 0.999875 0.00676683 0 -0.0310732 0.00634069 -0.999497 0 -0.205935 -0.571035 -0.0136641 1 
-0.999417 -0.0137988 0.0309202 0 -0.0135893 0.999874 0.00697554 0 -0.0310132 0.00655142 -0.999498 0 -0.205971 -0.571026 -0.0140946 1 
-0.999419 -0.0138008 0.0308574 0 -0.0135866 0.999873 0.00713901 0 -0.0309526 0.00671574 -0.999498 0 -0.20599 -0.57106 -0.0146041 1 
-0.999422 -0.0138538 0.0307473 0 -0.0136313 0.99987 0.0074366 0 -0.030847 0.00701331 -0.9995 0 -0.205977 -0.571083 -0.0151858 1 
-0.999424 -0.0139042 0.0306309 0 -0.0136726 0.999867 0.00775547 0 -0.0307353 0.00733234 -0.999501 0 -0.205969 -0.571093 -0.0158246 1 
-0.999426 -0.0139516 0.0305647 0 -0.0137166 0.999865 0.00788705 0 -0.0306712 0.00746342 -0.999502 0 -0.205962 -0.571134 -0.0164402 1 
-0.999422 -0.0140932 0.0306353 0 -0.0138677 0.999866 0.00756191 0 -0.0307384 0.00713283 -0.999502 0 -0.205942 -0.571303 -0.0172353 1 
-0.999413 -0.0142472 0.0308537 0 -0.014042 0.999868 0.00685859 0 -0.030948 0.00642144 -0.9995 0 -0.205943 -0.571597 -0.0178053 1 
-0.999401 -0.0144376 0.0311396 0 -0.0142598 0.999871 0.00592665 0 -0.0312217 0.00547917 -0.999497 0 -0.20594 -0.572016 -0.0182754 1 
-0.999389 -0.0145637 0.0314557 0 -0.014414 0.999874 0.00498005 0 -0.0315249 0.00452369 -0.999493 0 -0.205916 -0.572515 -0.0186455 1 
-0.999377 -0.0146795 0.0318059 0 -0.0145596 0.999876 0.00399914 0 -0.0318613 0.00353363 -0.999486 0 -0.205924 -0.573132 -0.0188254 1 
-0.999362 -0.0148795 0.0321555 0 -0.014789 0.999876 0.00305172 0 -0.0321975 0.00257428 -0.999478 0 -0.205962 -0.573862 -0.0188212 1 
-0.999351 -0.0151713 0.0323799 0 -0.0150987 0.999873 0.00248284 0 -0.032414 0.00199237 -0.999473 0 -0.20594 -0.574424 -0.0189442 1 
-0.999345 -0.015328 0.0324781 0 -0.0152607 0.999871 0.00231686 0 -0.03251 0.00181974 -0.99947 0 -0.205947 -0.574737 -0.0192274 1 
-0.999342 -0.0153795 0.0325614 0 -0.0153225 0.999871 0.0019995 0 -0.0325886 0.00149929 -0.999468 0 -0.205979 -0.575125 -0.0194848 1 
-0.999333 -0.0154095 0.0328181 0 -0.0153759 0.999871 0.00127419 0 -0.0328342 0.000768747 -0.999461 0 -0.206001 -0.575738 -0.0195499 1 
-0.999318 -0.0155949 0.0331859 0 -0.0155931 0.999869 0.000311029 0 -0.033187 -0.00020666 -0.999449 0 -0.205997 -0.576458 -0.0194319 1 
-0.999307 -0.0158282 0.0334113 0 -0.015842 0.999865 -0.000148715 0 -0.0334051 -0.000677927 -0.999442 0 -0.205982 -0.57695 -0.0194851 1 
-0.999304 -0.0158441 0.0334744 0 -0.0158628 0.999865 -0.000292874 0 -0.0334659 -0.000823683 -0.99944 0 -0.206057 -0.577193 -0.0197445 1 
-0.999298 -0.0158484 0.0336495 0 -0.0158865 0.999864 -0.000863292 0 -0.0336319 -0.00139729 -0.999433 0 -0.206177 -0.577692 -0.0198988 1 
-0.999286 -0.0158955 0.0339952 0 -0.015968 0.999861 -0.00186149 0 -0.0339616 -0.00240304 -0.99942 0 -0.206321 -0.578445 -0.0199047 1 
-0.999267 -0.0160307 0.0344885 0 -0.01615 0.999855 -0.00318404 0 -0.0344331 -0.00373876 -0.9994 0 -0.206502 -0.579377 -0.0197906 1 
-0.999244 -0.0161893 0.0350725 0 -0.0163657 0.999845 -0.00475022 0 -0.0349909 -0.00532072 -0.999373 0 -0.206736 -0.580443 -0.0195866 1 
-0.999228 -0.0163773 0.0354389 0 -0.0165942 0.999836 -0.00583576 0 -0.0353382 -0.00641946 -0.999355 0 -0.206891 -0.581436 -0.0194237 1 
-0.999221 -0.0166922 0.0354943 0 -0.0169175 0.999829 -0.00605637 0 -0.0353878 -0.00665226 -0.999352 0 -0.206861 -0.582303 -0.0194443 1 
-0.999207 -0.0169445 0.0357659 0 -0.0172018 0.999819 -0.00689751 0 -0.0356432 -0.00750742 -0.999336 0 -0.206834 -0.58322 -0.0195386 1 
-0.999194 -0.0170795 0.0360629 0 -0.0173754 0.999808 -0.0079093 0 -0.0359216 -0.00852969 -0.999318 0 -0.206801 -0.584099 -0.0196647 1 
-0.99918 -0.0172351 0.036379 0 -0.0175655 0.999798 -0.00877988 0 -0.0362211 -0.00941188 -0.999299 0 -0.20675 -0.584885 -0.0197823 1 
-0.999168 -0.0173052 0.0366678 0 -0.0176669 0.999789 -0.00956308 0 -0.0364953 -0.0102031 -0.999282 0 -0.206721 -0.585609 -0.0198811 1 
-0.999159 -0.0173496 0.0368828 0 -0.0177339 0.999782 -0.0101203 0 -0.0366999 -0.0107661 -0.999268 0 -0.206708 -0.586216 -0.01995 1 
-0.99915 -0.0173405 0.0371468 0 -0.0177526 0.999775 -0.0107906 0 -0.0369521 -0.0114411 -0.999252 0 -0.206736 -0.586891 -0.0199174 1 
-0.999143 -0.0172061 0.0373914 0 -0.0176441 0.99977 -0.011415 0 -0.0371871 -0.0120652 -0.999235 0 -0.206802 -0.58751 -0.0198035 1 
-0.999138 -0.0169608 0.0376329 0 -0.0174245 0.999766 -0.0120295 0 -0.0374208 -0.0126751 -0.999219 0 -0.206884 -0.588077 -0.0196169 1 
-0.999139 -0.0168665 0.0376398 0 -0.0173281 0.999769 -0.0119713 0 -0.0374299 -0.0126134 -0.99922 0 -0.206928 -0.588427 -0.0194973 1 
-0.999144 -0.0168965 0.0375112 0 -0.0173373 0.999774 -0.0114564 0 -0.0373099 -0.0120972 -0.999231 0 -0.206917 -0.588569 -0.0195744 1 
-0.999143 -0.0168404 0.0375493 0 -0.0172851 0.999774 -0.0115502 0 -0.037347 -0.0121896 -0.999228 0 -0.206908 -0.588763 -0.0196175 1 
-0.999142 -0.0167038 0.0376354 0 -0.0171585 0.999774 -0.0117927 0 -0.0374306 -0.0124286 -0.999222 0 -0.206893 -0.588964 -0.019616 1 
-0.999142 -0.016528 0.0377134 0 -0.0169921 0.999774 -0.0120184 0 -0.0375069 -0.0126492 -0.999216 0 -0.206865 -0.589146 -0.0195974 1 
-0.999142 -0.0163929 0.0377831 0 -0.0168659 0.999773 -0.0122321 0 -0.0375747 -0.0128591 -0.999211 0 -0.206831 -0.589326 -0.019572 1 
-0.99914 -0.0163117 0.0378646 0 -0.0167929 0.999772 -0.0124233 0 -0.037654 -0.0130487 -0.999206 0 -0.20682 -0.589527 -0.0195511 1 
-0.999141 -0.0162 0.037894 0 -0.0166828 0.999774 -0.0124582 0 -0.0376843 -0.0130799 -0.999204 0 -0.206835 -0.589733 -0.0195694 1 
-0.999141 -0.0160779 0.0379402 0 -0.0165659 0.999774 -0.0125822 0 -0.03773 -0.0132002 -0.999201 0 -0.206864 -0.589958 -0.0195842 1 
-0.99914 -0.0159497 0.038031 0 -0.0164454 0.999774 -0.0127566 0 -0.0378197 -0.0133714 -0.999195 0 -0.206902 -0.590294 -0.0196193 1 
-0.999136 -0.0159084 0.0381357 0 -0.0164154 0.999771 -0.013016 0 -0.0379206 -0.013631 -0.999188 0 -0.206933 -0.590661 -0.0196317 1 
-0.999132 -0.0159884 0.0382134 0 -0.0165016 0.999768 -0.0131521 0 -0.037995 -0.0137715 -0.999183 0 -0.206941 -0.591021 -0.0196426 1 
-0.999131 -0.0159675 0.0382409 0 -0.0164796 0.999769 -0.0131138 0 -0.0380234 -0.0137329 -0.999182 0 -0.206927 -0.591346 -0.0196586 1 
-0.999132 -0.0158827 0.0382528 0 -0.0163937 0.99977 -0.0130811 0 -0.038037 -0.0136971 -0.999182 0 -0.206921 -0.59163 -0.0196636 1 
-0.999133 -0.0158123 0.0382658 0 -0.0163215 0.999772 -0.0130308 0 -0.0380517 -0.0136443 -0.999183 0 -0.20691 -0.591867 -0.0196685 1 
-0.999133 -0.0157612 0.0382809 0 -0.0162699 0.999773 -0.0130148 0 -0.0380678 -0.0136266 -0.999182 0 -0.206905 -0.592058 -0.0196787 1 
-0.999133 -0.0156638 0.0383164 0 -0.0161762 0.999774 -0.0130979 0 -0.0381033 -0.0137067 -0.99918 0 -0.206913 -0.592242 -0.0196712 1 
-0.999134 -0.0155544 0.038348 0 -0.0160695 0.999775 -0.0131609 0 -0.0381354 -0.013766 -0.999178 0 -0.206911 -0.592408 -0.0196784 1 
-0.999134 -0.0153985 0.0384034 0 -0.0159194 0.999775 -0.0132957 0 -0.0381908 -0.0138959 -0.999174 0 -0.206911 -0.592632 -0.019691 1 
-0.999134 -0.0152087 0.0384894 0 -0.0157399 0.999775 -0.0135355 0 -0.0382756 -0.0141298 -0.999167 0 -0.206917 -0.592915 -0.0196913 1 
-0.99913 -0.0151973 0.0386005 0 -0.0157407 0.999771 -0.0138127 0 -0.0383825 -0.0144085 -0.999159 0 -0.206888 -0.593265 -0.0196889 1 
-0.999123 -0.0152624 0.038731 0 -0.0158187 0.999766 -0.014098 0 -0.0385075 -0.0146986 -0.99915 0 -0.206856 -0.593701 -0.0196813 1 
-0.999118 -0.0153142 0.0388406 0 -0.0158809 0.999762 -0.0143261 0 -0.0386127 -0.0149306 -0.999143 0 -0.206833 -0.594215 -0.0196599 1 
-0.999113 -0.0154015 0.0389477 0 -0.0159763 0.999758 -0.0144901 0 -0.0387158 -0.0150998 -0.999136 0 -0.20679 -0.594796 -0.019611 1 
-0.999106 -0.0155644 0.0390707 0 -0.0161477 0.999753 -0.0146581 0 -0.0388336 -0.0152762 -0.999129 0 -0.206756 -0.595489 -0.0195297 1 
-0.999096 -0.0157946 0.0392261 0 -0.0163918 0.999744 -0.0149508 0 -0.0389807 -0.0155805 -0.999118 0 -0.206729 -0.59623 -0.0194057 1 
-0.999083 -0.015906 0.0395019 0 -0.016533 0.999732 -0.0155958 0 -0.039244 -0.0162349 -0.999098 0 -0.206736 -0.597078 -0.0191528 1 
-0.999071 -0.0159569 0.0397824 0 -0.0166122 0.999721 -0.0161948 0 -0.0395136 -0.0168409 -0.999077 0 -0.206767 -0.598061 -0.0187245 1 
-0.999062 -0.0161317 0.039949 0 -0.0167983 0.999715 -0.0164072 0 -0.0396737 -0.0170632 -0.999067 0 -0.206774 -0.598949 -0.0182329 1 
-0.999059 -0.0162888 0.0399662 0 -0.0169443 0.999717 -0.0161186 0 -0.0396931 -0.0167809 -0.999071 0 -0.206748 -0.599671 -0.0177333 1 
-0.999099 -0.0162104 0.0389756 0 -0.0167082 0.999773 -0.0124786 0 -0.0387652 -0.0131188 -0.999162 0 -0.206596 -0.599297 -0.0176995 1 
-0.999123 -0.0159626 0.0384524 0 -0.0163878 0.999798 -0.0107676 0 -0.0382735 -0.0113886 -0.999202 0 -0.206592 -0.599153 -0.017652 1 
-0.99914 -0.0156277 0.0381559 0 -0.0160121 0.999814 -0.00978831 0 -0.0379966 -0.010391 -0.999224 0 -0.20657 -0.599064 -0.0176405 1 
-0.99915 -0.0152944 0.0380366 0 -0.0156622 0.999824 -0.00939216 0 -0.037887 -0.0099801 -0.999232 0 -0.206561 -0.599006 -0.0176419 1 
-0.999151 -0.0151709 0.0380492 0 -0.0155396 0.999825 -0.00941344 0 -0.0379004 -0.00999691 -0.999232 0 -0.206566 -0.599018 -0.0176081 1 
-0.999151 -0.0151328 0.0380567 0 -0.0155025 0.999826 -0.00943957 0 -0.037908 -0.0100217 -0.999231 0 -0.206569 -0.599033 -0.0175629 1 
-0.999153 -0.0150672 0.0380478 0 -0.0154335 0.999828 -0.0093509 0 -0.037901 -0.00993038 -0.999232 0 -0.206591 -0.599023 -0.0174933 1 
-0.999155 -0.0149058 0.0380419 0 -0.0152676 0.999831 -0.00923845 0 -0.0378985 -0.00981165 -0.999233 0 -0.206676 -0.599001 -0.0173893 1 
-0.999162 -0.0146714 0.037958 0 -0.0150214 0.999837 -0.00895081 0 -0.0378212 -0.00951368 -0.999239 0 -0.206797 -0.598917 -0.0172766 1 
-0.99917 -0.014493 0.037826 0 -0.0148254 0.999844 -0.00852257 0 -0.0376973 -0.00907646 -0.999248 0 -0.206878 -0.598784 -0.0171651 1 
-0.999176 -0.0144274 0.0376871 0 -0.0147421 0.999849 -0.0080842 0 -0.0375655 -0.00863328 -0.999257 0 -0.206877 -0.598642 -0.0170868 1 
-0.999176 -0.0144473 0.037682 0 -0.0147622 0.999849 -0.00809086 0 -0.0375601 -0.00864062 -0.999257 0 -0.206849 -0.59861 -0.0169333 1 
-0.999173 -0.0144836 0.0377366 0 -0.0148051 0.999847 -0.00825387 0 -0.037612 -0.00880591 -0.999254 0 -0.206826 -0.598621 -0.0167111 1 
-0.99917 -0.0144992 0.0378256 0 -0.014831 0.999844 -0.00850706 0 -0.0376971 -0.00906116 -0.999248 0 -0.206823 -0.598661 -0.0164232 1 
-0.999167 -0.0144868 0.0378883 0 -0.0148252 0.999843 -0.00866701 0 -0.0377576 -0.00922167 -0.999244 0 -0.206827 -0.598664 -0.0160634 1 
-0.999167 -0.0144387 0.037918 0 -0.014779 0.999843 -0.00871066 0 -0.037787 -0.00926397 -0.999243 0 -0.206841 -0.598613 -0.0156621 1 
-0.999167 -0.0144029 0.0379391 0 -0.014745 0.999843 -0.00875167 0 -0.0378078 -0.00930397 -0.999242 0 -0.206836 -0.59855 -0.0151825 1 
-0.999166 -0.0143667 0.0379751 0 -0.014713 0.999843 -0.00885324 0 -0.0378427 -0.00940476 -0.999239 0 -0.206821 -0.598501 -0.0146254 1 
-0.999164 -0.0143292 0.0380393 0 -0.0146814 0.999842 -0.00899401 0 -0.0379051 -0.00954515 -0.999236 0 -0.20682 -0.598452 -0.0139654 1 
-0.999163 -0.0142439 0.038093 0 -0.0146007 0.999842 -0.00910404 0 -0.037958 -0.00965279 -0.999233 0 -0.20684 -0.598401 -0.0131575 1 
-0.999163 -0.014164 0.0381241 0 -0.0145214 0.999843 -0.00911466 0 -0.0379897 -0.00966084 -0.999231 0 -0.206864 -0.598383 -0.0122381 1 
-0.999167 -0.0140991 0.0380465 0 -0.0144425 0.999848 -0.00876726 0 -0.0379178 -0.00930962 -0.999237 0 -0.206861 -0.598334 -0.0112754 1 
-0.99917 -0.0140595 0.037976 0 -0.0143888 0.999851 -0.00841008 0 -0.0378528 -0.0089497 -0.999243 0 -0.206868 -0.598325 -0.0101795 1 
-0.999172 -0.0140206 0.037934 0 -0.0143399 0.999854 -0.00815829 0 -0.0378148 -0.00869567 -0.999247 0 -0.206867 -0.598346 -0.00900327 1 
-0.999177 -0.0140189 0.0378171 0 -0.0143174 0.999859 -0.00763286 0 -0.0377055 -0.00816817 -0.999256 0 -0.206845 -0.59834 -0.00774048 1 
-0.999181 -0.0140377 0.0377021 0 -0.0143147 0.999863 -0.00708672 0 -0.0375982 -0.00762075 -0.999264 0 -0.206813 -0.598363 -0.00657414 1 
-0.999182 -0.0141055 0.0376419 0 -0.0143691 0.999864 -0.00674144 0 -0.0375424 -0.00727695 -0.999269 0 -0.206762 -0.598425 -0.00541574 1 
-0.999184 -0.0141755 0.0375568 0 -0.0144207 0.999867 -0.00626749 0 -0.0374637 -0.0068041 -0.999275 0 -0.206696 -0.598426 -0.00413106 1 
-0.999185 -0.0141542 0.0375538 0 -0.0143927 0.999868 -0.00608988 0 -0.0374634 -0.00662555 -0.999276 0 -0.206665 -0.598401 -0.00266852 1 
-0.99918 -0.0140918 0.0377083 0 -0.0143438 0.999867 -0.00642151 0 -0.0376135 -0.00695726 -0.999268 0 -0.206674 -0.598429 -0.000930864 1 
-0.999176 -0.0139654 0.0378624 0 -0.0142319 0.999866 -0.00677862 0 -0.0377634 -0.00731203 -0.99926 0 -0.206686 -0.59843 0.00123271 1 
-0.999237 -0.0140453 0.0361693 0 -0.0141118 0.99989 -0.00158387 0 -0.0361438 -0.00209312 -0.999344 0 -0.206187 -0.597009 0.00123297 1 
-0.999218 -0.0140712 0.0366937 0 -0.0142013 0.999884 -0.00328702 0 -0.0366439 -0.00380562 -0.999321 0 -0.206331 -0.59769 0.00113685 1 
-0.999213 -0.0141249 0.0368095 0 -0.0142609 0.999883 -0.00343363 0 -0.0367573 -0.00395594 -0.999316 0 -0.20633 -0.598066 0.00111409 1 
-0.999218 -0.0142065 0.0366339 0 -0.0143147 0.999884 -0.00269349 0 -0.0365921 -0.00321585 -0.999325 0 -0.206208 -0.597918 0.00117111 1 
-0.999221 -0.0141928 0.0365525 0 -0.0142887 0.999885 -0.00236302 0 -0.0365155 -0.00288353 -0.999329 0 -0.206173 -0.597801 0.00122961 1 
-0.999223 -0.0140493 0.0365594 0 -0.0141453 0.999888 -0.00237024 0 -0.0365227 -0.0028856 -0.999329 0 -0.206224 -0.597786 0.00122933 1 
-0.999225 -0.0139507 0.0365467 0 -0.0140466 0.999889 -0.00236913 0 -0.0365103 -0.00288071 -0.999329 0 -0.206222 -0.597785 0.00122969 1 
-0.999227 -0.0137785 0.0365467 0 -0.0138751 0.999891 -0.00239015 0 -0.0365105 -0.00289544 -0.999329 0 -0.206209 -0.597795 0.00124125 1 
-0.999229 -0.0135946 0.0365592 0 -0.0136923 0.999894 -0.00242336 0 -0.036523 -0.00292212 -0.999329 0 -0.206216 -0.597808 0.0012488 1 
-0.99923 -0.0135285 0.0365621 0 -0.013627 0.999895 -0.00244595 0 -0.0365259 -0.00294235 -0.999328 0 -0.2062 -0.597825 0.00125975 1 
-0.999231 -0.013439 0.0365698 0 -0.0135375 0.999896 -0.00244646 0 -0.0365338 -0.0029397 -0.999328 0 -0.206188 -0.597832 0.00125837 1 
-0.999232 -0.0133486 0.0365728 0 -0.0134473 0.999897 -0.0024558 0 -0.0365369 -0.00294578 -0.999328 0 -0.206202 -0.597832 0.00126164 1 
-0.999234 -0.0132395 0.03657 0 -0.0133383 0.999898 -0.00245873 0 -0.0365344 -0.00294468 -0.999328 0 -0.206196 -0.597835 0.00126282 1 
-0.999236 -0.0130687 0.0365686 0 -0.0131674 0.999901 -0.00245934 0 -0.0365335 -0.00293904 -0.999328 0 -0.206201 -0.597832 0.00125836 1 
-0.999237 -0.0130316 0.0365688 0 -0.0131303 0.999901 -0.00245996 0 -0.0365338 -0.00293829 -0.999328 0 -0.206206 -0.597832 0.00125796 1 
-0.999236 -0.0130456 0.0365693 0 -0.0131443 0.999901 -0.00246074 0 -0.0365343 -0.00293959 -0.999328 0 -0.206197 -0.597838 0.00125354 1 
-0.999237 -0.0130355 0.0365651 0 -0.0131337 0.999901 -0.00244581 0 -0.0365303 -0.00292424 -0.999328 0 -0.2062 -0.59783 0.00124319 1 
-0.999237 -0.0130259 0.0365627 0 -0.0131237 0.999901 -0.00243759 0 -0.036528 -0.00291563 -0.999328 0 -0.206206 -0.597825 0.00123313 1 
-0.999237 -0.0130473 0.0365534 0 -0.0131446 0.999901 -0.00242245 0 -0.0365189 -0.00290114 -0.999329 0 -0.206189 -0.597824 0.0012183 1 
-0.999237 -0.0130516 0.0365508 0 -0.0131482 0.999901 -0.00240495 0 -0.0365165 -0.00288375 -0.999329 0 -0.206187 -0.597817 0.00120503 1 
-0.999237 -0.0130322 0.0365536 0 -0.0131291 0.999901 -0.00241011 0 -0.0365193 -0.00288825 -0.999329 0 -0.206199 -0.597817 0.00119952 1 
-0.999237 -0.0130496 0.0365476 0 -0.0131462 0.999901 -0.00240576 0 -0.0365133 -0.00288444 -0.999329 0 -0.206191 -0.597822 0.00118455 1 
-0.999237 -0.0130755 0.0365364 0 -0.0131715 0.999901 -0.0023856 0 -0.0365023 -0.00286507 -0.999329 0 -0.206169 -0.597821 0.00116195 1 
-0.999236 -0.0131091 0.0365424 0 -0.0132055 0.9999 -0.0023959 0 -0.036508 -0.00287668 -0.999329 0 -0.206153 -0.59783 0.00116477 1 
-0.999237 -0.0131035 0.0365337 0 -0.0131991 0.9999 -0.00237713 0 -0.0364996 -0.00285758 -0.99933 0 -0.206153 -0.597819 0.00115092 1 
-0.999237 -0.0131101 0.036529 0 -0.013206 0.9999 -0.00238391 0 -0.0364948 -0.00286455 -0.99933 0 -0.206147 -0.597824 0.00115234 1 
-0.999237 -0.0130953 0.0365272 0 -0.013191 0.999901 -0.00238128 0 -0.0364931 -0.00286135 -0.99933 0 -0.206155 -0.597819 0.00115229 1 
-0.999237 -0.0131004 0.0365246 0 -0.0131958 0.9999 -0.00237161 0 -0.0364906 -0.00285182 -0.99933 0 -0.206152 -0.597815 0.00114676 1 
-0.999237 -0.0131064 0.0365281 0 -0.0132023 0.9999 -0.00238449 0 -0.0364939 -0.00286498 -0.99933 0 -0.206152 -0.597822 0.00115438 1 
-0.999237 -0.0131035 0.0365249 0 -0.013199 0.9999 -0.00237441 0 -0.0364909 -0.00285475 -0.99933 0 -0.206153 -0.597816 0.00114836 1 
-0.999237 -0.0131115 0.0365237 0 -0.0132071 0.9999 -0.00237807 0 -0.0364896 -0.00285869 -0.99933 0 -0.206148 -0.597819 0.00115056 1 
-0.999237 -0.013102 0.0365267 0 -0.0131976 0.9999 -0.00237739 0 -0.0364926 -0.0028577 -0.99933 0 -0.206153 -0.597817 0.00114992 1 
-0.999237 -0.013106 0.0365275 0 -0.0132018 0.9999 -0.00238134 0 -0.0364934 -0.0028618 -0.99933 0 -0.206152 -0.59782 0.00115104 1 
-0.999237 -0.0131048 0.036523 0 -0.0132005 0.9999 -0.00238007 0 -0.0364889 -0.00286043 -0.99933 0 -0.206149 -0.59782 0.00115104 1 
-0.999237 -0.013108 0.0365213 0 -0.0132035 0.9999 -0.00237595 0 -0.0364873 -0.0028564 -0.99933 0 -0.206149 -0.597818 0.00114829 1 
-0.999237 -0.0131042 0.0365227 0 -0.0131999 0.9999 -0.0023797 0 -0.0364886 -0.00286004 -0.99933 0 -0.20615 -0.597819 0.00115051 1 
-0.999237 -0.0131111 0.0365199 0 -0.0132068 0.9999 -0.00238045 0 -0.0364858 -0.002861 -0.99933 0 -0.206148 -0.59782 0.00115086 1 
-0.999237 -0.01311 0.0365193 0 -0.0132057 0.9999 -0.002379 0 -0.0364852 -0.0028595 -0.99933 0 -0.206147 -0.597819 0.00114926 1 
-0.999237 -0.0131068 0.0365218 0 -0.0132026 0.9999 -0.00238142 0 -0.0364876 -0.00286184 -0.99933 0 -0.206151 -0.597819 0.00115119 1 
-0.999237 -0.0131077 0.0365234 0 -0.0132036 0.9999 -0.00238618 0 -0.0364892 -0.00286666 -0.99933 0 -0.206149 -0.597823 0.00115295 1 
-0.999237 -0.0131155 0.03652 0 -0.0132113 0.9999 -0.00238296 0 -0.0364858 -0.00286368 -0.99933 0 -0.206147 -0.597821 0.00115108 1 
-0.999237 -0.0131135 0.0365199 0 -0.0132091 0.9999 -0.00237967 0 -0.0364857 -0.0028603 -0.99933 0 -0.206148 -0.59782 0.00115082 1 
-0.999237 -0.0131097 0.0365219 0 -0.0132055 0.9999 -0.00238172 0 -0.0364878 -0.00286225 -0.99933 0 -0.206149 -0.59782 0.00115122 1 
-0.999237 -0.0131101 0.0365223 0 -0.0132059 0.9999 -0.00238247 0 -0.0364881 -0.00286302 -0.99933 0 -0.206149 -0.59782 0.00115164 1 
-0.999237 -0.0131083 0.0365215 0 -0.013204 0.9999 -0.00238243 0 -0.0364874 -0.0028629 -0.99933 0 -0.206148 -0.59782 0.00115255 1 
-0.999237 -0.0131024 0.0365172 0 -0.013198 0.9999 -0.00237581 0 -0.0364832 -0.00285601 -0.99933 0 -0.206148 -0.597817 0.00114705 1 
-0.999237 -0.0131146 0.0365188 0 -0.0132103 0.9999 -0.00238118 0 -0.0364846 -0.00286184 -0.99933 0 -0.206143 -0.597821 0.00115132 1 
-0.999237 -0.0131131 0.0365199 0 -0.013209 0.9999 -0.00238562 0 -0.0364857 -0.00286625 -0.99933 0 -0.206146 -0.597822 0.00115022 1 
-0.999237 -0.0131208 0.0365191 0 -0.0132166 0.9999 -0.0023838 0 -0.0364849 -0.0028647 -0.99933 0 -0.206142 -0.597823 0.00115235 1 
-0.999237 -0.013108 0.036518 0 -0.0132036 0.9999 -0.00237819 0 -0.0364839 -0.0028586 -0.99933 0 -0.206148 -0.597819 0.00114856 1 
-0.999237 -0.0131101 0.036521 0 -0.0132061 0.9999 -0.00238886 0 -0.0364868 -0.00286939 -0.99933 0 -0.206149 -0.597822 0.00115265 1 
-0.999237 -0.0131133 0.0365207 0 -0.0132091 0.9999 -0.00238412 0 -0.0364865 -0.00286476 -0.99933 0 -0.206147 -0.597821 0.0011518 1 
-0.999237 -0.0131135 0.0365176 0 -0.0132092 0.9999 -0.0023796 0 -0.0364834 -0.0028602 -0.99933 0 -0.206145 -0.59782 0.00114911 1 
-0.999237 -0.0131142 0.0365166 0 -0.0132099 0.9999 -0.00238227 0 -0.0364824 -0.00286289 -0.99933 0 -0.206142 -0.597821 0.00114949 1 
