-1.94794 0.926726 0.00115395 -1.45667 -0.058013 2.37386 -1.08146 
-1.94797 0.926729 0.00114159 -1.45666 -0.0580084 2.37387 -1.08146 
-1.94797 0.926729 0.00114547 -1.45667 -0.0580084 2.37387 -1.08146 
-1.94796 0.926733 0.00114785 -1.45667 -0.058013 2.37387 -1.08146 
-1.94798 0.926726 0.00114194 -1.45667 -0.0580097 2.37387 -1.08146 
-1.94799 0.926727 0.00114018 -1.45667 -0.0580097 2.37387 -1.08147 
-1.94796 0.926733 0.00114714 -1.45667 -0.0580122 2.37387 -1.08146 
-1.94797 0.926731 0.0011438 -1.45666 -0.0580122 2.37387 -1.08146 
-1.94799 0.926724 0.00113851 -1.45667 -0.0580091 2.37387 -1.08147 
-1.94798 0.926726 0.00113843 -1.45667 -0.0580103 2.37387 -1.08146 
-1.94798 0.926731 0.00113851 -1.45666 -0.058011 2.37387 -1.08146 
-1.94799 0.926726 0.00113199 -1.45666 -0.0580122 2.37387 -1.08146 
-1.94799 0.926724 0.00113442 -1.45666 -0.058011 2.37387 -1.08146 
-1.94798 0.926727 0.00113637 -1.45666 -0.0580122 2.37387 -1.08146 
-1.94798 0.926727 0.00113805 -1.45666 -0.0580116 2.37387 -1.08146 
-1.94799 0.926727 0.0011378 -1.45666 -0.0580122 2.37387 -1.08146 
-1.94799 0.926726 0.00113273 -1.45666 -0.0580116 2.37387 -1.08146 
-1.94798 0.926731 0.00114547 -1.45666 -0.0580136 2.37387 -1.08146 
-1.94797 0.926727 0.00114547 -1.45666 -0.0580142 2.37387 -1.08146 
-1.94797 0.926731 0.00114547 -1.45666 -0.0580136 2.37387 -1.08146 
-1.94796 0.926727 0.00114909 -1.45666 -0.0580136 2.37386 -1.08146 
-1.94797 0.926729 0.0011438 -1.45667 -0.0580136 2.37386 -1.08147 
-1.94797 0.926729 0.0011438 -1.45666 -0.058011 2.37386 -1.08146 
-1.94797 0.926731 0.00114547 -1.45666 -0.0580116 2.37386 -1.08146 
-1.94797 0.926733 0.00114547 -1.45666 -0.0580116 2.37386 -1.08145 
-1.94797 0.926729 0.00114547 -1.45666 -0.0580103 2.37386 -1.08146 
-1.94797 0.926727 0.00114547 -1.45666 -0.0580116 2.37386 -1.08146 
-1.94797 0.926731 0.00114547 -1.45666 -0.0580097 2.37386 -1.08146 
-1.94798 0.92672 0.0011438 -1.45666 -0.0580091 2.37386 -1.08146 
-1.94797 0.92672 0.0011438 -1.45666 -0.0580072 2.37386 -1.08145 
-1.94797 0.92672 0.00114547 -1.45666 -0.0580084 2.37387 -1.08146 
-1.94798 0.926716 0.00114547 -1.45666 -0.0580084 2.37387 -1.08146 
-1.94796 0.926711 0.00115438 -1.45664 -0.0580103 2.37387 -1.08145 
-1.94794 0.926699 0.00116205 -1.45662 -0.0580122 2.37388 -1.08146 
-1.94793 0.926693 0.00116982 -1.45662 -0.0580136 2.37388 -1.08147 
-1.94792 0.926691 0.00117873 -1.45663 -0.0580148 2.37388 -1.08146 
-1.94791 0.926678 0.00118021 -1.45662 -0.0580161 2.37389 -1.08146 
-1.94791 0.926663 0.00118264 -1.45662 -0.0580148 2.37389 -1.08146 
-1.94791 0.926654 0.00118485 -1.45661 -0.0580136 2.37389 -1.08145 
-1.94791 0.926654 0.00118512 -1.45661 -0.0580165 2.37389 -1.08146 
-1.94791 0.926653 0.00118679 -1.45661 -0.0580161 2.37389 -1.08146 
-1.94791 0.926655 0.00118317 -1.45661 -0.0580174 2.37389 -1.08146 
-1.9479 0.926651 0.00118874 -1.45661 -0.058018 2.37388 -1.08146 
-1.9479 0.926653 0.0011917 -1.45661 -0.0580206 2.37389 -1.08146 
-1.9479 0.926653 0.0011898 -1.4566 -0.0580186 2.37389 -1.08145 
-1.9479 0.926635 0.00118752 -1.45659 -0.0580192 2.37389 -1.08146 
-1.9479 0.926624 0.00118611 -1.45659 -0.0580178 2.3739 -1.08146 
-1.9479 0.926621 0.00118808 -1.45658 -0.0580167 2.3739 -1.08146 
-1.9479 0.926621 0.00118618 -1.45658 -0.0580178 2.3739 -1.08146 
-1.9479 0.926608 0.00118613 -1.45658 -0.0580151 2.3739 -1.08146 
-1.94792 0.926614 0.0011809 -1.45657 -0.0580136 2.3739 -1.08146 
-1.94792 0.926606 0.00117536 -1.45657 -0.0580116 2.3739 -1.08146 
-1.9479 0.926611 0.00118083 -1.45657 -0.0580142 2.3739 -1.08146 
-1.9479 0.926618 0.00118636 -1.45657 -0.0580142 2.37389 -1.08146 
-1.94791 0.926622 0.00118108 -1.45657 -0.0580131 2.37389 -1.08146 
-1.94791 0.926643 0.00118634 -1.45658 -0.0580155 2.37389 -1.08146 
-1.94791 0.926663 0.00118087 -1.45658 -0.0580136 2.37389 -1.08146 
-1.94791 0.926663 0.00118292 -1.45659 -0.0580122 2.37389 -1.08146 
-1.94791 0.926668 0.00118629 -1.45659 -0.058013 2.37389 -1.08146 
-1.9479 0.92667 0.00118832 -1.45659 -0.058013 2.37389 -1.08145 
-1.94791 0.926664 0.00118108 -1.45659 -0.0580097 2.37389 -1.08146 
-1.94791 0.926686 0.00118084 -1.4566 -0.058011 2.37388 -1.08145 
-1.94791 0.926713 0.00118084 -1.45661 -0.0580122 2.37388 -1.08146 
-1.94792 0.92671 0.00118231 -1.45661 -0.058013 2.37388 -1.08146 
-1.94791 0.926711 0.00118089 -1.45661 -0.0580142 2.37388 -1.08146 
-1.94791 0.926714 0.00118204 -1.45661 -0.0580155 2.37388 -1.08146 
-1.94791 0.926716 0.00118108 -1.45662 -0.0580142 2.37387 -1.08146 
-1.94791 0.926728 0.00118613 -1.45663 -0.0580148 2.37387 -1.08145 
-1.94791 0.926745 0.00118221 -1.45663 -0.0580155 2.37387 -1.08146 
-1.94792 0.926744 0.00117941 -1.45664 -0.0580122 2.37387 -1.08146 
-1.94791 0.92675 0.00118223 -1.45664 -0.0580148 2.37387 -1.08146 
-1.9479 0.926746 0.00118637 -1.45664 -0.0580148 2.37387 -1.08146 
-1.94791 0.926748 0.00118278 -1.45663 -0.058013 2.37387 -1.08146 
-1.94792 0.926742 0.0011775 -1.45664 -0.058011 2.37387 -1.08146 
-1.94792 0.926744 0.00117357 -1.45664 -0.0580103 2.37387 -1.08146 
-1.94792 0.926739 0.0011726 -1.45664 -0.0580078 2.37387 -1.08146 
-1.94793 0.926732 0.00117209 -1.45664 -0.0580091 2.37387 -1.08146 
-1.94793 0.92673 0.00117191 -1.45663 -0.0580084 2.37387 -1.08146 
-1.94792 0.926733 0.00117668 -1.45664 -0.0580084 2.37387 -1.08146 
-1.94793 0.926735 0.00117331 -1.45663 -0.0580065 2.37387 -1.08146 
-1.94794 0.926748 0.00116564 -1.45664 -0.0580058 2.37387 -1.08146 
-1.94793 0.926766 0.00116396 -1.45664 -0.0580072 2.37387 -1.08145 
-1.94794 0.926787 0.00116201 -1.45665 -0.0580072 2.37387 -1.08146 
-1.94793 0.926782 0.00116563 -1.45664 -0.0580078 2.37387 -1.08145 
-1.94792 0.926758 0.00118873 -1.45663 -0.0580132 2.37388 -1.08146 
-1.94784 0.926577 0.00136862 -1.45662 -0.0580068 2.37388 -1.08146 
-1.94758 0.926142 0.00139067 -1.45661 -0.0580085 2.37388 -1.08145 
-1.94727 0.925494 0.00138059 -1.4566 -0.0580008 2.37389 -1.08145 
-1.94693 0.924634 0.00136832 -1.45659 -0.0579944 2.37389 -1.08145 
-1.94663 0.923545 0.00138212 -1.45659 -0.0579935 2.37386 -1.08145 
-1.94632 0.922333 0.00138621 -1.45659 -0.0579915 2.37382 -1.08145 
-1.94597 0.920984 0.0013938 -1.45658 -0.0579848 2.37334 -1.08145 
-1.94553 0.919493 0.00139213 -1.45658 -0.0579451 2.37264 -1.08144 
-1.94506 0.917967 0.00139 -1.4566 -0.0578016 2.37177 -1.08143 
-1.94458 0.916534 0.00137364 -1.45661 -0.0577867 2.3707 -1.08141 
-1.94412 0.915193 0.00138045 -1.45665 -0.0577861 2.36924 -1.08089 
-1.9437 0.914067 0.0014027 -1.45677 -0.0577799 2.36773 -1.08087 
-1.94324 0.913124 0.00141059 -1.45701 -0.0577571 2.36638 -1.08082 
-1.94269 0.91235 0.00141336 -1.45742 -0.0577364 2.36544 -1.08035 
-1.94208 0.911761 0.00142009 -1.45812 -0.0577317 2.36504 -1.08006 
-1.94135 0.9112 0.0014266 -1.45911 -0.0577254 2.36503 -1.07977 
-1.9405 0.91056 0.00142508 -1.46027 -0.0576981 2.36502 -1.07955 
-1.93951 0.909766 0.00142606 -1.46161 -0.0576417 2.36502 -1.07865 
-1.93843 0.908837 0.00143938 -1.46302 -0.0576254 2.36502 -1.07762 
-1.93728 0.907821 0.00143082 -1.46447 -0.0576232 2.36503 -1.07658 
-1.93616 0.906751 0.00141946 -1.46577 -0.0576212 2.36504 -1.07569 
-1.93512 0.905694 0.00141835 -1.46676 -0.0576177 2.36503 -1.07481 
-1.93415 0.904577 0.00140541 -1.46761 -0.0576103 2.36502 -1.07365 
-1.93332 0.903501 0.00138311 -1.46835 -0.0576065 2.36503 -1.07244 
-1.93272 0.902535 0.00137093 -1.46894 -0.0576059 2.36503 -1.07167 
-1.93222 0.90162 0.00137713 -1.46948 -0.0576008 2.36501 -1.07098 
-1.93173 0.900724 0.00136667 -1.47013 -0.0576027 2.36497 -1.07019 
-1.9313 0.899914 0.0013412 -1.47077 -0.0576167 2.36493 -1.06953 
-1.93092 0.89921 0.00117068 -1.47127 -0.0576142 2.36485 -1.06904 
-1.93072 0.898759 0.000912735 -1.47153 -0.0576135 2.36466 -1.06885 
-1.93074 0.898568 0.000643295 -1.47167 -0.0576123 2.36458 -1.06884 
-1.9308 0.898573 0.000317551 -1.4718 -0.0576164 2.36456 -1.06883 
-1.93087 0.898602 -0.000147035 -1.47214 -0.0576164 2.36455 -1.06884 
-1.93093 0.898585 -0.000646459 -1.47272 -0.0576196 2.36455 -1.06883 
-1.931 0.898598 -0.00106878 -1.4734 -0.0576196 2.36455 -1.06884 
-1.93109 0.89862 -0.00139152 -1.47421 -0.0576209 2.36454 -1.06884 
-1.93118 0.898646 -0.00168906 -1.47515 -0.057625 2.36455 -1.06883 
-1.93124 0.898671 -0.00195715 -1.4761 -0.0576299 2.36456 -1.06884 
-1.93128 0.898683 -0.00224197 -1.47696 -0.0576304 2.36459 -1.06883 
-1.9313 0.898686 -0.00251409 -1.4776 -0.0576298 2.36463 -1.06884 
-1.93131 0.898689 -0.00273476 -1.47799 -0.0576282 2.36465 -1.06883 
-1.93132 0.898697 -0.00293534 -1.4782 -0.057625 2.36468 -1.06884 
-1.93133 0.898677 -0.00306186 -1.47822 -0.0576219 2.3647 -1.06883 
-1.93133 0.898632 -0.00311839 -1.47819 -0.0576192 2.36471 -1.06883 
-1.93133 0.898651 -0.00316977 -1.47819 -0.0576145 2.36471 -1.06883 
-1.93133 0.898718 -0.00320096 -1.47821 -0.0576158 2.36471 -1.06883 
-1.93132 0.898779 -0.00320931 -1.47823 -0.0576144 2.36472 -1.06883 
-1.93132 0.898834 -0.00321561 -1.47823 -0.0576152 2.36472 -1.06882 
-1.93134 0.8989 -0.00325727 -1.47822 -0.0576158 2.36473 -1.06882 
-1.93133 0.898986 -0.00338248 -1.47822 -0.0576152 2.36474 -1.06883 
-1.93134 0.899102 -0.00350195 -1.47821 -0.0576144 2.36475 -1.06883 
-1.93136 0.899244 -0.00364194 -1.4782 -0.0576144 2.36482 -1.06883 
-1.93137 0.899401 -0.00372387 -1.47819 -0.0576097 2.36515 -1.06883 
-1.93137 0.899537 -0.00373232 -1.47816 -0.0576065 2.36533 -1.06883 
-1.93137 0.899707 -0.00373305 -1.47813 -0.057606 2.36536 -1.06882 
-1.93135 0.899906 -0.0037249 -1.47807 -0.0576023 2.36544 -1.06883 
-1.93132 0.900097 -0.00371606 -1.47793 -0.0576011 2.36567 -1.06883 
-1.93132 0.900312 -0.00371225 -1.47772 -0.0576006 2.36582 -1.06882 
-1.93132 0.900528 -0.00370637 -1.47743 -0.0575976 2.36588 -1.06882 
-1.93132 0.900791 -0.00370967 -1.47699 -0.0575956 2.36589 -1.06882 
-1.93134 0.901133 -0.00371982 -1.47648 -0.0575939 2.36589 -1.06882 
-1.93134 0.901485 -0.00371968 -1.47598 -0.0575947 2.3659 -1.06882 
-1.93131 0.901834 -0.00369711 -1.47545 -0.0575917 2.36589 -1.06882 
-1.93126 0.902253 -0.003682 -1.47496 -0.0575875 2.36588 -1.06882 
-1.93124 0.902787 -0.00367522 -1.47456 -0.0575879 2.36589 -1.06882 
-1.93117 0.903378 -0.00365109 -1.47423 -0.0575873 2.3659 -1.06882 
-1.93109 0.903976 -0.00363716 -1.47404 -0.0575819 2.36589 -1.06881 
-1.93107 0.904568 -0.00363517 -1.47402 -0.05758 2.36591 -1.06881 
-1.93106 0.905163 -0.00362838 -1.47401 -0.0575834 2.36602 -1.06881 
-1.93103 0.905766 -0.00361767 -1.47401 -0.057585 2.36637 -1.06881 
-1.93102 0.906419 -0.00362615 -1.47401 -0.0575845 2.36666 -1.06882 
-1.93105 0.907025 -0.00363978 -1.47402 -0.0575857 2.36704 -1.06882 
-1.93106 0.907575 -0.00364298 -1.47401 -0.0575851 2.36752 -1.06882 
-1.93105 0.908106 -0.00365076 -1.47401 -0.0575806 2.36792 -1.06881 
-1.93108 0.908613 -0.00366229 -1.47401 -0.0575825 2.36838 -1.06882 
-1.9311 0.909053 -0.0036736 -1.474 -0.0575851 2.36892 -1.06882 
-1.93109 0.909412 -0.00367021 -1.47401 -0.0575851 2.36941 -1.06882 
-1.93108 0.909709 -0.00366659 -1.47401 -0.0575877 2.36976 -1.06882 
-1.93107 0.909921 -0.00366173 -1.47401 -0.0575885 2.36998 -1.06881 
-1.93107 0.910093 -0.00365491 -1.47401 -0.0575905 2.37009 -1.06881 
-1.93106 0.910226 -0.00365247 -1.47401 -0.0575857 2.37022 -1.06881 
-1.93106 0.910338 -0.00365544 -1.47401 -0.0575884 2.37026 -1.06882 
-1.93107 0.910477 -0.00365613 -1.47401 -0.0575888 2.3703 -1.06882 
-1.93105 0.910606 -0.00364335 -1.47402 -0.0575851 2.37033 -1.06882 
-1.93104 0.910749 -0.00364046 -1.47402 -0.0575857 2.37033 -1.06881 
-1.93105 0.910947 -0.00364046 -1.47402 -0.057586 2.37036 -1.06882 
-1.93104 0.911148 -0.00363517 -1.47402 -0.0575857 2.37046 -1.06882 
-1.93102 0.911379 -0.00362517 -1.47401 -0.0575857 2.37067 -1.06881 
-1.93103 0.911671 -0.00362611 -1.47401 -0.0575851 2.37077 -1.06881 
-1.93104 0.912004 -0.00362806 -1.47401 -0.0575851 2.371 -1.06882 
-1.93101 0.912367 -0.00359688 -1.47401 -0.0575857 2.3713 -1.06882 
-1.93096 0.912777 -0.00356329 -1.47401 -0.0575841 2.3716 -1.06882 
-1.93091 0.913224 -0.00353478 -1.47401 -0.0575857 2.37208 -1.06882 
-1.93084 0.913638 -0.00345528 -1.474 -0.0575864 2.37263 -1.06882 
-1.93076 0.914041 -0.00332298 -1.474 -0.0575836 2.37305 -1.06882 
-1.93064 0.914473 -0.0032349 -1.474 -0.0575816 2.37335 -1.06882 
-1.93047 0.914891 -0.00312993 -1.474 -0.0575841 2.37388 -1.06882 
-1.9303 0.915147 -0.00305184 -1.474 -0.0575774 2.37426 -1.06881 
-1.93011 0.915375 -0.00304045 -1.474 -0.0575649 2.37454 -1.0688 
-1.92997 0.915554 -0.00302933 -1.474 -0.0575573 2.37476 -1.06879 
-1.92982 0.915648 -0.00302488 -1.47399 -0.057525 2.37493 -1.06878 
-1.92969 0.915677 -0.00303937 -1.47399 -0.0574256 2.375 -1.06875 
-1.92964 0.91569 -0.00303337 -1.47399 -0.057405 2.375 -1.0686 
-1.92961 0.91568 -0.00303337 -1.47399 -0.0574033 2.37501 -1.06853 
-1.9296 0.915671 -0.00303504 -1.47399 -0.0573991 2.37501 -1.06853 
-1.92957 0.915687 -0.00302858 -1.474 -0.0574021 2.37501 -1.06851 
-1.92951 0.915691 -0.00302336 -1.474 -0.0573966 2.375 -1.0685 
-1.92939 0.915687 -0.00299135 -1.47401 -0.0573969 2.375 -1.0685 
-1.92918 0.915667 -0.00289176 -1.47401 -0.057394 2.375 -1.0685 
-1.92893 0.915624 -0.00268723 -1.474 -0.0573905 2.37501 -1.06849 
-1.92853 0.915574 -0.00236021 -1.47399 -0.0573796 2.37501 -1.0684 
-1.92796 0.915495 -0.00207322 -1.47398 -0.0573596 2.37502 -1.06794 
-1.92726 0.915356 -0.00185917 -1.47398 -0.0573426 2.37502 -1.06729 
-1.92641 0.915137 -0.00166228 -1.47396 -0.0573275 2.37503 -1.06635 
-1.92551 0.914852 -0.00149427 -1.47394 -0.0573232 2.37503 -1.06516 
-1.92454 0.914469 -0.00147911 -1.47394 -0.0573188 2.37503 -1.06406 
-1.92351 0.913948 -0.00151193 -1.47394 -0.0573128 2.37501 -1.06277 
-1.92274 0.913508 -0.0015513 -1.47394 -0.0573091 2.37501 -1.06184 
-1.92217 0.9131 -0.00159971 -1.47395 -0.0573078 2.375 -1.06117 
-1.92179 0.912771 -0.00170304 -1.47395 -0.0573061 2.37496 -1.06079 
-1.92159 0.91254 -0.00189222 -1.47397 -0.0573067 2.3748 -1.06055 
-1.9216 0.912438 -0.00213082 -1.47399 -0.0573061 2.37474 -1.06051 
-1.9217 0.912443 -0.002546 -1.47401 -0.0573125 2.37471 -1.06052 
-1.92185 0.912476 -0.0031841 -1.47418 -0.0573141 2.3747 -1.06052 
-1.92211 0.912479 -0.0039452 -1.47452 -0.0573188 2.3747 -1.06052 
-1.92246 0.912491 -0.00466166 -1.4749 -0.0573262 2.3747 -1.06052 
-1.92289 0.912504 -0.00536377 -1.47538 -0.0573389 2.3747 -1.06056 
-1.92337 0.912507 -0.00597374 -1.47589 -0.0573489 2.37471 -1.06073 
-1.92384 0.912534 -0.00638915 -1.47626 -0.0573503 2.37471 -1.06111 
-1.92427 0.912584 -0.00666118 -1.47657 -0.0573569 2.37472 -1.06137 
-1.92466 0.912634 -0.00684086 -1.47678 -0.057356 2.37473 -1.0615 
-1.92496 0.912643 -0.00687126 -1.47693 -0.0573607 2.37474 -1.06159 
-1.92511 0.912653 -0.00687457 -1.47696 -0.0573579 2.37473 -1.06161 
-1.92516 0.912675 -0.00688936 -1.47696 -0.0573527 2.37473 -1.06162 
-1.92515 0.912683 -0.00687761 -1.47696 -0.057354 2.37473 -1.06161 
-1.9251 0.912688 -0.00685821 -1.47696 -0.0573483 2.37473 -1.06161 
-1.92505 0.912734 -0.00686437 -1.47695 -0.057346 2.37473 -1.06161 
-1.92506 0.912808 -0.00687095 -1.47696 -0.0573442 2.37474 -1.06161 
-1.92511 0.912885 -0.0068993 -1.47695 -0.0573415 2.37473 -1.06161 
-1.92518 0.913017 -0.00698603 -1.47696 -0.0573434 2.37473 -1.06162 
-1.92526 0.913185 -0.00710233 -1.47696 -0.0573415 2.37474 -1.06162 
-1.92535 0.913363 -0.00723114 -1.47696 -0.0573409 2.37474 -1.06161 
-1.92544 0.913589 -0.00740748 -1.47696 -0.0573398 2.37474 -1.06161 
-1.92554 0.91388 -0.00756993 -1.47696 -0.0573403 2.37476 -1.06161 
-1.92566 0.914148 -0.00764591 -1.47695 -0.0573397 2.37501 -1.06161 
-1.92576 0.914421 -0.00773002 -1.47692 -0.0573383 2.37512 -1.06161 
-1.92587 0.914667 -0.00780749 -1.47692 -0.0573373 2.37515 -1.06161 
-1.92599 0.914902 -0.00784851 -1.47691 -0.0573378 2.37524 -1.0616 
-1.92608 0.915116 -0.00787762 -1.47691 -0.0573384 2.3754 -1.06161 
-1.92613 0.915332 -0.0078957 -1.4769 -0.0573403 2.37547 -1.06161 
-1.92614 0.915522 -0.0078932 -1.47687 -0.0573452 2.37561 -1.06161 
-1.92613 0.915733 -0.00788858 -1.47684 -0.0573405 2.3758 -1.06161 
-1.92613 0.915961 -0.00788954 -1.47679 -0.0573482 2.37585 -1.06161 
-1.92611 0.916195 -0.00787436 -1.47674 -0.057347 2.376 -1.06162 
-1.92606 0.916453 -0.00786149 -1.47667 -0.0573475 2.37621 -1.06162 
-1.92599 0.916764 -0.00785298 -1.47662 -0.0573465 2.37635 -1.06162 
-1.9259 0.917088 -0.00784659 -1.4766 -0.0573502 2.37658 -1.06163 
-1.92582 0.917408 -0.00782369 -1.47658 -0.0573508 2.37693 -1.06163 
-1.92569 0.917706 -0.00780934 -1.47657 -0.0573502 2.37724 -1.06163 
-1.92555 0.918001 -0.00778329 -1.47656 -0.0573476 2.37746 -1.06163 
-1.9254 0.918262 -0.00773138 -1.47653 -0.0573467 2.37773 -1.06163 
-1.92523 0.918529 -0.00770327 -1.47648 -0.0573454 2.37801 -1.06163 
-1.92505 0.91877 -0.00769901 -1.4764 -0.0573454 2.37821 -1.06162 
-1.92491 0.918973 -0.00769106 -1.47634 -0.0573425 2.37837 -1.06163 
-1.92478 0.919154 -0.00767729 -1.47625 -0.0573412 2.37842 -1.06163 
-1.92466 0.919311 -0.00767975 -1.47614 -0.0573412 2.37844 -1.06163 
-1.92462 0.919449 -0.00768345 -1.47607 -0.0573412 2.37845 -1.06163 
-1.92463 0.919576 -0.00768808 -1.47599 -0.0573431 2.37848 -1.06162 
-1.92465 0.919668 -0.00769808 -1.4759 -0.0573419 2.37855 -1.06163 
-1.92467 0.91975 -0.00771307 -1.47587 -0.0573419 2.37865 -1.06163 
-1.9247 0.919853 -0.00772442 -1.47586 -0.0573425 2.37868 -1.06163 
-1.92475 0.919962 -0.00773253 -1.47584 -0.0573412 2.37871 -1.06163 
-1.9248 0.920069 -0.00773086 -1.47584 -0.0573394 2.37872 -1.06163 
-1.92483 0.920209 -0.00774288 -1.47583 -0.05734 2.37874 -1.06163 
-1.9249 0.920374 -0.00774964 -1.47582 -0.0573425 2.37877 -1.06162 
-1.92497 0.920514 -0.0077606 -1.47581 -0.0573467 2.37884 -1.06163 
-1.92504 0.920688 -0.00776345 -1.4758 -0.0573459 2.3791 -1.06163 
-1.92509 0.920875 -0.00776427 -1.47581 -0.0573454 2.37923 -1.06162 
-1.92514 0.92107 -0.0077719 -1.4758 -0.0573435 2.37929 -1.06162 
-1.92517 0.921263 -0.0077813 -1.47581 -0.0573456 2.37942 -1.06163 
-1.9252 0.92145 -0.0077854 -1.4758 -0.057346 2.3796 -1.06163 
-1.92521 0.921622 -0.00779047 -1.4758 -0.0573441 2.37973 -1.06163 
-1.92522 0.921764 -0.00779696 -1.4758 -0.0573388 2.37994 -1.06163 
-1.92523 0.921882 -0.0078112 -1.4758 -0.0573404 2.37999 -1.06162 
-1.92524 0.921965 -0.00783262 -1.4758 -0.0573411 2.38002 -1.06163 
-1.92524 0.922017 -0.00783423 -1.4758 -0.0573426 2.38007 -1.06163 
-1.92525 0.922072 -0.00785363 -1.4758 -0.0573441 2.38016 -1.06163 
-1.92527 0.922135 -0.00788691 -1.4758 -0.0573443 2.38022 -1.06163 
-1.92528 0.922169 -0.00790398 -1.47579 -0.0573412 2.38025 -1.06163 
-1.92528 0.922215 -0.00791039 -1.4758 -0.0573442 2.38026 -1.06163 
-1.92528 0.922284 -0.00791344 -1.47579 -0.0573427 2.38027 -1.06163 
-1.92529 0.922355 -0.00791877 -1.4758 -0.0573433 2.38028 -1.06163 
-1.92528 0.922442 -0.00791516 -1.47579 -0.0573421 2.38028 -1.06162 
-1.92527 0.92255 -0.00791855 -1.47576 -0.0573467 2.38031 -1.06162 
-1.92528 0.922676 -0.00791688 -1.4756 -0.0573454 2.38034 -1.06163 
-1.92527 0.922802 -0.00791928 -1.47539 -0.0573467 2.38035 -1.06162 
-1.92525 0.922905 -0.00789711 -1.47517 -0.057346 2.38037 -1.06163 
-1.92519 0.92298 -0.0078816 -1.47495 -0.057346 2.38038 -1.06162 
-1.92512 0.923036 -0.00787595 -1.47479 -0.0573414 2.38038 -1.06162 
-1.92508 0.923072 -0.00788102 -1.47471 -0.0573444 2.38038 -1.06162 
-1.92508 0.923104 -0.00787158 -1.47465 -0.0573408 2.38038 -1.06163 
-1.92506 0.923128 -0.0078652 -1.47461 -0.0573387 2.38038 -1.06163 
-1.92504 0.923185 -0.0078588 -1.47461 -0.05734 2.38038 -1.06163 
-1.92502 0.923299 -0.00785536 -1.4746 -0.0573406 2.38039 -1.06162 
-1.925 0.923411 -0.00784241 -1.47459 -0.0573413 2.3804 -1.06163 
-1.92497 0.923539 -0.0078316 -1.47458 -0.0573406 2.38043 -1.06162 
-1.92492 0.923707 -0.00782296 -1.47457 -0.0573408 2.38054 -1.06163 
-1.92487 0.923895 -0.00781525 -1.47457 -0.0573412 2.38079 -1.06163 
-1.92482 0.924114 -0.00781462 -1.47457 -0.0573412 2.38103 -1.06163 
-1.92479 0.92434 -0.00781558 -1.47456 -0.05734 2.38116 -1.06163 
-1.92479 0.92458 -0.00782087 -1.47455 -0.05734 2.38124 -1.06163 
-1.92481 0.924822 -0.00783149 -1.47456 -0.0573406 2.3814 -1.06163 
-1.92483 0.925112 -0.00785077 -1.47455 -0.0573406 2.38166 -1.06163 
-1.92485 0.925444 -0.00786021 -1.47455 -0.0573412 2.38207 -1.06162 
-1.92483 0.925722 -0.00784727 -1.47455 -0.0573412 2.38245 -1.06163 
-1.92479 0.925949 -0.00782735 -1.47456 -0.0573395 2.38273 -1.06162 
-1.92476 0.926136 -0.00781839 -1.47456 -0.0573406 2.3828 -1.06163 
-1.92475 0.926275 -0.00781789 -1.47456 -0.0573364 2.38282 -1.06163 
-1.92473 0.926357 -0.00779748 -1.47456 -0.0573425 2.38288 -1.06163 
-1.92466 0.926366 -0.00776614 -1.47455 -0.057343 2.38301 -1.06163 
-1.92459 0.926358 -0.00774863 -1.47454 -0.0573445 2.38306 -1.06163 
-1.92454 0.926365 -0.00774974 -1.47454 -0.0573458 2.38308 -1.06162 
-1.92453 0.926369 -0.00774542 -1.47454 -0.0573513 2.3831 -1.06163 
-1.9245 0.926367 -0.00772523 -1.47454 -0.0573531 2.3831 -1.06162 
-1.92443 0.926368 -0.00772241 -1.47454 -0.0573531 2.38311 -1.06162 
-1.92438 0.926384 -0.00771998 -1.47454 -0.0573557 2.38311 -1.06163 
-1.92433 0.926375 -0.00771368 -1.47454 -0.0573593 2.38311 -1.06163 
-1.9242 0.926379 -0.00771818 -1.47454 -0.0573655 2.38311 -1.06163 
-1.92408 0.926403 -0.00772667 -1.47455 -0.0573738 2.38311 -1.06163 
-1.92403 0.926415 -0.00772699 -1.47455 -0.0573708 2.38311 -1.06163 
-1.924 0.926437 -0.00772243 -1.47455 -0.0573736 2.38311 -1.06163 
-1.92394 0.926466 -0.00772667 -1.47455 -0.0573723 2.38311 -1.06163 
-1.92387 0.92648 -0.00772669 -1.47455 -0.057371 2.38311 -1.06163 
-1.92384 0.926485 -0.00772624 -1.47456 -0.0573723 2.38311 -1.06163 
-1.92381 0.926527 -0.00772173 -1.47457 -0.0573696 2.38311 -1.06162 
-1.92378 0.926608 -0.00771971 -1.47457 -0.0573669 2.38311 -1.06163 
-1.9237 0.926739 -0.007725 -1.4746 -0.0573669 2.3831 -1.06163 
-1.92364 0.926963 -0.00772139 -1.47463 -0.0573705 2.3831 -1.06163 
-1.92358 0.927265 -0.00772352 -1.47471 -0.0573755 2.3831 -1.06163 
-1.92351 0.927613 -0.00773153 -1.4748 -0.0573787 2.3831 -1.06163 
-1.92344 0.927974 -0.00772986 -1.47492 -0.0573829 2.38311 -1.06163 
-1.9234 0.928308 -0.00773986 -1.47501 -0.0573835 2.38316 -1.06163 
-1.92337 0.928614 -0.00773261 -1.47513 -0.0573844 2.38348 -1.06163 
-1.9233 0.928868 -0.00772415 -1.47518 -0.0573892 2.38396 -1.06163 
-1.92317 0.929031 -0.00773157 -1.47517 -0.0573927 2.38426 -1.06163 
-1.923 0.929062 -0.00772944 -1.47517 -0.057393 2.38436 -1.06163 
-1.92283 0.929043 -0.00772777 -1.47516 -0.0573953 2.38442 -1.06163 
-1.92265 0.929014 -0.00773765 -1.47513 -0.0573979 2.38449 -1.06163 
-1.9225 0.929003 -0.00773264 -1.47512 -0.0573979 2.38466 -1.06163 
-1.92239 0.928989 -0.00772734 -1.47509 -0.0573966 2.38486 -1.06163 
-1.92227 0.928982 -0.00772081 -1.47506 -0.0573935 2.38501 -1.06163 
-1.92213 0.928984 -0.00771552 -1.47495 -0.0573905 2.38507 -1.06163 
-1.92197 0.92896 -0.00772096 -1.4749 -0.0573944 2.3851 -1.06163 
-1.92181 0.928936 -0.00772606 -1.47484 -0.0573983 2.38516 -1.06162 
-1.92167 0.928911 -0.0077148 -1.47478 -0.0573951 2.38521 -1.06162 
-1.92151 0.928859 -0.00772141 -1.47476 -0.0573976 2.38522 -1.06161 
-1.92135 0.928815 -0.00774154 -1.47477 -0.0573982 2.38522 -1.06158 
-1.92126 0.928758 -0.00774895 -1.47478 -0.0573963 2.38521 -1.06157 
-1.92126 0.928748 -0.0077571 -1.47479 -0.0573891 2.38521 -1.06151 
-1.9213 0.928751 -0.00776179 -1.4748 -0.0573819 2.38521 -1.06111 
-1.92129 0.928744 -0.00775335 -1.4748 -0.0573832 2.38521 -1.0611 
-1.92123 0.928738 -0.00774942 -1.4748 -0.0573851 2.3852 -1.06109 
-1.9212 0.928721 -0.0077466 -1.47481 -0.057387 2.3852 -1.06108 
-1.92113 0.928699 -0.00774168 -1.47482 -0.0573906 2.3852 -1.06108 
-1.92104 0.928675 -0.0077571 -1.47483 -0.0573919 2.3852 -1.06107 
-1.921 0.92865 -0.00774972 -1.47484 -0.0573921 2.38519 -1.06107 
-1.9209 0.92859 -0.00774166 -1.47488 -0.0573982 2.38519 -1.06106 
-1.92071 0.928443 -0.00776018 -1.47503 -0.0574033 2.38519 -1.06104 
-1.92054 0.928246 -0.00776863 -1.47521 -0.057407 2.38519 -1.061 
-1.92041 0.928063 -0.00780346 -1.47542 -0.0574088 2.38519 -1.06091 
-1.92028 0.927967 -0.00790085 -1.47553 -0.057407 2.38519 -1.06085 
-1.92019 0.92793 -0.00792842 -1.47555 -0.0574088 2.38519 -1.06083 
-1.92012 0.927908 -0.00795497 -1.47556 -0.0574088 2.38519 -1.06082 
-1.9201 0.927891 -0.00797122 -1.47556 -0.0574062 2.38519 -1.0608 
-1.92009 0.92788 -0.00797263 -1.47557 -0.0574021 2.38519 -1.0608 
-1.92009 0.927874 -0.00796745 -1.47558 -0.0573995 2.38519 -1.06078 
-1.92006 0.927859 -0.00796507 -1.47558 -0.0574014 2.38519 -1.06078 
-1.92001 0.927838 -0.0079724 -1.47558 -0.0574037 2.38519 -1.06077 
-1.91998 0.927838 -0.00797594 -1.47558 -0.0574001 2.38519 -1.06076 
-1.91999 0.927831 -0.00798374 -1.47559 -0.0573982 2.38519 -1.06075 
-1.91999 0.927826 -0.00798555 -1.47559 -0.0573982 2.38518 -1.06075 
-1.91997 0.927818 -0.00798024 -1.47558 -0.0573988 2.38519 -1.06074 
-1.91998 0.927822 -0.00798728 -1.47559 -0.0573924 2.38519 -1.06074 
-1.91998 0.92782 -0.00798266 -1.47559 -0.057396 2.38519 -1.06074 
-1.91996 0.927814 -0.00797662 -1.47558 -0.0573942 2.38518 -1.06074 
-1.91994 0.927815 -0.00798996 -1.47558 -0.0573921 2.38518 -1.06074 
-1.91997 0.927811 -0.00799359 -1.47558 -0.0573903 2.38518 -1.06074 
-1.91995 0.927811 -0.00798664 -1.47558 -0.0573905 2.38519 -1.06073 
-1.91995 0.927813 -0.0079883 -1.47558 -0.0573886 2.38519 -1.06073 
-1.91998 0.927814 -0.00800193 -1.47558 -0.0573809 2.38519 -1.06073 
-1.92001 0.927814 -0.00800462 -1.47558 -0.0573795 2.38519 -1.06073 
-1.92001 0.927818 -0.00800108 -1.47558 -0.0573761 2.38519 -1.06073 
-1.92001 0.927814 -0.00800953 -1.47557 -0.0573735 2.38519 -1.06073 
-1.92005 0.927818 -0.00801706 -1.47558 -0.0573675 2.38519 -1.06072 
-1.92007 0.927821 -0.0080122 -1.47557 -0.0573701 2.3852 -1.06073 
-1.92004 0.927822 -0.00801045 -1.47557 -0.0573701 2.38519 -1.06073 
-1.92007 0.927828 -0.00802323 -1.47557 -0.0573662 2.38519 -1.06072 
-1.92012 0.927826 -0.00801706 -1.47558 -0.0573601 2.38519 -1.06073 
-1.92012 0.927828 -0.00801266 -1.47557 -0.057362 2.3852 -1.06073 
-1.92011 0.927826 -0.00801387 -1.47557 -0.0573569 2.3852 -1.06073 
-1.92014 0.92783 -0.0080243 -1.47558 -0.0573528 2.3852 -1.06073 
-1.92019 0.927836 -0.00801348 -1.47557 -0.0573505 2.3852 -1.06073 
-1.92018 0.927835 -0.00800858 -1.47557 -0.0573505 2.3852 -1.06073 
-1.92018 0.927836 -0.0080122 -1.47557 -0.0573493 2.3852 -1.06072 
-1.92021 0.927846 -0.00801605 -1.47557 -0.057342 2.3852 -1.06073 
-1.92022 0.927846 -0.00801433 -1.47557 -0.0573422 2.3852 -1.06072 
-1.92023 0.927839 -0.00801387 -1.47557 -0.0573415 2.3852 -1.06072 
-1.92023 0.927845 -0.00801387 -1.47557 -0.0573379 2.3852 -1.06072 
-1.92026 0.927853 -0.00801998 -1.47557 -0.0573352 2.3852 -1.06073 
-1.92032 0.927854 -0.00800524 -1.47557 -0.0573317 2.3852 -1.06073 
-1.92032 0.92786 -0.00799691 -1.47557 -0.0573324 2.3852 -1.06072 
-1.9203 0.927857 -0.00799733 -1.47557 -0.057331 2.3852 -1.06073 
-1.92033 0.927863 -0.00800747 -1.47557 -0.0573243 2.3852 -1.06073 
-1.92036 0.92786 -0.00799682 -1.47558 -0.0573225 2.3852 -1.06073 
-1.92033 0.927856 -0.00799565 -1.47558 -0.0573276 2.3852 -1.06072 
-1.92033 0.92786 -0.00799732 -1.47558 -0.0573218 2.3852 -1.06072 
-1.92037 0.927865 -0.00800192 -1.47557 -0.057321 2.3852 -1.06073 
-1.92039 0.927864 -0.00799203 -1.47557 -0.0573202 2.3852 -1.06073 
-1.92037 0.927862 -0.00799062 -1.47557 -0.0573215 2.3852 -1.06072 
-1.92038 0.927864 -0.00799898 -1.47557 -0.0573221 2.3852 -1.06073 
-1.92041 0.927866 -0.00800094 -1.47558 -0.0573195 2.3852 -1.06073 
-1.9204 0.927868 -0.00799469 -1.47557 -0.0573215 2.3852 -1.06073 
-1.92039 0.927865 -0.00799245 -1.47557 -0.0573221 2.3852 -1.06073 
-1.9204 0.927863 -0.0079958 -1.47558 -0.0573189 2.3852 -1.06073 
-1.92042 0.927869 -0.00799563 -1.47557 -0.0573183 2.3852 -1.06072 
-1.92041 0.927864 -0.00798884 -1.47557 -0.0573215 2.3852 -1.06073 
-1.92039 0.927854 -0.00798565 -1.47558 -0.057324 2.3852 -1.06073 
-1.92039 0.927842 -0.00797971 -1.47557 -0.057326 2.3852 -1.06073 
-1.92041 0.927851 -0.007981 -1.47558 -0.0573195 2.3852 -1.06073 
-1.92045 0.927845 -0.0079894 -1.47557 -0.0573172 2.3852 -1.06073 
-1.92045 0.927821 -0.00797427 -1.47557 -0.0573209 2.38521 -1.06073 
-1.92044 0.92776 -0.0079931 -1.47552 -0.0573278 2.38522 -1.06073 
-1.92049 0.927571 -0.00800987 -1.47547 -0.0573295 2.38522 -1.06074 
-1.92049 0.927377 -0.00801319 -1.47547 -0.0573339 2.38521 -1.06075 
-1.92048 0.927284 -0.00802693 -1.47543 -0.0573339 2.38521 -1.06075 
-1.9205 0.92719 -0.00802863 -1.47545 -0.0573358 2.38521 -1.06075 
-1.9205 0.927191 -0.00803297 -1.47545 -0.0573369 2.38521 -1.06075 
-1.9205 0.927179 -0.00803545 -1.47545 -0.0573346 2.38521 -1.06075 
-1.92051 0.927122 -0.0080412 -1.47542 -0.0573367 2.38522 -1.06075 
-1.92052 0.926975 -0.00804393 -1.47539 -0.0573339 2.38521 -1.06075 
-1.9205 0.926789 -0.00804272 -1.47537 -0.0573355 2.38521 -1.06075 
-1.9205 0.926668 -0.00804823 -1.47529 -0.0573435 2.3852 -1.06076 
-1.92053 0.926548 -0.0080755 -1.47526 -0.0573403 2.3852 -1.06076 
-1.92055 0.926503 -0.00809079 -1.47524 -0.0573397 2.3852 -1.06076 
-1.92055 0.926513 -0.00810355 -1.47525 -0.0573383 2.3852 -1.06075 
-1.92057 0.926518 -0.00811509 -1.47525 -0.0573377 2.38521 -1.06075 
-1.92058 0.926514 -0.00811786 -1.47525 -0.0573391 2.38521 -1.06075 
-1.92058 0.926516 -0.00812802 -1.47525 -0.0573397 2.38521 -1.06075 
-1.92059 0.926516 -0.00813316 -1.47525 -0.0573377 2.38521 -1.06075 
-1.9206 0.926522 -0.00813512 -1.47525 -0.0573377 2.38521 -1.06075 
-1.92061 0.926525 -0.0081425 -1.47525 -0.0573364 2.38521 -1.06076 
-1.92061 0.926527 -0.00814275 -1.47525 -0.0573387 2.38521 -1.06076 
-1.92061 0.926529 -0.00814594 -1.47525 -0.0573377 2.38521 -1.06075 
-1.92062 0.92653 -0.00815177 -1.47525 -0.0573377 2.38521 -1.06076 
-1.92061 0.926525 -0.00814552 -1.47525 -0.0573377 2.38521 -1.06076 
-1.92061 0.926532 -0.00814925 -1.47525 -0.0573371 2.38521 -1.06076 
-1.92061 0.92653 -0.00815233 -1.47525 -0.0573383 2.38521 -1.06076 
-1.92061 0.926529 -0.00815039 -1.47525 -0.0573401 2.38521 -1.06076 
-1.92061 0.926527 -0.00814872 -1.47525 -0.0573394 2.38521 -1.06076 
-1.92061 0.926529 -0.00815234 -1.47525 -0.057341 2.38521 -1.06076 
-1.92061 0.926527 -0.00815039 -1.47525 -0.0573391 2.38521 -1.06076 
-1.9206 0.926527 -0.00814705 -1.47525 -0.0573383 2.38521 -1.06076 
-1.9206 0.926527 -0.00814705 -1.47525 -0.0573403 2.38521 -1.06076 
-1.92061 0.926523 -0.00814705 -1.47525 -0.0573391 2.38521 -1.06076 
-1.9206 0.926525 -0.00815039 -1.47525 -0.0573406 2.38521 -1.06076 
-1.9206 0.926527 -0.00814705 -1.47525 -0.0573403 2.38521 -1.06075 
-1.9206 0.926523 -0.00814176 -1.47525 -0.057341 2.38521 -1.06076 
-1.92059 0.926527 -0.0081451 -1.47525 -0.0573429 2.38521 -1.06076 
-1.9206 0.926523 -0.00814176 -1.47525 -0.0573391 2.38521 -1.06076 
-1.92059 0.926523 -0.00814176 -1.47525 -0.0573397 2.38521 -1.06075 
-1.92059 0.926527 -0.0081451 -1.47525 -0.0573387 2.38521 -1.06076 
-1.9206 0.926523 -0.00814705 -1.47525 -0.0573383 2.38521 -1.06076 
-1.9206 0.926523 -0.00814343 -1.47525 -0.0573397 2.38521 -1.06076 
-1.9206 0.926521 -0.0081451 -1.47525 -0.0573426 2.38521 -1.06075 
-1.9206 0.926519 -0.00814343 -1.47525 -0.0573423 2.38521 -1.06076 
-1.9206 0.92652 -0.00814705 -1.47525 -0.0573392 2.38521 -1.06076 
-1.9206 0.926513 -0.00814518 -1.47524 -0.0573402 2.38522 -1.06076 
-1.9206 0.926512 -0.0081451 -1.47524 -0.0573391 2.38522 -1.06076 
-1.9206 0.926513 -0.00814872 -1.47524 -0.05734 2.38522 -1.06076 
-1.9206 0.926514 -0.0081488 -1.47524 -0.0573397 2.38522 -1.06075 
-1.92061 0.926516 -0.00814872 -1.47524 -0.0573394 2.38522 -1.06076 
-1.9206 0.926515 -0.00815234 -1.47524 -0.0573442 2.38521 -1.06076 
-1.92061 0.926516 -0.00814873 -1.47524 -0.0573397 2.38522 -1.06076 
