2019-09-25 16:57:35 -1.80589 -0.156112 -0.271552 -1.82242 -0.053668 1.72852 -1.25239 
2019-09-25 16:57:35 -1.80588 -0.156097 -0.271546 -1.82243 -0.0536663 1.72852 -1.25239 
2019-09-25 16:57:35 -1.80588 -0.156112 -0.271548 -1.82242 -0.0536693 1.72852 -1.25239 
2019-09-25 16:57:35 -1.80588 -0.156112 -0.271552 -1.82242 -0.0536679 1.72852 -1.25239 
2019-09-25 16:57:35 -1.80588 -0.156108 -0.271548 -1.82242 -0.0536685 1.72852 -1.25239 
2019-09-25 16:57:35 -1.80588 -0.15611 -0.271546 -1.82242 -0.0536648 1.72852 -1.25238 
2019-09-25 16:57:35 -1.80588 -0.15611 -0.271549 -1.82242 -0.0536686 1.72852 -1.25238 
2019-09-25 16:57:35 -1.80588 -0.156112 -0.271552 -1.82242 -0.053665 1.72852 -1.25239 
2019-09-25 16:57:35 -1.80588 -0.156106 -0.27155 -1.82242 -0.0536693 1.72852 -1.25239 
2019-09-25 16:57:35 -1.80588 -0.156112 -0.271546 -1.82242 -0.0536668 1.72852 -1.25239 
2019-09-25 16:57:36 -1.80588 -0.15611 -0.271548 -1.82242 -0.0536667 1.72852 -1.25239 
2019-09-25 16:57:36 -1.80588 -0.15611 -0.27155 -1.82242 -0.0536642 1.72852 -1.25238 
2019-09-25 16:57:36 -1.80589 -0.15611 -0.271562 -1.82243 -0.0536686 1.72851 -1.25238 
2019-09-25 16:57:36 -1.80589 -0.156104 -0.271557 -1.82242 -0.0536637 1.72852 -1.25239 
2019-09-25 16:57:36 -1.80588 -0.1561 -0.27155 -1.82243 -0.0536682 1.72851 -1.25239 
2019-09-25 16:57:36 -1.80588 -0.156105 -0.271552 -1.82243 -0.0536679 1.72852 -1.25238 
2019-09-25 16:57:36 -1.80587 -0.156106 -0.27154 -1.82243 -0.0536644 1.72852 -1.25239 
2019-09-25 16:57:36 -1.80589 -0.156087 -0.271554 -1.82244 -0.0536681 1.72852 -1.25239 
2019-09-25 16:57:36 -1.80588 -0.156082 -0.271554 -1.82245 -0.0536654 1.72851 -1.25238 
2019-09-25 16:57:36 -1.80591 -0.156116 -0.271572 -1.82242 -0.0536669 1.72852 -1.25239 
2019-09-25 16:57:36 -1.80591 -0.156105 -0.271583 -1.82241 -0.0536665 1.72853 -1.25239 
2019-09-25 16:57:36 -1.80594 -0.156115 -0.271605 -1.82238 -0.0536682 1.72854 -1.25239 
2019-09-25 16:57:36 -1.80596 -0.156062 -0.271626 -1.82241 -0.0536673 1.72852 -1.25239 
2019-09-25 16:57:36 -1.80596 -0.156055 -0.271626 -1.82242 -0.053671 1.72852 -1.25238 
2019-09-25 16:57:36 -1.806 -0.156107 -0.271661 -1.82237 -0.0536679 1.72853 -1.25239 
2019-09-25 16:57:36 -1.80594 -0.155974 -0.271607 -1.82243 -0.05367 1.72852 -1.25239 
2019-09-25 16:57:36 -1.80557 -0.155742 -0.271532 -1.82189 -0.0536636 1.72884 -1.2524 
2019-09-25 16:57:36 -1.80482 -0.155136 -0.271495 -1.81895 -0.0536506 1.72901 -1.2524 
2019-09-25 16:57:37 -1.80269 -0.153623 -0.270956 -1.81562 -0.0536421 1.729 -1.2524 
2019-09-25 16:57:37 -1.79876 -0.151335 -0.269994 -1.81425 -0.053638 1.729 -1.25238 
2019-09-25 16:57:37 -1.79254 -0.147063 -0.268871 -1.81457 -0.0536331 1.72957 -1.25234 
2019-09-25 16:57:37 -1.78497 -0.140162 -0.267904 -1.81485 -0.0535852 1.73378 -1.25135 
2019-09-25 16:57:37 -1.7764 -0.130703 -0.266918 -1.81486 -0.0534197 1.74303 -1.24598 
2019-09-25 16:57:37 -1.76696 -0.118271 -0.265309 -1.81489 -0.0525601 1.75388 -1.23652 
2019-09-25 16:57:37 -1.75585 -0.102409 -0.264469 -1.81477 -0.0502905 1.77004 -1.22236 
2019-09-25 16:57:37 -1.74434 -0.0837799 -0.263359 -1.81491 -0.047072 1.78824 -1.2027 
2019-09-25 16:57:37 -1.73218 -0.0629717 -0.261636 -1.81488 -0.0433209 1.80749 -1.18291 
2019-09-25 16:57:37 -1.7201 -0.0406104 -0.259753 -1.81486 -0.038634 1.82968 -1.16001 
2019-09-25 16:57:37 -1.70823 -0.0155166 -0.257676 -1.81422 -0.0331228 1.8537 -1.13403 
2019-09-25 16:57:37 -1.6968 0.0117052 -0.256308 -1.81374 -0.0267169 1.87973 -1.10477 
2019-09-25 16:57:37 -1.68558 0.0410115 -0.254233 -1.81342 -0.0189657 1.90686 -1.07098 
2019-09-25 16:57:37 -1.67416 0.0722202 -0.25184 -1.81285 -0.0108103 1.93549 -1.03528 
2019-09-25 16:57:37 -1.66243 0.104769 -0.248108 -1.81191 -0.00338942 1.96632 -1.00333 
2019-09-25 16:57:37 -1.64919 0.139214 -0.244504 -1.80901 0.00399441 1.99773 -0.97451 
2019-09-25 16:57:37 -1.63468 0.176295 -0.240376 -1.80269 0.0120094 2.02729 -0.953436 
2019-09-25 16:57:38 -1.62006 0.21405 -0.236466 -1.79139 0.0197832 2.05359 -0.939819 
2019-09-25 16:57:38 -1.60503 0.25376 -0.231613 -1.77561 0.0277091 2.07613 -0.935589 
2019-09-25 16:57:38 -1.59048 0.294693 -0.227762 -1.75446 0.0351874 2.09481 -0.935591 
2019-09-25 16:57:38 -1.57693 0.335989 -0.224377 -1.73109 0.0418178 2.10927 -0.935589 
2019-09-25 16:57:38 -1.56587 0.37614 -0.222168 -1.70639 0.0487773 2.12172 -0.935603 
2019-09-25 16:57:38 -1.55703 0.417128 -0.220866 -1.68258 0.0556662 2.13584 -0.935639 
2019-09-25 16:57:38 -1.55183 0.455115 -0.220728 -1.66174 0.0629164 2.15058 -0.935882 
2019-09-25 16:57:38 -1.55074 0.492856 -0.220593 -1.64373 0.0711722 2.16682 -0.936712 
2019-09-25 16:57:38 -1.55249 0.527245 -0.221387 -1.62958 0.0783533 2.18631 -0.940147 
2019-09-25 16:57:38 -1.55698 0.559807 -0.22403 -1.61912 0.0868074 2.20652 -0.945725 
2019-09-25 16:57:38 -1.56484 0.589299 -0.227293 -1.61333 0.0955596 2.22791 -0.953899 
2019-09-25 16:57:38 -1.5765 0.616079 -0.22955 -1.61144 0.105074 2.25112 -0.964033 
2019-09-25 16:57:38 -1.59111 0.63971 -0.229835 -1.61099 0.11187 2.27401 -0.970695 
2019-09-25 16:57:38 -1.6073 0.660106 -0.2296 -1.61059 0.114964 2.29359 -0.981396 
2019-09-25 16:57:38 -1.62443 0.677268 -0.228898 -1.61042 0.118946 2.30935 -0.98642 
2019-09-25 16:57:38 -1.64147 0.690251 -0.22748 -1.60907 0.120166 2.32102 -0.994274 
2019-09-25 16:57:38 -1.65783 0.700989 -0.225656 -1.60814 0.120891 2.33183 -1.00931 
2019-09-25 16:57:38 -1.67375 0.709037 -0.22384 -1.60761 0.121144 2.33882 -1.03565 
2019-09-25 16:57:39 -1.6885 0.71652 -0.221005 -1.60666 0.121341 2.34548 -1.07298 
2019-09-25 16:57:39 -1.70268 0.724859 -0.217978 -1.60586 0.122232 2.35348 -1.11521 
2019-09-25 16:57:39 -1.71474 0.733204 -0.214203 -1.60495 0.12474 2.36075 -1.15156 
2019-09-25 16:57:39 -1.72484 0.742882 -0.210683 -1.60447 0.127792 2.37019 -1.18092 
2019-09-25 16:57:39 -1.73287 0.754542 -0.206425 -1.60449 0.12981 2.38034 -1.20644 
2019-09-25 16:57:39 -1.73961 0.766622 -0.201976 -1.60432 0.130891 2.39343 -1.2349 
2019-09-25 16:57:39 -1.74513 0.779912 -0.198033 -1.60399 0.132725 2.40801 -1.26012 
2019-09-25 16:57:39 -1.74931 0.793034 -0.195616 -1.60199 0.138184 2.42186 -1.26992 
2019-09-25 16:57:39 -1.75146 0.806107 -0.195298 -1.59823 0.149567 2.43174 -1.26967 
2019-09-25 16:57:39 -1.75193 0.817976 -0.19566 -1.59195 0.163679 2.43692 -1.26012 
2019-09-25 16:57:39 -1.75193 0.8311 -0.196412 -1.58283 0.174612 2.44067 -1.23462 
2019-09-25 16:57:39 -1.75213 0.843341 -0.197026 -1.57112 0.178848 2.44361 -1.20003 
2019-09-25 16:57:39 -1.7529 0.855278 -0.197182 -1.55854 0.179003 2.44368 -1.17667 
2019-09-25 16:57:39 -1.75332 0.865722 -0.197443 -1.54692 0.178938 2.44367 -1.17692 
2019-09-25 16:57:39 -1.75356 0.873855 -0.197682 -1.53846 0.178841 2.44367 -1.19142 
2019-09-25 16:57:39 -1.75355 0.879488 -0.197655 -1.53498 0.17884 2.44366 -1.22062 
2019-09-25 16:57:39 -1.75358 0.882522 -0.197628 -1.53485 0.17885 2.44366 -1.24455 
2019-09-25 16:57:40 -1.754 0.884054 -0.197633 -1.53488 0.178864 2.44367 -1.25191 
2019-09-25 16:57:40 -1.75467 0.884611 -0.197635 -1.53494 0.178864 2.44367 -1.25206 
2019-09-25 16:57:40 -1.75586 0.885158 -0.197637 -1.53497 0.178866 2.44368 -1.25207 
2019-09-25 16:57:40 -1.7575 0.886328 -0.197653 -1.53498 0.178862 2.44388 -1.25207 
2019-09-25 16:57:40 -1.75904 0.888572 -0.197643 -1.53497 0.178862 2.44612 -1.25206 
2019-09-25 16:57:40 -1.76033 0.89168 -0.197518 -1.53495 0.178864 2.44923 -1.25209 
2019-09-25 16:57:40 -1.76125 0.895061 -0.197063 -1.53478 0.178915 2.4529 -1.25214 
2019-09-25 16:57:40 -1.76152 0.897799 -0.196121 -1.53475 0.179071 2.45589 -1.25211 
2019-09-25 16:57:40 -1.76139 0.899431 -0.194696 -1.53472 0.180027 2.45761 -1.25014 
2019-09-25 16:57:40 -1.76129 0.90032 -0.194432 -1.53464 0.183475 2.45857 -1.23852 
2019-09-25 16:57:40 -1.76143 0.900528 -0.194729 -1.53465 0.185549 2.45859 -1.22528 
2019-09-25 16:57:40 -1.76149 0.900542 -0.194736 -1.53465 0.18573 2.4586 -1.2166 
2019-09-25 16:57:40 -1.76149 0.900607 -0.194754 -1.53466 0.185702 2.4586 -1.21661 
2019-09-25 16:57:40 -1.76147 0.900641 -0.194795 -1.53465 0.185641 2.4586 -1.22189 
2019-09-25 16:57:40 -1.76145 0.900632 -0.195053 -1.53454 0.185626 2.4586 -1.23466 
2019-09-25 16:57:40 -1.76148 0.900633 -0.195556 -1.53424 0.185626 2.45861 -1.24449 
2019-09-25 16:57:40 -1.76155 0.900626 -0.195802 -1.53368 0.185629 2.45861 -1.24728 
2019-09-25 16:57:40 -1.76162 0.900652 -0.195846 -1.5333 0.185659 2.45861 -1.24725 
2019-09-25 16:57:41 -1.76186 0.900696 -0.19585 -1.53326 0.185784 2.45861 -1.24532 
2019-09-25 16:57:41 -1.76227 0.901018 -0.195835 -1.53326 0.186247 2.45861 -1.23459 
2019-09-25 16:57:41 -1.76253 0.901532 -0.195803 -1.5332 0.186552 2.45861 -1.22206 
2019-09-25 16:57:41 -1.76251 0.902022 -0.195624 -1.53285 0.186587 2.45861 -1.21347 
2019-09-25 16:57:41 -1.76247 0.902801 -0.195455 -1.53175 0.186584 2.45861 -1.21283 
2019-09-25 16:57:41 -1.76237 0.904492 -0.195368 -1.52938 0.186534 2.45862 -1.21448 
2019-09-25 16:57:41 -1.76234 0.90676 -0.195373 -1.52643 0.186503 2.45862 -1.22485 
2019-09-25 16:57:41 -1.76232 0.90931 -0.195375 -1.52358 0.1865 2.45861 -1.23906 
2019-09-25 16:57:41 -1.76242 0.911549 -0.19543 -1.52207 0.186498 2.45862 -1.25122 
2019-09-25 16:57:41 -1.76255 0.91342 -0.195488 -1.52186 0.1865 2.45861 -1.26209 
2019-09-25 16:57:41 -1.76272 0.915232 -0.195491 -1.52167 0.186503 2.45863 -1.2679 
2019-09-25 16:57:41 -1.7628 0.916828 -0.195498 -1.52088 0.186503 2.45937 -1.26913 
2019-09-25 16:57:41 -1.76314 0.918318 -0.195524 -1.51887 0.186503 2.45974 -1.26914 
2019-09-25 16:57:41 -1.7639 0.919704 -0.19552 -1.51572 0.186505 2.45975 -1.26914 
2019-09-25 16:57:41 -1.76506 0.92171 -0.195541 -1.51182 0.186504 2.45975 -1.2693 
2019-09-25 16:57:41 -1.76631 0.923752 -0.195536 -1.50948 0.186504 2.45974 -1.27284 
2019-09-25 16:57:41 -1.76701 0.924632 -0.195466 -1.50862 0.186507 2.45975 -1.27942 
2019-09-25 16:57:42 -1.76714 0.924709 -0.195485 -1.50837 0.186508 2.45974 -1.28245 
2019-09-25 16:57:42 -1.76743 0.92477 -0.195475 -1.50838 0.186509 2.45974 -1.28435 
2019-09-25 16:57:42 -1.76743 0.924764 -0.195463 -1.50843 0.186509 2.45974 -1.28552 
2019-09-25 16:57:42 -1.76741 0.924721 -0.195396 -1.50846 0.186509 2.45973 -1.28563 
2019-09-25 16:57:42 -1.76741 0.924646 -0.195391 -1.5085 0.186509 2.45973 -1.28563 
2019-09-25 16:57:42 -1.76736 0.924539 -0.195222 -1.5087 0.186509 2.45972 -1.28563 
2019-09-25 16:57:42 -1.76733 0.924277 -0.195101 -1.509 0.186511 2.4597 -1.28563 
2019-09-25 16:57:42 -1.76723 0.923603 -0.194979 -1.50956 0.186511 2.45968 -1.28564 
2019-09-25 16:57:42 -1.76725 0.922539 -0.195008 -1.50977 0.186515 2.45962 -1.28564 
2019-09-25 16:57:42 -1.76734 0.921204 -0.195283 -1.50979 0.186516 2.4591 -1.28564 
2019-09-25 16:57:42 -1.76756 0.919851 -0.195396 -1.50994 0.186516 2.45763 -1.28564 
2019-09-25 16:57:42 -1.76753 0.919046 -0.195345 -1.51084 0.186518 2.45728 -1.28564 
2019-09-25 16:57:42 -1.76748 0.919088 -0.195047 -1.5116 0.186518 2.45728 -1.28564 
2019-09-25 16:57:42 -1.76737 0.919106 -0.194729 -1.51255 0.186521 2.45731 -1.28564 
2019-09-25 16:57:42 -1.76735 0.919126 -0.194641 -1.51324 0.186517 2.45733 -1.28564 
2019-09-25 16:57:42 -1.76745 0.919143 -0.194674 -1.51331 0.186531 2.45761 -1.28563 
2019-09-25 16:57:42 -1.7676 0.919155 -0.194691 -1.51324 0.186545 2.45782 -1.28562 
2019-09-25 16:57:43 -1.76803 0.919287 -0.194703 -1.51323 0.186562 2.45793 -1.28559 
2019-09-25 16:57:43 -1.76866 0.919825 -0.194699 -1.51323 0.186583 2.45807 -1.28553 
2019-09-25 16:57:43 -1.76933 0.920688 -0.194688 -1.51316 0.186635 2.45847 -1.28442 
2019-09-25 16:57:43 -1.76966 0.921541 -0.194677 -1.51311 0.186704 2.4588 -1.2838 
2019-09-25 16:57:43 -1.76965 0.921917 -0.194612 -1.51306 0.18678 2.45892 -1.28349 
2019-09-25 16:57:43 -1.76963 0.92189 -0.194239 -1.5128 0.186867 2.45893 -1.28339 
2019-09-25 16:57:43 -1.76959 0.921891 -0.193444 -1.51231 0.186909 2.45894 -1.28301 
2019-09-25 16:57:43 -1.76956 0.921923 -0.192848 -1.51225 0.186925 2.45893 -1.28297 
2019-09-25 16:57:43 -1.76955 0.921938 -0.192463 -1.51227 0.186935 2.45893 -1.28294 
2019-09-25 16:57:43 -1.76955 0.921972 -0.192329 -1.5123 0.186935 2.45892 -1.28294 
2019-09-25 16:57:43 -1.76955 0.921956 -0.192309 -1.5123 0.186934 2.45892 -1.28295 
2019-09-25 16:57:43 -1.76962 0.921955 -0.192353 -1.51243 0.186932 2.45892 -1.28294 
2019-09-25 16:57:43 -1.76984 0.921976 -0.192418 -1.51282 0.186926 2.45891 -1.28298 
2019-09-25 16:57:43 -1.76992 0.921939 -0.192542 -1.51294 0.18692 2.45891 -1.28302 
2019-09-25 16:57:43 -1.76993 0.921943 -0.192553 -1.51293 0.186911 2.4589 -1.28352 
2019-09-25 16:57:43 -1.76991 0.921903 -0.192538 -1.51293 0.186913 2.45891 -1.28361 
2019-09-25 16:57:43 -1.76991 0.92192 -0.192538 -1.51298 0.186901 2.4589 -1.28365 
2019-09-25 16:57:43 -1.76993 0.921909 -0.192565 -1.51306 0.186894 2.4589 -1.28377 
2019-09-25 16:57:44 -1.76995 0.921932 -0.192727 -1.51307 0.186894 2.4589 -1.28399 
2019-09-25 16:57:44 -1.76997 0.921923 -0.192757 -1.51314 0.186894 2.45889 -1.28399 
2019-09-25 16:57:44 -1.76995 0.921903 -0.192762 -1.51315 0.186901 2.4589 -1.28398 
2019-09-25 16:57:44 -1.76996 0.921884 -0.192758 -1.51315 0.186934 2.4589 -1.28369 
2019-09-25 16:57:44 -1.76995 0.921885 -0.192742 -1.51314 0.186979 2.4589 -1.2821 
2019-09-25 16:57:44 -1.76999 0.921898 -0.192768 -1.51314 0.187035 2.45891 -1.27823 
2019-09-25 16:57:44 -1.7701 0.92189 -0.19277 -1.51314 0.187068 2.45891 -1.27682 
2019-09-25 16:57:44 -1.77014 0.921887 -0.192775 -1.51314 0.187094 2.4589 -1.27674 
2019-09-25 16:57:44 -1.77019 0.921894 -0.192783 -1.51315 0.187146 2.4589 -1.27631 
2019-09-25 16:57:44 -1.77025 0.921904 -0.192897 -1.51317 0.187134 2.45889 -1.27635 
2019-09-25 16:57:44 -1.77026 0.921885 -0.193111 -1.51331 0.187077 2.45887 -1.27811 
2019-09-25 16:57:44 -1.77022 0.921844 -0.193118 -1.51336 0.18707 2.45886 -1.28532 
2019-09-25 16:57:44 -1.77019 0.921807 -0.193131 -1.51335 0.18707 2.45887 -1.28895 
2019-09-25 16:57:44 -1.77019 0.921793 -0.193119 -1.51335 0.18708 2.45887 -1.28909 
2019-09-25 16:57:44 -1.77019 0.921806 -0.193111 -1.51335 0.187117 2.45888 -1.28865 
2019-09-25 16:57:44 -1.77022 0.921814 -0.193109 -1.51336 0.187171 2.45887 -1.28385 
2019-09-25 16:57:44 -1.77019 0.921823 -0.193082 -1.51338 0.187196 2.45887 -1.2775 
2019-09-25 16:57:45 -1.7702 0.921832 -0.193093 -1.51338 0.187211 2.45888 -1.27457 
2019-09-25 16:57:45 -1.77022 0.921824 -0.193095 -1.51337 0.187242 2.45888 -1.27403 
2019-09-25 16:57:45 -1.7702 0.921837 -0.193091 -1.51337 0.187239 2.45888 -1.2739 
2019-09-25 16:57:45 -1.77013 0.921851 -0.193052 -1.51336 0.187229 2.45889 -1.27396 
2019-09-25 16:57:45 -1.76991 0.921943 -0.192533 -1.51336 0.187203 2.45889 -1.2748 
2019-09-25 16:57:45 -1.7696 0.922769 -0.192101 -1.51336 0.187184 2.45892 -1.27844 
2019-09-25 16:57:45 -1.76948 0.923601 -0.191886 -1.51335 0.187175 2.45997 -1.27981 
2019-09-25 16:57:45 -1.76994 0.923594 -0.191996 -1.51327 0.187192 2.45999 -1.27975 
2019-09-25 16:57:45 -1.77051 0.923739 -0.191972 -1.51335 0.18727 2.45997 -1.27853 
2019-09-25 16:57:45 -1.77068 0.924028 -0.191969 -1.51336 0.187428 2.45997 -1.27532 
2019-09-25 16:57:45 -1.77108 0.924536 -0.191975 -1.51335 0.187784 2.45998 -1.27119 
2019-09-25 16:57:45 -1.77135 0.925474 -0.191951 -1.51335 0.188276 2.45998 -1.26894 
2019-09-25 16:57:45 -1.77137 0.926653 -0.191928 -1.51335 0.18837 2.46012 -1.26896 
2019-09-25 16:57:45 -1.77136 0.927577 -0.191902 -1.51334 0.188368 2.46078 -1.26898 
2019-09-25 16:57:45 -1.77137 0.927714 -0.191861 -1.51332 0.18837 2.46105 -1.26902 
2019-09-25 16:57:45 -1.77143 0.927705 -0.191861 -1.51313 0.188407 2.46108 -1.26901 
2019-09-25 16:57:45 -1.77148 0.927735 -0.191838 -1.51311 0.188684 2.46108 -1.26898 
2019-09-25 16:57:45 -1.77155 0.928095 -0.191796 -1.5131 0.189173 2.46108 -1.26898 
2019-09-25 16:57:46 -1.77165 0.929185 -0.191773 -1.513 0.189712 2.46114 -1.26897 
2019-09-25 16:57:46 -1.77165 0.931305 -0.191702 -1.51246 0.190221 2.46234 -1.26898 
2019-09-25 16:57:46 -1.77164 0.933632 -0.191464 -1.51142 0.190353 2.46421 -1.26897 
2019-09-25 16:57:46 -1.77165 0.935911 -0.191307 -1.50978 0.190465 2.46544 -1.26898 
2019-09-25 16:57:46 -1.77167 0.937902 -0.191275 -1.50849 0.190705 2.46593 -1.26897 
2019-09-25 16:57:46 -1.77172 0.940712 -0.191223 -1.50719 0.191078 2.46738 -1.26898 
2019-09-25 16:57:46 -1.77176 0.944296 -0.190875 -1.5049 0.192184 2.46884 -1.26897 
2019-09-25 16:57:46 -1.7719 0.949198 -0.190761 -1.50081 0.1929 2.47009 -1.26897 
2019-09-25 16:57:46 -1.77224 0.954659 -0.190763 -1.49629 0.193592 2.47047 -1.26897 
2019-09-25 16:57:46 -1.77287 0.959017 -0.19055 -1.49375 0.194753 2.47099 -1.26897 
2019-09-25 16:57:46 -1.77305 0.961964 -0.19024 -1.49237 0.196334 2.47235 -1.26897 
2019-09-25 16:57:46 -1.77306 0.963834 -0.190101 -1.49177 0.197221 2.4732 -1.26898 
2019-09-25 16:57:46 -1.77339 0.965548 -0.189997 -1.49131 0.198013 2.47449 -1.26897 
2019-09-25 16:57:46 -1.77362 0.967601 -0.189875 -1.49078 0.198923 2.47597 -1.26898 
2019-09-25 16:57:46 -1.77383 0.970268 -0.189796 -1.48995 0.199994 2.47764 -1.26897 
2019-09-25 16:57:46 -1.77401 0.973454 -0.18975 -1.48883 0.200842 2.47959 -1.26897 
2019-09-25 16:57:46 -1.77423 0.977039 -0.189596 -1.48743 0.201637 2.483 -1.26897 
2019-09-25 16:57:47 -1.77475 0.978313 -0.189405 -1.48572 0.20203 2.48527 -1.26897 
2019-09-25 16:57:47 -1.77493 0.978421 -0.189124 -1.4857 0.202229 2.48527 -1.26897 
2019-09-25 16:57:47 -1.77496 0.978525 -0.189057 -1.48569 0.202338 2.48527 -1.26897 
2019-09-25 16:57:47 -1.77497 0.978629 -0.18899 -1.48569 0.202352 2.48526 -1.26897 
2019-09-25 16:57:47 -1.77505 0.978691 -0.188985 -1.48572 0.202398 2.48523 -1.26897 
2019-09-25 16:57:47 -1.77541 0.978727 -0.188818 -1.48574 0.202761 2.4852 -1.26891 
2019-09-25 16:57:47 -1.77559 0.978761 -0.188683 -1.48574 0.203257 2.4852 -1.26685 
2019-09-25 16:57:47 -1.77597 0.978799 -0.188681 -1.48585 0.203599 2.48507 -1.2557 
2019-09-25 16:57:47 -1.77634 0.978794 -0.188665 -1.48586 0.203648 2.48453 -1.24804 
2019-09-25 16:57:47 -1.77643 0.978784 -0.188665 -1.48587 0.203677 2.48404 -1.24213 
2019-09-25 16:57:47 -1.77677 0.978729 -0.18865 -1.48586 0.203708 2.48348 -1.23488 
2019-09-25 16:57:47 -1.77689 0.978675 -0.188665 -1.48586 0.203722 2.48288 -1.2274 
2019-09-25 16:57:47 -1.77729 0.978603 -0.188657 -1.48587 0.203748 2.48217 -1.21615 
2019-09-25 16:57:47 -1.77774 0.978537 -0.188645 -1.48587 0.203883 2.48153 -1.20383 
2019-09-25 16:57:47 -1.77823 0.978504 -0.188649 -1.48586 0.203986 2.48133 -1.18804 
2019-09-25 16:57:47 -1.77873 0.978492 -0.188657 -1.48585 0.204059 2.48134 -1.17009 
2019-09-25 16:57:47 -1.77918 0.978488 -0.18865 -1.48585 0.204145 2.48134 -1.15171 
2019-09-25 16:57:47 -1.77962 0.978489 -0.188663 -1.48584 0.204171 2.48136 -1.13301 
2019-09-25 16:57:48 -1.78018 0.978485 -0.188651 -1.48584 0.204246 2.48135 -1.11523 
2019-09-25 16:57:48 -1.78065 0.978482 -0.18863 -1.48579 0.204343 2.48137 -1.09284 
2019-09-25 16:57:48 -1.78081 0.978534 -0.188523 -1.48569 0.204418 2.48138 -1.07072 
2019-09-25 16:57:48 -1.7809 0.978534 -0.188518 -1.48569 0.204466 2.48138 -1.04805 
2019-09-25 16:57:48 -1.78103 0.978532 -0.188512 -1.4857 0.204493 2.48138 -1.0251 
2019-09-25 16:57:48 -1.78111 0.978533 -0.188512 -1.48574 0.204508 2.48135 -1.00358 
2019-09-25 16:57:48 -1.78123 0.978533 -0.188517 -1.48577 0.204524 2.48133 -0.982027 
2019-09-25 16:57:48 -1.78137 0.978514 -0.188505 -1.4858 0.204617 2.48132 -0.959314 
2019-09-25 16:57:48 -1.78151 0.978502 -0.188507 -1.48581 0.204782 2.48133 -0.929462 
2019-09-25 16:57:48 -1.78178 0.978505 -0.188504 -1.48581 0.204944 2.48133 -0.895664 
2019-09-25 16:57:48 -1.78225 0.978488 -0.188483 -1.48583 0.205206 2.48133 -0.863203 
2019-09-25 16:57:48 -1.78257 0.978492 -0.188448 -1.48581 0.205705 2.48136 -0.834482 
2019-09-25 16:57:48 -1.78295 0.978492 -0.188448 -1.48581 0.206224 2.48137 -0.801872 
2019-09-25 16:57:48 -1.78331 0.978495 -0.188457 -1.4858 0.206904 2.48139 -0.770549 
2019-09-25 16:57:48 -1.78368 0.978485 -0.188414 -1.48578 0.20791 2.48142 -0.735436 
2019-09-25 16:57:48 -1.78375 0.978479 -0.188423 -1.48578 0.209672 2.48143 -0.697314 
2019-09-25 16:57:48 -1.78373 0.978447 -0.188408 -1.48576 0.210897 2.48146 -0.657772 
2019-09-25 16:57:49 -1.78363 0.978441 -0.188316 -1.48577 0.211487 2.48152 -0.620303 
2019-09-25 16:57:49 -1.78359 0.9784 -0.188081 -1.48576 0.212239 2.48161 -0.582981 
2019-09-25 16:57:49 -1.78349 0.978393 -0.187838 -1.48575 0.213119 2.48167 -0.54285 
2019-09-25 16:57:49 -1.78327 0.978326 -0.187357 -1.48574 0.213611 2.48176 -0.502867 
2019-09-25 16:57:49 -1.78305 0.978266 -0.186916 -1.48574 0.214314 2.48188 -0.461189 
2019-09-25 16:57:49 -1.78307 0.978225 -0.186782 -1.48576 0.21459 2.48193 -0.41986 
2019-09-25 16:57:49 -1.78324 0.978252 -0.186767 -1.48572 0.214818 2.48199 -0.384147 
2019-09-25 16:57:49 -1.78356 0.97819 -0.18684 -1.48578 0.2153 2.48207 -0.346566 
2019-09-25 16:57:49 -1.78376 0.978128 -0.186854 -1.4859 0.215531 2.48212 -0.315658 
2019-09-25 16:57:49 -1.78344 0.978133 -0.186519 -1.48589 0.216417 2.4823 -0.283876 
2019-09-25 16:57:49 -1.78284 0.978069 -0.18556 -1.48583 0.216945 2.4826 -0.247077 
2019-09-25 16:57:49 -1.78218 0.977938 -0.184644 -1.48584 0.217046 2.48276 -0.212782 
2019-09-25 16:57:49 -1.78187 0.977816 -0.183772 -1.48587 0.217066 2.48281 -0.179353 
2019-09-25 16:57:49 -1.7817 0.977778 -0.183495 -1.48589 0.217072 2.48282 -0.145476 
2019-09-25 16:57:49 -1.78167 0.977757 -0.183333 -1.4859 0.217102 2.48281 -0.108199 
2019-09-25 16:57:49 -1.7817 0.977648 -0.183299 -1.48606 0.217117 2.48282 -0.065569 
2019-09-25 16:57:49 -1.78163 0.977634 -0.183261 -1.48612 0.217114 2.48282 -0.0304458 
2019-09-25 16:57:50 -1.78145 0.977613 -0.183255 -1.48616 0.217117 2.48283 -0.00280807 
2019-09-25 16:57:50 -1.78121 0.977608 -0.183197 -1.48618 0.217125 2.48283 0.0254595 
2019-09-25 16:57:50 -1.78091 0.977573 -0.182838 -1.48625 0.217124 2.48284 0.0587045 
2019-09-25 16:57:50 -1.78039 0.977538 -0.182641 -1.48628 0.217126 2.48288 0.0909358 
2019-09-25 16:57:50 -1.77996 0.977548 -0.182632 -1.48629 0.217123 2.48309 0.119817 
2019-09-25 16:57:50 -1.77984 0.977549 -0.182627 -1.4863 0.217124 2.48341 0.144439 
2019-09-25 16:57:50 -1.77988 0.977552 -0.182644 -1.48632 0.217124 2.48359 0.169015 
2019-09-25 16:57:50 -1.77991 0.977535 -0.182659 -1.48635 0.217121 2.48366 0.192712 
2019-09-25 16:57:50 -1.77985 0.977542 -0.182627 -1.48637 0.217125 2.48384 0.21319 
2019-09-25 16:57:50 -1.77961 0.977556 -0.182584 -1.48637 0.217124 2.48415 0.2343 
2019-09-25 16:57:50 -1.77962 0.977594 -0.182597 -1.48636 0.217125 2.48465 0.253399 
2019-09-25 16:57:50 -1.77969 0.977581 -0.182551 -1.48634 0.217135 2.48553 0.274199 
2019-09-25 16:57:50 -1.77967 0.97762 -0.182281 -1.48647 0.217136 2.48667 0.294384 
2019-09-25 16:57:50 -1.7796 0.977374 -0.182236 -1.48682 0.217134 2.48668 0.30509 
2019-09-25 16:57:50 -1.77959 0.977346 -0.18224 -1.4868 0.217137 2.48668 0.30797 
2019-09-25 16:57:50 -1.77968 0.977346 -0.182237 -1.48678 0.217134 2.48669 0.308445 
2019-09-25 16:57:50 -1.77975 0.977342 -0.182244 -1.48676 0.217138 2.4867 0.308456 
2019-09-25 16:57:50 -1.78018 0.977456 -0.182294 -1.48662 0.217122 2.48714 0.308434 
2019-09-25 16:57:51 -1.7809 0.977756 -0.182299 -1.48623 0.21711 2.4877 0.308396 
2019-09-25 16:57:51 -1.7815 0.978029 -0.18229 -1.48578 0.217101 2.48797 0.30831 
2019-09-25 16:57:51 -1.78164 0.978131 -0.182272 -1.48562 0.217108 2.48804 0.308311 
2019-09-25 16:57:51 -1.78167 0.978133 -0.182278 -1.48561 0.217108 2.48805 0.308311 
2019-09-25 16:57:51 -1.78175 0.978139 -0.18227 -1.48559 0.217113 2.48808 0.308318 
2019-09-25 16:57:51 -1.78205 0.978304 -0.182333 -1.48542 0.217112 2.48846 0.308321 
2019-09-25 16:57:51 -1.78257 0.97848 -0.182042 -1.4851 0.217108 2.48877 0.30832 
2019-09-25 16:57:51 -1.78251 0.978493 -0.182046 -1.48511 0.217106 2.48877 0.308319 
2019-09-25 16:57:51 -1.78247 0.978498 -0.18205 -1.48511 0.217101 2.48877 0.308314 
2019-09-25 16:57:51 -1.78247 0.978495 -0.182051 -1.48511 0.217098 2.48877 0.308298 
2019-09-25 16:57:51 -1.78244 0.97849 -0.182065 -1.48512 0.217077 2.48876 0.308125 
2019-09-25 16:57:51 -1.7824 0.97848 -0.182052 -1.48514 0.217045 2.48877 0.307758 
2019-09-25 16:57:51 -1.78235 0.978447 -0.182043 -1.48516 0.217014 2.48877 0.307727 
2019-09-25 16:57:51 -1.78232 0.97843 -0.182037 -1.48516 0.216978 2.48876 0.307703 
2019-09-25 16:57:51 -1.78228 0.978417 -0.182042 -1.48518 0.216951 2.48875 0.307706 
2019-09-25 16:57:51 -1.7822 0.978388 -0.182047 -1.48523 0.216853 2.48874 0.307708 
2019-09-25 16:57:51 -1.78219 0.978381 -0.18205 -1.48523 0.21685 2.48874 0.307701 
2019-09-25 16:57:52 -1.78219 0.978381 -0.182052 -1.48523 0.216851 2.48875 0.307698 
2019-09-25 16:57:52 -1.78219 0.978383 -0.182052 -1.48523 0.216851 2.48874 0.307697 
2019-09-25 16:57:52 -1.78219 0.97838 -0.18205 -1.48523 0.216849 2.48874 0.307698 
2019-09-25 16:57:52 -1.7822 0.978378 -0.18205 -1.48523 0.216848 2.48874 0.307699 
2019-09-25 16:57:52 -1.7822 0.978381 -0.18205 -1.48523 0.216849 2.48874 0.307703 
2019-09-25 16:57:52 -1.78219 0.978381 -0.18205 -1.48524 0.216848 2.48874 0.3077 
2019-09-25 16:57:52 -1.7822 0.97838 -0.18205 -1.48523 0.216849 2.48874 0.307698 
2019-09-25 16:57:52 -1.7822 0.978383 -0.18205 -1.48523 0.216848 2.48874 0.307705 
2019-09-25 16:57:52 -1.7822 0.978381 -0.182052 -1.48523 0.216847 2.48874 0.307695 
2019-09-25 16:57:52 -1.7822 0.978376 -0.182052 -1.48523 0.216848 2.48874 0.307698 
2019-09-25 16:57:52 -1.7822 0.978378 -0.182052 -1.48523 0.216848 2.48874 0.307698 
2019-09-25 16:57:52 -1.7822 0.978376 -0.182052 -1.48523 0.216848 2.48874 0.307694 
2019-09-25 16:57:52 -1.7822 0.97838 -0.182049 -1.48523 0.216847 2.48874 0.307698 
