2019-09-25 16:56:04 -1.80586 -0.154827 -0.271483 -1.82362 -0.0542187 1.72787 -1.25202 
2019-09-25 16:56:04 -1.80586 -0.154829 -0.271483 -1.82361 -0.0542164 1.72788 -1.25202 
2019-09-25 16:56:04 -1.80585 -0.154826 -0.271486 -1.82362 -0.0542158 1.72788 -1.25202 
2019-09-25 16:56:04 -1.80586 -0.154824 -0.271485 -1.82362 -0.0542158 1.72787 -1.25203 
2019-09-25 16:56:04 -1.80586 -0.154829 -0.271483 -1.82362 -0.054217 1.72787 -1.25203 
2019-09-25 16:56:04 -1.80585 -0.154827 -0.271483 -1.82362 -0.0542182 1.72787 -1.25203 
2019-09-25 16:56:04 -1.80585 -0.154828 -0.271485 -1.82362 -0.0542161 1.72787 -1.25202 
2019-09-25 16:56:04 -1.80585 -0.154826 -0.271485 -1.82362 -0.0542164 1.72788 -1.25202 
2019-09-25 16:56:05 -1.80585 -0.154826 -0.271486 -1.82362 -0.054217 1.72788 -1.25202 
2019-09-25 16:56:05 -1.80585 -0.154824 -0.271485 -1.82362 -0.0542161 1.72788 -1.25203 
2019-09-25 16:56:05 -1.80586 -0.154827 -0.271485 -1.82362 -0.054215 1.72788 -1.25202 
2019-09-25 16:56:05 -1.80585 -0.154826 -0.271483 -1.82362 -0.0542174 1.72788 -1.25202 
2019-09-25 16:56:05 -1.80585 -0.154827 -0.271483 -1.82362 -0.054219 1.72788 -1.25202 
2019-09-25 16:56:05 -1.80585 -0.154824 -0.271483 -1.82362 -0.0542151 1.72787 -1.25202 
2019-09-25 16:56:05 -1.80585 -0.154827 -0.271483 -1.82362 -0.0542158 1.72788 -1.25202 
2019-09-25 16:56:05 -1.80585 -0.154826 -0.271485 -1.82362 -0.0542144 1.72788 -1.25203 
2019-09-25 16:56:05 -1.80585 -0.154829 -0.271483 -1.82362 -0.0542165 1.72788 -1.25202 
2019-09-25 16:56:05 -1.80585 -0.154827 -0.271488 -1.82362 -0.0542161 1.72788 -1.25203 
2019-09-25 16:56:05 -1.80585 -0.154827 -0.271489 -1.82362 -0.0542168 1.72788 -1.25202 
2019-09-25 16:56:05 -1.80585 -0.154831 -0.271485 -1.82362 -0.0542144 1.72787 -1.25202 
2019-09-25 16:56:05 -1.80585 -0.154826 -0.271488 -1.82362 -0.054215 1.72788 -1.25202 
2019-09-25 16:56:05 -1.80585 -0.154827 -0.271485 -1.82362 -0.0542158 1.72787 -1.25202 
2019-09-25 16:56:05 -1.80585 -0.154829 -0.271485 -1.82362 -0.0542164 1.72788 -1.25202 
2019-09-25 16:56:05 -1.80585 -0.154826 -0.271486 -1.82362 -0.0542158 1.72788 -1.25202 
2019-09-25 16:56:06 -1.80585 -0.154825 -0.271486 -1.82362 -0.054215 1.72787 -1.25203 
2019-09-25 16:56:06 -1.80585 -0.154826 -0.271486 -1.82362 -0.0542158 1.72788 -1.25202 
2019-09-25 16:56:06 -1.80585 -0.154827 -0.271481 -1.82362 -0.0542155 1.72788 -1.25202 
2019-09-25 16:56:06 -1.80585 -0.154827 -0.271486 -1.82362 -0.0542161 1.72788 -1.25202 
2019-09-25 16:56:06 -1.80585 -0.154827 -0.271486 -1.82362 -0.0542158 1.72788 -1.25203 
2019-09-25 16:56:06 -1.80585 -0.154827 -0.271485 -1.82362 -0.0542206 1.72788 -1.25202 
2019-09-25 16:56:06 -1.80585 -0.154827 -0.271486 -1.82362 -0.0542158 1.72788 -1.25202 
2019-09-25 16:56:06 -1.80585 -0.154826 -0.271485 -1.82362 -0.0542161 1.72787 -1.25203 
2019-09-25 16:56:06 -1.80586 -0.154826 -0.271483 -1.82362 -0.0542151 1.72787 -1.25202 
2019-09-25 16:56:06 -1.80586 -0.154826 -0.271485 -1.82362 -0.0542161 1.72788 -1.25203 
2019-09-25 16:56:06 -1.80585 -0.154824 -0.271487 -1.82362 -0.0542158 1.72788 -1.25202 
2019-09-25 16:56:06 -1.80585 -0.154826 -0.271486 -1.82362 -0.0542151 1.72788 -1.25202 
2019-09-25 16:56:06 -1.80585 -0.154829 -0.271488 -1.82362 -0.054215 1.72788 -1.25202 
2019-09-25 16:56:06 -1.80585 -0.154826 -0.271486 -1.82362 -0.0542152 1.72787 -1.25203 
2019-09-25 16:56:06 -1.80586 -0.154824 -0.271485 -1.82362 -0.0542202 1.72787 -1.25202 
2019-09-25 16:56:06 -1.80585 -0.154828 -0.271485 -1.82362 -0.0542138 1.72788 -1.25202 
2019-09-25 16:56:06 -1.80586 -0.154827 -0.271483 -1.82361 -0.0542172 1.72787 -1.25202 
2019-09-25 16:56:07 -1.80585 -0.154827 -0.271483 -1.82359 -0.0542174 1.72787 -1.25202 
2019-09-25 16:56:07 -1.80586 -0.154832 -0.271491 -1.82358 -0.0542143 1.72787 -1.25202 
2019-09-25 16:56:07 -1.80585 -0.154823 -0.271483 -1.82356 -0.0542146 1.72787 -1.25202 
2019-09-25 16:56:07 -1.80586 -0.15489 -0.271486 -1.82325 -0.0542148 1.72787 -1.25202 
2019-09-25 16:56:07 -1.80586 -0.154959 -0.271492 -1.82324 -0.0542154 1.72787 -1.25202 
2019-09-25 16:56:07 -1.80585 -0.154964 -0.271485 -1.82325 -0.0542154 1.72787 -1.25203 
2019-09-25 16:56:07 -1.80586 -0.154964 -0.271486 -1.82325 -0.054218 1.72787 -1.25203 
2019-09-25 16:56:07 -1.80586 -0.154957 -0.271486 -1.82325 -0.0542141 1.72787 -1.25202 
2019-09-25 16:56:07 -1.80586 -0.154961 -0.271483 -1.82325 -0.0542141 1.72787 -1.25202 
2019-09-25 16:56:07 -1.80585 -0.154965 -0.271483 -1.82325 -0.0542148 1.72788 -1.25202 
2019-09-25 16:56:07 -1.80586 -0.154961 -0.271485 -1.82325 -0.0542148 1.72787 -1.25202 
2019-09-25 16:56:07 -1.80586 -0.154965 -0.27149 -1.82326 -0.0542164 1.72787 -1.25203 
2019-09-25 16:56:07 -1.80586 -0.154964 -0.271483 -1.82325 -0.0542141 1.72788 -1.25203 
2019-09-25 16:56:07 -1.80586 -0.154961 -0.271485 -1.82325 -0.0542151 1.72787 -1.25202 
2019-09-25 16:56:07 -1.80586 -0.154961 -0.271486 -1.82326 -0.0542171 1.72787 -1.25202 
2019-09-25 16:56:07 -1.80586 -0.154963 -0.271488 -1.82326 -0.0542186 1.72787 -1.25202 
2019-09-25 16:56:08 -1.80586 -0.154966 -0.271486 -1.82326 -0.054218 1.72787 -1.25202 
2019-09-25 16:56:08 -1.80587 -0.154962 -0.271503 -1.82325 -0.0542162 1.72788 -1.25203 
2019-09-25 16:56:08 -1.80587 -0.154961 -0.271496 -1.82326 -0.0542163 1.72787 -1.25202 
2019-09-25 16:56:08 -1.80587 -0.154967 -0.271501 -1.82326 -0.0542171 1.72787 -1.25202 
2019-09-25 16:56:08 -1.80588 -0.154965 -0.271509 -1.82325 -0.0542161 1.72787 -1.25202 
2019-09-25 16:56:08 -1.80591 -0.154963 -0.271538 -1.82326 -0.0542164 1.72787 -1.25202 
2019-09-25 16:56:08 -1.8059 -0.154967 -0.271526 -1.82323 -0.0542162 1.72788 -1.25202 
2019-09-25 16:56:08 -1.80591 -0.154966 -0.271531 -1.82322 -0.0542165 1.72788 -1.25202 
2019-09-25 16:56:08 -1.80591 -0.154931 -0.271538 -1.82325 -0.0542161 1.72788 -1.25202 
2019-09-25 16:56:08 -1.80578 -0.154907 -0.271469 -1.82304 -0.0542163 1.72786 -1.25202 
2019-09-25 16:56:08 -1.80571 -0.154862 -0.27148 -1.81936 -0.0542176 1.72782 -1.25202 
2019-09-25 16:56:08 -1.80511 -0.154704 -0.271466 -1.81418 -0.0542183 1.72644 -1.252 
2019-09-25 16:56:08 -1.80331 -0.154602 -0.271269 -1.81131 -0.0542189 1.72564 -1.25198 
2019-09-25 16:56:08 -1.79947 -0.153426 -0.270714 -1.81184 -0.0542219 1.7256 -1.25192 
2019-09-25 16:56:08 -1.7937 -0.150655 -0.269793 -1.81386 -0.0542263 1.72581 -1.25015 
2019-09-25 16:56:08 -1.78668 -0.14567 -0.269048 -1.81458 -0.054231 1.72823 -1.24915 
2019-09-25 16:56:08 -1.7795 -0.138853 -0.268693 -1.81454 -0.0542385 1.73382 -1.24508 
2019-09-25 16:56:09 -1.77301 -0.13025 -0.267521 -1.81449 -0.0542421 1.7439 -1.23322 
2019-09-25 16:56:09 -1.76715 -0.118971 -0.26598 -1.8145 -0.0542414 1.75432 -1.21926 
2019-09-25 16:56:09 -1.76036 -0.104682 -0.26491 -1.81447 -0.0539759 1.76829 -1.20936 
2019-09-25 16:56:09 -1.75237 -0.0891636 -0.264496 -1.81454 -0.0503985 1.78312 -1.20667 
2019-09-25 16:56:09 -1.74351 -0.072426 -0.263624 -1.81409 -0.0438508 1.79907 -1.20661 
2019-09-25 16:56:09 -1.73455 -0.0541458 -0.262589 -1.81385 -0.039153 1.81634 -1.20662 
2019-09-25 16:56:09 -1.72555 -0.0351153 -0.262021 -1.81357 -0.0351232 1.83489 -1.20666 
2019-09-25 16:56:09 -1.71701 -0.0152614 -0.260454 -1.81304 -0.0310679 1.85483 -1.20668 
2019-09-25 16:56:09 -1.70885 0.00677675 -0.259291 -1.81255 -0.0263196 1.87878 -1.20668 
2019-09-25 16:56:09 -1.70212 0.0304065 -0.258604 -1.81137 -0.020145 1.90232 -1.20667 
2019-09-25 16:56:09 -1.69747 0.0556926 -0.257712 -1.80987 -0.0122198 1.92494 -1.20661 
2019-09-25 16:56:09 -1.6943 0.0832607 -0.25664 -1.80785 -0.00354006 1.9485 -1.20379 
2019-09-25 16:56:09 -1.69185 0.113648 -0.255333 -1.8049 0.00488255 1.97252 -1.19312 
2019-09-25 16:56:09 -1.68945 0.147041 -0.253032 -1.80078 0.0140406 1.99843 -1.1767 
2019-09-25 16:56:09 -1.68699 0.181209 -0.249392 -1.79464 0.0229774 2.02511 -1.16558 
2019-09-25 16:56:09 -1.6829 0.218163 -0.245386 -1.78395 0.0316547 2.05089 -1.15727 
2019-09-25 16:56:10 -1.67796 0.254978 -0.243406 -1.76972 0.0396482 2.07193 -1.149 
2019-09-25 16:56:10 -1.67335 0.290846 -0.242575 -1.75289 0.0488364 2.08797 -1.13589 
2019-09-25 16:56:10 -1.66979 0.32583 -0.241349 -1.73619 0.0569238 2.104 -1.12381 
2019-09-25 16:56:10 -1.66788 0.360638 -0.240163 -1.72138 0.0645747 2.11985 -1.119 
2019-09-25 16:56:10 -1.66713 0.395199 -0.239913 -1.70895 0.0733124 2.13989 -1.11879 
2019-09-25 16:56:10 -1.66743 0.427465 -0.239985 -1.70078 0.0812504 2.16111 -1.11879 
2019-09-25 16:56:10 -1.66826 0.458356 -0.239999 -1.69679 0.0894214 2.18513 -1.11879 
2019-09-25 16:56:10 -1.66866 0.486984 -0.239942 -1.69643 0.0969419 2.21052 -1.1188 
2019-09-25 16:56:10 -1.66848 0.516586 -0.238959 -1.69635 0.105102 2.23881 -1.11884 
2019-09-25 16:56:10 -1.66838 0.544703 -0.235732 -1.69635 0.110909 2.26607 -1.11896 
2019-09-25 16:56:10 -1.66847 0.570594 -0.231244 -1.6963 0.113742 2.29197 -1.11916 
2019-09-25 16:56:10 -1.66861 0.596185 -0.226343 -1.69635 0.114326 2.31611 -1.12324 
2019-09-25 16:56:10 -1.66891 0.618946 -0.222931 -1.69634 0.114459 2.33832 -1.13858 
2019-09-25 16:56:10 -1.66979 0.639837 -0.221147 -1.69627 0.115163 2.35848 -1.16923 
2019-09-25 16:56:10 -1.67148 0.659275 -0.220161 -1.69613 0.119728 2.37821 -1.20662 
2019-09-25 16:56:10 -1.67394 0.677184 -0.220036 -1.69587 0.129166 2.39542 -1.23139 
2019-09-25 16:56:10 -1.67743 0.692573 -0.220134 -1.69518 0.138524 2.41067 -1.23447 
2019-09-25 16:56:11 -1.68152 0.706387 -0.220673 -1.69495 0.144696 2.42461 -1.23446 
2019-09-25 16:56:11 -1.68633 0.718335 -0.221526 -1.69367 0.148321 2.43568 -1.23443 
2019-09-25 16:56:11 -1.69183 0.729407 -0.221485 -1.69246 0.152008 2.44734 -1.2337 
2019-09-25 16:56:11 -1.69727 0.738265 -0.22157 -1.68958 0.161449 2.45403 -1.22921 
2019-09-25 16:56:11 -1.70335 0.747062 -0.221782 -1.68338 0.172424 2.45529 -1.21952 
2019-09-25 16:56:11 -1.70998 0.754773 -0.221795 -1.6756 0.176747 2.45531 -1.21648 
2019-09-25 16:56:11 -1.71768 0.763216 -0.221371 -1.66383 0.177128 2.45532 -1.2186 
2019-09-25 16:56:11 -1.72395 0.774268 -0.219857 -1.64984 0.177088 2.45526 -1.23462 
2019-09-25 16:56:11 -1.72778 0.786591 -0.21735 -1.63507 0.177089 2.45522 -1.26212 
2019-09-25 16:56:11 -1.73011 0.80198 -0.216007 -1.61801 0.177128 2.45411 -1.28091 
2019-09-25 16:56:11 -1.73298 0.819239 -0.214755 -1.59974 0.177553 2.45355 -1.28366 
2019-09-25 16:56:11 -1.7379 0.840255 -0.212515 -1.57972 0.180834 2.4535 -1.28365 
2019-09-25 16:56:11 -1.74217 0.857885 -0.211105 -1.56342 0.186301 2.45349 -1.28358 
2019-09-25 16:56:11 -1.74525 0.872905 -0.21046 -1.54877 0.191927 2.45348 -1.28287 
2019-09-25 16:56:11 -1.74767 0.885634 -0.210357 -1.53737 0.196049 2.45347 -1.28049 
2019-09-25 16:56:11 -1.74958 0.89432 -0.210358 -1.52889 0.199154 2.45339 -1.27679 
2019-09-25 16:56:12 -1.75109 0.900162 -0.210308 -1.52442 0.202322 2.45329 -1.26876 
2019-09-25 16:56:12 -1.75163 0.901965 -0.210046 -1.52462 0.203871 2.45327 -1.25808 
2019-09-25 16:56:12 -1.75159 0.901517 -0.209933 -1.52482 0.203859 2.45327 -1.25777 
2019-09-25 16:56:12 -1.7513 0.900605 -0.209913 -1.52479 0.203791 2.45276 -1.2631 
2019-09-25 16:56:12 -1.75086 0.900319 -0.209908 -1.5248 0.2037 2.45243 -1.27701 
2019-09-25 16:56:12 -1.75052 0.900545 -0.20987 -1.52485 0.203692 2.45238 -1.29835 
2019-09-25 16:56:12 -1.75061 0.900577 -0.209889 -1.52485 0.203702 2.45238 -1.31196 
2019-09-25 16:56:12 -1.7509 0.900404 -0.209906 -1.52467 0.203747 2.45241 -1.3122 
2019-09-25 16:56:12 -1.75122 0.900347 -0.209899 -1.52467 0.203815 2.45241 -1.31211 
2019-09-25 16:56:12 -1.75145 0.900404 -0.209878 -1.52479 0.203923 2.45239 -1.31003 
2019-09-25 16:56:12 -1.75172 0.90031 -0.209875 -1.5248 0.204104 2.45239 -1.29879 
2019-09-25 16:56:12 -1.75203 0.900269 -0.209891 -1.52485 0.20414 2.45236 -1.29094 
2019-09-25 16:56:12 -1.75212 0.900294 -0.20991 -1.52521 0.204131 2.45235 -1.29059 
2019-09-25 16:56:12 -1.75199 0.900445 -0.209863 -1.5265 0.204081 2.4523 -1.29368 
2019-09-25 16:56:12 -1.75183 0.900718 -0.209852 -1.52852 0.204044 2.45233 -1.3046 
2019-09-25 16:56:12 -1.75195 0.901311 -0.209858 -1.52943 0.204051 2.45267 -1.31282 
2019-09-25 16:56:13 -1.75212 0.901471 -0.209862 -1.52938 0.204073 2.45283 -1.313 
2019-09-25 16:56:13 -1.75228 0.901517 -0.209856 -1.52907 0.204122 2.45297 -1.31286 
2019-09-25 16:56:13 -1.75243 0.901563 -0.209822 -1.52906 0.204237 2.45295 -1.30876 
2019-09-25 16:56:13 -1.75244 0.901799 -0.209523 -1.52906 0.20444 2.45295 -1.29602 
2019-09-25 16:56:13 -1.75243 0.902048 -0.209295 -1.5291 0.204449 2.45295 -1.2883 
2019-09-25 16:56:13 -1.75256 0.902359 -0.209314 -1.52914 0.204448 2.45294 -1.28829 
2019-09-25 16:56:13 -1.75288 0.902969 -0.209313 -1.52914 0.20444 2.453 -1.28835 
2019-09-25 16:56:13 -1.75302 0.904151 -0.209292 -1.5291 0.204414 2.45363 -1.29064 
2019-09-25 16:56:13 -1.7529 0.90537 -0.209164 -1.52869 0.204405 2.45441 -1.2945 
2019-09-25 16:56:13 -1.7529 0.905962 -0.208855 -1.52752 0.204422 2.45455 -1.29482 
2019-09-25 16:56:13 -1.75292 0.90599 -0.20865 -1.52632 0.2045 2.45455 -1.29101 
2019-09-25 16:56:13 -1.753 0.905969 -0.208632 -1.52589 0.204794 2.45455 -1.28567 
2019-09-25 16:56:13 -1.75304 0.90626 -0.208554 -1.52607 0.204866 2.45453 -1.27764 
2019-09-25 16:56:13 -1.75349 0.906647 -0.20859 -1.52632 0.204856 2.45453 -1.27651 
2019-09-25 16:56:13 -1.75427 0.907153 -0.208619 -1.52632 0.204798 2.45453 -1.27747 
2019-09-25 16:56:13 -1.75499 0.907612 -0.208651 -1.52632 0.204693 2.45453 -1.28878 
2019-09-25 16:56:13 -1.75552 0.907929 -0.208678 -1.52633 0.204691 2.45454 -1.3089 
2019-09-25 16:56:14 -1.75598 0.908144 -0.208638 -1.52632 0.204733 2.45454 -1.31736 
2019-09-25 16:56:14 -1.75681 0.908233 -0.208638 -1.52632 0.204909 2.45455 -1.31618 
2019-09-25 16:56:14 -1.75799 0.908287 -0.208621 -1.52632 0.205528 2.45457 -1.30489 
2019-09-25 16:56:14 -1.75877 0.908381 -0.208546 -1.52633 0.205776 2.45456 -1.28829 
2019-09-25 16:56:14 -1.75888 0.908724 -0.208452 -1.52634 0.205773 2.45456 -1.28362 
2019-09-25 16:56:14 -1.7587 0.909395 -0.207946 -1.52634 0.205729 2.45456 -1.28411 
2019-09-25 16:56:14 -1.75819 0.910578 -0.207701 -1.52633 0.205712 2.45505 -1.29133 
2019-09-25 16:56:14 -1.75816 0.912055 -0.207696 -1.52622 0.205717 2.45566 -1.29978 
2019-09-25 16:56:14 -1.75841 0.913859 -0.2077 -1.52571 0.205736 2.45685 -1.30001 
2019-09-25 16:56:14 -1.75879 0.915383 -0.207671 -1.52512 0.205816 2.45799 -1.29907 
2019-09-25 16:56:14 -1.75904 0.916462 -0.207594 -1.52381 0.206179 2.45861 -1.29253 
2019-09-25 16:56:14 -1.75918 0.917074 -0.207586 -1.52215 0.206524 2.45863 -1.28699 
2019-09-25 16:56:14 -1.7592 0.917151 -0.207564 -1.52158 0.206654 2.45862 -1.28348 
2019-09-25 16:56:14 -1.75918 0.917482 -0.207444 -1.52159 0.206643 2.45862 -1.28352 
2019-09-25 16:56:14 -1.75908 0.918077 -0.206992 -1.52161 0.20661 2.45861 -1.28463 
2019-09-25 16:56:14 -1.75882 0.918685 -0.206305 -1.52158 0.20661 2.45867 -1.28721 
2019-09-25 16:56:15 -1.75861 0.918915 -0.20571 -1.52157 0.206606 2.45869 -1.2886 
2019-09-25 16:56:15 -1.75864 0.918913 -0.20569 -1.52153 0.206615 2.45872 -1.28859 
2019-09-25 16:56:15 -1.75904 0.918913 -0.205687 -1.52122 0.206631 2.45875 -1.28854 
2019-09-25 16:56:15 -1.75955 0.918945 -0.205669 -1.52044 0.206651 2.45876 -1.28663 
2019-09-25 16:56:15 -1.75991 0.918978 -0.205667 -1.51931 0.206695 2.45877 -1.28221 
2019-09-25 16:56:15 -1.76011 0.919144 -0.205641 -1.51833 0.206718 2.45877 -1.27927 
2019-09-25 16:56:15 -1.76016 0.919503 -0.205602 -1.51758 0.206743 2.45877 -1.27736 
2019-09-25 16:56:15 -1.76033 0.920273 -0.205605 -1.51698 0.206756 2.45877 -1.27632 
2019-09-25 16:56:15 -1.7608 0.921616 -0.205615 -1.51605 0.20676 2.45877 -1.27626 
2019-09-25 16:56:15 -1.761 0.922301 -0.205607 -1.51381 0.206764 2.45877 -1.27627 
2019-09-25 16:56:15 -1.76095 0.922875 -0.205571 -1.51259 0.206747 2.45877 -1.27633 
2019-09-25 16:56:15 -1.76088 0.923333 -0.205369 -1.51257 0.206709 2.45876 -1.27728 
2019-09-25 16:56:15 -1.76045 0.923343 -0.20521 -1.51219 0.206683 2.45876 -1.27907 
2019-09-25 16:56:15 -1.75989 0.923334 -0.205066 -1.51167 0.206672 2.45876 -1.28168 
2019-09-25 16:56:15 -1.75948 0.923319 -0.205058 -1.51147 0.20666 2.45875 -1.28303 
2019-09-25 16:56:15 -1.75944 0.923351 -0.205063 -1.51151 0.206644 2.45872 -1.28425 
2019-09-25 16:56:15 -1.75944 0.923371 -0.205056 -1.51157 0.206637 2.45869 -1.28675 
2019-09-25 16:56:16 -1.75936 0.923375 -0.205017 -1.51163 0.206631 2.45866 -1.29514 
2019-09-25 16:56:16 -1.75927 0.923378 -0.204862 -1.51161 0.206629 2.45865 -1.29867 
2019-09-25 16:56:16 -1.75926 0.92343 -0.20483 -1.51161 0.206628 2.45865 -1.29868 
2019-09-25 16:56:16 -1.75909 0.923347 -0.204809 -1.51156 0.206629 2.45865 -1.29868 
2019-09-25 16:56:16 -1.75869 0.923326 -0.204678 -1.51158 0.206628 2.45865 -1.29869 
2019-09-25 16:56:16 -1.75821 0.923349 -0.204678 -1.51163 0.206619 2.45865 -1.29925 
2019-09-25 16:56:16 -1.75822 0.923319 -0.204744 -1.51166 0.206607 2.45864 -1.30057 
2019-09-25 16:56:16 -1.75861 0.923301 -0.205077 -1.51193 0.206607 2.45864 -1.30453 
2019-09-25 16:56:16 -1.75912 0.923291 -0.205088 -1.51195 0.206604 2.45862 -1.3055 
2019-09-25 16:56:16 -1.759 0.923278 -0.205042 -1.51195 0.206606 2.45861 -1.30561 
2019-09-25 16:56:16 -1.75849 0.923288 -0.205036 -1.51201 0.206606 2.45857 -1.30564 
2019-09-25 16:56:16 -1.75836 0.923302 -0.205028 -1.51231 0.206602 2.45855 -1.30599 
2019-09-25 16:56:16 -1.75849 0.923302 -0.205056 -1.51274 0.206605 2.45854 -1.30709 
2019-09-25 16:56:16 -1.7586 0.923257 -0.205064 -1.51289 0.20661 2.45855 -1.30896 
2019-09-25 16:56:16 -1.75855 0.923243 -0.205047 -1.51289 0.206609 2.45855 -1.30934 
2019-09-25 16:56:16 -1.75855 0.923256 -0.205037 -1.5129 0.206612 2.45855 -1.30939 
2019-09-25 16:56:17 -1.75854 0.923277 -0.20501 -1.51293 0.206613 2.45854 -1.30939 
2019-09-25 16:56:17 -1.75857 0.923309 -0.205005 -1.51296 0.206615 2.45854 -1.30939 
2019-09-25 16:56:17 -1.75858 0.923325 -0.204941 -1.51298 0.206617 2.45854 -1.30938 
2019-09-25 16:56:17 -1.75857 0.923335 -0.204917 -1.51297 0.206622 2.45854 -1.30937 
2019-09-25 16:56:17 -1.75856 0.923347 -0.204865 -1.51297 0.206624 2.45854 -1.30937 
2019-09-25 16:56:17 -1.75853 0.923338 -0.204674 -1.51295 0.206632 2.45854 -1.30934 
2019-09-25 16:56:17 -1.75834 0.923342 -0.20453 -1.51296 0.206623 2.45854 -1.30936 
2019-09-25 16:56:17 -1.75798 0.923296 -0.204435 -1.51293 0.206617 2.45855 -1.30938 
2019-09-25 16:56:17 -1.75786 0.923288 -0.204452 -1.51291 0.206598 2.45855 -1.31012 
2019-09-25 16:56:17 -1.7581 0.923303 -0.204648 -1.51287 0.206593 2.45855 -1.31641 
2019-09-25 16:56:17 -1.75834 0.923193 -0.204995 -1.51271 0.206586 2.45855 -1.3242 
2019-09-25 16:56:17 -1.75859 0.923201 -0.20509 -1.5127 0.206587 2.45855 -1.3281 
2019-09-25 16:56:17 -1.75861 0.923172 -0.205077 -1.51269 0.206589 2.45855 -1.32902 
2019-09-25 16:56:17 -1.75842 0.92318 -0.205056 -1.51273 0.206589 2.45855 -1.33025 
2019-09-25 16:56:17 -1.75832 0.92317 -0.205056 -1.51275 0.206592 2.45855 -1.33192 
2019-09-25 16:56:17 -1.75832 0.923146 -0.205055 -1.51272 0.20659 2.45855 -1.33222 
2019-09-25 16:56:18 -1.75854 0.92308 -0.20509 -1.51266 0.2066 2.45856 -1.33223 
2019-09-25 16:56:18 -1.75902 0.923008 -0.205247 -1.51254 0.206605 2.45857 -1.33222 
2019-09-25 16:56:18 -1.75963 0.922978 -0.205277 -1.51251 0.206608 2.45857 -1.33222 
2019-09-25 16:56:18 -1.75978 0.922943 -0.205274 -1.51251 0.206608 2.45857 -1.33222 
2019-09-25 16:56:18 -1.75962 0.922765 -0.205252 -1.51244 0.206613 2.45857 -1.33221 
2019-09-25 16:56:18 -1.75958 0.922469 -0.205278 -1.51224 0.206617 2.45857 -1.33219 
2019-09-25 16:56:18 -1.75976 0.922247 -0.205294 -1.51224 0.206616 2.45857 -1.33219 
2019-09-25 16:56:18 -1.7597 0.922254 -0.205212 -1.51244 0.206618 2.45854 -1.33219 
2019-09-25 16:56:18 -1.75933 0.922251 -0.205149 -1.51271 0.206614 2.4585 -1.33219 
2019-09-25 16:56:18 -1.75921 0.92223 -0.205149 -1.5131 0.206615 2.45847 -1.3322 
2019-09-25 16:56:18 -1.75927 0.922205 -0.205184 -1.51353 0.206621 2.45845 -1.3322 
2019-09-25 16:56:18 -1.75965 0.922203 -0.205205 -1.51373 0.206624 2.45844 -1.33219 
2019-09-25 16:56:18 -1.76025 0.922212 -0.205321 -1.5139 0.206654 2.45844 -1.33212 
2019-09-25 16:56:18 -1.76095 0.922201 -0.205328 -1.51415 0.206679 2.45844 -1.33076 
2019-09-25 16:56:18 -1.76129 0.922203 -0.205321 -1.51436 0.206701 2.45844 -1.32794 
2019-09-25 16:56:18 -1.7613 0.922183 -0.205322 -1.51443 0.206733 2.45844 -1.32308 
2019-09-25 16:56:18 -1.76139 0.922153 -0.205359 -1.51448 0.206734 2.45843 -1.31747 
2019-09-25 16:56:19 -1.76167 0.922114 -0.205462 -1.51457 0.20674 2.45842 -1.31552 
2019-09-25 16:56:19 -1.76183 0.922068 -0.205497 -1.51469 0.206742 2.45842 -1.31431 
2019-09-25 16:56:19 -1.76186 0.92202 -0.205512 -1.51496 0.20673 2.4584 -1.31426 
2019-09-25 16:56:19 -1.76175 0.921863 -0.205507 -1.51514 0.206696 2.45839 -1.31445 
2019-09-25 16:56:19 -1.7616 0.921575 -0.205528 -1.51575 0.20666 2.45839 -1.31686 
2019-09-25 16:56:19 -1.76149 0.921282 -0.205528 -1.51639 0.206656 2.45839 -1.31999 
2019-09-25 16:56:19 -1.76124 0.921178 -0.205522 -1.51656 0.206652 2.45839 -1.32187 
2019-09-25 16:56:19 -1.76097 0.92117 -0.205481 -1.51655 0.206654 2.45839 -1.32196 
2019-09-25 16:56:19 -1.7606 0.921185 -0.205446 -1.51654 0.206661 2.4584 -1.32195 
2019-09-25 16:56:19 -1.76048 0.921185 -0.205019 -1.51633 0.206683 2.4584 -1.32169 
2019-09-25 16:56:19 -1.76047 0.921208 -0.204896 -1.51622 0.206703 2.4584 -1.31945 
2019-09-25 16:56:19 -1.76069 0.92123 -0.20489 -1.51616 0.206722 2.4584 -1.31527 
2019-09-25 16:56:19 -1.7608 0.921278 -0.204892 -1.516 0.206733 2.4584 -1.31145 
2019-09-25 16:56:19 -1.76081 0.921308 -0.204887 -1.51592 0.206735 2.45841 -1.3081 
2019-09-25 16:56:19 -1.76073 0.921405 -0.204759 -1.51584 0.206731 2.4584 -1.30595 
2019-09-25 16:56:19 -1.76055 0.921435 -0.204408 -1.51584 0.206718 2.4584 -1.30596 
2019-09-25 16:56:20 -1.76008 0.92145 -0.20425 -1.51584 0.20668 2.4584 -1.30636 
2019-09-25 16:56:20 -1.75978 0.921473 -0.204255 -1.51583 0.206676 2.4584 -1.30807 
2019-09-25 16:56:20 -1.75985 0.921475 -0.204292 -1.51578 0.206682 2.4584 -1.30809 
2019-09-25 16:56:20 -1.76033 0.921511 -0.204292 -1.5157 0.206686 2.4584 -1.30807 
2019-09-25 16:56:20 -1.76063 0.92153 -0.204271 -1.51566 0.206688 2.4584 -1.30801 
2019-09-25 16:56:20 -1.76054 0.921571 -0.204223 -1.51561 0.206693 2.4584 -1.30699 
2019-09-25 16:56:20 -1.76024 0.921627 -0.204012 -1.5154 0.206713 2.4584 -1.3066 
2019-09-25 16:56:20 -1.76021 0.921896 -0.203586 -1.5154 0.206715 2.4584 -1.30601 
2019-09-25 16:56:20 -1.76023 0.922637 -0.203348 -1.51546 0.206704 2.45839 -1.30601 
2019-09-25 16:56:20 -1.76056 0.92404 -0.203403 -1.51545 0.206713 2.4585 -1.30601 
2019-09-25 16:56:20 -1.76078 0.924078 -0.203271 -1.51524 0.206722 2.45862 -1.306 
2019-09-25 16:56:20 -1.76083 0.924081 -0.203271 -1.51524 0.206723 2.45862 -1.30601 
2019-09-25 16:56:20 -1.76091 0.924093 -0.203275 -1.51524 0.206725 2.45862 -1.306 
2019-09-25 16:56:20 -1.76106 0.924102 -0.203272 -1.51526 0.20673 2.45862 -1.30601 
2019-09-25 16:56:20 -1.76118 0.924102 -0.20328 -1.51529 0.206726 2.45861 -1.30602 
2019-09-25 16:56:20 -1.76126 0.924066 -0.203276 -1.51538 0.20672 2.45858 -1.30615 
2019-09-25 16:56:20 -1.76123 0.924019 -0.203274 -1.51544 0.206718 2.45858 -1.30654 
2019-09-25 16:56:21 -1.76122 0.923982 -0.203274 -1.51545 0.206718 2.45858 -1.3069 
2019-09-25 16:56:21 -1.76123 0.923926 -0.203289 -1.51546 0.206714 2.45858 -1.30829 
2019-09-25 16:56:21 -1.76121 0.923855 -0.20328 -1.51547 0.206709 2.45857 -1.30901 
2019-09-25 16:56:21 -1.76117 0.923169 -0.203267 -1.51543 0.20671 2.45858 -1.30904 
2019-09-25 16:56:21 -1.76111 0.922081 -0.203259 -1.51544 0.206722 2.45856 -1.30901 
2019-09-25 16:56:21 -1.76109 0.921046 -0.204246 -1.51539 0.206678 2.45852 -1.30901 
2019-09-25 16:56:21 -1.76199 0.921108 -0.206529 -1.51545 0.206684 2.45844 -1.30901 
2019-09-25 16:56:21 -1.76322 0.921287 -0.20609 -1.51561 0.206688 2.45842 -1.30899 
2019-09-25 16:56:21 -1.76303 0.92127 -0.205137 -1.51556 0.206701 2.45843 -1.30879 
2019-09-25 16:56:21 -1.76255 0.921308 -0.204782 -1.51497 0.206725 2.45844 -1.30557 
2019-09-25 16:56:21 -1.76295 0.921308 -0.204794 -1.51425 0.206739 2.45844 -1.29841 
2019-09-25 16:56:21 -1.76331 0.921475 -0.204783 -1.51404 0.206741 2.45843 -1.29239 
2019-09-25 16:56:21 -1.76329 0.921888 -0.204709 -1.51379 0.206747 2.45844 -1.28926 
2019-09-25 16:56:21 -1.76318 0.922186 -0.203931 -1.5134 0.206751 2.45845 -1.28672 
2019-09-25 16:56:21 -1.76284 0.92223 -0.203412 -1.51228 0.206751 2.45845 -1.28038 
2019-09-25 16:56:21 -1.76244 0.922196 -0.203286 -1.51082 0.206745 2.45844 -1.2775 
2019-09-25 16:56:22 -1.76251 0.922409 -0.203305 -1.51066 0.206737 2.45829 -1.2775 
2019-09-25 16:56:22 -1.76244 0.923104 -0.203263 -1.51068 0.206728 2.45826 -1.27751 
2019-09-25 16:56:22 -1.76223 0.923634 -0.203044 -1.51067 0.206732 2.45826 -1.2775 
2019-09-25 16:56:22 -1.76209 0.923764 -0.202887 -1.51067 0.206734 2.45826 -1.2775 
2019-09-25 16:56:22 -1.76206 0.923838 -0.202746 -1.5107 0.206732 2.45825 -1.2775 
2019-09-25 16:56:22 -1.76201 0.92407 -0.202648 -1.51071 0.20673 2.45825 -1.27752 
2019-09-25 16:56:22 -1.76183 0.924355 -0.202478 -1.51092 0.206714 2.45825 -1.27754 
2019-09-25 16:56:22 -1.76142 0.924534 -0.202433 -1.511 0.206691 2.45823 -1.27762 
2019-09-25 16:56:22 -1.7612 0.924519 -0.202451 -1.51102 0.206675 2.45824 -1.2787 
2019-09-25 16:56:22 -1.76123 0.924476 -0.202489 -1.51111 0.206664 2.45824 -1.27968 
2019-09-25 16:56:22 -1.76128 0.924424 -0.202712 -1.51138 0.206662 2.45823 -1.28162 
2019-09-25 16:56:22 -1.76133 0.924312 -0.203055 -1.51165 0.206642 2.45818 -1.28416 
2019-09-25 16:56:22 -1.76148 0.924292 -0.203424 -1.51346 0.206642 2.45787 -1.29134 
2019-09-25 16:56:22 -1.76147 0.924317 -0.203366 -1.51563 0.206643 2.4579 -1.2954 
2019-09-25 16:56:22 -1.76148 0.924193 -0.203363 -1.51588 0.206655 2.45795 -1.29541 
2019-09-25 16:56:22 -1.76147 0.923858 -0.203353 -1.5156 0.206681 2.45795 -1.29533 
2019-09-25 16:56:23 -1.76144 0.92346 -0.203303 -1.5155 0.206692 2.45795 -1.29474 
2019-09-25 16:56:23 -1.76161 0.923423 -0.203326 -1.51553 0.206692 2.45793 -1.29443 
2019-09-25 16:56:23 -1.76181 0.923507 -0.2033 -1.51593 0.206691 2.45791 -1.29444 
2019-09-25 16:56:23 -1.76192 0.9235 -0.20329 -1.5165 0.206688 2.45791 -1.29447 
2019-09-25 16:56:23 -1.76196 0.923565 -0.203284 -1.51653 0.206689 2.45793 -1.29447 
2019-09-25 16:56:23 -1.76205 0.923632 -0.203273 -1.51652 0.206692 2.45794 -1.29448 
2019-09-25 16:56:23 -1.76207 0.923669 -0.203214 -1.5165 0.206693 2.45795 -1.29448 
2019-09-25 16:56:23 -1.76228 0.923698 -0.203104 -1.51648 0.206704 2.45796 -1.29446 
2019-09-25 16:56:23 -1.76233 0.923728 -0.203042 -1.51646 0.206735 2.458 -1.29438 
2019-09-25 16:56:23 -1.7624 0.924041 -0.202915 -1.5164 0.206743 2.45841 -1.29319 
2019-09-25 16:56:23 -1.76251 0.924945 -0.202764 -1.51596 0.206749 2.45873 -1.29252 
2019-09-25 16:56:23 -1.76282 0.926275 -0.202443 -1.51511 0.206795 2.45885 -1.29117 
2019-09-25 16:56:23 -1.76312 0.927432 -0.202251 -1.51448 0.206813 2.45922 -1.28898 
2019-09-25 16:56:23 -1.76361 0.928166 -0.201923 -1.51449 0.206844 2.45944 -1.28686 
2019-09-25 16:56:23 -1.76407 0.928815 -0.20152 -1.5145 0.206852 2.45957 -1.28278 
2019-09-25 16:56:23 -1.76465 0.929838 -0.201009 -1.51453 0.206927 2.45983 -1.28118 
2019-09-25 16:56:23 -1.76539 0.931205 -0.200117 -1.51451 0.207102 2.46187 -1.28031 
2019-09-25 16:56:24 -1.76612 0.932446 -0.1993 -1.51446 0.207442 2.46356 -1.28011 
2019-09-25 16:56:24 -1.76679 0.933455 -0.198569 -1.51441 0.208024 2.46486 -1.27989 
2019-09-25 16:56:24 -1.76762 0.934746 -0.197649 -1.51396 0.208796 2.46608 -1.27986 
2019-09-25 16:56:24 -1.76869 0.936205 -0.196601 -1.51357 0.209328 2.46731 -1.27986 
2019-09-25 16:56:24 -1.76971 0.937924 -0.195463 -1.51296 0.20979 2.46877 -1.27986 
2019-09-25 16:56:24 -1.77004 0.940241 -0.194901 -1.51162 0.210447 2.46961 -1.27986 
2019-09-25 16:56:24 -1.77021 0.943066 -0.194772 -1.50989 0.211092 2.47046 -1.27986 
2019-09-25 16:56:24 -1.7705 0.946564 -0.194564 -1.50733 0.21198 2.47114 -1.27986 
2019-09-25 16:56:24 -1.77098 0.950405 -0.194576 -1.50445 0.212381 2.47158 -1.27986 
2019-09-25 16:56:24 -1.77127 0.953457 -0.194326 -1.50239 0.213284 2.47197 -1.27986 
2019-09-25 16:56:24 -1.77134 0.954895 -0.1943 -1.50155 0.213595 2.47224 -1.27986 
2019-09-25 16:56:24 -1.77138 0.955052 -0.194292 -1.50145 0.21376 2.47229 -1.27986 
2019-09-25 16:56:24 -1.77146 0.955273 -0.194275 -1.50143 0.213937 2.47243 -1.27986 
2019-09-25 16:56:24 -1.77155 0.955911 -0.194198 -1.50138 0.214169 2.47324 -1.27986 
2019-09-25 16:56:24 -1.77157 0.956431 -0.194022 -1.50138 0.214312 2.47412 -1.27986 
2019-09-25 16:56:24 -1.77156 0.957487 -0.193839 -1.50137 0.214378 2.47571 -1.27986 
2019-09-25 16:56:25 -1.77157 0.959082 -0.193599 -1.50131 0.214452 2.47811 -1.27986 
2019-09-25 16:56:25 -1.77158 0.961167 -0.193431 -1.50098 0.214532 2.48121 -1.27986 
2019-09-25 16:56:25 -1.77162 0.963116 -0.193207 -1.50084 0.214676 2.48394 -1.27985 
2019-09-25 16:56:25 -1.77166 0.96556 -0.192918 -1.49989 0.214883 2.48613 -1.27984 
2019-09-25 16:56:25 -1.77179 0.968624 -0.19282 -1.49805 0.215183 2.48752 -1.27984 
2019-09-25 16:56:25 -1.77197 0.972061 -0.19276 -1.49688 0.215366 2.48806 -1.27984 
2019-09-25 16:56:25 -1.77201 0.973431 -0.192857 -1.4955 0.215376 2.489 -1.27983 
2019-09-25 16:56:25 -1.77222 0.973549 -0.192842 -1.49545 0.215404 2.489 -1.27983 
2019-09-25 16:56:25 -1.77222 0.973584 -0.192836 -1.49544 0.215415 2.489 -1.2798 
2019-09-25 16:56:25 -1.77228 0.973942 -0.192852 -1.49541 0.215433 2.489 -1.27741 
2019-09-25 16:56:25 -1.77225 0.974203 -0.19285 -1.49536 0.215435 2.48899 -1.27121 
2019-09-25 16:56:25 -1.77227 0.974369 -0.1929 -1.49541 0.215417 2.48893 -1.25784 
2019-09-25 16:56:25 -1.77221 0.974389 -0.192901 -1.49545 0.21542 2.48849 -1.25166 
2019-09-25 16:56:25 -1.77225 0.974413 -0.192914 -1.49544 0.215426 2.48838 -1.2499 
2019-09-25 16:56:25 -1.77226 0.974456 -0.192931 -1.49545 0.215426 2.48815 -1.24273 
2019-09-25 16:56:25 -1.7723 0.974439 -0.193128 -1.49545 0.215429 2.48766 -1.22969 
2019-09-25 16:56:26 -1.77237 0.974431 -0.193151 -1.49545 0.21543 2.48756 -1.21501 
2019-09-25 16:56:26 -1.77233 0.974423 -0.193132 -1.49544 0.215433 2.48753 -1.2052 
2019-09-25 16:56:26 -1.77253 0.974424 -0.193155 -1.49546 0.215475 2.48749 -1.19109 
2019-09-25 16:56:26 -1.77275 0.974425 -0.193184 -1.49547 0.215481 2.48746 -1.17471 
2019-09-25 16:56:26 -1.77293 0.974405 -0.193178 -1.49546 0.215498 2.48727 -1.16112 
2019-09-25 16:56:26 -1.77297 0.974408 -0.193174 -1.49546 0.2155 2.48726 -1.14672 
2019-09-25 16:56:26 -1.77298 0.974402 -0.193165 -1.49546 0.215507 2.48722 -1.12954 
2019-09-25 16:56:26 -1.77312 0.974408 -0.193135 -1.49544 0.215513 2.48722 -1.11161 
2019-09-25 16:56:26 -1.77295 0.974402 -0.19309 -1.49544 0.215523 2.48722 -1.09333 
2019-09-25 16:56:26 -1.77294 0.974404 -0.193066 -1.49544 0.215549 2.48723 -1.07299 
2019-09-25 16:56:26 -1.77305 0.974408 -0.193049 -1.49544 0.215577 2.48724 -1.04352 
2019-09-25 16:56:26 -1.77304 0.974406 -0.193033 -1.49545 0.215576 2.48724 -1.0199 
2019-09-25 16:56:26 -1.77293 0.974402 -0.192981 -1.49546 0.215585 2.48723 -0.999014 
2019-09-25 16:56:26 -1.7728 0.974381 -0.192776 -1.49547 0.215617 2.4872 -0.974021 
2019-09-25 16:56:26 -1.77272 0.974338 -0.192736 -1.49547 0.215626 2.48696 -0.947411 
2019-09-25 16:56:26 -1.7727 0.974333 -0.192726 -1.49546 0.215652 2.48694 -0.91992 
2019-09-25 16:56:26 -1.77265 0.974342 -0.192707 -1.49544 0.215698 2.48693 -0.88693 
2019-09-25 16:56:27 -1.7726 0.974337 -0.19267 -1.49542 0.215718 2.48694 -0.854313 
2019-09-25 16:56:27 -1.7726 0.974333 -0.192665 -1.49543 0.215737 2.48695 -0.823156 
2019-09-25 16:56:27 -1.77258 0.974319 -0.192662 -1.49542 0.215751 2.48694 -0.790038 
2019-09-25 16:56:27 -1.77239 0.974315 -0.192548 -1.49543 0.215772 2.48695 -0.756325 
2019-09-25 16:56:27 -1.77224 0.974268 -0.192331 -1.49542 0.215801 2.48694 -0.722901 
2019-09-25 16:56:27 -1.7721 0.974218 -0.191841 -1.49543 0.215905 2.48694 -0.687115 
2019-09-25 16:56:27 -1.77195 0.974153 -0.191519 -1.49543 0.215955 2.48693 -0.646741 
2019-09-25 16:56:27 -1.77205 0.974145 -0.19153 -1.49543 0.216005 2.48694 -0.608599 
2019-09-25 16:56:27 -1.77253 0.974159 -0.19158 -1.49542 0.216042 2.48695 -0.572216 
2019-09-25 16:56:27 -1.7731 0.974161 -0.191568 -1.49543 0.216119 2.48693 -0.535808 
2019-09-25 16:56:27 -1.77363 0.974161 -0.191587 -1.49543 0.216191 2.48694 -0.500793 
2019-09-25 16:56:27 -1.7744 0.974154 -0.191652 -1.49542 0.216281 2.48693 -0.468323 
2019-09-25 16:56:27 -1.77515 0.97418 -0.191759 -1.49544 0.216652 2.48694 -0.434887 
2019-09-25 16:56:27 -1.77599 0.974157 -0.191767 -1.49548 0.217405 2.48694 -0.395117 
2019-09-25 16:56:27 -1.77647 0.974133 -0.191646 -1.49548 0.21817 2.48692 -0.354239 
2019-09-25 16:56:27 -1.77658 0.974126 -0.191622 -1.49549 0.218477 2.48695 -0.318593 
2019-09-25 16:56:28 -1.7767 0.974123 -0.19162 -1.49547 0.218955 2.48697 -0.288672 
2019-09-25 16:56:28 -1.77691 0.974097 -0.191601 -1.49545 0.219535 2.487 -0.256623 
2019-09-25 16:56:28 -1.77705 0.974104 -0.191648 -1.49547 0.220051 2.487 -0.228777 
2019-09-25 16:56:28 -1.77794 0.974074 -0.191626 -1.49548 0.220769 2.48701 -0.202282 
2019-09-25 16:56:28 -1.77897 0.974051 -0.191647 -1.49551 0.221983 2.487 -0.173863 
2019-09-25 16:56:28 -1.77961 0.97405 -0.191649 -1.49549 0.223288 2.48703 -0.148441 
2019-09-25 16:56:28 -1.77963 0.974047 -0.191609 -1.49547 0.22443 2.48711 -0.125715 
2019-09-25 16:56:28 -1.7793 0.974034 -0.191573 -1.49547 0.224834 2.4871 -0.0998862 
2019-09-25 16:56:28 -1.77878 0.974018 -0.191535 -1.4955 0.224967 2.48709 -0.0737276 
2019-09-25 16:56:28 -1.7782 0.973992 -0.191406 -1.4955 0.225044 2.4871 -0.0498401 
2019-09-25 16:56:28 -1.77766 0.973967 -0.191162 -1.49551 0.225075 2.48709 -0.0257848 
2019-09-25 16:56:28 -1.77737 0.973944 -0.19103 -1.49553 0.225102 2.48709 -0.00285872 
2019-09-25 16:56:28 -1.77724 0.973925 -0.190955 -1.49553 0.225135 2.48711 0.0219128 
2019-09-25 16:56:28 -1.77707 0.973911 -0.190892 -1.49553 0.225146 2.48712 0.0490686 
2019-09-25 16:56:28 -1.77652 0.973907 -0.190784 -1.49554 0.225158 2.48712 0.075432 
2019-09-25 16:56:28 -1.77578 0.973908 -0.190617 -1.49556 0.225219 2.48714 0.105202 
2019-09-25 16:56:29 -1.77487 0.973907 -0.190416 -1.49556 0.225227 2.48736 0.134747 
2019-09-25 16:56:29 -1.77423 0.973886 -0.190423 -1.49567 0.225224 2.48752 0.160503 
2019-09-25 16:56:29 -1.77397 0.97387 -0.190417 -1.49565 0.225228 2.4876 0.183607 
2019-09-25 16:56:29 -1.77398 0.97389 -0.190454 -1.49564 0.225224 2.48794 0.202584 
2019-09-25 16:56:29 -1.77434 0.973912 -0.190472 -1.49564 0.225227 2.48821 0.216952 
2019-09-25 16:56:29 -1.7748 0.973899 -0.190464 -1.49561 0.225243 2.48899 0.234393 
2019-09-25 16:56:29 -1.77464 0.974189 -0.190047 -1.49533 0.225289 2.49062 0.247038 
2019-09-25 16:56:29 -1.77451 0.974384 -0.189303 -1.49504 0.225345 2.49193 0.262871 
2019-09-25 16:56:29 -1.77439 0.975089 -0.188457 -1.49378 0.225342 2.49271 0.279325 
2019-09-25 16:56:29 -1.77435 0.975778 -0.188412 -1.4925 0.225348 2.49271 0.288563 
2019-09-25 16:56:29 -1.7743 0.97625 -0.188188 -1.49164 0.225342 2.49271 0.299104 
2019-09-25 16:56:29 -1.77416 0.976235 -0.1881 -1.4916 0.225338 2.49271 0.304943 
2019-09-25 16:56:29 -1.77423 0.976247 -0.188106 -1.49151 0.225344 2.49271 0.306037 
2019-09-25 16:56:29 -1.77424 0.976268 -0.188105 -1.49149 0.225337 2.49271 0.306231 
2019-09-25 16:56:29 -1.77428 0.976272 -0.188111 -1.49145 0.225336 2.49271 0.306289 
2019-09-25 16:56:29 -1.77433 0.976305 -0.188112 -1.49138 0.225336 2.49271 0.306281 
2019-09-25 16:56:29 -1.77438 0.976371 -0.188119 -1.49125 0.225327 2.49271 0.30628 
2019-09-25 16:56:30 -1.7744 0.976417 -0.18811 -1.49119 0.225326 2.49271 0.306282 
2019-09-25 16:56:30 -1.7744 0.976433 -0.188112 -1.49117 0.225325 2.49271 0.306275 
2019-09-25 16:56:30 -1.77441 0.976437 -0.188109 -1.49117 0.225324 2.49271 0.306273 
2019-09-25 16:56:30 -1.7744 0.976443 -0.188111 -1.49117 0.225309 2.49271 0.306265 
2019-09-25 16:56:30 -1.77439 0.976438 -0.188115 -1.49117 0.225282 2.4927 0.306239 
2019-09-25 16:56:30 -1.77424 0.976427 -0.188143 -1.4912 0.225108 2.49268 0.305067 
2019-09-25 16:56:30 -1.77403 0.976375 -0.188169 -1.49122 0.225012 2.49267 0.303969 
2019-09-25 16:56:30 -1.77404 0.976363 -0.188175 -1.49119 0.225004 2.49266 0.303967 
2019-09-25 16:56:30 -1.77407 0.976363 -0.188182 -1.49119 0.225 2.49266 0.30396 
2019-09-25 16:56:30 -1.77407 0.97636 -0.188179 -1.49119 0.224994 2.49267 0.30396 
2019-09-25 16:56:30 -1.77406 0.97636 -0.18818 -1.49119 0.224983 2.49266 0.303962 
2019-09-25 16:56:30 -1.77406 0.976358 -0.188177 -1.49119 0.224978 2.49266 0.303957 
2019-09-25 16:56:30 -1.77406 0.976355 -0.188179 -1.49119 0.224976 2.49266 0.303959 
2019-09-25 16:56:30 -1.77405 0.976362 -0.188177 -1.49119 0.224975 2.49266 0.303965 
