2019-09-25 17:00:09 -1.80594 -0.155052 -0.271566 -1.82499 -0.0537114 1.72731 -1.25208 
2019-09-25 17:00:09 -1.80593 -0.155056 -0.271557 -1.82499 -0.0537146 1.7273 -1.25209 
2019-09-25 17:00:09 -1.80593 -0.155056 -0.271565 -1.82498 -0.0537103 1.7273 -1.25209 
2019-09-25 17:00:09 -1.80593 -0.155053 -0.271565 -1.82498 -0.053714 1.7273 -1.25209 
2019-09-25 17:00:09 -1.80593 -0.15505 -0.271569 -1.82499 -0.0537146 1.7273 -1.25208 
2019-09-25 17:00:09 -1.80593 -0.155052 -0.271563 -1.82499 -0.0537134 1.7273 -1.25208 
2019-09-25 17:00:09 -1.80593 -0.15505 -0.271565 -1.82498 -0.053714 1.7273 -1.25209 
2019-09-25 17:00:10 -1.80593 -0.155054 -0.271564 -1.82499 -0.053714 1.7273 -1.25208 
2019-09-25 17:00:10 -1.80594 -0.155052 -0.271567 -1.82499 -0.0537095 1.7273 -1.25208 
2019-09-25 17:00:10 -1.80593 -0.155054 -0.271564 -1.82499 -0.0537134 1.7273 -1.25209 
2019-09-25 17:00:10 -1.80593 -0.155052 -0.271562 -1.82498 -0.0537146 1.7273 -1.25209 
2019-09-25 17:00:10 -1.80593 -0.155056 -0.271568 -1.82498 -0.0537134 1.7273 -1.25208 
2019-09-25 17:00:10 -1.80593 -0.155057 -0.271563 -1.82499 -0.0537146 1.7273 -1.25208 
2019-09-25 17:00:10 -1.80593 -0.155053 -0.271567 -1.82499 -0.0537101 1.7273 -1.25208 
2019-09-25 17:00:10 -1.80593 -0.155056 -0.271563 -1.82499 -0.0537146 1.7273 -1.25208 
2019-09-25 17:00:10 -1.80593 -0.155055 -0.271563 -1.82499 -0.0537133 1.7273 -1.25209 
2019-09-25 17:00:10 -1.80594 -0.15505 -0.271571 -1.82501 -0.0537134 1.7273 -1.25209 
2019-09-25 17:00:10 -1.80592 -0.15505 -0.271556 -1.82499 -0.0537129 1.7273 -1.25208 
2019-09-25 17:00:10 -1.80594 -0.155057 -0.271573 -1.82498 -0.0537134 1.7273 -1.25208 
2019-09-25 17:00:10 -1.80592 -0.155054 -0.271559 -1.82498 -0.0537134 1.7273 -1.25209 
2019-09-25 17:00:10 -1.80593 -0.15505 -0.271571 -1.82499 -0.0537127 1.7273 -1.25209 
2019-09-25 17:00:10 -1.80593 -0.155066 -0.27156 -1.82498 -0.0537134 1.7273 -1.25208 
2019-09-25 17:00:10 -1.80592 -0.155056 -0.271567 -1.82498 -0.053712 1.72729 -1.25208 
2019-09-25 17:00:10 -1.80593 -0.15505 -0.271559 -1.82497 -0.0537127 1.72729 -1.25209 
2019-09-25 17:00:10 -1.80593 -0.155074 -0.27157 -1.82496 -0.0537127 1.72729 -1.25208 
2019-09-25 17:00:11 -1.80592 -0.155032 -0.271562 -1.82488 -0.0537127 1.72729 -1.25209 
2019-09-25 17:00:11 -1.80591 -0.155187 -0.271554 -1.82473 -0.0537134 1.72729 -1.25208 
2019-09-25 17:00:11 -1.80594 -0.155229 -0.271576 -1.82472 -0.0537127 1.72729 -1.25208 
2019-09-25 17:00:11 -1.80593 -0.155227 -0.271557 -1.82472 -0.0537114 1.72729 -1.25208 
2019-09-25 17:00:11 -1.80592 -0.155219 -0.271561 -1.82472 -0.0537127 1.72729 -1.25209 
2019-09-25 17:00:11 -1.80593 -0.155217 -0.271565 -1.82472 -0.0537127 1.72729 -1.25208 
2019-09-25 17:00:11 -1.80592 -0.155224 -0.271557 -1.82472 -0.0537102 1.72729 -1.25208 
2019-09-25 17:00:11 -1.80593 -0.155226 -0.271567 -1.82472 -0.0537127 1.72729 -1.25209 
2019-09-25 17:00:11 -1.80592 -0.155221 -0.271561 -1.82472 -0.053712 1.72729 -1.25208 
2019-09-25 17:00:11 -1.80593 -0.155224 -0.271561 -1.82472 -0.0537113 1.72729 -1.25208 
2019-09-25 17:00:11 -1.80593 -0.155224 -0.271564 -1.82472 -0.0537134 1.72729 -1.25209 
2019-09-25 17:00:11 -1.80593 -0.155223 -0.271566 -1.82472 -0.0537132 1.72729 -1.25209 
2019-09-25 17:00:11 -1.80592 -0.155217 -0.271561 -1.82472 -0.0537092 1.72729 -1.25209 
2019-09-25 17:00:11 -1.80593 -0.155223 -0.271568 -1.82472 -0.0537092 1.72729 -1.25209 
2019-09-25 17:00:11 -1.80593 -0.155226 -0.271564 -1.82472 -0.0537134 1.72729 -1.25208 
2019-09-25 17:00:11 -1.80593 -0.155224 -0.271564 -1.82472 -0.0537127 1.72729 -1.25209 
2019-09-25 17:00:11 -1.80592 -0.155221 -0.271562 -1.82472 -0.0537127 1.72729 -1.25208 
2019-09-25 17:00:12 -1.80592 -0.155223 -0.271563 -1.82472 -0.0537113 1.72729 -1.25208 
2019-09-25 17:00:12 -1.80593 -0.155226 -0.27157 -1.82472 -0.0537127 1.72729 -1.25209 
2019-09-25 17:00:12 -1.80592 -0.155223 -0.271559 -1.82472 -0.0537127 1.72729 -1.25208 
2019-09-25 17:00:12 -1.80593 -0.155223 -0.271568 -1.82472 -0.0537124 1.72729 -1.25209 
2019-09-25 17:00:12 -1.80592 -0.155226 -0.271561 -1.82472 -0.0537127 1.72729 -1.25209 
2019-09-25 17:00:12 -1.80593 -0.155224 -0.271571 -1.82472 -0.0537134 1.72729 -1.25209 
2019-09-25 17:00:12 -1.80592 -0.155223 -0.271563 -1.82472 -0.0537132 1.72729 -1.25208 
2019-09-25 17:00:12 -1.80593 -0.155223 -0.271563 -1.82472 -0.053712 1.72729 -1.25208 
2019-09-25 17:00:12 -1.80593 -0.155228 -0.271567 -1.82472 -0.0537127 1.72729 -1.25208 
2019-09-25 17:00:12 -1.80592 -0.155221 -0.271554 -1.82472 -0.053712 1.72728 -1.25208 
2019-09-25 17:00:12 -1.80593 -0.155226 -0.271564 -1.82472 -0.0537134 1.72729 -1.25209 
2019-09-25 17:00:12 -1.80592 -0.155219 -0.271557 -1.82472 -0.05371 1.72729 -1.25208 
2019-09-25 17:00:12 -1.80591 -0.155224 -0.271557 -1.82472 -0.0537117 1.72729 -1.25208 
2019-09-25 17:00:12 -1.80594 -0.155221 -0.27158 -1.82472 -0.0537111 1.72729 -1.25208 
2019-09-25 17:00:12 -1.80592 -0.155226 -0.271556 -1.82471 -0.0537133 1.7273 -1.25209 
2019-09-25 17:00:12 -1.80595 -0.155221 -0.27159 -1.82471 -0.0537119 1.72729 -1.25208 
2019-09-25 17:00:12 -1.80596 -0.15524 -0.271603 -1.82463 -0.053714 1.72731 -1.25209 
2019-09-25 17:00:13 -1.806 -0.155267 -0.271637 -1.82452 -0.0537153 1.72732 -1.25209 
2019-09-25 17:00:13 -1.80594 -0.155206 -0.271579 -1.82447 -0.0537145 1.72731 -1.25208 
2019-09-25 17:00:13 -1.80586 -0.155055 -0.271507 -1.82456 -0.0537095 1.7273 -1.25208 
2019-09-25 17:00:13 -1.80569 -0.154872 -0.271421 -1.8246 -0.0537045 1.72729 -1.25209 
2019-09-25 17:00:13 -1.80558 -0.154559 -0.27125 -1.82465 -0.0537044 1.7273 -1.25208 
2019-09-25 17:00:13 -1.8044 -0.153925 -0.270871 -1.82439 -0.0536319 1.72731 -1.2521 
2019-09-25 17:00:13 -1.80078 -0.152345 -0.269754 -1.82269 -0.0535846 1.72737 -1.25209 
2019-09-25 17:00:13 -1.79464 -0.149692 -0.268484 -1.82068 -0.0534211 1.72763 -1.25207 
2019-09-25 17:00:13 -1.78695 -0.145604 -0.266741 -1.81877 -0.0531999 1.72939 -1.25203 
2019-09-25 17:00:13 -1.77766 -0.139959 -0.265243 -1.81737 -0.0528307 1.73448 -1.25014 
2019-09-25 17:00:13 -1.76793 -0.132959 -0.263253 -1.81694 -0.0520719 1.74274 -1.24036 
2019-09-25 17:00:13 -1.75717 -0.123583 -0.26149 -1.81685 -0.0512516 1.75157 -1.21993 
2019-09-25 17:00:13 -1.74558 -0.111223 -0.259901 -1.81685 -0.0498824 1.76287 -1.19743 
2019-09-25 17:00:13 -1.73308 -0.0979036 -0.258168 -1.81634 -0.0475474 1.77521 -1.17706 
2019-09-25 17:00:13 -1.72057 -0.0825384 -0.256918 -1.81576 -0.0447269 1.79039 -1.16042 
2019-09-25 17:00:13 -1.70765 -0.0666784 -0.255849 -1.81374 -0.041856 1.80364 -1.14091 
2019-09-25 17:00:13 -1.69446 -0.049696 -0.255008 -1.81095 -0.0378273 1.8173 -1.11508 
2019-09-25 17:00:13 -1.68091 -0.0309282 -0.253347 -1.80761 -0.0338446 1.83139 -1.08439 
2019-09-25 17:00:14 -1.66681 -0.0112331 -0.251401 -1.80186 -0.0295857 1.84477 -1.05381 
2019-09-25 17:00:14 -1.65107 0.0113106 -0.248369 -1.79234 -0.0245403 1.85867 -1.02326 
2019-09-25 17:00:14 -1.63392 0.0365776 -0.245231 -1.77914 -0.0198297 1.87056 -0.995211 
2019-09-25 17:00:14 -1.6163 0.0650232 -0.243575 -1.76114 -0.0145364 1.88018 -0.963421 
2019-09-25 17:00:14 -1.59963 0.0958108 -0.243123 -1.73981 -0.00751584 1.88786 -0.9288 
2019-09-25 17:00:14 -1.58444 0.129419 -0.242806 -1.71443 -0.000389286 1.89585 -0.893296 
2019-09-25 17:00:14 -1.57174 0.164433 -0.242715 -1.68625 0.00721366 1.90296 -0.864116 
2019-09-25 17:00:14 -1.56134 0.203197 -0.242439 -1.6543 0.01532 1.90755 -0.84074 
2019-09-25 17:00:14 -1.55474 0.242429 -0.242448 -1.61983 0.0236355 1.91122 -0.820281 
2019-09-25 17:00:14 -1.55183 0.282249 -0.242497 -1.58461 0.0314466 1.91317 -0.809279 
2019-09-25 17:00:14 -1.55243 0.319331 -0.243151 -1.55111 0.039313 1.91455 -0.805107 
2019-09-25 17:00:14 -1.5545 0.355284 -0.24498 -1.52066 0.0475185 1.91671 -0.804895 
2019-09-25 17:00:14 -1.55843 0.387916 -0.247114 -1.49524 0.0553053 1.92105 -0.804904 
2019-09-25 17:00:14 -1.56325 0.41773 -0.249316 -1.47426 0.0632774 1.92736 -0.804925 
2019-09-25 17:00:14 -1.56924 0.444188 -0.250133 -1.45939 0.0705573 1.9375 -0.804968 
2019-09-25 17:00:14 -1.57577 0.468584 -0.249977 -1.45143 0.0748657 1.95106 -0.806361 
2019-09-25 17:00:14 -1.58219 0.490293 -0.249804 -1.4504 0.0788696 1.96796 -0.812201 
2019-09-25 17:00:15 -1.58904 0.511962 -0.249494 -1.45101 0.0834598 1.98853 -0.825465 
2019-09-25 17:00:15 -1.5956 0.53277 -0.249283 -1.45167 0.0888364 2.00924 -0.844459 
2019-09-25 17:00:15 -1.60239 0.554004 -0.24891 -1.45217 0.0938788 2.03086 -0.868527 
2019-09-25 17:00:15 -1.6094 0.574897 -0.248864 -1.45224 0.0991556 2.0504 -0.897023 
2019-09-25 17:00:15 -1.61697 0.594959 -0.248735 -1.45236 0.104875 2.0695 -0.931662 
2019-09-25 17:00:15 -1.62416 0.613112 -0.248527 -1.4525 0.110126 2.08646 -0.968205 
2019-09-25 17:00:15 -1.63153 0.631173 -0.248356 -1.45388 0.114917 2.10476 -1.00434 
2019-09-25 17:00:15 -1.63983 0.64843 -0.248315 -1.456 0.120054 2.1212 -1.03146 
2019-09-25 17:00:15 -1.64897 0.664416 -0.248157 -1.46021 0.12538 2.1402 -1.05278 
2019-09-25 17:00:15 -1.65816 0.680276 -0.247341 -1.46649 0.130975 2.16007 -1.07491 
2019-09-25 17:00:15 -1.66687 0.695577 -0.246672 -1.47418 0.13754 2.18229 -1.09044 
2019-09-25 17:00:15 -1.67418 0.710115 -0.245992 -1.48333 0.143608 2.20474 -1.10301 
2019-09-25 17:00:15 -1.68076 0.724404 -0.244955 -1.49426 0.149223 2.22884 -1.1115 
2019-09-25 17:00:15 -1.68645 0.736672 -0.243907 -1.50783 0.152681 2.25535 -1.12236 
2019-09-25 17:00:15 -1.69218 0.748249 -0.242799 -1.52361 0.15659 2.28242 -1.12829 
2019-09-25 17:00:15 -1.69728 0.757836 -0.242211 -1.54087 0.162446 2.3105 -1.12838 
2019-09-25 17:00:15 -1.70201 0.765846 -0.241557 -1.55728 0.167964 2.33562 -1.12838 
2019-09-25 17:00:15 -1.7066 0.773379 -0.239699 -1.57246 0.172707 2.35846 -1.12837 
2019-09-25 17:00:16 -1.71011 0.779671 -0.237511 -1.58529 0.178995 2.37914 -1.12818 
2019-09-25 17:00:16 -1.71173 0.785373 -0.236365 -1.59419 0.188261 2.39426 -1.12386 
2019-09-25 17:00:16 -1.71215 0.791456 -0.236404 -1.59807 0.196463 2.40406 -1.11415 
2019-09-25 17:00:16 -1.71264 0.798021 -0.236399 -1.59901 0.20194 2.41201 -1.09677 
2019-09-25 17:00:16 -1.71308 0.803768 -0.236404 -1.59898 0.205237 2.41695 -1.07635 
2019-09-25 17:00:16 -1.71352 0.807994 -0.236414 -1.59893 0.205996 2.42006 -1.05782 
2019-09-25 17:00:16 -1.71428 0.8113 -0.236447 -1.59892 0.205977 2.42299 -1.05591 
2019-09-25 17:00:16 -1.71533 0.814119 -0.236516 -1.59892 0.205884 2.42404 -1.06855 
2019-09-25 17:00:16 -1.71679 0.816741 -0.236742 -1.59889 0.205871 2.42589 -1.1042 
2019-09-25 17:00:16 -1.71875 0.819094 -0.236777 -1.59888 0.205874 2.4286 -1.14957 
2019-09-25 17:00:16 -1.72121 0.820793 -0.236753 -1.59888 0.205873 2.4304 -1.19325 
2019-09-25 17:00:16 -1.72356 0.821819 -0.236735 -1.59889 0.20588 2.43079 -1.23288 
2019-09-25 17:00:16 -1.72605 0.822242 -0.236455 -1.59889 0.205896 2.43113 -1.26441 
2019-09-25 17:00:16 -1.72859 0.822325 -0.235789 -1.59858 0.205981 2.43174 -1.27681 
2019-09-25 17:00:16 -1.73114 0.822568 -0.234461 -1.59735 0.207232 2.43216 -1.27413 
2019-09-25 17:00:16 -1.73264 0.823632 -0.233929 -1.59531 0.211811 2.43226 -1.25706 
2019-09-25 17:00:16 -1.73366 0.825637 -0.233944 -1.59307 0.215515 2.43226 -1.23285 
2019-09-25 17:00:17 -1.73447 0.828507 -0.233925 -1.59148 0.216538 2.43236 -1.21026 
2019-09-25 17:00:17 -1.73469 0.832441 -0.233911 -1.59123 0.216533 2.4343 -1.20537 
2019-09-25 17:00:17 -1.73466 0.838117 -0.233499 -1.59057 0.216508 2.43931 -1.20865 
2019-09-25 17:00:17 -1.73468 0.84646 -0.232387 -1.58837 0.216504 2.44733 -1.22812 
2019-09-25 17:00:17 -1.73474 0.85612 -0.23099 -1.58505 0.216508 2.45454 -1.2494 
2019-09-25 17:00:17 -1.73506 0.865648 -0.229616 -1.57871 0.216512 2.45806 -1.26485 
2019-09-25 17:00:17 -1.73571 0.874985 -0.2286 -1.56961 0.216521 2.45818 -1.2738 
2019-09-25 17:00:17 -1.73704 0.883833 -0.226925 -1.55968 0.216525 2.45817 -1.27865 
2019-09-25 17:00:17 -1.73854 0.890518 -0.225439 -1.5512 0.216528 2.45818 -1.27874 
2019-09-25 17:00:17 -1.73995 0.896219 -0.22458 -1.54506 0.216583 2.45817 -1.27873 
2019-09-25 17:00:17 -1.74158 0.90102 -0.224032 -1.54098 0.217378 2.45818 -1.27819 
2019-09-25 17:00:17 -1.74339 0.904039 -0.223609 -1.53869 0.221539 2.45818 -1.27093 
2019-09-25 17:00:17 -1.74458 0.90447 -0.223743 -1.53824 0.2258 2.45818 -1.26254 
2019-09-25 17:00:17 -1.74531 0.904412 -0.223831 -1.53732 0.227088 2.45818 -1.25573 
2019-09-25 17:00:17 -1.74528 0.904414 -0.223542 -1.53611 0.227556 2.45818 -1.24884 
2019-09-25 17:00:17 -1.74496 0.904415 -0.222554 -1.53508 0.227633 2.45818 -1.23834 
2019-09-25 17:00:17 -1.74416 0.904473 -0.221787 -1.53495 0.22763 2.45818 -1.23306 
2019-09-25 17:00:17 -1.74318 0.904674 -0.221457 -1.53496 0.227583 2.45819 -1.23314 
2019-09-25 17:00:18 -1.74247 0.904814 -0.22141 -1.53497 0.22747 2.45818 -1.23639 
2019-09-25 17:00:18 -1.74237 0.904986 -0.221425 -1.53497 0.227362 2.45818 -1.2439 
2019-09-25 17:00:18 -1.74259 0.905102 -0.22145 -1.53496 0.227348 2.45818 -1.25385 
2019-09-25 17:00:18 -1.74292 0.90512 -0.221551 -1.53493 0.227341 2.45818 -1.26357 
2019-09-25 17:00:18 -1.74335 0.905133 -0.221709 -1.53491 0.227336 2.45818 -1.27315 
2019-09-25 17:00:18 -1.74371 0.905127 -0.221762 -1.53477 0.227337 2.45819 -1.28102 
2019-09-25 17:00:18 -1.74367 0.90513 -0.221721 -1.53456 0.227335 2.45819 -1.28592 
2019-09-25 17:00:18 -1.74341 0.905132 -0.221687 -1.53449 0.227337 2.45818 -1.28983 
2019-09-25 17:00:18 -1.74341 0.90519 -0.221634 -1.53448 0.227346 2.45819 -1.29036 
2019-09-25 17:00:18 -1.7437 0.905211 -0.221678 -1.53429 0.227414 2.45819 -1.29007 
2019-09-25 17:00:18 -1.74417 0.905258 -0.221675 -1.5337 0.227589 2.45819 -1.2825 
2019-09-25 17:00:18 -1.74471 0.905338 -0.221649 -1.53335 0.227767 2.45819 -1.2695 
2019-09-25 17:00:18 -1.74473 0.905643 -0.221605 -1.5333 0.227771 2.45819 -1.25626 
2019-09-25 17:00:18 -1.74465 0.906445 -0.221464 -1.53329 0.227771 2.45819 -1.24991 
2019-09-25 17:00:18 -1.74443 0.907834 -0.22142 -1.53309 0.227767 2.45819 -1.2499 
2019-09-25 17:00:18 -1.74416 0.909759 -0.221401 -1.5322 0.22774 2.45819 -1.25004 
2019-09-25 17:00:18 -1.74389 0.91197 -0.221382 -1.53055 0.227691 2.45819 -1.25431 
2019-09-25 17:00:19 -1.74358 0.91488 -0.221317 -1.52733 0.227678 2.45819 -1.26484 
2019-09-25 17:00:19 -1.74352 0.918228 -0.221227 -1.52291 0.22768 2.45819 -1.27409 
2019-09-25 17:00:19 -1.7436 0.921349 -0.221261 -1.51915 0.227676 2.45819 -1.28 
2019-09-25 17:00:19 -1.7438 0.923572 -0.221246 -1.51698 0.227676 2.45819 -1.28396 
2019-09-25 17:00:19 -1.74379 0.924279 -0.22124 -1.5168 0.227677 2.45819 -1.28879 
2019-09-25 17:00:19 -1.74399 0.924239 -0.2213 -1.51676 0.227679 2.45819 -1.29787 
2019-09-25 17:00:19 -1.74456 0.92422 -0.221601 -1.51624 0.227679 2.45819 -1.30008 
2019-09-25 17:00:19 -1.74551 0.924211 -0.221813 -1.5152 0.227682 2.45819 -1.30008 
2019-09-25 17:00:19 -1.74645 0.924217 -0.22178 -1.51383 0.227689 2.45819 -1.30006 
2019-09-25 17:00:19 -1.74664 0.92422 -0.221767 -1.51299 0.227719 2.45819 -1.2999 
2019-09-25 17:00:19 -1.74665 0.924296 -0.221757 -1.51301 0.227747 2.45817 -1.29732 
2019-09-25 17:00:19 -1.74679 0.924476 -0.221764 -1.51311 0.227764 2.45816 -1.29558 
2019-09-25 17:00:19 -1.74734 0.924716 -0.221765 -1.51339 0.227764 2.45815 -1.29522 
2019-09-25 17:00:19 -1.74781 0.925068 -0.221765 -1.51365 0.227758 2.45814 -1.29525 
2019-09-25 17:00:19 -1.74788 0.925279 -0.221762 -1.5138 0.227734 2.45813 -1.29569 
2019-09-25 17:00:19 -1.74776 0.925259 -0.22172 -1.51382 0.227717 2.45809 -1.2979 
2019-09-25 17:00:19 -1.74764 0.925228 -0.22169 -1.51386 0.227699 2.45778 -1.29925 
2019-09-25 17:00:19 -1.74757 0.92522 -0.221649 -1.51389 0.227682 2.45766 -1.30089 
2019-09-25 17:00:20 -1.74752 0.92519 -0.221652 -1.51391 0.227675 2.45743 -1.30312 
2019-09-25 17:00:20 -1.74751 0.925163 -0.221655 -1.5139 0.22767 2.45729 -1.3053 
2019-09-25 17:00:20 -1.74751 0.925155 -0.221655 -1.51392 0.22766 2.45717 -1.30628 
2019-09-25 17:00:20 -1.74755 0.925133 -0.221733 -1.51394 0.227661 2.45684 -1.30912 
2019-09-25 17:00:20 -1.74758 0.925107 -0.222083 -1.5141 0.227652 2.45682 -1.31266 
2019-09-25 17:00:20 -1.74772 0.92507 -0.222556 -1.51434 0.227653 2.45682 -1.31701 
2019-09-25 17:00:20 -1.74797 0.925058 -0.222827 -1.51445 0.227655 2.45682 -1.31888 
2019-09-25 17:00:20 -1.74796 0.924976 -0.222804 -1.51457 0.227651 2.45681 -1.31944 
2019-09-25 17:00:20 -1.74788 0.924941 -0.222755 -1.51462 0.227654 2.45681 -1.31994 
2019-09-25 17:00:20 -1.74772 0.924889 -0.222668 -1.51474 0.227658 2.4568 -1.31994 
2019-09-25 17:00:20 -1.74769 0.924801 -0.222412 -1.51489 0.227683 2.45681 -1.31987 
2019-09-25 17:00:20 -1.74767 0.924668 -0.222057 -1.51491 0.227721 2.45681 -1.31741 
2019-09-25 17:00:20 -1.74762 0.924648 -0.221959 -1.51491 0.227736 2.45682 -1.31527 
2019-09-25 17:00:20 -1.74765 0.92462 -0.221967 -1.51491 0.227744 2.45683 -1.31322 
2019-09-25 17:00:20 -1.74761 0.924623 -0.221958 -1.51494 0.227746 2.45683 -1.31258 
2019-09-25 17:00:20 -1.74753 0.924623 -0.22188 -1.51495 0.227747 2.45682 -1.31186 
2019-09-25 17:00:20 -1.74723 0.924581 -0.221326 -1.51496 0.22775 2.45682 -1.31082 
2019-09-25 17:00:21 -1.74639 0.924547 -0.220784 -1.51509 0.22774 2.45681 -1.31083 
2019-09-25 17:00:21 -1.74534 0.924626 -0.220651 -1.51559 0.227743 2.45681 -1.31082 
2019-09-25 17:00:21 -1.745 0.924533 -0.220696 -1.51774 0.227746 2.45802 -1.31083 
2019-09-25 17:00:21 -1.74564 0.924631 -0.221043 -1.51838 0.227746 2.4581 -1.31084 
2019-09-25 17:00:21 -1.74625 0.924725 -0.22054 -1.51958 0.227745 2.45819 -1.31085 
2019-09-25 17:00:21 -1.74612 0.924753 -0.220497 -1.51947 0.227745 2.45845 -1.31085 
2019-09-25 17:00:21 -1.7463 0.924756 -0.220522 -1.51939 0.227749 2.45846 -1.31085 
2019-09-25 17:00:21 -1.74648 0.924783 -0.220505 -1.51934 0.227769 2.45846 -1.31084 
2019-09-25 17:00:21 -1.7465 0.92481 -0.220493 -1.51932 0.227782 2.45847 -1.31082 
2019-09-25 17:00:21 -1.74654 0.92496 -0.220484 -1.51914 0.22782 2.45851 -1.31078 
2019-09-25 17:00:21 -1.74652 0.925457 -0.220413 -1.51879 0.227831 2.4586 -1.31076 
2019-09-25 17:00:21 -1.7467 0.926178 -0.220379 -1.51847 0.227884 2.45865 -1.31072 
2019-09-25 17:00:21 -1.7468 0.926776 -0.220208 -1.51801 0.227939 2.45914 -1.31058 
2019-09-25 17:00:21 -1.747 0.926808 -0.220156 -1.51793 0.228038 2.45916 -1.3105 
2019-09-25 17:00:21 -1.74727 0.926872 -0.220082 -1.5178 0.228483 2.45916 -1.30941 
2019-09-25 17:00:21 -1.74758 0.926954 -0.220036 -1.51766 0.228746 2.45916 -1.30605 
2019-09-25 17:00:21 -1.74777 0.927055 -0.219997 -1.51754 0.228768 2.45916 -1.30377 
2019-09-25 17:00:22 -1.7478 0.927186 -0.219815 -1.51751 0.228769 2.45916 -1.30375 
2019-09-25 17:00:22 -1.74788 0.92822 -0.219639 -1.51717 0.228773 2.45916 -1.30376 
2019-09-25 17:00:22 -1.74801 0.930432 -0.219546 -1.5156 0.228805 2.45916 -1.30375 
2019-09-25 17:00:22 -1.74813 0.933664 -0.219466 -1.51351 0.228909 2.45919 -1.30374 
2019-09-25 17:00:22 -1.74821 0.936684 -0.219405 -1.51192 0.229461 2.46024 -1.30296 
2019-09-25 17:00:22 -1.74828 0.939305 -0.219328 -1.51104 0.230134 2.46235 -1.30279 
2019-09-25 17:00:22 -1.74832 0.942102 -0.219132 -1.50968 0.230816 2.46387 -1.30275 
2019-09-25 17:00:22 -1.7483 0.944676 -0.218866 -1.50766 0.231315 2.46451 -1.30261 
2019-09-25 17:00:22 -1.74878 0.947464 -0.218688 -1.50649 0.231754 2.46638 -1.3026 
2019-09-25 17:00:22 -1.74895 0.950436 -0.21852 -1.50443 0.232666 2.46715 -1.30256 
2019-09-25 17:00:22 -1.74928 0.953412 -0.218492 -1.50289 0.233024 2.46864 -1.30255 
2019-09-25 17:00:22 -1.74974 0.956383 -0.218094 -1.50148 0.234391 2.46989 -1.30256 
2019-09-25 17:00:22 -1.74994 0.959412 -0.217965 -1.50002 0.235678 2.47096 -1.30255 
2019-09-25 17:00:22 -1.75006 0.962289 -0.217898 -1.49864 0.23647 2.47199 -1.30256 
2019-09-25 17:00:22 -1.75035 0.965286 -0.217554 -1.49686 0.236973 2.47296 -1.30256 
2019-09-25 17:00:22 -1.75083 0.969696 -0.217174 -1.49387 0.237446 2.47361 -1.30256 
2019-09-25 17:00:22 -1.75153 0.976612 -0.216562 -1.48875 0.238258 2.4743 -1.30256 
2019-09-25 17:00:22 -1.75208 0.98293 -0.216348 -1.48342 0.238583 2.47607 -1.30256 
2019-09-25 17:00:23 -1.75259 0.983925 -0.216028 -1.48201 0.238657 2.476 -1.30256 
2019-09-25 17:00:23 -1.75282 0.983823 -0.215949 -1.48189 0.238874 2.47597 -1.3025 
2019-09-25 17:00:23 -1.75304 0.983864 -0.215827 -1.4819 0.239327 2.47595 -1.30132 
2019-09-25 17:00:23 -1.75341 0.983874 -0.215836 -1.48197 0.240406 2.47568 -1.29294 
2019-09-25 17:00:23 -1.75402 0.983841 -0.215977 -1.48209 0.242445 2.47464 -1.27291 
2019-09-25 17:00:23 -1.75504 0.983594 -0.216174 -1.48236 0.244357 2.4732 -1.24192 
2019-09-25 17:00:23 -1.75636 0.98352 -0.216215 -1.48247 0.245233 2.47288 -1.20384 
2019-09-25 17:00:23 -1.75754 0.983494 -0.21632 -1.4825 0.24577 2.47286 -1.16529 
2019-09-25 17:00:23 -1.75803 0.983489 -0.216217 -1.48241 0.246568 2.4729 -1.12284 
2019-09-25 17:00:23 -1.75795 0.983497 -0.216154 -1.48246 0.246867 2.47288 -1.07785 
2019-09-25 17:00:23 -1.75787 0.983482 -0.215965 -1.48248 0.247076 2.47286 -1.0287 
2019-09-25 17:00:23 -1.75773 0.983437 -0.215842 -1.48258 0.247317 2.47286 -0.984187 
2019-09-25 17:00:23 -1.7577 0.983411 -0.215637 -1.48258 0.247609 2.47285 -0.941038 
2019-09-25 17:00:23 -1.75765 0.983353 -0.215138 -1.48259 0.248341 2.47285 -0.894938 
2019-09-25 17:00:23 -1.75757 0.983246 -0.214514 -1.48259 0.249041 2.47284 -0.844217 
2019-09-25 17:00:23 -1.7574 0.983149 -0.214026 -1.48261 0.249619 2.47283 -0.788103 
2019-09-25 17:00:23 -1.75725 0.983132 -0.213782 -1.48269 0.249866 2.47284 -0.725337 
2019-09-25 17:00:24 -1.75748 0.983106 -0.213823 -1.48273 0.249999 2.47283 -0.663853 
2019-09-25 17:00:24 -1.75801 0.98305 -0.213814 -1.48276 0.250183 2.47283 -0.604262 
2019-09-25 17:00:24 -1.75807 0.982991 -0.213801 -1.48284 0.250512 2.47282 -0.546969 
2019-09-25 17:00:24 -1.75797 0.982922 -0.213668 -1.48288 0.251027 2.47282 -0.4892 
2019-09-25 17:00:24 -1.75788 0.982781 -0.213371 -1.48291 0.251814 2.47284 -0.435274 
2019-09-25 17:00:24 -1.75773 0.982725 -0.212974 -1.48291 0.252917 2.47288 -0.381662 
2019-09-25 17:00:24 -1.75735 0.9826 -0.212811 -1.4829 0.254697 2.47297 -0.32898 
2019-09-25 17:00:24 -1.75674 0.982571 -0.212693 -1.48289 0.256588 2.47326 -0.276377 
2019-09-25 17:00:24 -1.75622 0.982553 -0.212375 -1.48286 0.257639 2.47351 -0.223193 
2019-09-25 17:00:24 -1.75565 0.982533 -0.212136 -1.48287 0.257926 2.47351 -0.16783 
2019-09-25 17:00:24 -1.75509 0.982534 -0.212013 -1.4829 0.257942 2.47351 -0.117341 
2019-09-25 17:00:24 -1.75484 0.982539 -0.211965 -1.48293 0.257959 2.4735 -0.0735258 
2019-09-25 17:00:24 -1.75483 0.98254 -0.211866 -1.48291 0.25804 2.47352 -0.0330583 
2019-09-25 17:00:24 -1.75482 0.982539 -0.211718 -1.48292 0.258125 2.47358 0.011152 
2019-09-25 17:00:24 -1.75473 0.982527 -0.211586 -1.48291 0.258133 2.47362 0.0561594 
2019-09-25 17:00:24 -1.75456 0.982538 -0.2116 -1.4829 0.258125 2.47392 0.0955218 
2019-09-25 17:00:24 -1.75508 0.982561 -0.211728 -1.48291 0.258144 2.47416 0.128893 
2019-09-25 17:00:24 -1.75519 0.982561 -0.211805 -1.48291 0.258139 2.4742 0.164972 
2019-09-25 17:00:25 -1.7555 0.982566 -0.211802 -1.48292 0.258142 2.4743 0.195912 
2019-09-25 17:00:25 -1.75561 0.982582 -0.211803 -1.48292 0.258148 2.47475 0.232447 
2019-09-25 17:00:25 -1.75567 0.982611 -0.211767 -1.4829 0.25815 2.47625 0.266864 
2019-09-25 17:00:25 -1.75524 0.982474 -0.211677 -1.48313 0.25815 2.47626 0.283775 
2019-09-25 17:00:25 -1.75526 0.982462 -0.211824 -1.4831 0.258154 2.47627 0.287464 
2019-09-25 17:00:25 -1.7553 0.982459 -0.211809 -1.4831 0.258155 2.47626 0.288037 
2019-09-25 17:00:25 -1.75535 0.982448 -0.211815 -1.4831 0.258155 2.47626 0.28803 
2019-09-25 17:00:25 -1.75537 0.982446 -0.211858 -1.4831 0.258107 2.47626 0.287974 
2019-09-25 17:00:25 -1.75536 0.982457 -0.212134 -1.48309 0.258021 2.47631 0.287031 
2019-09-25 17:00:25 -1.75537 0.982504 -0.212304 -1.48309 0.257999 2.47659 0.286511 
2019-09-25 17:00:25 -1.75549 0.982534 -0.212445 -1.48308 0.257996 2.47686 0.285662 
2019-09-25 17:00:25 -1.75559 0.982543 -0.212447 -1.48308 0.257993 2.47709 0.28507 
2019-09-25 17:00:25 -1.75557 0.982539 -0.212452 -1.48309 0.257969 2.4771 0.284641 
2019-09-25 17:00:25 -1.75554 0.982527 -0.212454 -1.48309 0.257946 2.47711 0.28396 
2019-09-25 17:00:25 -1.75551 0.982495 -0.212439 -1.48309 0.257927 2.4771 0.283563 
2019-09-25 17:00:25 -1.75551 0.982468 -0.212441 -1.48307 0.257893 2.47709 0.283535 
2019-09-25 17:00:25 -1.75551 0.982469 -0.212446 -1.48307 0.257882 2.47708 0.283539 
2019-09-25 17:00:26 -1.75551 0.982468 -0.212444 -1.48307 0.257876 2.47708 0.283537 
2019-09-25 17:00:26 -1.75549 0.982464 -0.21244 -1.48308 0.25785 2.47706 0.283535 
2019-09-25 17:00:26 -1.75548 0.982466 -0.21244 -1.48308 0.257843 2.47706 0.283535 
2019-09-25 17:00:26 -1.75548 0.982466 -0.212442 -1.48308 0.257843 2.47706 0.283536 
2019-09-25 17:00:26 -1.75548 0.982464 -0.212438 -1.48308 0.257842 2.47706 0.28353 
2019-09-25 17:00:26 -1.75548 0.982468 -0.21244 -1.48308 0.257837 2.47706 0.283536 
2019-09-25 17:00:26 -1.75548 0.982466 -0.212438 -1.48307 0.257837 2.47706 0.283536 
2019-09-25 17:00:26 -1.75548 0.982466 -0.21244 -1.48308 0.257837 2.47706 0.283536 
2019-09-25 17:00:26 -1.75548 0.982462 -0.212438 -1.48308 0.257838 2.47706 0.283534 
2019-09-25 17:00:26 -1.75548 0.982468 -0.212442 -1.48307 0.257836 2.47706 0.283531 
2019-09-25 17:00:26 -1.75548 0.982464 -0.212442 -1.48307 0.257837 2.47706 0.283529 
2019-09-25 17:00:26 -1.75548 0.982464 -0.212442 -1.48307 0.257838 2.47706 0.283537 
2019-09-25 17:00:26 -1.75548 0.982464 -0.212442 -1.48308 0.257836 2.47706 0.283536 
