2019-09-25 16:56:04 0.998867 -0.0316059 -0.0353107 0 -0.0301082 -0.998647 0.0421725 0 -0.0365965 -0.0410624 -0.998486 0 -0.267983 -0.450879 0.494426 1 
2019-09-25 16:56:04 0.998867 -0.031608 -0.0353108 0 -0.0301099 -0.998647 0.0421788 0 -0.0365969 -0.0410686 -0.998486 0 -0.267983 -0.450879 0.494428 1 
2019-09-25 16:56:04 0.998867 -0.0316067 -0.0353105 0 -0.0301087 -0.998647 0.0421786 0 -0.0365966 -0.0410684 -0.998486 0 -0.267984 -0.45088 0.494426 1 
2019-09-25 16:56:04 0.998867 -0.0316016 -0.0353074 0 -0.030104 -0.998647 0.0421704 0 -0.036593 -0.0410605 -0.998486 0 -0.267983 -0.450879 0.494424 1 
2019-09-25 16:56:04 0.998867 -0.0316022 -0.0353072 0 -0.0301047 -0.998647 0.0421698 0 -0.0365928 -0.0410599 -0.998486 0 -0.267982 -0.450878 0.494425 1 
2019-09-25 16:56:04 0.998867 -0.0316006 -0.0353103 0 -0.0301028 -0.998647 0.0421722 0 -0.0365959 -0.0410623 -0.998486 0 -0.267982 -0.450879 0.494426 1 
2019-09-25 16:56:04 0.998867 -0.031602 -0.0353084 0 -0.0301042 -0.998647 0.0421744 0 -0.0365941 -0.0410644 -0.998486 0 -0.267981 -0.45088 0.494426 1 
2019-09-25 16:56:04 0.998867 -0.0316052 -0.0353069 0 -0.0301076 -0.998647 0.0421701 0 -0.0365927 -0.0410601 -0.998486 0 -0.267981 -0.45088 0.494423 1 
2019-09-25 16:56:05 0.998867 -0.0316041 -0.0353102 0 -0.0301062 -0.998647 0.0421752 0 -0.0365961 -0.0410652 -0.998486 0 -0.267983 -0.45088 0.494425 1 
2019-09-25 16:56:05 0.998867 -0.0315998 -0.0353089 0 -0.030102 -0.998647 0.042173 0 -0.0365945 -0.0410631 -0.998486 0 -0.267981 -0.450881 0.494424 1 
2019-09-25 16:56:05 0.998867 -0.0316101 -0.0353064 0 -0.0301125 -0.998647 0.0421729 0 -0.0365924 -0.0410628 -0.998486 0 -0.267984 -0.450878 0.494424 1 
2019-09-25 16:56:05 0.998867 -0.0316024 -0.0353095 0 -0.0301047 -0.998647 0.0421721 0 -0.0365952 -0.0410621 -0.998486 0 -0.267981 -0.45088 0.494424 1 
2019-09-25 16:56:05 0.998867 -0.0316015 -0.0353127 0 -0.0301035 -0.998647 0.0421756 0 -0.0365984 -0.0410656 -0.998486 0 -0.267982 -0.45088 0.494427 1 
2019-09-25 16:56:05 0.998867 -0.0315969 -0.0353054 0 -0.0300995 -0.998647 0.0421678 0 -0.0365907 -0.0410582 -0.998487 0 -0.267979 -0.450881 0.494423 1 
2019-09-25 16:56:05 0.998867 -0.0316023 -0.0353096 0 -0.0301044 -0.998647 0.0421768 0 -0.0365955 -0.0410668 -0.998486 0 -0.267981 -0.450881 0.494426 1 
2019-09-25 16:56:05 0.998867 -0.0316019 -0.0353072 0 -0.0301042 -0.998647 0.0421742 0 -0.0365929 -0.0410643 -0.998486 0 -0.267982 -0.45088 0.494425 1 
2019-09-25 16:56:05 0.998867 -0.0316036 -0.0353087 0 -0.0301058 -0.998647 0.0421748 0 -0.0365945 -0.0410648 -0.998486 0 -0.267981 -0.450879 0.494426 1 
2019-09-25 16:56:05 0.998867 -0.0316024 -0.0353081 0 -0.0301047 -0.998647 0.0421742 0 -0.0365938 -0.0410643 -0.998486 0 -0.267982 -0.450879 0.494425 1 
2019-09-25 16:56:05 0.998867 -0.0316085 -0.0353091 0 -0.0301107 -0.998647 0.0421757 0 -0.0365951 -0.0410655 -0.998486 0 -0.267983 -0.450879 0.494426 1 
2019-09-25 16:56:05 0.998867 -0.0316057 -0.0353073 0 -0.0301078 -0.998647 0.0421779 0 -0.0365933 -0.0410679 -0.998486 0 -0.267981 -0.450879 0.494427 1 
2019-09-25 16:56:05 0.998867 -0.0316047 -0.0353063 0 -0.0301071 -0.998647 0.0421725 0 -0.0365921 -0.0410625 -0.998486 0 -0.267982 -0.450879 0.494424 1 
2019-09-25 16:56:05 0.998867 -0.0316086 -0.0353083 0 -0.0301108 -0.998647 0.0421749 0 -0.0365943 -0.0410648 -0.998486 0 -0.267983 -0.450879 0.494426 1 
2019-09-25 16:56:05 0.998867 -0.031604 -0.0353084 0 -0.0301063 -0.998647 0.0421748 0 -0.0365943 -0.0410648 -0.998486 0 -0.267981 -0.45088 0.494426 1 
2019-09-25 16:56:05 0.998867 -0.0316115 -0.0353081 0 -0.0301138 -0.998647 0.0421743 0 -0.0365942 -0.0410641 -0.998486 0 -0.267983 -0.450879 0.494425 1 
2019-09-25 16:56:06 0.998867 -0.0316009 -0.0353065 0 -0.0301033 -0.998647 0.0421713 0 -0.036592 -0.0410614 -0.998486 0 -0.267981 -0.45088 0.494425 1 
2019-09-25 16:56:06 0.998867 -0.0316086 -0.0353078 0 -0.0301109 -0.998647 0.0421735 0 -0.0365938 -0.0410634 -0.998486 0 -0.267983 -0.450879 0.494424 1 
2019-09-25 16:56:06 0.998867 -0.0316009 -0.03531 0 -0.030103 -0.998647 0.0421773 0 -0.0365958 -0.0410674 -0.998486 0 -0.267981 -0.450881 0.494427 1 
2019-09-25 16:56:06 0.998867 -0.0316043 -0.0353084 0 -0.0301065 -0.998647 0.0421745 0 -0.0365942 -0.0410645 -0.998486 0 -0.267983 -0.450879 0.494425 1 
2019-09-25 16:56:06 0.998867 -0.0316028 -0.0353084 0 -0.030105 -0.998647 0.0421751 0 -0.0365942 -0.0410651 -0.998486 0 -0.267983 -0.450879 0.494426 1 
2019-09-25 16:56:06 0.998867 -0.0316023 -0.0353139 0 -0.0301043 -0.998647 0.0421751 0 -0.0365996 -0.041065 -0.998486 0 -0.267982 -0.45088 0.494426 1 
2019-09-25 16:56:06 0.998867 -0.0316092 -0.035308 0 -0.0301115 -0.998647 0.0421749 0 -0.036594 -0.0410647 -0.998486 0 -0.267983 -0.450879 0.494424 1 
2019-09-25 16:56:06 0.998867 -0.0315987 -0.0353082 0 -0.030101 -0.998647 0.0421723 0 -0.0365937 -0.0410625 -0.998486 0 -0.267981 -0.45088 0.494425 1 
2019-09-25 16:56:06 0.998867 -0.0316044 -0.035307 0 -0.0301068 -0.998647 0.0421719 0 -0.0365927 -0.0410619 -0.998486 0 -0.267982 -0.450879 0.494425 1 
2019-09-25 16:56:06 0.998867 -0.0316014 -0.0353084 0 -0.0301037 -0.998647 0.0421725 0 -0.036594 -0.0410626 -0.998486 0 -0.267983 -0.450879 0.494424 1 
2019-09-25 16:56:06 0.998867 -0.0316094 -0.0353077 0 -0.0301118 -0.998647 0.0421725 0 -0.0365937 -0.0410624 -0.998486 0 -0.267984 -0.450879 0.494423 1 
2019-09-25 16:56:06 0.998867 -0.0316025 -0.0353065 0 -0.0301049 -0.998647 0.0421722 0 -0.0365921 -0.0410623 -0.998486 0 -0.267981 -0.45088 0.494423 1 
2019-09-25 16:56:06 0.998867 -0.0316099 -0.0353082 0 -0.030112 -0.998647 0.0421785 0 -0.0365944 -0.0410683 -0.998486 0 -0.267984 -0.450878 0.494427 1 
2019-09-25 16:56:06 0.998867 -0.0316046 -0.0353059 0 -0.0301071 -0.998647 0.0421706 0 -0.0365916 -0.0410606 -0.998486 0 -0.267983 -0.450879 0.494424 1 
2019-09-25 16:56:06 0.998867 -0.0316096 -0.0353096 0 -0.030112 -0.998647 0.0421662 0 -0.0365954 -0.041056 -0.998486 0 -0.267983 -0.450879 0.494423 1 
2019-09-25 16:56:06 0.998867 -0.0316059 -0.0353083 0 -0.0301079 -0.998647 0.0421796 0 -0.0365944 -0.0410695 -0.998486 0 -0.267982 -0.45088 0.494427 1 
2019-09-25 16:56:06 0.998867 -0.0316029 -0.0353107 0 -0.030105 -0.998647 0.0421755 0 -0.0365965 -0.0410654 -0.998486 0 -0.267982 -0.45088 0.494427 1 
2019-09-25 16:56:07 0.998866 -0.0316049 -0.0353241 0 -0.0301055 -0.998646 0.0422018 0 -0.0366107 -0.0410913 -0.998484 0 -0.267983 -0.450885 0.494441 1 
2019-09-25 16:56:07 0.998866 -0.0316226 -0.0353243 0 -0.0301227 -0.998645 0.0422147 0 -0.0366121 -0.0411036 -0.998484 0 -0.267992 -0.45088 0.494448 1 
2019-09-25 16:56:07 0.998866 -0.0316063 -0.0353331 0 -0.0301057 -0.998645 0.0422229 0 -0.0366204 -0.0411121 -0.998483 0 -0.267986 -0.450889 0.494453 1 
2019-09-25 16:56:07 0.998859 -0.0316407 -0.0354882 0 -0.0301211 -0.99863 0.0425661 0 -0.0367871 -0.0414494 -0.998463 0 -0.268019 -0.450917 0.494639 1 
2019-09-25 16:56:07 0.998859 -0.0316511 -0.0355021 0 -0.0301284 -0.998627 0.0426342 0 -0.0368034 -0.0415167 -0.99846 0 -0.268019 -0.450905 0.494675 1 
2019-09-25 16:56:07 0.998859 -0.0316299 -0.0355006 0 -0.0301074 -0.998627 0.0426311 0 -0.036801 -0.0415145 -0.99846 0 -0.268012 -0.450906 0.494672 1 
2019-09-25 16:56:07 0.998859 -0.0316366 -0.0355011 0 -0.0301142 -0.998627 0.0426272 0 -0.0368017 -0.0415103 -0.99846 0 -0.268014 -0.450904 0.494672 1 
2019-09-25 16:56:07 0.998859 -0.0316447 -0.0354968 0 -0.0301226 -0.998627 0.0426241 0 -0.0367976 -0.041507 -0.99846 0 -0.268014 -0.450906 0.494668 1 
2019-09-25 16:56:07 0.998859 -0.0316405 -0.0354988 0 -0.0301181 -0.998627 0.0426285 0 -0.0367995 -0.0415115 -0.99846 0 -0.268013 -0.450906 0.49467 1 
2019-09-25 16:56:07 0.998859 -0.0316318 -0.0355012 0 -0.0301091 -0.998627 0.0426338 0 -0.0368018 -0.0415171 -0.99846 0 -0.268011 -0.450907 0.494673 1 
2019-09-25 16:56:07 0.998859 -0.0316446 -0.0354968 0 -0.0301225 -0.998627 0.0426243 0 -0.0367976 -0.0415072 -0.99846 0 -0.268013 -0.450905 0.49467 1 
2019-09-25 16:56:07 0.998859 -0.0316436 -0.0354995 0 -0.0301212 -0.998627 0.0426292 0 -0.0368004 -0.0415121 -0.99846 0 -0.268016 -0.450903 0.494671 1 
2019-09-25 16:56:07 0.998859 -0.0316331 -0.0354996 0 -0.0301106 -0.998627 0.0426315 0 -0.0368001 -0.0415147 -0.99846 0 -0.268012 -0.450906 0.494672 1 
2019-09-25 16:56:07 0.998859 -0.0316426 -0.035497 0 -0.0301205 -0.998627 0.0426235 0 -0.0367977 -0.0415065 -0.99846 0 -0.268014 -0.450904 0.49467 1 
2019-09-25 16:56:07 0.998859 -0.0316441 -0.035495 0 -0.0301224 -0.998628 0.0426157 0 -0.0367955 -0.0414987 -0.998461 0 -0.268014 -0.450903 0.494667 1 
2019-09-25 16:56:07 0.998859 -0.031643 -0.0354997 0 -0.0301209 -0.998627 0.0426233 0 -0.0368004 -0.0415062 -0.99846 0 -0.268015 -0.450903 0.49467 1 
2019-09-25 16:56:08 0.998859 -0.0316427 -0.0355011 0 -0.0301203 -0.998627 0.0426287 0 -0.036802 -0.0415116 -0.99846 0 -0.268016 -0.450903 0.494672 1 
2019-09-25 16:56:08 0.998858 -0.031671 -0.0354985 0 -0.0301486 -0.998626 0.0426305 0 -0.0368006 -0.0415124 -0.99846 0 -0.26803 -0.450896 0.494671 1 
2019-09-25 16:56:08 0.998858 -0.0316664 -0.0354945 0 -0.0301446 -0.998627 0.0426195 0 -0.0367961 -0.0415017 -0.998461 0 -0.268025 -0.450897 0.494668 1 
2019-09-25 16:56:08 0.998858 -0.0316799 -0.0354956 0 -0.0301578 -0.998626 0.042626 0 -0.0367979 -0.0415076 -0.99846 0 -0.268028 -0.450894 0.494671 1 
2019-09-25 16:56:08 0.998857 -0.0316906 -0.0354996 0 -0.0301679 -0.998625 0.0426369 0 -0.0368027 -0.041518 -0.99846 0 -0.268037 -0.450892 0.494674 1 
2019-09-25 16:56:08 0.998856 -0.0317453 -0.0354888 0 -0.0302235 -0.998624 0.0426231 0 -0.0367938 -0.0415025 -0.998461 0 -0.268062 -0.450875 0.494669 1 
2019-09-25 16:56:08 0.998856 -0.0317182 -0.0355089 0 -0.0301942 -0.998624 0.0426614 0 -0.0368139 -0.0415412 -0.998458 0 -0.268053 -0.450888 0.494684 1 
2019-09-25 16:56:08 0.998856 -0.031737 -0.0355105 0 -0.0302128 -0.998623 0.0426654 0 -0.0368164 -0.0415445 -0.998458 0 -0.26806 -0.450884 0.494687 1 
2019-09-25 16:56:08 0.998856 -0.0317447 -0.0354875 0 -0.0302238 -0.998625 0.0426035 0 -0.0367919 -0.041483 -0.998462 0 -0.268062 -0.450884 0.494656 1 
2019-09-25 16:56:08 0.998859 -0.0315567 -0.0355827 0 -0.0300263 -0.998625 0.0427521 0 -0.0368836 -0.0416357 -0.998452 0 -0.267991 -0.450966 0.494748 1 
2019-09-25 16:56:08 0.998792 -0.0317698 -0.0372226 0 -0.030048 -0.998483 0.0459383 0 -0.0386263 -0.0447652 -0.998251 0 -0.268314 -0.451466 0.496521 1 
2019-09-25 16:56:08 0.998735 -0.031529 -0.0389261 0 -0.0296004 -0.998342 0.0491643 0 -0.0404124 -0.0479508 -0.998032 0 -0.268402 -0.452081 0.498845 1 
2019-09-25 16:56:08 0.998752 -0.0297542 -0.0398712 0 -0.0277096 -0.99831 0.0508859 0 -0.0413186 -0.0497185 -0.997908 0 -0.267691 -0.452855 0.500122 1 
2019-09-25 16:56:08 0.99889 -0.0253455 -0.0394606 0 -0.0233915 -0.998505 0.0492169 0 -0.0406498 -0.0482402 -0.998008 0 -0.26568 -0.454143 0.499282 1 
2019-09-25 16:56:08 0.999059 -0.0201816 -0.0381421 0 -0.0184607 -0.998809 0.0449413 0 -0.0390044 -0.0441957 -0.998261 0 -0.26255 -0.456136 0.496944 1 
2019-09-25 16:56:08 0.999182 -0.0132414 -0.0379629 0 -0.0116594 -0.999057 0.0415946 0 -0.0384786 -0.0411187 -0.998413 0 -0.259322 -0.459297 0.494339 1 
2019-09-25 16:56:08 0.999183 -0.00962688 -0.0390006 0 -0.00806126 -0.999153 0.0401033 0 -0.0393544 -0.0397569 -0.998434 0 -0.256588 -0.463341 0.491477 1 
2019-09-25 16:56:09 0.999037 -0.0136725 -0.0414525 0 -0.0119633 -0.99907 0.0412037 0 -0.0419781 -0.040669 -0.99829 0 -0.254191 -0.468485 0.488153 1 
2019-09-25 16:56:09 0.998846 -0.019949 -0.0434621 0 -0.0182085 -0.999021 0.0400809 0 -0.0442199 -0.0392441 -0.998251 0 -0.251947 -0.473977 0.483438 1 
2019-09-25 16:56:09 0.998683 -0.021628 -0.0463113 0 -0.0198151 -0.999023 0.0392532 0 -0.0471159 -0.0382846 -0.998155 0 -0.249755 -0.480641 0.477474 1 
2019-09-25 16:56:09 0.99878 -0.0160511 -0.0464999 0 -0.0142414 -0.999128 0.0389924 0 -0.0470862 -0.0382833 -0.998157 0 -0.246738 -0.487926 0.470807 1 
2019-09-25 16:56:09 0.998968 -0.0071161 -0.0446357 0 -0.00532527 -0.999171 0.0401121 0 -0.044885 -0.0398338 -0.998198 0 -0.242606 -0.496098 0.463766 1 
2019-09-25 16:56:09 0.998991 0.00243763 -0.0446258 0 0.00422261 -0.999183 0.0399481 0 -0.0444928 -0.040097 -0.998205 0 -0.238641 -0.504432 0.455836 1 
2019-09-25 16:56:09 0.998882 0.0116928 -0.0455973 0 0.0135204 -0.999099 0.0399799 0 -0.0450897 -0.0405525 -0.99816 0 -0.234976 -0.512776 0.44753 1 
2019-09-25 16:56:09 0.998651 0.0214075 -0.0471 0 0.0233327 -0.998889 0.0407106 0 -0.0461771 -0.0417555 -0.99806 0 -0.231014 -0.521463 0.43892 1 
2019-09-25 16:56:09 0.998325 0.0301183 -0.0492088 0 0.0322534 -0.998537 0.0431865 0 -0.047837 -0.0447021 -0.997854 0 -0.227526 -0.530781 0.429343 1 
2019-09-25 16:56:09 0.998077 0.0364922 -0.0499176 0 0.0387441 -0.99823 0.0449151 0 -0.0481911 -0.0467637 -0.997743 0 -0.224725 -0.539723 0.419007 1 
2019-09-25 16:56:09 0.997992 0.0403745 -0.0485987 0 0.0425768 -0.998062 0.0451672 0 -0.0466818 -0.0471466 -0.997797 0 -0.222529 -0.548118 0.407615 1 
2019-09-25 16:56:09 0.998102 0.03984 -0.0467466 0 0.0419429 -0.998101 0.0449 0 -0.0448699 -0.0467763 -0.997897 0 -0.220993 -0.556416 0.395056 1 
2019-09-25 16:56:09 0.998501 0.0309484 -0.0449217 0 0.0328992 -0.998508 0.043357 0 -0.0435137 -0.0447708 -0.998049 0 -0.219841 -0.564702 0.381132 1 
2019-09-25 16:56:09 0.998927 0.0168482 -0.0429241 0 0.0186592 -0.998928 0.0421468 0 -0.0421688 -0.0429033 -0.998189 0 -0.218236 -0.573595 0.365902 1 
2019-09-25 16:56:09 0.999062 0.00931428 -0.0420716 0 0.0111006 -0.999028 0.0424255 0 -0.0416363 -0.0428536 -0.998213 0 -0.215999 -0.583003 0.350926 1 
2019-09-25 16:56:09 0.999072 0.0066647 -0.0423286 0 0.00849229 -0.999023 0.043144 0 -0.0420005 -0.0434643 -0.998172 0 -0.212808 -0.593455 0.336018 1 
2019-09-25 16:56:10 0.999059 0.00325473 -0.0430247 0 0.00508978 -0.999069 0.0426102 0 -0.0428468 -0.0427899 -0.998165 0 -0.210136 -0.603273 0.322117 1 
2019-09-25 16:56:10 0.999083 -0.00690732 -0.0420245 0 -0.00516759 -0.999121 0.0413662 0 -0.0422742 -0.0411119 -0.99826 0 -0.207876 -0.612277 0.309244 1 
2019-09-25 16:56:10 0.998978 -0.0162369 -0.0419469 0 -0.0145388 -0.999065 0.0404759 0 -0.0425658 -0.0398254 -0.9983 0 -0.206028 -0.620739 0.296523 1 
2019-09-25 16:56:10 0.998913 -0.0198711 -0.04193 0 -0.0183067 -0.999124 0.0373693 0 -0.0426366 -0.0365618 -0.998421 0 -0.20505 -0.627884 0.282697 1 
2019-09-25 16:56:10 0.998862 -0.021675 -0.0422524 0 -0.0201457 -0.999129 0.0362888 0 -0.043003 -0.035397 -0.998448 0 -0.205302 -0.634356 0.268079 1 
2019-09-25 16:56:10 0.998772 -0.0245976 -0.0427848 0 -0.0231384 -0.999135 0.034273 0 -0.0435916 -0.0332415 -0.998496 0 -0.206327 -0.6391 0.252858 1 
2019-09-25 16:56:10 0.998653 -0.0285531 -0.0430903 0 -0.0271696 -0.999097 0.0323561 0 -0.0439761 -0.0311424 -0.998547 0 -0.207583 -0.64258 0.236701 1 
2019-09-25 16:56:10 0.998521 -0.0321135 -0.0436508 0 -0.0308069 -0.999057 0.0302848 0 -0.0445831 -0.0288958 -0.998588 0 -0.208493 -0.644896 0.220374 1 
2019-09-25 16:56:10 0.998404 -0.0347803 -0.044289 0 -0.033474 -0.998983 0.0299017 0 -0.0452848 -0.028372 -0.998571 0 -0.208564 -0.647398 0.203417 1 
2019-09-25 16:56:10 0.998368 -0.0343208 -0.0454421 0 -0.0330089 -0.999016 0.0293117 0 -0.0464043 -0.0277644 -0.998537 0 -0.207454 -0.649671 0.187081 1 
2019-09-25 16:56:10 0.998359 -0.0312327 -0.0478022 0 -0.0298727 -0.999126 0.0289041 0 -0.0486641 -0.0274292 -0.998439 0 -0.205851 -0.651665 0.171975 1 
2019-09-25 16:56:10 0.998438 -0.0225589 -0.0509287 0 -0.0212416 -0.99942 0.0262585 0 -0.0514925 -0.0251362 -0.998357 0 -0.204032 -0.652918 0.156784 1 
2019-09-25 16:56:10 0.998477 -0.00380868 -0.0548673 0 -0.00250291 -0.999703 0.0238477 0 -0.0549429 -0.0236745 -0.998209 0 -0.203151 -0.653652 0.143408 1 
2019-09-25 16:56:10 0.997858 0.0279232 -0.0589923 0 0.0291775 -0.999354 0.0205071 0 -0.0583827 -0.0221849 -0.998048 0 -0.203496 -0.653701 0.131227 1 
2019-09-25 16:56:10 0.996184 0.062159 -0.0611024 0 0.0634141 -0.9978 0.0188178 0 -0.0597994 -0.0226212 -0.997954 0 -0.204557 -0.653561 0.120058 1 
2019-09-25 16:56:10 0.995096 0.0787173 -0.0597394 0 0.0799572 -0.996614 0.0186529 0 -0.0580699 -0.0233385 -0.99804 0 -0.206183 -0.652919 0.109773 1 
2019-09-25 16:56:10 0.99568 0.0722754 -0.0581192 0 0.0735909 -0.997062 0.0208192 0 -0.0564448 -0.0250068 -0.998093 0 -0.208619 -0.652202 0.101195 1 
2019-09-25 16:56:11 0.996236 0.0639257 -0.0583743 0 0.0653006 -0.997614 0.021955 0 -0.0568327 -0.0256847 -0.998053 0 -0.211888 -0.65097 0.0934127 1 
2019-09-25 16:56:11 0.996596 0.0564739 -0.0598946 0 0.0579047 -0.998061 0.0224281 0 -0.058513 -0.0258204 -0.997953 0 -0.215905 -0.649685 0.087076 1 
2019-09-25 16:56:11 0.996952 0.0481711 -0.0612137 0 0.0497407 -0.998455 0.0243802 0 -0.0599459 -0.0273512 -0.997827 0 -0.219852 -0.648614 0.081275 1 
2019-09-25 16:56:11 0.997806 0.0317856 -0.057907 0 0.0334296 -0.999049 0.0276458 0 -0.0569743 -0.0295215 -0.997939 0 -0.223292 -0.647945 0.0771511 1 
2019-09-25 16:56:11 0.998582 0.00864049 -0.0523545 0 0.0102134 -0.999493 0.02985 0 -0.052071 -0.030343 -0.998182 0 -0.226951 -0.647535 0.0738938 1 
2019-09-25 16:56:11 0.998688 -0.00310596 -0.0509161 0 -0.00152557 -0.999507 0.0310483 0 -0.0509884 -0.0309305 -0.99822 0 -0.23127 -0.647559 0.0718744 1 
2019-09-25 16:56:11 0.998574 -0.00702312 -0.0527448 0 -0.00524099 -0.999404 0.0338501 0 -0.0529521 -0.033526 -0.998034 0 -0.236502 -0.648813 0.070946 1 
2019-09-25 16:56:11 0.99847 0.00584198 -0.0548189 0 0.0077863 -0.999336 0.0353215 0 -0.0545772 -0.0356949 -0.997871 0 -0.240181 -0.650835 0.0690339 1 
2019-09-25 16:56:11 0.997826 0.033411 -0.0566423 0 0.0354686 -0.998723 0.0357175 0 -0.0553777 -0.0376495 -0.997755 0 -0.241631 -0.653597 0.0664539 1 
2019-09-25 16:56:11 0.996847 0.0533292 -0.0585939 0 0.0554162 -0.997854 0.034589 0 -0.0566247 -0.0377277 -0.997682 0 -0.24278 -0.656428 0.0626929 1 
2019-09-25 16:56:11 0.996582 0.0565678 -0.0600408 0 0.0586951 -0.997678 0.0342775 0 -0.0579635 -0.0376851 -0.997607 0 -0.244336 -0.659179 0.0581581 1 
2019-09-25 16:56:11 0.996793 0.0539134 -0.0589685 0 0.0559641 -0.997854 0.0336935 0 -0.0570265 -0.0368862 -0.997691 0 -0.246397 -0.661432 0.0516257 1 
2019-09-25 16:56:11 0.997181 0.0490897 -0.0565789 0 0.051046 -0.998119 0.0336664 0 -0.0548209 -0.0364603 -0.99783 0 -0.248291 -0.662965 0.0459257 1 
2019-09-25 16:56:11 0.997535 0.0438864 -0.0545772 0 0.0458169 -0.998339 0.034639 0 -0.0529674 -0.0370549 -0.997909 0 -0.249869 -0.66459 0.0413964 1 
2019-09-25 16:56:11 0.997855 0.0379812 -0.0531457 0 0.0398376 -0.998607 0.0343173 0 -0.0517692 -0.0363615 -0.997997 0 -0.251316 -0.66541 0.037156 1 
2019-09-25 16:56:11 0.998133 0.0314606 -0.0521719 0 0.0333058 -0.998827 0.0348846 0 -0.0510142 -0.0365578 -0.998029 0 -0.252534 -0.66617 0.0345384 1 
2019-09-25 16:56:12 0.998521 0.0203889 -0.0502164 0 0.0221478 -0.999142 0.0347227 0 -0.0494663 -0.0357842 -0.998135 0 -0.253309 -0.666104 0.0322523 1 
2019-09-25 16:56:12 0.998788 0.00824604 -0.0483146 0 0.00988718 -0.999369 0.0338274 0 -0.0480061 -0.0342648 -0.998259 0 -0.253294 -0.665439 0.0308764 1 
2019-09-25 16:56:12 0.998794 0.00800211 -0.0482459 0 0.00965419 -0.999362 0.0341073 0 -0.0479431 -0.0345326 -0.998253 0 -0.253208 -0.665516 0.0310974 1 
2019-09-25 16:56:12 0.998725 0.0136548 -0.0484048 0 0.015325 -0.999284 0.0343032 0 -0.0479027 -0.035002 -0.998239 0 -0.253011 -0.665781 0.0316953 1 
2019-09-25 16:56:12 0.998404 0.0280506 -0.0488261 0 0.0297089 -0.998985 0.0335749 0 -0.0478357 -0.0349725 -0.998243 0 -0.252706 -0.66591 0.0318591 1 
2019-09-25 16:56:12 0.99753 0.04973 -0.0494102 0 0.0513565 -0.998151 0.0322116 0 -0.0477178 -0.0346703 -0.998259 0 -0.252438 -0.6659 0.0316683 1 
2019-09-25 16:56:12 0.996745 0.0632059 -0.0498492 0 0.0648228 -0.997389 0.0315138 0 -0.0477281 -0.0346432 -0.998259 0 -0.252504 -0.665869 0.0316497 1 
2019-09-25 16:56:12 0.996744 0.0631263 -0.0499644 0 0.0647644 -0.997382 0.0318724 0 -0.0478225 -0.0350052 -0.998242 0 -0.252729 -0.665931 0.0318503 1 
2019-09-25 16:56:12 0.996775 0.0626648 -0.0499299 0 0.0643053 -0.997409 0.0319546 0 -0.047799 -0.035063 -0.998241 0 -0.25294 -0.665867 0.0318874 1 
2019-09-25 16:56:12 0.996933 0.0602747 -0.049722 0 0.061905 -0.997562 0.0319257 0 -0.0476774 -0.0349065 -0.998253 0 -0.253062 -0.665745 0.0317966 1 
2019-09-25 16:56:12 0.99759 0.0486507 -0.0492664 0 0.050291 -0.998192 0.0326217 0 -0.0475912 -0.0350215 -0.998253 0 -0.253232 -0.665705 0.0318567 1 
2019-09-25 16:56:12 0.99797 0.0404586 -0.048979 0 0.0421012 -0.998559 0.0329832 0 -0.0475749 -0.034979 -0.998255 0 -0.253444 -0.665607 0.0318617 1 
2019-09-25 16:56:12 0.997996 0.0399808 -0.0488562 0 0.0416023 -0.998592 0.0326343 0 -0.0474835 -0.0346021 -0.998273 0 -0.253489 -0.665416 0.0317005 1 
2019-09-25 16:56:12 0.997885 0.0431185 -0.0484456 0 0.0446545 -0.998509 0.0310841 0 -0.047034 -0.0331823 -0.998342 0 -0.253269 -0.664836 0.0310574 1 
2019-09-25 16:56:12 0.997376 0.0539857 -0.0480357 0 0.0553925 -0.99805 0.0284517 0 -0.0464069 -0.0310384 -0.99844 0 -0.253005 -0.663917 0.0300477 1 
2019-09-25 16:56:12 0.996914 0.0619788 -0.0479689 0 0.0633189 -0.99762 0.0269403 0 -0.0461859 -0.029895 -0.998485 0 -0.253017 -0.663373 0.0292972 1 
2019-09-25 16:56:13 0.996912 0.0619809 -0.0480223 0 0.0633238 -0.997619 0.0269645 0 -0.0462375 -0.0299227 -0.998482 0 -0.253143 -0.663332 0.0292213 1 
2019-09-25 16:56:13 0.996924 0.0616788 -0.0481549 0 0.0630432 -0.997626 0.0273461 0 -0.0463548 -0.0302984 -0.998465 0 -0.253275 -0.663441 0.0293274 1 
2019-09-25 16:56:13 0.997191 0.0573815 -0.047936 0 0.0587453 -0.997883 0.0275429 0 -0.046255 -0.0302822 -0.998471 0 -0.253338 -0.663404 0.0292944 1 
2019-09-25 16:56:13 0.997876 0.0447015 -0.0471813 0 0.0460568 -0.998536 0.0280396 0 -0.0458597 -0.0301536 -0.998493 0 -0.253126 -0.663394 0.0290971 1 
2019-09-25 16:56:13 0.998208 0.037134 -0.0467164 0 0.0384762 -0.998853 0.0281661 0 -0.0456178 -0.0299136 -0.998511 0 -0.252956 -0.66335 0.0288844 1 
2019-09-25 16:56:13 0.998217 0.0369896 -0.0466473 0 0.0383136 -0.998869 0.0278169 0 -0.0455665 -0.0295551 -0.998524 0 -0.253039 -0.663201 0.0286536 1 
2019-09-25 16:56:13 0.99823 0.0367688 -0.0465469 0 0.0380646 -0.998894 0.0272645 0 -0.0454938 -0.0289886 -0.998544 0 -0.253218 -0.662948 0.0282322 1 
2019-09-25 16:56:13 0.998139 0.0389967 -0.0466665 0 0.0402666 -0.998826 0.0265863 0 -0.0455758 -0.0284165 -0.998557 0 -0.253295 -0.662695 0.027483 1 
2019-09-25 16:56:13 0.997956 0.0431518 -0.0469283 0 0.0444191 -0.998657 0.0263051 0 -0.045731 -0.0283364 -0.998552 0 -0.253166 -0.662713 0.0268642 1 
2019-09-25 16:56:13 0.997923 0.0438181 -0.0470252 0 0.0451192 -0.998608 0.0269725 0 -0.0457787 -0.0290388 -0.998529 0 -0.253026 -0.663138 0.026906 1 
2019-09-25 16:56:13 0.998071 0.0401911 -0.0471201 0 0.0415532 -0.998726 0.0282934 0 -0.0459238 -0.0301974 -0.998488 0 -0.25299 -0.663693 0.0273506 1 
2019-09-25 16:56:13 0.998288 0.0346257 -0.0469356 0 0.0360144 -0.998919 0.0290718 0 -0.0458791 -0.030713 -0.998475 0 -0.253042 -0.663884 0.027539 1 
2019-09-25 16:56:13 0.998557 0.0265435 -0.046473 0 0.0279107 -0.999179 0.0290212 0 -0.0456654 -0.030277 -0.998498 0 -0.252989 -0.663721 0.0272548 1 
2019-09-25 16:56:13 0.998606 0.0249376 -0.0463123 0 0.026273 -0.99924 0.0284541 0 -0.0455684 -0.0296318 -0.998522 0 -0.253271 -0.663374 0.0268867 1 
2019-09-25 16:56:13 0.998601 0.0251766 -0.0462888 0 0.0264854 -0.999251 0.0278825 0 -0.045553 -0.02907 -0.998539 0 -0.253778 -0.663014 0.0265332 1 
2019-09-25 16:56:13 0.998262 0.0358261 -0.0465874 0 0.0371045 -0.99894 0.0268721 0 -0.0455762 -0.0285546 -0.998553 0 -0.254261 -0.662683 0.0262169 1 
2019-09-25 16:56:13 0.997345 0.0553967 -0.0470651 0 0.056645 -0.998056 0.025614 0 -0.0455555 -0.0282125 -0.998563 0 -0.254607 -0.662447 0.0259966 1 
2019-09-25 16:56:14 0.996865 0.0633704 -0.0471775 0 0.0646014 -0.997587 0.0250412 0 -0.0454777 -0.028011 -0.998573 0 -0.254878 -0.662277 0.0258466 1 
2019-09-25 16:56:14 0.997005 0.0612435 -0.0470307 0 0.0624706 -0.997722 0.0250788 0 -0.0453886 -0.0279423 -0.998579 0 -0.255412 -0.662045 0.0257847 1 
2019-09-25 16:56:14 0.997744 0.0483393 -0.0463793 0 0.0495717 -0.998428 0.0257998 0 -0.0450601 -0.0280413 -0.998591 0 -0.256144 -0.661755 0.0257474 1 
2019-09-25 16:56:14 0.998469 0.030845 -0.0457154 0 0.0320808 -0.999123 0.0265508 0 -0.0448572 -0.0279773 -0.998602 0 -0.256591 -0.661541 0.0256672 1 
2019-09-25 16:56:14 0.998615 0.0261438 -0.0454448 0 0.027364 -0.999266 0.0264388 0 -0.0447211 -0.0276463 -0.998617 0 -0.25658 -0.661427 0.0254163 1 
2019-09-25 16:56:14 0.99861 0.0271866 -0.044947 0 0.0283665 -0.999254 0.0258241 0 -0.0442123 -0.0270637 -0.998656 0 -0.256097 -0.661369 0.0248951 1 
2019-09-25 16:56:14 0.998363 0.0351127 -0.0449322 0 0.0362529 -0.999025 0.0248167 0 -0.0440178 -0.0264055 -0.998682 0 -0.255585 -0.661281 0.024095 1 
2019-09-25 16:56:14 0.998017 0.04366 -0.0451364 0 0.0447593 -0.998708 0.0236375 0 -0.0440469 -0.0256113 -0.998701 0 -0.255535 -0.661006 0.0231691 1 
2019-09-25 16:56:14 0.997997 0.0437494 -0.0454811 0 0.0448462 -0.998711 0.023382 0 -0.0444004 -0.0253753 -0.998691 0 -0.255744 -0.660838 0.0222332 1 
2019-09-25 16:56:14 0.998035 0.0425146 -0.0458103 0 0.0436251 -0.998761 0.0235196 0 -0.0447545 -0.0254724 -0.998673 0 -0.256033 -0.660758 0.0215186 1 
2019-09-25 16:56:14 0.998299 0.0356952 -0.045894 0 0.0368539 -0.999007 0.024653 0 -0.0449693 -0.0263029 -0.998642 0 -0.256222 -0.661081 0.0213434 1 
2019-09-25 16:56:14 0.998483 0.0299846 -0.0459805 0 0.0312014 -0.999166 0.025978 0 -0.0451641 -0.0273738 -0.998604 0 -0.256377 -0.661605 0.0215847 1 
2019-09-25 16:56:14 0.998583 0.0264503 -0.0459698 0 0.0276944 -0.999252 0.0266415 0 -0.0452316 -0.0278774 -0.998587 0 -0.256405 -0.661839 0.0217598 1 
2019-09-25 16:56:14 0.998586 0.0266079 -0.0458074 0 0.0278331 -0.999256 0.0263202 0 -0.0450738 -0.0275584 -0.998603 0 -0.256294 -0.661761 0.0215125 1 
2019-09-25 16:56:14 0.998564 0.0281378 -0.0453695 0 0.0293257 -0.999229 0.0257328 0 -0.0446113 -0.0270269 -0.998639 0 -0.255901 -0.661686 0.0210435 1 
2019-09-25 16:56:14 0.998492 0.0314135 -0.0448056 0 0.0325654 -0.999142 0.0252142 0 -0.0439759 -0.0266358 -0.998677 0 -0.255256 -0.661727 0.0205657 1 
2019-09-25 16:56:15 0.998448 0.0333902 -0.0443473 0 0.0345244 -0.99908 0.0250605 0 -0.0434705 -0.0265532 -0.998702 0 -0.254722 -0.661839 0.0203515 1 
2019-09-25 16:56:15 0.998449 0.033357 -0.0443543 0 0.0344945 -0.999079 0.0251323 0 -0.0434759 -0.0266238 -0.9987 0 -0.254735 -0.661859 0.0203702 1 
2019-09-25 16:56:15 0.998459 0.0329212 -0.0444583 0 0.0340751 -0.999086 0.0254515 0 -0.0435806 -0.0269278 -0.998687 0 -0.255027 -0.661898 0.0204967 1 
2019-09-25 16:56:15 0.998524 0.0306034 -0.0446448 0 0.0317961 -0.99914 0.0262526 0 -0.0438038 -0.0276339 -0.998658 0 -0.255405 -0.662112 0.0207891 1 
2019-09-25 16:56:15 0.998647 0.0259285 -0.044871 0 0.0271791 -0.999243 0.0274907 0 -0.044125 -0.0286736 -0.998614 0 -0.255723 -0.662513 0.0212232 1 
2019-09-25 16:56:15 0.998713 0.0229156 -0.0450402 0 0.0242089 -0.999294 0.0283813 0 -0.0443589 -0.0294357 -0.998582 0 -0.2559 -0.662849 0.0214997 1 
2019-09-25 16:56:15 0.99875 0.0210749 -0.0451105 0 0.0223891 -0.999324 0.0288288 0 -0.0444733 -0.0298033 -0.998566 0 -0.255938 -0.663067 0.0215474 1 
2019-09-25 16:56:15 0.998773 0.0199542 -0.0451109 0 0.0212615 -0.999353 0.028688 0 -0.0445101 -0.0296125 -0.99857 0 -0.256056 -0.663052 0.0212533 1 
2019-09-25 16:56:15 0.998779 0.0195858 -0.0451358 0 0.0208736 -0.999374 0.0282388 0 -0.0445553 -0.029147 -0.998582 0 -0.256364 -0.662926 0.020688 1 
2019-09-25 16:56:15 0.998751 0.0197025 -0.0457121 0 0.0210713 -0.999328 0.0296589 0 -0.0450979 -0.0305856 -0.998514 0 -0.256611 -0.663657 0.0211138 1 
2019-09-25 16:56:15 0.998733 0.0200075 -0.0459682 0 0.02141 -0.999304 0.0302244 0 -0.0453324 -0.0311709 -0.998486 0 -0.256615 -0.664036 0.0212007 1 
2019-09-25 16:56:15 0.998717 0.0212068 -0.0457693 0 0.0225831 -0.999292 0.0297674 0 -0.0451065 -0.0307634 -0.998508 0 -0.256412 -0.663961 0.020867 1 
2019-09-25 16:56:15 0.998661 0.023581 -0.0458403 0 0.024974 -0.999226 0.0300581 0 -0.0450969 -0.0311633 -0.998496 0 -0.256059 -0.66427 0.0210017 1 
2019-09-25 16:56:15 0.99857 0.0269098 -0.0459849 0 0.028327 -0.999125 0.0304494 0 -0.0451262 -0.0317091 -0.998478 0 -0.255629 -0.664675 0.021204 1 
2019-09-25 16:56:15 0.998515 0.0287086 -0.0460895 0 0.0301356 -0.999069 0.0305708 0 -0.0451698 -0.0319149 -0.998469 0 -0.255364 -0.66487 0.0212913 1 
2019-09-25 16:56:15 0.998478 0.029964 -0.0461039 0 0.031385 -0.999035 0.0304108 0 -0.045149 -0.0318121 -0.998474 0 -0.255336 -0.664844 0.02125 1 
2019-09-25 16:56:15 0.998397 0.0324717 -0.0461395 0 0.0338853 -0.99896 0.030193 0 -0.0451119 -0.0317087 -0.998479 0 -0.255324 -0.664808 0.0212087 1 
2019-09-25 16:56:16 0.998077 0.0409481 -0.0463295 0 0.0423515 -0.998651 0.0297263 0 -0.0450506 -0.0316319 -0.998484 0 -0.255239 -0.664803 0.0211743 1 
2019-09-25 16:56:16 0.997918 0.0446563 -0.0463184 0 0.046056 -0.99849 0.0296037 0 -0.0449274 -0.0316759 -0.998488 0 -0.255083 -0.664864 0.0211658 1 
2019-09-25 16:56:16 0.997918 0.0447027 -0.0462814 0 0.0460991 -0.99849 0.0295551 0 -0.0448912 -0.0316277 -0.998491 0 -0.25505 -0.664856 0.0211249 1 
2019-09-25 16:56:16 0.997909 0.0448914 -0.0463013 0 0.0462944 -0.998477 0.0296868 0 -0.044899 -0.0317688 -0.998486 0 -0.254929 -0.664953 0.0212013 1 
2019-09-25 16:56:16 0.997891 0.0453765 -0.0461997 0 0.0467778 -0.998454 0.0297138 0 -0.0447808 -0.0318129 -0.99849 0 -0.254579 -0.665079 0.0211959 1 
2019-09-25 16:56:16 0.997844 0.0464126 -0.0461978 0 0.0478099 -0.998408 0.0296131 0 -0.0447507 -0.0317585 -0.998493 0 -0.254258 -0.66517 0.0211588 1 
2019-09-25 16:56:16 0.99778 0.047681 -0.0462857 0 0.0490779 -0.998349 0.0295274 0 -0.0448023 -0.0317341 -0.998492 0 -0.254304 -0.665148 0.0211723 1 
2019-09-25 16:56:16 0.997602 0.0510186 -0.0465678 0 0.0524047 -0.998194 0.0290464 0 -0.0450026 -0.0314177 -0.998493 0 -0.25476 -0.664868 0.0211089 1 
2019-09-25 16:56:16 0.997577 0.0514721 -0.046591 0 0.0528559 -0.998172 0.0289724 0 -0.0450154 -0.0313654 -0.998494 0 -0.255102 -0.664726 0.0211067 1 
2019-09-25 16:56:16 0.997566 0.0517266 -0.0465586 0 0.0531102 -0.998158 0.0289859 0 -0.0449743 -0.0313887 -0.998495 0 -0.254994 -0.664769 0.021111 1 
2019-09-25 16:56:16 0.99754 0.0522536 -0.046511 0 0.0536314 -0.998133 0.0288844 0 -0.0449157 -0.0313084 -0.9985 0 -0.254647 -0.664862 0.0210753 1 
2019-09-25 16:56:16 0.997522 0.0527094 -0.0463977 0 0.0540693 -0.998119 0.0285594 0 -0.044806 -0.0309979 -0.998515 0 -0.254528 -0.664756 0.0209401 1 
2019-09-25 16:56:16 0.997479 0.0536096 -0.0462953 0 0.0549467 -0.998084 0.0281074 0 -0.0447006 -0.0305809 -0.998532 0 -0.254601 -0.664529 0.0207706 1 
2019-09-25 16:56:16 0.997383 0.0553408 -0.0463099 0 0.0566712 -0.997993 0.0279267 0 -0.0446723 -0.0304786 -0.998537 0 -0.254669 -0.664448 0.020742 1 
2019-09-25 16:56:16 0.997359 0.0557769 -0.0463093 0 0.0571074 -0.997968 0.0279206 0 -0.0446587 -0.030492 -0.998537 0 -0.254627 -0.664465 0.0207477 1 
2019-09-25 16:56:16 0.997357 0.0558269 -0.0462945 0 0.057156 -0.997966 0.0279 0 -0.0446436 -0.0304729 -0.998538 0 -0.254619 -0.664459 0.0207339 1 
2019-09-25 16:56:17 0.997358 0.0558469 -0.0462546 0 0.0571727 -0.997966 0.0278527 0 -0.0446058 -0.0304242 -0.998541 0 -0.254594 -0.664445 0.0207032 1 
2019-09-25 16:56:17 0.99736 0.0558235 -0.0462326 0 0.0571463 -0.997969 0.0278 0 -0.0445877 -0.0303692 -0.998544 0 -0.254603 -0.664419 0.0206707 1 
2019-09-25 16:56:17 0.997362 0.0558386 -0.0461703 0 0.0571585 -0.997969 0.0277776 0 -0.0445264 -0.030344 -0.998547 0 -0.254567 -0.664413 0.0206432 1 
2019-09-25 16:56:17 0.997362 0.0558527 -0.0461526 0 0.0571726 -0.997968 0.0277885 0 -0.0445076 -0.0303545 -0.998548 0 -0.254545 -0.664424 0.0206392 1 
2019-09-25 16:56:17 0.997362 0.0558922 -0.0461057 0 0.0572104 -0.997966 0.0277834 0 -0.0444599 -0.0303484 -0.99855 0 -0.254501 -0.664433 0.0206253 1 
2019-09-25 16:56:17 0.997363 0.0559985 -0.0459658 0 0.0573159 -0.997958 0.0278598 0 -0.0443127 -0.0304215 -0.998554 0 -0.254364 -0.664492 0.0206224 1 
2019-09-25 16:56:17 0.997351 0.0562981 -0.0458555 0 0.0576128 -0.99794 0.0278707 0 -0.0441928 -0.0304393 -0.998559 0 -0.254143 -0.664564 0.0206011 1 
2019-09-25 16:56:17 0.997327 0.0567461 -0.0458102 0 0.0580637 -0.997912 0.0279614 0 -0.0441287 -0.0305472 -0.998559 0 -0.253846 -0.664703 0.0206367 1 
2019-09-25 16:56:17 0.997276 0.0576068 -0.0458616 0 0.0589254 -0.997862 0.0279386 0 -0.0441549 -0.0305655 -0.998557 0 -0.253782 -0.664737 0.0206488 1 
2019-09-25 16:56:17 0.9969 0.0635323 -0.0462019 0 0.0648513 -0.997503 0.0276327 0 -0.0443318 -0.0305439 -0.99855 0 -0.25407 -0.664651 0.0206747 1 
2019-09-25 16:56:17 0.996378 0.0708752 -0.0467747 0 0.0722083 -0.997002 0.027451 0 -0.0446897 -0.0307297 -0.998528 0 -0.254471 -0.664625 0.0208514 1 
2019-09-25 16:56:17 0.996108 0.0744587 -0.0469581 0 0.075791 -0.996741 0.0272564 0 -0.0447765 -0.0307099 -0.998525 0 -0.254699 -0.664547 0.0208618 1 
2019-09-25 16:56:17 0.996039 0.0753569 -0.0469832 0 0.0766904 -0.996673 0.0272552 0 -0.0447739 -0.030751 -0.998524 0 -0.254709 -0.664558 0.0208857 1 
2019-09-25 16:56:17 0.99593 0.0767887 -0.0469798 0 0.0781184 -0.996565 0.02715 0 -0.0447344 -0.0307101 -0.998527 0 -0.254562 -0.664588 0.0208596 1 
2019-09-25 16:56:17 0.995791 0.0785481 -0.0470205 0 0.0798764 -0.996428 0.027067 0 -0.0447273 -0.0307094 -0.998527 0 -0.254497 -0.664608 0.0208589 1 
2019-09-25 16:56:17 0.995765 0.0788573 -0.0470492 0 0.0801884 -0.996401 0.0271066 0 -0.0447432 -0.0307652 -0.998525 0 -0.254497 -0.664632 0.0208889 1 
2019-09-25 16:56:18 0.995782 0.0786103 -0.0471106 0 0.0799483 -0.996418 0.0272194 0 -0.044803 -0.0308716 -0.998519 0 -0.254677 -0.664612 0.020961 1 
2019-09-25 16:56:18 0.995818 0.078036 -0.0473014 0 0.0793869 -0.996458 0.0273843 0 -0.0449978 -0.0310255 -0.998505 0 -0.255113 -0.664539 0.0210795 1 
2019-09-25 16:56:18 0.995865 0.0774162 -0.0473371 0 0.0787697 -0.996506 0.0274255 0 -0.0450494 -0.0310415 -0.998502 0 -0.255536 -0.664397 0.0211122 1 
2019-09-25 16:56:18 0.995876 0.0772642 -0.0473476 0 0.0786198 -0.996517 0.0274682 0 -0.0450612 -0.031078 -0.998501 0 -0.255638 -0.664373 0.0211395 1 
2019-09-25 16:56:18 0.995862 0.0774167 -0.0474026 0 0.0787853 -0.996497 0.0277146 0 -0.0450918 -0.0313351 -0.998491 0 -0.255536 -0.664504 0.0212918 1 
2019-09-25 16:56:18 0.995852 0.0774408 -0.0475684 0 0.0788352 -0.99648 0.0281685 0 -0.0452204 -0.0318023 -0.998471 0 -0.255552 -0.664685 0.0215788 1 
2019-09-25 16:56:18 0.995864 0.0772438 -0.0476416 0 0.0786501 -0.996488 0.0283847 0 -0.0452827 -0.0320149 -0.998461 0 -0.255696 -0.664707 0.021739 1 
2019-09-25 16:56:18 0.995865 0.0773237 -0.0474831 0 0.0787159 -0.996489 0.0281827 0 -0.0451381 -0.0318045 -0.998474 0 -0.255585 -0.66464 0.0216396 1 
2019-09-25 16:56:18 0.995843 0.077707 -0.0473175 0 0.0790823 -0.996467 0.0279204 0 -0.0449816 -0.0315469 -0.99849 0 -0.255275 -0.664623 0.0215225 1 
2019-09-25 16:56:18 0.995845 0.0777791 -0.047162 0 0.0791336 -0.996473 0.0275635 0 -0.0448526 -0.0311817 -0.998507 0 -0.255168 -0.664483 0.0213776 1 
2019-09-25 16:56:18 0.995863 0.0776359 -0.0470171 0 0.078968 -0.996497 0.027167 0 -0.0447441 -0.030768 -0.998525 0 -0.255202 -0.664272 0.0212208 1 
2019-09-25 16:56:18 0.995898 0.0772215 -0.0469553 0 0.0785432 -0.996536 0.0269837 0 -0.0447097 -0.0305616 -0.998532 0 -0.255448 -0.664086 0.0211445 1 
2019-09-25 16:56:18 0.995958 0.0764427 -0.0469605 0 0.0777564 -0.996602 0.0268116 0 -0.0447523 -0.0303553 -0.998537 0 -0.25591 -0.663832 0.0210821 1 
2019-09-25 16:56:18 0.996124 0.0743336 -0.0468211 0 0.0756348 -0.99677 0.0266587 0 -0.0446891 -0.0300973 -0.998547 0 -0.256358 -0.663542 0.0209864 1 
2019-09-25 16:56:18 0.996365 0.0711445 -0.0466497 0 0.0724362 -0.997008 0.026608 0 -0.044618 -0.029891 -0.998557 0 -0.256565 -0.663365 0.0209016 1 
2019-09-25 16:56:18 0.996709 0.066263 -0.046479 0 0.0675549 -0.997346 0.0267956 0 -0.0445809 -0.0298479 -0.99856 0 -0.256561 -0.663338 0.0208851 1 
2019-09-25 16:56:18 0.99708 0.06054 -0.0463412 0 0.0618344 -0.997711 0.0270271 0 -0.0445997 -0.0298142 -0.99856 0 -0.256642 -0.663294 0.0208899 1 
2019-09-25 16:56:19 0.997217 0.0582421 -0.046341 0 0.0595362 -0.99785 0.0270521 0 -0.0446666 -0.0297364 -0.998559 0 -0.25689 -0.663173 0.0208912 1 
2019-09-25 16:56:19 0.9973 0.0568356 -0.0462994 0 0.0581265 -0.997934 0.0270292 0 -0.0446684 -0.029648 -0.998562 0 -0.257012 -0.663083 0.0208762 1 
2019-09-25 16:56:19 0.99731 0.0567177 -0.0462251 0 0.0579968 -0.997947 0.0268151 0 -0.0446101 -0.0294244 -0.998571 0 -0.257026 -0.662967 0.0208031 1 
2019-09-25 16:56:19 0.997294 0.0570156 -0.046212 0 0.0582925 -0.997931 0.0267695 0 -0.0445909 -0.0293914 -0.998573 0 -0.256944 -0.662962 0.0208374 1 
2019-09-25 16:56:19 0.99715 0.0595079 -0.0461648 0 0.0607669 -0.997794 0.0263635 0 -0.044495 -0.0290943 -0.998586 0 -0.256832 -0.662815 0.020796 1 
2019-09-25 16:56:19 0.996961 0.0626488 -0.0460895 0 0.0638877 -0.997611 0.0259142 0 -0.0443567 -0.0287805 -0.998601 0 -0.256728 -0.66265 0.0207414 1 
2019-09-25 16:56:19 0.996827 0.0647514 -0.0460954 0 0.0659851 -0.997478 0.0257639 0 -0.0443118 -0.0287244 -0.998605 0 -0.256554 -0.662669 0.0207423 1 
2019-09-25 16:56:19 0.996802 0.0651415 -0.0460717 0 0.0663758 -0.997452 0.0257858 0 -0.0442754 -0.0287619 -0.998605 0 -0.256348 -0.662753 0.0207473 1 
2019-09-25 16:56:19 0.99678 0.0655056 -0.0460449 0 0.0667399 -0.997427 0.025799 0 -0.0442373 -0.0287895 -0.998606 0 -0.256085 -0.662856 0.02074 1 
2019-09-25 16:56:19 0.996783 0.0656376 -0.0457777 0 0.0668778 -0.99741 0.0261045 0 -0.0439465 -0.0290826 -0.99861 0 -0.25574 -0.663071 0.0207836 1 
2019-09-25 16:56:19 0.996929 0.0634796 -0.0456461 0 0.0647239 -0.997546 0.0263163 0 -0.0438644 -0.0291904 -0.998611 0 -0.255662 -0.663139 0.020799 1 
2019-09-25 16:56:19 0.997204 0.0590893 -0.0455368 0 0.0603378 -0.997815 0.0265473 0 -0.0438695 -0.0292212 -0.99861 0 -0.255807 -0.663103 0.0208072 1 
2019-09-25 16:56:19 0.99743 0.0551843 -0.0454751 0 0.0564408 -0.998036 0.0268235 0 -0.0439064 -0.0293218 -0.998605 0 -0.255889 -0.66313 0.020837 1 
2019-09-25 16:56:19 0.997613 0.0518347 -0.0454015 0 0.0530956 -0.998214 0.0270212 0 -0.0439206 -0.0293679 -0.998603 0 -0.255898 -0.663153 0.0208464 1 
2019-09-25 16:56:19 0.99772 0.0498694 -0.0452512 0 0.0511292 -0.998314 0.0271212 0 -0.0438232 -0.0293736 -0.998607 0 -0.255761 -0.663206 0.0207994 1 
2019-09-25 16:56:19 0.997712 0.0502775 -0.0449773 0 0.0515306 -0.998293 0.027148 0 -0.0435364 -0.0294042 -0.998619 0 -0.255413 -0.663312 0.0207419 1 
2019-09-25 16:56:20 0.997666 0.0512714 -0.0448842 0 0.0525216 -0.998242 0.0271315 0 -0.0434151 -0.0294261 -0.998624 0 -0.255 -0.663458 0.0207153 1 
2019-09-25 16:56:20 0.997558 0.0532807 -0.0449367 0 0.0545298 -0.998136 0.0270431 0 -0.0434129 -0.029428 -0.998624 0 -0.254805 -0.663531 0.0207048 1 
2019-09-25 16:56:20 0.99756 0.0532091 -0.0449826 0 0.0544615 -0.998139 0.0270892 0 -0.0434584 -0.0294735 -0.99862 0 -0.25488 -0.66353 0.0207297 1 
2019-09-25 16:56:20 0.997586 0.0527146 -0.0449975 0 0.0539687 -0.998164 0.0271263 0 -0.0434858 -0.0294899 -0.998619 0 -0.2552 -0.663431 0.0207354 1 
2019-09-25 16:56:20 0.997604 0.0523757 -0.0449896 0 0.0536307 -0.998182 0.0271562 0 -0.0434864 -0.0295046 -0.998618 0 -0.255387 -0.663373 0.0207384 1 
2019-09-25 16:56:20 0.997654 0.0514725 -0.0449286 0 0.0527278 -0.998228 0.0272158 0 -0.0434489 -0.0295215 -0.998619 0 -0.255301 -0.663412 0.0207233 1 
2019-09-25 16:56:20 0.997657 0.0515244 -0.0448042 0 0.0527849 -0.99822 0.0274192 0 -0.0433126 -0.0297205 -0.998619 0 -0.254973 -0.663609 0.0207477 1 
2019-09-25 16:56:20 0.99769 0.0512295 -0.0443918 0 0.0524708 -0.998241 0.0272628 0 -0.0429179 -0.0295297 -0.998642 0 -0.254664 -0.663617 0.020516 1 
2019-09-25 16:56:20 0.997699 0.0513931 -0.0440126 0 0.0525918 -0.998254 0.0265246 0 -0.0425734 -0.0287788 -0.998679 0 -0.254471 -0.663407 0.0199499 1 
2019-09-25 16:56:20 0.997725 0.0510759 -0.0437726 0 0.0522138 -0.998307 0.0252572 0 -0.0424093 -0.0274858 -0.998722 0 -0.254655 -0.662902 0.0189876 1 
2019-09-25 16:56:20 0.997731 0.0509407 -0.0437924 0 0.0520915 -0.998306 0.0255501 0 -0.0424175 -0.0277738 -0.998714 0 -0.254744 -0.662976 0.0190451 1 
2019-09-25 16:56:20 0.997733 0.0509014 -0.0437913 0 0.0520521 -0.998308 0.0255487 0 -0.0424176 -0.0277707 -0.998714 0 -0.254773 -0.662964 0.0190436 1 
2019-09-25 16:56:20 0.997738 0.0508132 -0.0437875 0 0.051963 -0.998313 0.0255312 0 -0.0424171 -0.0277493 -0.998715 0 -0.254829 -0.662937 0.0190335 1 
2019-09-25 16:56:20 0.997746 0.0506662 -0.0437754 0 0.0518147 -0.998321 0.0255113 0 -0.0424102 -0.0277225 -0.998716 0 -0.254921 -0.662891 0.0190214 1 
2019-09-25 16:56:20 0.997752 0.0505581 -0.0437643 0 0.0517042 -0.998328 0.0254642 0 -0.0424045 -0.0276703 -0.998717 0 -0.255002 -0.662842 0.0190076 1 
2019-09-25 16:56:20 0.997751 0.0505986 -0.043733 0 0.0517406 -0.998328 0.0253877 0 -0.0423761 -0.0275939 -0.998721 0 -0.255045 -0.662789 0.0189933 1 
2019-09-25 16:56:20 0.99773 0.0510125 -0.0437328 0 0.0521536 -0.998307 0.025362 0 -0.0423658 -0.0275858 -0.998721 0 -0.255023 -0.662786 0.0190029 1 
2019-09-25 16:56:21 0.997711 0.0513823 -0.0437498 0 0.0525249 -0.998287 0.0253779 0 -0.0423717 -0.0276182 -0.99872 0 -0.255021 -0.662796 0.0190265 1 
2019-09-25 16:56:21 0.997637 0.0527411 -0.0438037 0 0.0538847 -0.998216 0.0253481 0 -0.0423895 -0.0276491 -0.998719 0 -0.25504 -0.6628 0.0190602 1 
2019-09-25 16:56:21 0.997596 0.0534927 -0.0438296 0 0.0546385 -0.998174 0.0253738 0 -0.0423931 -0.0277081 -0.998717 0 -0.255021 -0.662825 0.0191049 1 
2019-09-25 16:56:21 0.997586 0.0535385 -0.0439999 0 0.054719 -0.998152 0.0260764 0 -0.0425233 -0.0284216 -0.998691 0 -0.25503 -0.663065 0.0195977 1 
2019-09-25 16:56:21 0.997577 0.0535244 -0.0442367 0 0.054756 -0.998122 0.0271151 0 -0.0427031 -0.0294722 -0.998653 0 -0.255046 -0.663411 0.0203537 1 
2019-09-25 16:56:21 0.997561 0.0529413 -0.0452734 0 0.0542389 -0.998128 0.0279305 0 -0.0437108 -0.0303185 -0.998584 0 -0.255738 -0.663548 0.0211952 1 
2019-09-25 16:56:21 0.997601 0.0506827 -0.0469584 0 0.052002 -0.998264 0.0273117 0 -0.0454935 -0.0296887 -0.998523 0 -0.257787 -0.662797 0.0213486 1 
2019-09-25 16:56:21 0.997672 0.0496815 -0.046504 0 0.0509749 -0.998324 0.0270513 0 -0.045083 -0.0293594 -0.998552 0 -0.258295 -0.662436 0.0211093 1 
2019-09-25 16:56:21 0.997678 0.0502297 -0.0457825 0 0.0515143 -0.998289 0.0273234 0 -0.0443326 -0.029619 -0.998578 0 -0.257562 -0.66271 0.0210484 1 
2019-09-25 16:56:21 0.997807 0.0477643 -0.045608 0 0.0490746 -0.998391 0.028056 0 -0.0441954 -0.0302333 -0.998565 0 -0.257056 -0.663154 0.0212237 1 
2019-09-25 16:56:21 0.998135 0.0402846 -0.0456577 0 0.0416366 -0.998701 0.029056 0 -0.0444288 -0.0309035 -0.998534 0 -0.257382 -0.66337 0.0215197 1 
2019-09-25 16:56:21 0.998378 0.0339449 -0.0455007 0 0.0353017 -0.998936 0.0293541 0 -0.0444567 -0.0309134 -0.998533 0 -0.257616 -0.663318 0.0214836 1 
2019-09-25 16:56:21 0.998483 0.0309317 -0.045345 0 0.0322818 -0.999038 0.0293499 0 -0.0443944 -0.0307698 -0.99854 0 -0.25755 -0.663325 0.0212898 1 
2019-09-25 16:56:21 0.998567 0.029026 -0.0447352 0 0.030371 -0.999088 0.0296833 0 -0.0438336 -0.0310001 -0.998558 0 -0.256988 -0.663593 0.0211613 1 
2019-09-25 16:56:21 0.998724 0.0234691 -0.0444996 0 0.0248639 -0.999199 0.0310526 0 -0.0437361 -0.03212 -0.998527 0 -0.256508 -0.664265 0.0215321 1 
2019-09-25 16:56:21 0.998761 0.0212363 -0.0447941 0 0.0227072 -0.999201 0.032587 0 -0.0440671 -0.0335644 -0.998465 0 -0.256275 -0.665044 0.0221364 1 
2019-09-25 16:56:22 0.998764 0.0212026 -0.04475 0 0.0226632 -0.999209 0.0323896 0 -0.0440287 -0.0333643 -0.998473 0 -0.256316 -0.665002 0.0220396 1 
2019-09-25 16:56:22 0.998769 0.021342 -0.044554 0 0.0227643 -0.99923 0.0316642 0 -0.0438448 -0.0326401 -0.998505 0 -0.256198 -0.664798 0.021534 1 
2019-09-25 16:56:22 0.998774 0.0216906 -0.0442755 0 0.0230838 -0.999237 0.0312019 0 -0.0435658 -0.0321863 -0.998532 0 -0.255891 -0.664739 0.0211466 1 
2019-09-25 16:56:22 0.998776 0.0219235 -0.0441211 0 0.0233072 -0.999235 0.0310956 0 -0.0434064 -0.0320865 -0.998542 0 -0.255686 -0.664765 0.0210381 1 
2019-09-25 16:56:22 0.998779 0.0220494 -0.0439854 0 0.0234254 -0.999235 0.0310174 0 -0.0432686 -0.0320105 -0.998551 0 -0.255564 -0.664768 0.0209617 1 
2019-09-25 16:56:22 0.998782 0.0221736 -0.0438559 0 0.0235358 -0.999239 0.0307908 0 -0.0431406 -0.0317861 -0.998563 0 -0.255458 -0.664721 0.0207828 1 
2019-09-25 16:56:22 0.998786 0.0224871 -0.043604 0 0.0238221 -0.999246 0.0303408 0 -0.0428897 -0.0313433 -0.998588 0 -0.255193 -0.664623 0.0204828 1 
2019-09-25 16:56:22 0.998778 0.0230164 -0.0435118 0 0.0243371 -0.999242 0.0300684 0 -0.0427875 -0.0310912 -0.9986 0 -0.254876 -0.664639 0.0203158 1 
2019-09-25 16:56:22 0.998745 0.0243106 -0.0435653 0 0.0256311 -0.999211 0.0300119 0 -0.0428021 -0.0310915 -0.9986 0 -0.25474 -0.664689 0.0203208 1 
2019-09-25 16:56:22 0.99872 0.0252248 -0.0436117 0 0.0265432 -0.99919 0.0299211 0 -0.0428225 -0.031041 -0.9986 0 -0.254786 -0.664647 0.0203197 1 
2019-09-25 16:56:22 0.998669 0.0269515 -0.0437624 0 0.0282611 -0.999153 0.0295881 0 -0.0429287 -0.0307861 -0.998604 0 -0.254945 -0.664484 0.0202682 1 
2019-09-25 16:56:22 0.998593 0.029217 -0.0440264 0 0.0305201 -0.999097 0.0292229 0 -0.0431337 -0.0305261 -0.998603 0 -0.255182 -0.664308 0.0202653 1 
2019-09-25 16:56:22 0.99839 0.0358067 -0.0437664 0 0.0370065 -0.998943 0.0269175 0 -0.0427571 -0.0284944 -0.998679 0 -0.255359 -0.663347 0.0195559 1 
2019-09-25 16:56:22 0.998274 0.0396482 -0.0430991 0 0.0407398 -0.998854 0.0247492 0 -0.0420692 -0.0264629 -0.998764 0 -0.255155 -0.662401 0.0186616 1 
2019-09-25 16:56:22 0.998278 0.0396057 -0.0430509 0 0.0406927 -0.998857 0.0246734 0 -0.0420253 -0.0263833 -0.998768 0 -0.255149 -0.662333 0.0186485 1 
2019-09-25 16:56:22 0.998274 0.0395353 -0.0432024 0 0.0406519 -0.998844 0.025281 0 -0.0421537 -0.0269942 -0.998746 0 -0.255179 -0.662567 0.0189963 1 
2019-09-25 16:56:23 0.998292 0.0389982 -0.0432679 0 0.0401383 -0.998851 0.0257998 0 -0.0422129 -0.027493 -0.99873 0 -0.255156 -0.662753 0.0193101 1 
2019-09-25 16:56:23 0.998312 0.0385014 -0.0432683 0 0.0396414 -0.998871 0.0258053 0 -0.0422267 -0.0274775 -0.99873 0 -0.25528 -0.662702 0.019326 1 
2019-09-25 16:56:23 0.998329 0.0382748 -0.0430802 0 0.0393896 -0.998893 0.0253322 0 -0.0420637 -0.0269873 -0.99875 0 -0.255363 -0.662445 0.0190988 1 
2019-09-25 16:56:23 0.998342 0.0381443 -0.0428838 0 0.039232 -0.998912 0.0248147 0 -0.0418914 -0.0264565 -0.998772 0 -0.255383 -0.662172 0.018874 1 
2019-09-25 16:56:23 0.998344 0.0381068 -0.0428614 0 0.0391908 -0.998916 0.0247398 0 -0.041873 -0.0263791 -0.998775 0 -0.255404 -0.662133 0.0188192 1 
2019-09-25 16:56:23 0.998348 0.0380243 -0.0428459 0 0.0391061 -0.99892 0.0246987 0 -0.0418612 -0.026334 -0.998776 0 -0.255456 -0.662098 0.0187762 1 
2019-09-25 16:56:23 0.998349 0.0380451 -0.0428044 0 0.0391259 -0.998919 0.0247015 0 -0.0418192 -0.026336 -0.998778 0 -0.255432 -0.662103 0.018753 1 
2019-09-25 16:56:23 0.998359 0.0378888 -0.0427185 0 0.0389684 -0.998925 0.0247282 0 -0.0417364 -0.0263528 -0.998781 0 -0.255494 -0.662077 0.0187318 1 
2019-09-25 16:56:23 0.998365 0.0377714 -0.042669 0 0.0388515 -0.998928 0.0247752 0 -0.0416883 -0.026393 -0.998782 0 -0.255489 -0.662084 0.0187164 1 
2019-09-25 16:56:23 0.998408 0.0366001 -0.0426817 0 0.0376874 -0.998968 0.0249543 0 -0.0417251 -0.0265236 -0.998777 0 -0.255475 -0.662096 0.018547 1 
2019-09-25 16:56:23 0.998432 0.0359861 -0.0426431 0 0.0370662 -0.998995 0.0248142 0 -0.0417081 -0.0263565 -0.998782 0 -0.255464 -0.66207 0.0181076 1 
2019-09-25 16:56:23 0.998491 0.0346447 -0.042382 0 0.035706 -0.999051 0.024546 0 -0.0414922 -0.0260228 -0.9988 0 -0.255453 -0.662046 0.0175016 1 
2019-09-25 16:56:23 0.998571 0.0323693 -0.0422987 0 0.0334235 -0.999132 0.0244583 0 -0.0414711 -0.0258376 -0.998806 0 -0.255537 -0.661996 0.0169623 1 
2019-09-25 16:56:23 0.998662 0.0299632 -0.0419161 0 0.030991 -0.99922 0.0240889 0 -0.0411624 -0.0253562 -0.998831 0 -0.255624 -0.661748 0.0164354 1 
2019-09-25 16:56:23 0.998802 0.0256769 -0.041419 0 0.0266784 -0.999351 0.0238114 0 -0.0407815 -0.0248884 -0.998858 0 -0.255639 -0.661532 0.0159518 1 
2019-09-25 16:56:23 0.998873 0.0237851 -0.0408284 0 0.0247458 -0.999415 0.0231881 0 -0.0402537 -0.0241728 -0.998897 0 -0.255645 -0.661205 0.0151999 1 
2019-09-25 16:56:23 0.998907 0.0225964 -0.0406927 0 0.0235824 -0.999426 0.0239156 0 -0.0401298 -0.0248496 -0.998885 0 -0.255657 -0.66116 0.0143612 1 
2019-09-25 16:56:24 0.998933 0.0219261 -0.040405 0 0.0229279 -0.999427 0.0245 0 -0.0398455 -0.0254008 -0.998883 0 -0.255675 -0.661096 0.0135981 1 
2019-09-25 16:56:24 0.998972 0.0210621 -0.0399111 0 0.022072 -0.999433 0.0250332 0 -0.039362 -0.0258888 -0.99889 0 -0.255672 -0.661037 0.0129664 1 
2019-09-25 16:56:24 0.999017 0.0202323 -0.0391945 0 0.0212481 -0.999435 0.025678 0 -0.0386536 -0.0264861 -0.998902 0 -0.255654 -0.661051 0.0122709 1 
2019-09-25 16:56:24 0.999061 0.0194622 -0.0384623 0 0.0204726 -0.999441 0.0260514 0 -0.0379346 -0.0268149 -0.99892 0 -0.255702 -0.660947 0.011424 1 
2019-09-25 16:56:24 0.999097 0.0188745 -0.0378231 0 0.019887 -0.999439 0.026572 0 -0.0373011 -0.0273007 -0.998931 0 -0.255692 -0.660925 0.0104953 1 
2019-09-25 16:56:24 0.99912 0.0185985 -0.0373421 0 0.0195995 -0.999444 0.026621 0 -0.036827 -0.02733 -0.998948 0 -0.25555 -0.660994 0.00944267 1 
2019-09-25 16:56:24 0.999129 0.0183151 -0.0372231 0 0.0193064 -0.999454 0.0264495 0 -0.0367191 -0.0271456 -0.998957 0 -0.255573 -0.661024 0.00822706 1 
2019-09-25 16:56:24 0.999147 0.0178895 -0.036947 0 0.0188694 -0.999465 0.0263462 0 -0.0364566 -0.0270214 -0.99897 0 -0.255624 -0.661168 0.00685075 1 
2019-09-25 16:56:24 0.99915 0.0175829 -0.0370367 0 0.0185452 -0.999485 0.0258016 0 -0.0365647 -0.0264671 -0.998981 0 -0.255942 -0.661192 0.00535891 1 
2019-09-25 16:56:24 0.999177 0.017097 -0.0365141 0 0.0180317 -0.999504 0.0254248 0 -0.036062 -0.0260628 -0.99901 0 -0.255923 -0.661204 0.00406075 1 
2019-09-25 16:56:24 0.999184 0.0169655 -0.0364009 0 0.0178869 -0.999514 0.0251389 0 -0.0359574 -0.02577 -0.999021 0 -0.255928 -0.66116 0.00341052 1 
2019-09-25 16:56:24 0.999189 0.016813 -0.0363278 0 0.0177342 -0.999516 0.0251872 0 -0.0358874 -0.0258115 -0.999022 0 -0.255946 -0.661161 0.00334659 1 
2019-09-25 16:56:24 0.999195 0.0166164 -0.0362391 0 0.0175348 -0.99952 0.0251744 0 -0.035804 -0.0257901 -0.999026 0 -0.255977 -0.661113 0.00321187 1 
2019-09-25 16:56:24 0.999196 0.0164141 -0.0363072 0 0.0173421 -0.999517 0.0253934 0 -0.0358735 -0.0260031 -0.999018 0 -0.256011 -0.661076 0.00285453 1 
2019-09-25 16:56:24 0.999194 0.0163958 -0.0363895 0 0.0173383 -0.999509 0.0257355 0 -0.0359504 -0.0263462 -0.999006 0 -0.255947 -0.661106 0.00255936 1 
2019-09-25 16:56:24 0.99918 0.0164664 -0.0367365 0 0.0174336 -0.999496 0.0261666 0 -0.0362878 -0.0267861 -0.998982 0 -0.255904 -0.6611 0.00196027 1 
2019-09-25 16:56:25 0.999156 0.016575 -0.0373162 0 0.0175828 -0.999475 0.0268421 0 -0.0368525 -0.0274761 -0.998943 0 -0.255871 -0.661101 0.00107771 1 
2019-09-25 16:56:25 0.999119 0.0166777 -0.0382617 0 0.0177513 -0.999444 0.0278931 0 -0.0377759 -0.0285483 -0.998878 0 -0.255941 -0.661172 3.34838e-05 1 
2019-09-25 16:56:25 0.999093 0.0167002 -0.0389215 0 0.0178204 -0.999422 0.0286138 0 -0.0384219 -0.029282 -0.998832 0 -0.255952 -0.661142 -0.00102853 1 
2019-09-25 16:56:25 0.999073 0.0168312 -0.0393897 0 0.0179866 -0.999403 0.0291635 0 -0.0388761 -0.0298455 -0.998798 0 -0.255895 -0.661225 -0.00217497 1 
2019-09-25 16:56:25 0.999059 0.0168381 -0.0397277 0 0.0180063 -0.999401 0.0292332 0 -0.0392125 -0.0299217 -0.998783 0 -0.255974 -0.661296 -0.00345938 1 
2019-09-25 16:56:25 0.99907 0.0168223 -0.0394587 0 0.0179151 -0.999451 0.0275077 0 -0.0389751 -0.0281896 -0.998842 0 -0.255949 -0.660756 -0.0053537 1 
2019-09-25 16:56:25 0.999042 0.0169085 -0.04012 0 0.0180506 -0.999427 0.0282786 0 -0.0396196 -0.0289763 -0.998795 0 -0.256144 -0.661069 -0.00566221 1 
2019-09-25 16:56:25 0.999047 0.016691 -0.0400826 0 0.0178297 -0.999433 0.0282215 0 -0.0395896 -0.0289098 -0.998798 0 -0.25627 -0.661001 -0.0057266 1 
2019-09-25 16:56:25 0.999048 0.0166653 -0.0400655 0 0.0178027 -0.999434 0.0282013 0 -0.0395736 -0.0288883 -0.998799 0 -0.25626 -0.660997 -0.00574772 1 
2019-09-25 16:56:25 0.999092 0.0142105 -0.0399323 0 0.015334 -0.999481 0.0279725 0 -0.0395148 -0.02856 -0.998811 0 -0.256288 -0.66087 -0.00598731 1 
2019-09-25 16:56:25 0.999169 0.00805847 -0.0397152 0 0.00917502 -0.999556 0.028012 0 -0.0394726 -0.0283537 -0.998818 0 -0.256253 -0.660815 -0.00614836 1 
2019-09-25 16:56:25 0.999203 -0.00533312 -0.0393097 0 -0.00422361 -0.999582 0.0282538 0 -0.0394448 -0.0280658 -0.998828 0 -0.256275 -0.660708 -0.00628744 1 
2019-09-25 16:56:25 0.999167 -0.0114484 -0.0389218 0 -0.01036 -0.999543 0.0280517 0 -0.0392259 -0.0276256 -0.998848 0 -0.256192 -0.66062 -0.0063582 1 
2019-09-25 16:56:25 0.999148 -0.0132615 -0.0388266 0 -0.0121784 -0.999524 0.0280015 0 -0.0391802 -0.0275053 -0.998854 0 -0.256214 -0.660581 -0.00638229 1 
2019-09-25 16:56:25 0.999039 -0.0204456 -0.0385308 0 -0.0193723 -0.99941 0.0280268 0 -0.0390818 -0.0272539 -0.998864 0 -0.256208 -0.660516 -0.00643547 1 
2019-09-25 16:56:25 0.998698 -0.0336237 -0.0381106 0 -0.032565 -0.999066 0.0280681 0 -0.0390195 -0.026791 -0.998879 0 -0.256321 -0.660377 -0.00645347 1 
2019-09-25 16:56:26 0.998109 -0.0483671 -0.0376756 0 -0.0473066 -0.998463 0.0285487 0 -0.0389992 -0.0267129 -0.998882 0 -0.256369 -0.660345 -0.00645232 1 
2019-09-25 16:56:26 0.997601 -0.0581103 -0.0373643 0 -0.0570478 -0.997943 0.0289008 0 -0.0389676 -0.0267004 -0.998884 0 -0.256328 -0.660357 -0.00645078 1 
2019-09-25 16:56:26 0.99668 -0.0724292 -0.0369287 0 -0.0713644 -0.997008 0.0293818 0 -0.0389471 -0.0266493 -0.998886 0 -0.256472 -0.660285 -0.0064596 1 
2019-09-25 16:56:26 0.995355 -0.0890006 -0.036448 0 -0.0879321 -0.995667 0.0299396 0 -0.0389555 -0.0265961 -0.998887 0 -0.256632 -0.660211 -0.00646488 1 
2019-09-25 16:56:26 0.994052 -0.102703 -0.0359568 0 -0.101638 -0.994351 0.0302884 0 -0.0388651 -0.0264542 -0.998894 0 -0.256731 -0.660143 -0.00646659 1 
2019-09-25 16:56:26 0.992482 -0.117045 -0.0355114 0 -0.115976 -0.992765 0.0308034 0 -0.0388606 -0.0264539 -0.998894 0 -0.256753 -0.660135 -0.00646617 1 
2019-09-25 16:56:26 0.990342 -0.134097 -0.0349516 0 -0.133026 -0.990606 0.0313743 0 -0.0388312 -0.0264223 -0.998896 0 -0.256752 -0.660126 -0.00646875 1 
2019-09-25 16:56:26 0.987779 -0.151961 -0.0343577 0 -0.150885 -0.988023 0.0320147 0 -0.0388119 -0.02644 -0.998897 0 -0.256823 -0.660106 -0.00646681 1 
2019-09-25 16:56:26 0.984889 -0.169813 -0.0337236 0 -0.168733 -0.985111 0.0326426 0 -0.0387653 -0.0264595 -0.998898 0 -0.256684 -0.660158 -0.00646839 1 
2019-09-25 16:56:26 0.981255 -0.189815 -0.0330204 0 -0.188732 -0.981453 0.0333372 0 -0.0387366 -0.0264808 -0.998899 0 -0.256661 -0.660168 -0.00647098 1 
2019-09-25 16:56:26 0.975243 -0.218764 -0.0319929 0 -0.217676 -0.975408 0.0342989 0 -0.0387102 -0.0264862 -0.998899 0 -0.256721 -0.660143 -0.00647491 1 
2019-09-25 16:56:26 0.969835 -0.241723 -0.0311606 0 -0.240632 -0.969974 0.0350376 0 -0.0386951 -0.026483 -0.9989 0 -0.256701 -0.660147 -0.00647834 1 
2019-09-25 16:56:26 0.964635 -0.261798 -0.0303706 0 -0.260706 -0.964749 0.0356625 0 -0.0386371 -0.026484 -0.998902 0 -0.256592 -0.66018 -0.00648692 1 
2019-09-25 16:56:26 0.957886 -0.285619 -0.0292746 0 -0.284531 -0.957966 0.0363847 0 -0.0384369 -0.0265234 -0.998909 0 -0.256372 -0.660253 -0.00649851 1 
2019-09-25 16:56:26 0.950009 -0.310915 -0.0282135 0 -0.309835 -0.950062 0.0369563 0 -0.0382955 -0.0263678 -0.998919 0 -0.256273 -0.660253 -0.00649498 1 
2019-09-25 16:56:26 0.941137 -0.336905 -0.0271575 0 -0.335825 -0.941159 0.0377134 0 -0.0382661 -0.0263738 -0.998919 0 -0.25625 -0.660264 -0.00648979 1 
2019-09-25 16:56:26 0.929558 -0.367742 -0.0258549 0 -0.366663 -0.929543 0.0385841 0 -0.038223 -0.0263866 -0.998921 0 -0.256204 -0.660282 -0.00649432 1 
2019-09-25 16:56:27 0.917133 -0.3978 -0.0245375 0 -0.396722 -0.91708 0.0394411 0 -0.0381933 -0.0264387 -0.998921 0 -0.256145 -0.660319 -0.00648392 1 
2019-09-25 16:56:27 0.904322 -0.426193 -0.0232804 0 -0.425118 -0.904235 0.0401908 0 -0.0381807 -0.026449 -0.998921 0 -0.256145 -0.660319 -0.00648288 1 
2019-09-25 16:56:27 0.889755 -0.455891 -0.0219216 0 -0.454819 -0.889631 0.0409469 0 -0.0381702 -0.0264628 -0.998921 0 -0.256129 -0.660329 -0.00647349 1 
2019-09-25 16:56:27 0.874038 -0.485409 -0.0204248 0 -0.484345 -0.873874 0.041647 0 -0.0380652 -0.0265089 -0.998924 0 -0.255928 -0.660404 -0.00648232 1 
2019-09-25 16:56:27 0.857496 -0.514128 -0.0188173 0 -0.513076 -0.857289 0.0422877 0 -0.0378739 -0.0266074 -0.998928 0 -0.255691 -0.660503 -0.00646883 1 
2019-09-25 16:56:27 0.838777 -0.544198 -0.0168318 0 -0.543171 -0.838518 0.0428207 0 -0.0374174 -0.0267749 -0.998941 0 -0.255282 -0.660652 -0.00648441 1 
2019-09-25 16:56:27 0.816341 -0.577364 -0.0147902 0 -0.576359 -0.816032 0.0433975 0 -0.0371262 -0.0269032 -0.998948 0 -0.254976 -0.660773 -0.00647329 1 
2019-09-25 16:56:27 0.793683 -0.608175 -0.0130966 0 -0.607182 -0.793334 0.0439465 0 -0.0371178 -0.0269281 -0.998948 0 -0.255047 -0.660752 -0.00646569 1 
2019-09-25 16:56:27 0.770729 -0.637044 -0.0115027 0 -0.636063 -0.770345 0.0444171 0 -0.0371574 -0.0269176 -0.998947 0 -0.255396 -0.660621 -0.00646647 1 
2019-09-25 16:56:27 0.746652 -0.665128 -0.00983043 0 -0.664165 -0.746232 0.0447642 0 -0.0371104 -0.0268948 -0.998949 0 -0.255759 -0.660473 -0.00647263 1 
2019-09-25 16:56:27 0.722536 -0.691271 -0.00822416 0 -0.690323 -0.722082 0.0450837 0 -0.0371043 -0.0268978 -0.998949 0 -0.256114 -0.660338 -0.00647029 1 
2019-09-25 16:56:27 0.69912 -0.714959 -0.00673922 0 -0.714026 -0.698635 0.0453483 0 -0.0371312 -0.0268924 -0.998948 0 -0.256659 -0.660135 -0.00645746 1 
2019-09-25 16:56:27 0.674049 -0.738656 -0.0050901 0 -0.737745 -0.673531 0.0454905 0 -0.0370309 -0.0269081 -0.998952 0 -0.257202 -0.659913 -0.00647386 1 
2019-09-25 16:56:27 0.643093 -0.76577 -0.00283591 0 -0.764898 -0.642529 0.0454755 0 -0.0366467 -0.0270763 -0.998961 0 -0.25772 -0.659708 -0.00647101 1 
2019-09-25 16:56:27 0.610505 -0.792 -0.000438511 0 -0.791175 -0.609894 0.0453003 0 -0.036146 -0.0273097 -0.998973 0 -0.25792 -0.659635 -0.00646806 1 
2019-09-25 16:56:27 0.581651 -0.813425 0.00137754 0 -0.812631 -0.581006 0.0452081 0 -0.0359738 -0.0274153 -0.998977 0 -0.257962 -0.659622 -0.00646852 1 
2019-09-25 16:56:28 0.556673 -0.830714 0.00302651 0 -0.829951 -0.555998 0.0450405 0 -0.0357337 -0.0275852 -0.998981 0 -0.258023 -0.659616 -0.00645792 1 
2019-09-25 16:56:28 0.529246 -0.848443 0.0048497 0 -0.847717 -0.528536 0.0447855 0 -0.0354354 -0.0278142 -0.998985 0 -0.258127 -0.659603 -0.00643144 1 
2019-09-25 16:56:28 0.50495 -0.863114 0.00633734 0 -0.86242 -0.504217 0.0444782 0 -0.035195 -0.0279252 -0.99899 0 -0.258221 -0.659561 -0.0064398 1 
2019-09-25 16:56:28 0.480673 -0.876853 0.00793598 0 -0.876197 -0.479915 0.0440559 0 -0.0348227 -0.0281305 -0.998998 0 -0.258755 -0.659364 -0.00642435 1 
2019-09-25 16:56:28 0.453811 -0.891033 0.00981602 0 -0.89043 -0.453026 0.0433836 0 -0.0342099 -0.028429 -0.99901 0 -0.259386 -0.65912 -0.00641808 1 
2019-09-25 16:56:28 0.429547 -0.902959 0.0116256 0 -0.90241 -0.428737 0.0426723 0 -0.0335476 -0.0288214 -0.999021 0 -0.259743 -0.659002 -0.00641091 1 
2019-09-25 16:56:28 0.408129 -0.912818 0.0132609 0 -0.912319 -0.407296 0.0420058 0 -0.0329432 -0.0292425 -0.999029 0 -0.25968 -0.65906 -0.00639862 1 
2019-09-25 16:56:28 0.384456 -0.923018 0.0145666 0 -0.922554 -0.383609 0.041465 0 -0.0326857 -0.0293805 -0.999034 0 -0.259424 -0.659165 -0.00639379 1 
2019-09-25 16:56:28 0.3606 -0.932578 0.0157132 0 -0.932142 -0.359741 0.0409714 0 -0.032557 -0.0294218 -0.999037 0 -0.259047 -0.659302 -0.00639919 1 
2019-09-25 16:56:28 0.338794 -0.9407 0.0168096 0 -0.940292 -0.337923 0.0404819 0 -0.0324016 -0.0295215 -0.999039 0 -0.258576 -0.659492 -0.00639215 1 
2019-09-25 16:56:28 0.316693 -0.948349 0.0179063 0 -0.947972 -0.315814 0.0398826 0 -0.0321682 -0.0296058 -0.999044 0 -0.258062 -0.659685 -0.00640325 1 
2019-09-25 16:56:28 0.295194 -0.955241 0.0188862 0 -0.95489 -0.294307 0.0393545 0 -0.0320352 -0.029652 -0.999047 0 -0.257789 -0.659785 -0.00640703 1 
2019-09-25 16:56:28 0.2716 -0.962194 0.0199258 0 -0.961869 -0.270705 0.0388225 0 -0.0319614 -0.0297108 -0.999047 0 -0.25765 -0.659846 -0.00639934 1 
2019-09-25 16:56:28 0.245569 -0.969141 0.0210234 0 -0.968844 -0.244664 0.0382325 0 -0.0319097 -0.0297577 -0.999048 0 -0.257502 -0.659908 -0.00639482 1 
2019-09-25 16:56:28 0.220524 -0.975122 0.0220589 0 -0.974853 -0.219613 0.0375722 0 -0.0317936 -0.0297904 -0.99905 0 -0.257069 -0.660067 -0.00640749 1 
2019-09-25 16:56:28 0.192177 -0.981075 0.0232452 0 -0.980841 -0.19126 0.0367464 0 -0.0316057 -0.0298623 -0.999054 0 -0.25647 -0.660287 -0.00643001 1 
2019-09-25 16:56:29 0.164121 -0.986125 0.02456 0 -0.985927 -0.163191 0.0360163 0 -0.0315092 -0.0301259 -0.999049 0 -0.25576 -0.660603 -0.00642581 1 
2019-09-25 16:56:29 0.139297 -0.989912 0.0255281 0 -0.989738 -0.138359 0.035434 0 -0.0315451 -0.0302026 -0.999046 0 -0.255348 -0.660752 -0.00643879 1 
2019-09-25 16:56:29 0.11666 -0.99281 0.0264366 0 -0.99266 -0.115713 0.0348828 0 -0.0315735 -0.0303126 -0.999042 0 -0.255181 -0.660847 -0.00641477 1 
2019-09-25 16:56:29 0.0977816 -0.994822 0.0273539 0 -0.994691 -0.0968176 0.0345895 0 -0.0317627 -0.0305915 -0.999027 0 -0.255246 -0.660895 -0.00638918 1 
2019-09-25 16:56:29 0.0831222 -0.996135 0.0280544 0 -0.996019 -0.0821452 0.0343457 0 -0.031909 -0.0307982 -0.999016 0 -0.255516 -0.660844 -0.00637526 1 
2019-09-25 16:56:29 0.0652986 -0.997424 0.0293636 0 -0.997334 -0.0642842 0.0342593 0 -0.0322841 -0.031523 -0.998982 0 -0.255893 -0.660891 -0.00627771 1 
2019-09-25 16:56:29 0.0531126 -0.998089 0.0312735 0 -0.998043 -0.0520327 0.0343889 0 -0.0326965 -0.0330394 -0.998919 0 -0.255677 -0.661342 -0.00625393 1 
2019-09-25 16:56:29 0.0378742 -0.998721 0.0332009 0 -0.998738 -0.0367456 0.0339682 0 -0.0327054 -0.0344462 -0.998871 0 -0.255241 -0.661835 -0.00621569 1 
2019-09-25 16:56:29 0.0222365 -0.999128 0.0350778 0 -0.999212 -0.0210671 0.0333602 0 -0.0325927 -0.0357926 -0.998828 0 -0.254739 -0.66251 -0.00621592 1 
2019-09-25 16:56:29 0.0132756 -0.999257 0.035918 0 -0.999364 -0.0120819 0.0332472 0 -0.0327892 -0.0363373 -0.998802 0 -0.254734 -0.662877 -0.00619486 1 
2019-09-25 16:56:29 0.00304742 -0.999314 0.0366505 0 -0.999449 -0.00184291 0.0328536 0 -0.0327642 -0.0367311 -0.998788 0 -0.254595 -0.663163 -0.00620546 1 
2019-09-25 16:56:29 -0.00259152 -0.999306 0.0368998 0 -0.999452 0.00379497 0.0325811 0 -0.0326992 -0.0367958 -0.998788 0 -0.254448 -0.663237 -0.00618915 1 
2019-09-25 16:56:29 -0.00374952 -0.999298 0.0370082 0 -0.999448 0.00495616 0.0325667 0 -0.0327279 -0.0368664 -0.998784 0 -0.254506 -0.663254 -0.00616143 1 
2019-09-25 16:56:29 -0.00394309 -0.999297 0.0370144 0 -0.999447 0.00514991 0.0325651 0 -0.0327335 -0.0368662 -0.998784 0 -0.254512 -0.663255 -0.00616719 1 
2019-09-25 16:56:29 -0.00403604 -0.999296 0.0370454 0 -0.999446 0.00524439 0.0325787 0 -0.0327507 -0.0368941 -0.998782 0 -0.254544 -0.663259 -0.0061554 1 
2019-09-25 16:56:29 -0.0040646 -0.999294 0.0370788 0 -0.999445 0.00527464 0.0325948 0 -0.032768 -0.0369264 -0.998781 0 -0.25458 -0.663268 -0.00614985 1 
2019-09-25 16:56:29 -0.0040901 -0.999292 0.0371358 0 -0.999444 0.00530339 0.0326318 0 -0.0328063 -0.0369824 -0.998777 0 -0.254625 -0.663291 -0.00614293 1 
2019-09-25 16:56:30 -0.00410102 -0.999292 0.037148 0 -0.999444 0.00531476 0.0326334 0 -0.0328083 -0.0369942 -0.998777 0 -0.254637 -0.663298 -0.00615188 1 
2019-09-25 16:56:30 -0.004087 -0.999292 0.0371527 0 -0.999444 0.00530111 0.0326392 0 -0.0328136 -0.0369993 -0.998776 0 -0.254636 -0.663304 -0.00615379 1 
2019-09-25 16:56:30 -0.00408684 -0.999292 0.0371475 0 -0.999444 0.00530067 0.032636 0 -0.0328104 -0.0369942 -0.998777 0 -0.254637 -0.663301 -0.0061575 1 
2019-09-25 16:56:30 -0.00406545 -0.999292 0.0371381 0 -0.999443 0.0052793 0.0326452 0 -0.0328188 -0.0369855 -0.998777 0 -0.254637 -0.6633 -0.00616093 1 
2019-09-25 16:56:30 -0.00400378 -0.999293 0.0371294 0 -0.999443 0.00521808 0.0326651 0 -0.0328364 -0.0369787 -0.998776 0 -0.25463 -0.663303 -0.00615786 1 
2019-09-25 16:56:30 -0.00256939 -0.999303 0.0369946 0 -0.999445 0.00378446 0.0328117 0 -0.0329295 -0.0368905 -0.998777 0 -0.254555 -0.663315 -0.00616288 1 
2019-09-25 16:56:30 -0.00120445 -0.999307 0.0369471 0 -0.999445 0.00242199 0.0329264 0 -0.0329937 -0.0368877 -0.998775 0 -0.25444 -0.663368 -0.00613126 1 
2019-09-25 16:56:30 -0.00120827 -0.999306 0.0369718 0 -0.999445 0.00242723 0.0329425 0 -0.03301 -0.0369122 -0.998773 0 -0.254454 -0.663377 -0.00611405 1 
2019-09-25 16:56:30 -0.00123041 -0.999306 0.0369718 0 -0.999444 0.00244971 0.0329519 0 -0.0330202 -0.0369114 -0.998773 0 -0.254478 -0.663369 -0.00611267 1 
2019-09-25 16:56:30 -0.00121695 -0.999306 0.0369761 0 -0.999444 0.00243647 0.0329539 0 -0.0330218 -0.0369162 -0.998773 0 -0.254472 -0.663373 -0.00611013 1 
2019-09-25 16:56:30 -0.00120955 -0.999306 0.0369688 0 -0.999444 0.00242904 0.0329595 0 -0.0330271 -0.0369091 -0.998773 0 -0.254472 -0.663372 -0.00611064 1 
2019-09-25 16:56:30 -0.00119342 -0.999306 0.0369659 0 -0.999444 0.00241278 0.0329588 0 -0.0330257 -0.0369067 -0.998773 0 -0.254467 -0.663373 -0.00611004 1 
2019-09-25 16:56:30 -0.00119444 -0.999306 0.0369678 0 -0.999444 0.00241395 0.0329611 0 -0.0330281 -0.0369086 -0.998773 0 -0.254467 -0.663374 -0.00610764 1 
2019-09-25 16:56:30 -0.00119263 -0.999306 0.0369638 0 -0.999444 0.00241197 0.0329601 0 -0.033027 -0.0369046 -0.998773 0 -0.254462 -0.663375 -0.0061117 1 
