2019-09-25 16:58:48 0.998874 -0.0312797 -0.0353849 0 -0.0297136 -0.998582 0.0439497 0 -0.0367101 -0.0428496 -0.998407 0 -0.267897 -0.45099 0.495152 1 
2019-09-25 16:58:48 0.998875 -0.0312657 -0.0353841 0 -0.0297 -0.998583 0.0439402 0 -0.0367085 -0.0428407 -0.998407 0 -0.267894 -0.450993 0.495148 1 
2019-09-25 16:58:48 0.998874 -0.0312829 -0.0353827 0 -0.0297171 -0.998582 0.0439434 0 -0.0367079 -0.0428433 -0.998407 0 -0.2679 -0.45099 0.495148 1 
2019-09-25 16:58:48 0.998875 -0.0312647 -0.0353858 0 -0.0296987 -0.998583 0.0439485 0 -0.0367104 -0.0428489 -0.998407 0 -0.267892 -0.450995 0.495151 1 
2019-09-25 16:58:48 0.998874 -0.0312812 -0.0353856 0 -0.0297152 -0.998582 0.0439459 0 -0.0367108 -0.0428458 -0.998407 0 -0.267897 -0.450992 0.49515 1 
2019-09-25 16:58:48 0.998875 -0.0312764 -0.0353842 0 -0.0297104 -0.998582 0.0439464 0 -0.0367092 -0.0428465 -0.998407 0 -0.267896 -0.450992 0.49515 1 
2019-09-25 16:58:48 0.998875 -0.0312735 -0.0353842 0 -0.0297076 -0.998582 0.0439462 0 -0.0367091 -0.0428464 -0.998407 0 -0.267897 -0.450992 0.49515 1 
2019-09-25 16:58:48 0.998875 -0.0312719 -0.0353832 0 -0.0297062 -0.998583 0.0439429 0 -0.036708 -0.0428431 -0.998407 0 -0.267895 -0.450993 0.495149 1 
2019-09-25 16:58:48 0.998875 -0.0312784 -0.0353823 0 -0.0297125 -0.998582 0.0439481 0 -0.0367075 -0.0428482 -0.998407 0 -0.267897 -0.45099 0.49515 1 
2019-09-25 16:58:48 0.998875 -0.0312678 -0.0353834 0 -0.0297021 -0.998583 0.0439415 0 -0.0367079 -0.0428419 -0.998407 0 -0.267894 -0.450993 0.495149 1 
2019-09-25 16:58:48 0.998875 -0.0312744 -0.0353802 0 -0.0297091 -0.998583 0.043936 0 -0.0367048 -0.0428363 -0.998408 0 -0.267895 -0.450991 0.495146 1 
2019-09-25 16:58:48 0.998875 -0.0312711 -0.0353819 0 -0.0297054 -0.998583 0.0439427 0 -0.0367066 -0.042843 -0.998407 0 -0.267895 -0.450993 0.495148 1 
2019-09-25 16:58:48 0.998875 -0.0312728 -0.0353844 0 -0.0297069 -0.998582 0.0439474 0 -0.0367093 -0.0428476 -0.998407 0 -0.267897 -0.450991 0.495151 1 
2019-09-25 16:58:48 0.998875 -0.0312779 -0.0353818 0 -0.0297119 -0.998582 0.0439522 0 -0.0367071 -0.0428523 -0.998407 0 -0.267895 -0.450992 0.495152 1 
2019-09-25 16:58:48 0.998875 -0.0312823 -0.0353817 0 -0.0297166 -0.998582 0.0439438 0 -0.0367069 -0.0428438 -0.998407 0 -0.267899 -0.45099 0.495149 1 
2019-09-25 16:58:48 0.998875 -0.0312827 -0.0353788 0 -0.0297171 -0.998582 0.0439455 0 -0.0367041 -0.0428455 -0.998407 0 -0.267897 -0.450992 0.495148 1 
2019-09-25 16:58:48 0.998875 -0.03128 -0.0353778 0 -0.0297146 -0.998582 0.0439415 0 -0.0367029 -0.0428417 -0.998407 0 -0.267897 -0.450992 0.495146 1 
2019-09-25 16:58:49 0.998875 -0.0312729 -0.0353839 0 -0.029707 -0.998582 0.0439464 0 -0.0367088 -0.0428466 -0.998407 0 -0.267895 -0.450991 0.495151 1 
2019-09-25 16:58:49 0.998875 -0.0312773 -0.0353838 0 -0.0297114 -0.998582 0.0439446 0 -0.0367088 -0.0428447 -0.998407 0 -0.267898 -0.450991 0.495149 1 
2019-09-25 16:58:49 0.998875 -0.0312805 -0.0353803 0 -0.0297147 -0.998582 0.043948 0 -0.0367056 -0.0428481 -0.998407 0 -0.267897 -0.450991 0.49515 1 
2019-09-25 16:58:49 0.998875 -0.0312706 -0.0353817 0 -0.029705 -0.998583 0.0439406 0 -0.0367063 -0.0428409 -0.998407 0 -0.267893 -0.450994 0.495147 1 
2019-09-25 16:58:49 0.998875 -0.0312703 -0.0353808 0 -0.0297046 -0.998583 0.0439461 0 -0.0367055 -0.0428466 -0.998407 0 -0.267894 -0.450994 0.495149 1 
2019-09-25 16:58:49 0.998875 -0.0312756 -0.0353841 0 -0.0297095 -0.998582 0.0439503 0 -0.0367092 -0.0428504 -0.998407 0 -0.267898 -0.450991 0.495152 1 
2019-09-25 16:58:49 0.998875 -0.0312741 -0.0353842 0 -0.0297081 -0.998582 0.0439486 0 -0.0367091 -0.0428488 -0.998407 0 -0.267897 -0.450991 0.495151 1 
2019-09-25 16:58:49 0.998875 -0.0312755 -0.0353847 0 -0.0297096 -0.998582 0.043945 0 -0.0367097 -0.0428451 -0.998407 0 -0.267898 -0.450992 0.495149 1 
2019-09-25 16:58:49 0.998875 -0.0312764 -0.03538 0 -0.0297106 -0.998582 0.0439472 0 -0.036705 -0.0428474 -0.998407 0 -0.267898 -0.450991 0.495149 1 
2019-09-25 16:58:49 0.998875 -0.0312807 -0.0353796 0 -0.029715 -0.998582 0.0439453 0 -0.0367048 -0.0428454 -0.998407 0 -0.267898 -0.450991 0.495149 1 
2019-09-25 16:58:49 0.998874 -0.0312952 -0.0353787 0 -0.0297299 -0.998582 0.0439354 0 -0.0367042 -0.042835 -0.998408 0 -0.267907 -0.450986 0.495145 1 
2019-09-25 16:58:49 0.998875 -0.0312827 -0.0353799 0 -0.0297171 -0.998582 0.0439426 0 -0.0367051 -0.0428426 -0.998407 0 -0.267901 -0.450988 0.495148 1 
2019-09-25 16:58:49 0.998875 -0.0312792 -0.0353779 0 -0.0297136 -0.998582 0.0439437 0 -0.0367029 -0.0428439 -0.998407 0 -0.267896 -0.450991 0.495148 1 
2019-09-25 16:58:49 0.998875 -0.0312807 -0.035383 0 -0.0297148 -0.998582 0.0439477 0 -0.0367083 -0.0428477 -0.998407 0 -0.267898 -0.450991 0.49515 1 
2019-09-25 16:58:49 0.998874 -0.0312873 -0.0353812 0 -0.0297213 -0.998582 0.0439527 0 -0.0367069 -0.0428525 -0.998407 0 -0.267902 -0.450987 0.495153 1 
2019-09-25 16:58:49 0.998874 -0.0312962 -0.0353753 0 -0.0297311 -0.998582 0.0439355 0 -0.0367009 -0.0428351 -0.998408 0 -0.267903 -0.450984 0.495146 1 
2019-09-25 16:58:49 0.998875 -0.0312791 -0.0353702 0 -0.0297143 -0.998583 0.0439312 0 -0.0366949 -0.0428316 -0.998408 0 -0.267896 -0.450987 0.495143 1 
2019-09-25 16:58:50 0.998875 -0.0312961 -0.0353692 0 -0.0297316 -0.998583 0.0439257 0 -0.0366945 -0.0428255 -0.998408 0 -0.267903 -0.450982 0.495142 1 
2019-09-25 16:58:50 0.998871 -0.0313113 -0.0354518 0 -0.0297362 -0.998574 0.0441154 0 -0.0367833 -0.0430122 -0.998397 0 -0.26792 -0.451001 0.495241 1 
2019-09-25 16:58:50 0.998872 -0.0312877 -0.0354553 0 -0.0297127 -0.998575 0.0441095 0 -0.0367856 -0.0430071 -0.998397 0 -0.26791 -0.45101 0.495244 1 
2019-09-25 16:58:50 0.99887 -0.0313099 -0.03548 0 -0.0297317 -0.998572 0.0441667 0 -0.0368129 -0.0430628 -0.998394 0 -0.267923 -0.451009 0.495274 1 
2019-09-25 16:58:50 0.998864 -0.031337 -0.0356176 0 -0.029741 -0.998557 0.0444883 0 -0.0369611 -0.0433793 -0.998375 0 -0.267944 -0.451032 0.495447 1 
2019-09-25 16:58:50 0.998861 -0.0313337 -0.0357033 0 -0.0297211 -0.998542 0.0448365 0 -0.0370569 -0.0437251 -0.998356 0 -0.267931 -0.450991 0.495626 1 
2019-09-25 16:58:50 0.998861 -0.0313757 -0.0356883 0 -0.0297652 -0.998543 0.0447959 0 -0.0370425 -0.0436835 -0.998358 0 -0.267951 -0.450985 0.495604 1 
2019-09-25 16:58:50 0.998861 -0.0313585 -0.0356992 0 -0.0297465 -0.998542 0.0448221 0 -0.0370534 -0.04371 -0.998357 0 -0.267945 -0.450985 0.49562 1 
2019-09-25 16:58:50 0.998862 -0.0313141 -0.0356986 0 -0.0297027 -0.998544 0.0448078 0 -0.0370505 -0.0436974 -0.998358 0 -0.267926 -0.450999 0.495612 1 
2019-09-25 16:58:50 0.998862 -0.0313224 -0.0356941 0 -0.0297119 -0.998545 0.0447885 0 -0.0370457 -0.0436779 -0.998359 0 -0.26793 -0.450997 0.495603 1 
2019-09-25 16:58:50 0.998861 -0.0313424 -0.0356966 0 -0.0297311 -0.998543 0.0448086 0 -0.0370497 -0.0436971 -0.998358 0 -0.267937 -0.45099 0.495613 1 
2019-09-25 16:58:50 0.998862 -0.0313339 -0.0356901 0 -0.0297237 -0.998545 0.044786 0 -0.0370422 -0.0436751 -0.998359 0 -0.267931 -0.450997 0.4956 1 
2019-09-25 16:58:50 0.998862 -0.031345 -0.0356873 0 -0.0297351 -0.998545 0.044782 0 -0.0370398 -0.0436707 -0.998359 0 -0.267939 -0.450991 0.4956 1 
2019-09-25 16:58:50 0.998863 -0.0313212 -0.0356845 0 -0.0297121 -0.998546 0.0447632 0 -0.0370353 -0.0436528 -0.99836 0 -0.267927 -0.450997 0.495592 1 
2019-09-25 16:58:50 0.998862 -0.0313638 -0.0356624 0 -0.0297585 -0.998548 0.044687 0 -0.0370129 -0.0435757 -0.998364 0 -0.267952 -0.450995 0.495548 1 
2019-09-25 16:58:50 0.998862 -0.0313324 -0.0356805 0 -0.0297242 -0.998547 0.0447435 0 -0.0370313 -0.0436328 -0.998361 0 -0.267937 -0.451001 0.495578 1 
2019-09-25 16:58:50 0.998858 -0.0314717 -0.0356754 0 -0.0298635 -0.998542 0.044749 0 -0.0370324 -0.0436333 -0.998361 0 -0.268003 -0.450965 0.495577 1 
2019-09-25 16:58:50 0.998858 -0.0314846 -0.0356803 0 -0.0298759 -0.998542 0.0447543 0 -0.037038 -0.043638 -0.998361 0 -0.268006 -0.450968 0.495576 1 
2019-09-25 16:58:51 0.998858 -0.0314918 -0.0356675 0 -0.029885 -0.998543 0.044719 0 -0.0370246 -0.0436029 -0.998363 0 -0.268014 -0.450962 0.495561 1 
2019-09-25 16:58:51 0.998868 -0.0311838 -0.0356535 0 -0.029582 -0.998557 0.0446035 0 -0.0369937 -0.0434991 -0.998368 0 -0.267877 -0.451057 0.495505 1 
2019-09-25 16:58:51 0.998818 -0.0317676 -0.0365182 0 -0.0300615 -0.998463 0.0463551 0 -0.0379354 -0.0452034 -0.998257 0 -0.268293 -0.451234 0.496455 1 
2019-09-25 16:58:51 0.998741 -0.0319 -0.0384779 0 -0.0299608 -0.998292 0.0499631 0 -0.0400068 -0.0487483 -0.99801 0 -0.268649 -0.451929 0.498511 1 
2019-09-25 16:58:51 0.998701 -0.0312477 -0.0400114 0 -0.0291367 -0.998197 0.0522985 0 -0.0415743 -0.0510657 -0.99783 0 -0.268604 -0.452796 0.500316 1 
2019-09-25 16:58:51 0.998756 -0.0286126 -0.0406033 0 -0.0264731 -0.998271 0.0522875 0 -0.04203 -0.0511485 -0.997806 0 -0.267575 -0.454024 0.500487 1 
2019-09-25 16:58:51 0.998903 -0.0237434 -0.0401276 0 -0.0217384 -0.998519 0.0496846 0 -0.0412486 -0.0487587 -0.997958 0 -0.26547 -0.455731 0.49914 1 
2019-09-25 16:58:51 0.999057 -0.0163501 -0.0399777 0 -0.0144807 -0.998798 0.0466128 0 -0.0406925 -0.0459908 -0.998113 0 -0.262417 -0.458718 0.496982 1 
2019-09-25 16:58:51 0.999151 -0.00649279 -0.0404548 0 -0.00470118 -0.999001 0.0442252 0 -0.0407023 -0.0439982 -0.998202 0 -0.25839 -0.462802 0.494546 1 
2019-09-25 16:58:51 0.9991 0.00426207 -0.0419625 0 0.00609881 -0.999015 0.0437404 0 -0.0417355 -0.0439578 -0.998161 0 -0.253702 -0.467864 0.492128 1 
2019-09-25 16:58:51 0.998978 0.0117538 -0.0434296 0 0.0136427 -0.998953 0.0434555 0 -0.0428742 -0.0440044 -0.998111 0 -0.248447 -0.473658 0.489255 1 
2019-09-25 16:58:51 0.998953 0.0119844 -0.0439359 0 0.0138502 -0.998995 0.042409 0 -0.0433843 -0.042974 -0.998134 0 -0.242688 -0.480094 0.48529 1 
2019-09-25 16:58:51 0.998987 0.00559307 -0.0444387 0 0.0075305 -0.999013 0.0435502 0 -0.0441521 -0.0438415 -0.998062 0 -0.235972 -0.487744 0.480896 1 
2019-09-25 16:58:51 0.999018 0.000360062 -0.0440882 0 0.00226869 -0.999052 0.0432482 0 -0.0440317 -0.0433066 -0.998091 0 -0.229051 -0.49535 0.476235 1 
2019-09-25 16:58:51 0.99899 -0.00421471 -0.04452 0 -0.00217959 -0.998945 0.0456621 0 -0.0446664 -0.0455198 -0.997964 0 -0.221283 -0.504618 0.471027 1 
2019-09-25 16:58:51 0.998903 -0.0139394 -0.0444987 0 -0.0118817 -0.998853 0.0461748 0 -0.0450922 -0.0455963 -0.997942 0 -0.213293 -0.51391 0.465708 1 
2019-09-25 16:58:51 0.99859 -0.0297818 -0.0437135 0 -0.027695 -0.998473 0.0475914 0 -0.045065 -0.0463145 -0.99791 0 -0.204552 -0.524019 0.46042 1 
2019-09-25 16:58:52 0.997849 -0.0497827 -0.0424334 0 -0.047664 -0.997624 0.0495576 0 -0.0448005 -0.0474294 -0.997869 0 -0.19523 -0.534968 0.454635 1 
2019-09-25 16:58:52 0.99639 -0.074135 -0.0411346 0 -0.07199 -0.996071 0.0513833 0 -0.0447831 -0.0482375 -0.997831 0 -0.185005 -0.54687 0.44817 1 
2019-09-25 16:58:52 0.994335 -0.0985695 -0.0395294 0 -0.096439 -0.993938 0.0526018 0 -0.0444756 -0.0484926 -0.997833 0 -0.17419 -0.559121 0.4411 1 
2019-09-25 16:58:52 0.991568 -0.123855 -0.0378761 0 -0.12176 -0.991114 0.0533672 0 -0.0441502 -0.0483063 -0.997856 0 -0.163112 -0.571774 0.433416 1 
2019-09-25 16:58:52 0.988495 -0.146663 -0.0367179 0 -0.14457 -0.987992 0.0543379 0 -0.0442472 -0.0484054 -0.997847 0 -0.152735 -0.584494 0.424587 1 
2019-09-25 16:58:52 0.985682 -0.164572 -0.036426 0 -0.162498 -0.985219 0.0540307 0 -0.0447804 -0.0473389 -0.997875 0 -0.143074 -0.597201 0.414426 1 
2019-09-25 16:58:52 0.983102 -0.179384 -0.0362167 0 -0.177335 -0.982682 0.0535616 0 -0.0451985 -0.0462349 -0.997908 0 -0.134812 -0.609247 0.403853 1 
2019-09-25 16:58:52 0.980205 -0.19459 -0.0362446 0 -0.192548 -0.979834 0.053217 0 -0.04587 -0.0451856 -0.997925 0 -0.128705 -0.620524 0.392307 1 
2019-09-25 16:58:52 0.976911 -0.210544 -0.036005 0 -0.208534 -0.976587 0.052654 0 -0.0462489 -0.0439308 -0.997963 0 -0.124905 -0.631401 0.379731 1 
2019-09-25 16:58:52 0.973903 -0.224021 -0.0361733 0 -0.22201 -0.973624 0.0524215 0 -0.0469636 -0.0430235 -0.99797 0 -0.123754 -0.640841 0.36724 1 
2019-09-25 16:58:52 0.970589 -0.23788 -0.0367551 0 -0.23589 -0.97041 0.0513902 0 -0.0478932 -0.0412094 -0.998002 0 -0.125174 -0.648706 0.35451 1 
2019-09-25 16:58:52 0.965285 -0.258636 -0.0362459 0 -0.256687 -0.965143 0.0508996 0 -0.0481479 -0.0398295 -0.998046 0 -0.128667 -0.655133 0.34191 1 
2019-09-25 16:58:52 0.958289 -0.283593 -0.0351868 0 -0.281699 -0.95816 0.050548 0 -0.0480506 -0.0385282 -0.998102 0 -0.133461 -0.659851 0.32969 1 
2019-09-25 16:58:52 0.950671 -0.308221 -0.0347184 0 -0.306424 -0.950631 0.048848 0 -0.0480613 -0.0358005 -0.998203 0 -0.139654 -0.662881 0.316848 1 
2019-09-25 16:58:52 0.945136 -0.324704 -0.0355953 0 -0.322974 -0.945237 0.0468496 0 -0.0488592 -0.0327835 -0.998268 0 -0.1472 -0.664645 0.303759 1 
2019-09-25 16:58:52 0.940695 -0.337104 -0.037867 0 -0.335408 -0.940997 0.0448012 0 -0.0507363 -0.029444 -0.998278 0 -0.155822 -0.665635 0.290749 1 
2019-09-25 16:58:52 0.940111 -0.338475 -0.0400954 0 -0.336778 -0.940564 0.0436063 0 -0.0524729 -0.027492 -0.998244 0 -0.164028 -0.666435 0.277898 1 
2019-09-25 16:58:52 0.94601 -0.321148 -0.0437 0 -0.319415 -0.94666 0.0422926 0 -0.0549523 -0.0260512 -0.998149 0 -0.172494 -0.667039 0.264966 1 
2019-09-25 16:58:53 0.957227 -0.285485 -0.0468549 0 -0.283794 -0.958057 0.0395941 0 -0.0561943 -0.0246039 -0.998117 0 -0.180174 -0.667357 0.251578 1 
2019-09-25 16:58:53 0.969598 -0.239611 -0.0494751 0 -0.237993 -0.970573 0.0364455 0 -0.056753 -0.0235633 -0.99811 0 -0.187836 -0.667313 0.237962 1 
2019-09-25 16:58:53 0.979939 -0.192747 -0.0504969 0 -0.191252 -0.980977 0.032977 0 -0.0558936 -0.0226583 -0.99818 0 -0.19455 -0.667042 0.224503 1 
2019-09-25 16:58:53 0.987901 -0.146131 -0.051754 0 -0.144721 -0.989007 0.030042 0 -0.0555761 -0.022189 -0.998208 0 -0.200997 -0.666694 0.210481 1 
2019-09-25 16:58:53 0.993129 -0.104231 -0.0530285 0 -0.102934 -0.994322 0.0266364 0 -0.0555048 -0.0209954 -0.998238 0 -0.207247 -0.665982 0.196408 1 
2019-09-25 16:58:53 0.996688 -0.0599111 -0.0548057 0 -0.0586853 -0.997985 0.0237105 0 -0.0561169 -0.0204161 -0.998215 0 -0.212811 -0.66535 0.181932 1 
2019-09-25 16:58:53 0.998312 -0.0105682 -0.0569348 0 -0.00941163 -0.999735 0.0205436 0 -0.0571379 -0.0199734 -0.998166 0 -0.218174 -0.664541 0.167939 1 
2019-09-25 16:58:53 0.997267 0.0446828 -0.058679 0 0.0457022 -0.998815 0.0161454 0 -0.0578892 -0.0187834 -0.998146 0 -0.223368 -0.663362 0.154477 1 
2019-09-25 16:58:53 0.993201 0.100212 -0.0590685 0 0.101155 -0.994774 0.0131849 0 -0.0574396 -0.0190707 -0.998167 0 -0.228051 -0.662298 0.142135 1 
2019-09-25 16:58:53 0.986665 0.151712 -0.0587933 0 0.152561 -0.988231 0.0102139 0 -0.0565529 -0.0190477 -0.998218 0 -0.232822 -0.660825 0.130185 1 
2019-09-25 16:58:53 0.980576 0.187196 -0.058394 0 0.188067 -0.982098 0.00973351 0 -0.0555276 -0.0205268 -0.998246 0 -0.237498 -0.659414 0.119115 1 
2019-09-25 16:58:53 0.980975 0.185996 -0.0554405 0 0.186996 -0.98226 0.0133921 0 -0.0519671 -0.0235049 -0.998372 0 -0.241717 -0.658088 0.108766 1 
2019-09-25 16:58:53 0.985096 0.164651 -0.0495648 0 0.165733 -0.985987 0.0185321 0 -0.0458198 -0.0264709 -0.998599 0 -0.244315 -0.656831 0.0992011 1 
2019-09-25 16:58:53 0.989735 0.135398 -0.0455377 0 0.136513 -0.990377 0.022325 0 -0.0420776 -0.0283129 -0.998713 0 -0.246295 -0.655621 0.0895394 1 
2019-09-25 16:58:53 0.994218 0.0983907 -0.0427899 0 0.0995127 -0.994714 0.024928 0 -0.0401118 -0.0290426 -0.998773 0 -0.247509 -0.654643 0.0807802 1 
2019-09-25 16:58:53 0.997337 0.0594917 -0.041967 0 0.060733 -0.997724 0.0289497 0 -0.04015 -0.031422 -0.998699 0 -0.248126 -0.654362 0.0735369 1 
2019-09-25 16:58:53 0.998774 0.0259117 -0.0419615 0 0.0271931 -0.999163 0.0302585 0 -0.0411431 -0.031363 -0.998661 0 -0.248661 -0.653969 0.0669729 1 
2019-09-25 16:58:54 0.999034 0.00209688 -0.0436722 0 0.00346413 -0.999496 0.0312548 0 -0.0435855 -0.0313765 -0.998557 0 -0.24932 -0.654027 0.0618785 1 
2019-09-25 16:58:54 0.998923 -0.0103011 -0.0450251 0 -0.00892283 -0.999479 0.0307047 0 -0.0453188 -0.0302704 -0.998514 0 -0.249961 -0.654376 0.0577477 1 
2019-09-25 16:58:54 0.998849 -0.00984337 -0.0467495 0 -0.00847542 -0.999523 0.0293697 0 -0.0470172 -0.0289402 -0.998475 0 -0.250495 -0.654861 0.053902 1 
2019-09-25 16:58:54 0.998797 0.0027891 -0.0487572 0 0.00420501 -0.999562 0.0289613 0 -0.0486561 -0.0291321 -0.998391 0 -0.250899 -0.656287 0.0516948 1 
2019-09-25 16:58:54 0.998059 0.0350822 -0.0512578 0 0.0365455 -0.998933 0.0278947 0 -0.0502255 -0.0297144 -0.998296 0 -0.251149 -0.658046 0.0498023 1 
2019-09-25 16:58:54 0.995834 0.0738574 -0.0532919 0 0.0752954 -0.996826 0.025497 0 -0.0512406 -0.0294039 -0.998253 0 -0.251309 -0.659118 0.0478622 1 
2019-09-25 16:58:54 0.993929 0.0955347 -0.0543975 0 0.0969428 -0.994994 0.0238567 0 -0.051847 -0.0289859 -0.998234 0 -0.251749 -0.659632 0.0464221 1 
2019-09-25 16:58:54 0.994327 0.091629 -0.0538424 0 0.0930235 -0.995365 0.0239859 0 -0.0513961 -0.028859 -0.998261 0 -0.252692 -0.659683 0.0452761 1 
2019-09-25 16:58:54 0.99678 0.0636154 -0.0486107 0 0.0649883 -0.997506 0.0272025 0 -0.0467598 -0.0302746 -0.998447 0 -0.25306 -0.659628 0.0440059 1 
2019-09-25 16:58:54 0.99878 0.0217029 -0.0441353 0 0.0230683 -0.999254 0.030667 0 -0.0434377 -0.0316484 -0.998555 0 -0.253186 -0.659776 0.0428905 1 
2019-09-25 16:58:54 0.99905 -0.00234012 -0.0432991 0 -0.000998772 -0.99951 0.0309741 0 -0.0433512 -0.0309021 -0.998582 0 -0.253123 -0.659701 0.0419365 1 
2019-09-25 16:58:54 0.99905 -0.00225241 -0.043294 0 -0.00094853 -0.999536 0.0301137 0 -0.0433426 -0.0300446 -0.998608 0 -0.252903 -0.659499 0.0409717 1 
2019-09-25 16:58:54 0.999031 0.00159057 -0.0437587 0 0.00289311 -0.999544 0.0297191 0 -0.0436923 -0.0298175 -0.9986 0 -0.25275 -0.659435 0.0399524 1 
2019-09-25 16:58:54 0.99898 0.00627695 -0.0445049 0 0.00759779 -0.999524 0.0295716 0 -0.0442989 -0.0298801 -0.998571 0 -0.252739 -0.659342 0.0387865 1 
2019-09-25 16:58:54 0.998944 0.00747687 -0.0451101 0 0.00881513 -0.999515 0.0295407 0 -0.0448682 -0.0299078 -0.998545 0 -0.252674 -0.659298 0.0374964 1 
2019-09-25 16:58:54 0.998914 0.00869824 -0.045555 0 0.0100566 -0.999499 0.0296747 0 -0.0452749 -0.0301012 -0.998521 0 -0.252454 -0.659442 0.0362725 1 
2019-09-25 16:58:54 0.998788 0.0167537 -0.0460628 0 0.0180979 -0.999408 0.028921 0 -0.0455519 -0.0297201 -0.99852 0 -0.252321 -0.659687 0.0350398 1 
2019-09-25 16:58:54 0.998363 0.032001 -0.0472077 0 0.0333639 -0.999031 0.0283689 0 -0.046255 -0.029898 -0.998482 0 -0.252486 -0.660254 0.0340714 1 
2019-09-25 16:58:55 0.998092 0.0379025 -0.0485349 0 0.0393707 -0.998775 0.0296612 0 -0.0473521 -0.0315161 -0.998381 0 -0.252885 -0.661583 0.0337146 1 
2019-09-25 16:58:55 0.997988 0.0384543 -0.0502286 0 0.0401168 -0.998656 0.0325194 0 -0.0489115 -0.0344697 -0.998208 0 -0.253553 -0.66354 0.0338174 1 
2019-09-25 16:58:55 0.997994 0.0365061 -0.0515414 0 0.0383358 -0.998643 0.0349691 0 -0.0501959 -0.0368755 -0.998058 0 -0.254253 -0.665196 0.033748 1 
2019-09-25 16:58:55 0.998264 0.0285905 -0.0513109 0 0.0304541 -0.998881 0.0359123 0 -0.0502277 -0.0374133 -0.998037 0 -0.25449 -0.665951 0.0330114 1 
2019-09-25 16:58:55 0.998639 0.0163261 -0.0493469 0 0.0180805 -0.999203 0.0353169 0 -0.0487319 -0.0361618 -0.998157 0 -0.253611 -0.665703 0.0318229 1 
2019-09-25 16:58:55 0.998818 0.00762819 -0.047807 0 0.0092773 -0.999357 0.0343684 0 -0.047515 -0.0347719 -0.998265 0 -0.25282 -0.665357 0.0307364 1 
2019-09-25 16:58:55 0.998854 0.00410908 -0.0474813 0 0.00569817 -0.999417 0.0333805 0 -0.0473174 -0.0336135 -0.998314 0 -0.252982 -0.664914 0.0299424 1 
2019-09-25 16:58:55 0.998861 0.00290302 -0.0474203 0 0.00447121 -0.999436 0.0329972 0 -0.0472987 -0.0331723 -0.99833 0 -0.253787 -0.664484 0.0296678 1 
2019-09-25 16:58:55 0.998862 0.00189569 -0.0474458 0 0.00345967 -0.999443 0.0329028 0 -0.047358 -0.0330302 -0.998332 0 -0.254783 -0.664083 0.0296292 1 
2019-09-25 16:58:55 0.998822 0.00793506 -0.0476733 0 0.00948437 -0.999422 0.0323601 0 -0.0473899 -0.0327748 -0.998339 0 -0.25543 -0.663764 0.0295124 1 
2019-09-25 16:58:55 0.998494 0.0258305 -0.0481907 0 0.0273523 -0.99913 0.0311893 0 -0.047344 -0.0324611 -0.998351 0 -0.255557 -0.663589 0.0293559 1 
2019-09-25 16:58:55 0.998038 0.0394114 -0.0484582 0 0.0409152 -0.998689 0.0304412 0 -0.0471958 -0.0323647 -0.998361 0 -0.255442 -0.663584 0.0292566 1 
2019-09-25 16:58:55 0.998004 0.040398 -0.0483303 0 0.0418906 -0.998654 0.0302795 0 -0.0470429 -0.0322443 -0.998372 0 -0.255356 -0.663551 0.0291558 1 
2019-09-25 16:58:55 0.998021 0.0403264 -0.0480532 0 0.0417806 -0.998677 0.0296526 0 -0.0467948 -0.0316022 -0.998405 0 -0.255289 -0.663276 0.028823 1 
2019-09-25 16:58:55 0.998053 0.0400626 -0.0476052 0 0.0414716 -0.998709 0.0289864 0 -0.0463834 -0.0309048 -0.998446 0 -0.255178 -0.663024 0.0283215 1 
2019-09-25 16:58:55 0.998192 0.037333 -0.0468997 0 0.0386976 -0.998834 0.0285328 0 -0.0457806 -0.0302967 -0.998492 0 -0.254901 -0.66287 0.0277413 1 
2019-09-25 16:58:55 0.998467 0.0302901 -0.046117 0 0.0316167 -0.999089 0.0283131 0 -0.0452183 -0.0297283 -0.998535 0 -0.254614 -0.662737 0.02718 1 
2019-09-25 16:58:56 0.998694 0.0224522 -0.0456752 0 0.0237703 -0.999301 0.0285204 0 -0.0450037 -0.0295695 -0.998549 0 -0.254417 -0.662705 0.026763 1 
2019-09-25 16:58:56 0.998765 0.0198446 -0.0453328 0 0.0211352 -0.99937 0.0281691 0 -0.0447461 -0.029093 -0.998575 0 -0.254241 -0.662599 0.026351 1 
2019-09-25 16:58:56 0.998774 0.0200315 -0.0450569 0 0.0212908 -0.999381 0.0276449 0 -0.0444761 -0.0285708 -0.998602 0 -0.254059 -0.662474 0.0259209 1 
2019-09-25 16:58:56 0.998783 0.0204809 -0.0446587 0 0.0217137 -0.999382 0.0272972 0 -0.0440729 -0.0282343 -0.998629 0 -0.253743 -0.662441 0.0255719 1 
2019-09-25 16:58:56 0.998761 0.0223135 -0.0442612 0 0.0235283 -0.999346 0.0271161 0 -0.043628 -0.0281244 -0.998652 0 -0.253308 -0.662493 0.0252325 1 
2019-09-25 16:58:56 0.998745 0.0235978 -0.0439653 0 0.0248047 -0.999315 0.0271118 0 -0.0432962 -0.0281689 -0.998665 0 -0.252897 -0.662591 0.0249643 1 
2019-09-25 16:58:56 0.998733 0.0237687 -0.0441455 0 0.0249978 -0.9993 0.0274998 0 -0.0434618 -0.0285691 -0.998647 0 -0.252854 -0.662744 0.0248929 1 
2019-09-25 16:58:56 0.998733 0.0230294 -0.0445223 0 0.0243004 -0.999297 0.0282188 0 -0.0438419 -0.0292655 -0.99861 0 -0.253333 -0.662877 0.0250678 1 
2019-09-25 16:58:56 0.99878 0.0202532 -0.0448222 0 0.0215763 -0.99933 0.0292328 0 -0.044201 -0.0301648 -0.998567 0 -0.25419 -0.66297 0.0254013 1 
2019-09-25 16:58:56 0.998818 0.0179644 -0.0449433 0 0.0193167 -0.999358 0.0298388 0 -0.0443793 -0.0306723 -0.998544 0 -0.254927 -0.662957 0.0256327 1 
2019-09-25 16:58:56 0.998882 0.014283 -0.0448471 0 0.0156426 -0.999414 0.0301117 0 -0.0443916 -0.0307802 -0.99854 0 -0.255212 -0.662906 0.0256746 1 
2019-09-25 16:58:56 0.998995 0.00484229 -0.0443461 0 0.00620203 -0.999504 0.0305757 0 -0.0441769 -0.0308206 -0.998548 0 -0.255017 -0.662968 0.025638 1 
2019-09-25 16:58:56 0.999024 -0.00525452 -0.0436388 0 -0.00390459 -0.999503 0.0309616 0 -0.0437807 -0.0307616 -0.998567 0 -0.254672 -0.663032 0.0254876 1 
2019-09-25 16:58:56 0.999015 -0.00755444 -0.0434965 0 -0.00622562 -0.999503 0.0306045 0 -0.0437069 -0.0303041 -0.998585 0 -0.254685 -0.662877 0.0251677 1 
2019-09-25 16:58:56 0.999018 -0.00777918 -0.0434067 0 -0.00648947 -0.999526 0.0297741 0 -0.0436186 -0.0294637 -0.998614 0 -0.254872 -0.662539 0.0245968 1 
2019-09-25 16:58:56 0.999032 -0.0061199 -0.0433512 0 -0.00488542 -0.999572 0.028525 0 -0.0435081 -0.0282861 -0.998653 0 -0.254918 -0.662135 0.0237249 1 
2019-09-25 16:58:56 0.999043 -0.000314036 -0.0435058 0 0.000873474 -0.999618 0.0272735 0 -0.0434986 -0.0272859 -0.998681 0 -0.254828 -0.661795 0.0227321 1 
2019-09-25 16:58:56 0.999012 0.00342705 -0.0440874 0 0.00462498 -0.999612 0.0270982 0 -0.0439783 -0.0272758 -0.99866 0 -0.254824 -0.661682 0.0219072 1 
2019-09-25 16:58:57 0.998984 0.00398989 -0.0446814 0 0.00521641 -0.999602 0.0273671 0 -0.0445553 -0.0275729 -0.998626 0 -0.254934 -0.661631 0.0212887 1 
2019-09-25 16:58:57 0.998979 0.00452205 -0.0447243 0 0.00573783 -0.999607 0.0270926 0 -0.044585 -0.0273221 -0.998632 0 -0.254969 -0.661522 0.0210214 1 
2019-09-25 16:58:57 0.998967 0.00644823 -0.0447749 0 0.00766421 -0.999595 0.027039 0 -0.0445833 -0.0273548 -0.998631 0 -0.254934 -0.661547 0.0210275 1 
2019-09-25 16:58:57 0.998926 0.0106053 -0.0448791 0 0.0118178 -0.99956 0.0268377 0 -0.0445756 -0.0273398 -0.998632 0 -0.254917 -0.661549 0.0210024 1 
2019-09-25 16:58:57 0.998826 0.0172781 -0.0450422 0 0.0184871 -0.999467 0.0265639 0 -0.0445601 -0.027366 -0.998632 0 -0.254873 -0.661578 0.0209975 1 
2019-09-25 16:58:57 0.998786 0.0189726 -0.0452391 0 0.0202027 -0.999425 0.0268897 0 -0.0447038 -0.0277715 -0.998614 0 -0.254973 -0.661742 0.021171 1 
2019-09-25 16:58:57 0.998777 0.0189428 -0.0454627 0 0.0202094 -0.999406 0.027564 0 -0.0449144 -0.0284496 -0.998586 0 -0.255085 -0.662033 0.0214644 1 
2019-09-25 16:58:57 0.998768 0.0188735 -0.0456771 0 0.0201788 -0.999387 0.028287 0 -0.045116 -0.0291744 -0.998556 0 -0.255131 -0.662372 0.0217666 1 
2019-09-25 16:58:57 0.998794 0.0172449 -0.0457534 0 0.0185751 -0.999403 0.0288077 0 -0.0452302 -0.0296234 -0.998537 0 -0.25516 -0.662579 0.0219532 1 
2019-09-25 16:58:57 0.998829 0.0152642 -0.0456908 0 0.016595 -0.999435 0.0288893 0 -0.0452249 -0.0296143 -0.998538 0 -0.255206 -0.662564 0.0219365 1 
2019-09-25 16:58:57 0.998868 0.0129212 -0.0455763 0 0.0142521 -0.999468 0.0289963 0 -0.0451783 -0.0296136 -0.99854 0 -0.255174 -0.66257 0.0219212 1 
2019-09-25 16:58:57 0.998905 0.0107829 -0.0453157 0 0.0121077 -0.999495 0.0290609 0 -0.0449803 -0.0295784 -0.99855 0 -0.255021 -0.662592 0.0218463 1 
2019-09-25 16:58:57 0.998936 0.0082663 -0.0451642 0 0.00958686 -0.999521 0.0291007 0 -0.0449029 -0.0295033 -0.998556 0 -0.254969 -0.662578 0.021776 1 
2019-09-25 16:58:57 0.998968 0.00492216 -0.0449453 0 0.00623987 -0.999544 0.0292247 0 -0.0447818 -0.0294756 -0.998562 0 -0.254875 -0.662591 0.0217245 1 
2019-09-25 16:58:57 0.998986 0.00414819 -0.0446152 0 0.00545563 -0.999548 0.0292229 0 -0.0444747 -0.0294373 -0.998577 0 -0.254622 -0.662637 0.0216157 1 
2019-09-25 16:58:57 0.999018 0.00296638 -0.043995 0 0.00425676 -0.999553 0.0292653 0 -0.0438893 -0.0294244 -0.998603 0 -0.254159 -0.662735 0.0214508 1 
2019-09-25 16:58:57 0.999049 0.000732203 -0.0433729 0 0.00200261 -0.99956 0.0292539 0 -0.0433333 -0.0293135 -0.998631 0 -0.253729 -0.662795 0.0212273 1 
2019-09-25 16:58:58 0.999061 -0.00100445 -0.0430932 0 0.0002471 -0.999569 0.0290274 0 -0.0431047 -0.0290113 -0.998649 0 -0.253579 -0.66273 0.0209666 1 
2019-09-25 16:58:58 0.999062 -0.00202118 -0.0430329 0 -0.000780405 -0.999574 0.0288301 0 -0.0430737 -0.02877 -0.998658 0 -0.253618 -0.662636 0.0208007 1 
2019-09-25 16:58:58 0.999058 -0.00404344 -0.0429822 0 -0.00280254 -0.999569 0.0288909 0 -0.0430814 -0.0287438 -0.998658 0 -0.253734 -0.662588 0.02078 1 
2019-09-25 16:58:58 0.999055 -0.00484862 -0.042975 0 -0.00360992 -0.999567 0.0288542 0 -0.0430971 -0.0286723 -0.998659 0 -0.253878 -0.662514 0.0207352 1 
2019-09-25 16:58:58 0.999053 -0.00508842 -0.0429862 0 -0.00384889 -0.999566 0.0288688 0 -0.0431153 -0.0286766 -0.998658 0 -0.254055 -0.66246 0.0207306 1 
2019-09-25 16:58:58 0.999053 -0.00504564 -0.0429936 0 -0.00380755 -0.999567 0.0288302 0 -0.0431213 -0.0286398 -0.998659 0 -0.254094 -0.662437 0.0207055 1 
2019-09-25 16:58:58 0.999056 -0.00433773 -0.0430017 0 -0.00310423 -0.999573 0.0287102 0 -0.0431087 -0.0285502 -0.998662 0 -0.25407 -0.662424 0.0206268 1 
2019-09-25 16:58:58 0.999058 -0.00332867 -0.0430532 0 -0.00209406 -0.999577 0.0286893 0 -0.0431312 -0.0285727 -0.998661 0 -0.254042 -0.662465 0.0206031 1 
2019-09-25 16:58:58 0.999058 -0.00206844 -0.0431297 0 -0.000827656 -0.999576 0.0287665 0 -0.0431717 -0.0287043 -0.998655 0 -0.254022 -0.66256 0.0206124 1 
2019-09-25 16:58:58 0.999051 -0.00159863 -0.0432944 0 -0.000328752 -0.99956 0.0293223 0 -0.0433231 -0.0292808 -0.998632 0 -0.254004 -0.662876 0.0207916 1 
2019-09-25 16:58:58 0.999039 -0.000596556 -0.0436142 0 0.000718501 -0.999536 0.0301298 0 -0.0436128 -0.0301328 -0.998594 0 -0.254085 -0.663292 0.0211195 1 
2019-09-25 16:58:58 0.999029 0.00116649 -0.0438134 0 0.0025039 -0.999523 0.0304822 0 -0.0437578 -0.0305629 -0.998575 0 -0.254102 -0.663511 0.0212853 1 
2019-09-25 16:58:58 0.999016 0.00434882 -0.0439087 0 0.00567875 -0.999518 0.0302091 0 -0.043757 -0.0304293 -0.998579 0 -0.254117 -0.663464 0.0211989 1 
2019-09-25 16:58:58 0.998973 0.00984132 -0.0440127 0 0.0111499 -0.99949 0.0295853 0 -0.0436999 -0.0300462 -0.998593 0 -0.254124 -0.663335 0.0209293 1 
2019-09-25 16:58:58 0.998861 0.017569 -0.0441498 0 0.0188449 -0.999402 0.0286519 0 -0.0436208 -0.0294518 -0.998614 0 -0.254123 -0.66314 0.0205191 1 
2019-09-25 16:58:58 0.998753 0.0227817 -0.0442051 0 0.0240247 -0.999315 0.0277946 0 -0.0435425 -0.0288225 -0.998636 0 -0.25419 -0.662909 0.0200857 1 
2019-09-25 16:58:58 0.998731 0.0237056 -0.0442072 0 0.0249325 -0.999304 0.0274121 0 -0.0435275 -0.02848 -0.998646 0 -0.254478 -0.662692 0.0198709 1 
2019-09-25 16:58:58 0.998697 0.0248862 -0.0443333 0 0.0261141 -0.999276 0.0273362 0 -0.0436217 -0.0284588 -0.998643 0 -0.254879 -0.66255 0.0198903 1 
2019-09-25 16:58:59 0.998674 0.0259766 -0.0442214 0 0.0272002 -0.999248 0.0272968 0 -0.0434799 -0.028464 -0.998649 0 -0.254899 -0.662528 0.0198666 1 
2019-09-25 16:58:59 0.998627 0.0277371 -0.0442127 0 0.0289561 -0.999202 0.0271743 0 -0.0434245 -0.0284178 -0.998652 0 -0.254828 -0.662531 0.0198236 1 
2019-09-25 16:58:59 0.998598 0.0288239 -0.044179 0 0.0300346 -0.999175 0.026991 0 -0.0433654 -0.0282807 -0.998659 0 -0.25479 -0.66249 0.0197291 1 
2019-09-25 16:58:59 0.998537 0.0308528 -0.0441836 0 0.0320605 -0.999114 0.0268906 0 -0.0433157 -0.0282684 -0.998661 0 -0.254745 -0.662498 0.0197075 1 
2019-09-25 16:58:59 0.998426 0.0342979 -0.0441671 0 0.0355012 -0.999002 0.0267545 0 -0.0432062 -0.0282809 -0.998666 0 -0.254663 -0.66252 0.0196896 1 
2019-09-25 16:58:59 0.998394 0.0352736 -0.0441103 0 0.0364737 -0.998968 0.0267047 0 -0.0431236 -0.0282712 -0.99867 0 -0.254598 -0.662531 0.0196617 1 
2019-09-25 16:58:59 0.998386 0.0355198 -0.0440944 0 0.0367153 -0.998962 0.0266063 0 -0.0431044 -0.0281828 -0.998673 0 -0.254622 -0.662491 0.0195989 1 
2019-09-25 16:58:59 0.998392 0.0353958 -0.0440592 0 0.036585 -0.99897 0.026483 0 -0.0430773 -0.0280528 -0.998678 0 -0.254679 -0.662428 0.019502 1 
2019-09-25 16:58:59 0.998405 0.0350627 -0.0440302 0 0.036251 -0.998982 0.026487 0 -0.0430575 -0.0280415 -0.998679 0 -0.254724 -0.662408 0.01948 1 
2019-09-25 16:58:59 0.998536 0.031244 -0.043942 0 0.0324373 -0.999107 0.0267087 0 -0.0430691 -0.0280954 -0.998677 0 -0.254825 -0.6624 0.0194966 1 
2019-09-25 16:58:59 0.998723 0.024717 -0.0438347 0 0.0259246 -0.999284 0.0271978 0 -0.0431319 -0.0283001 -0.998668 0 -0.255033 -0.662425 0.0195827 1 
2019-09-25 16:58:59 0.998833 0.0200348 -0.0437289 0 0.0212472 -0.999388 0.0274394 0 -0.0431533 -0.028337 -0.998667 0 -0.255298 -0.66235 0.019601 1 
2019-09-25 16:58:59 0.998848 0.0196986 -0.0435299 0 0.0209091 -0.999393 0.0275299 0 -0.042962 -0.0284089 -0.998673 0 -0.255222 -0.662387 0.0195786 1 
2019-09-25 16:58:59 0.998842 0.0198398 -0.0436204 0 0.0210714 -0.999377 0.0279582 0 -0.0430394 -0.0288455 -0.998657 0 -0.255191 -0.662607 0.0197538 1 
2019-09-25 16:58:59 0.998806 0.0211902 -0.0438077 0 0.0224504 -0.999333 0.028476 0 -0.0431759 -0.0294261 -0.998634 0 -0.255134 -0.66291 0.0199951 1 
2019-09-25 16:58:59 0.998667 0.0267544 -0.0439185 0 0.0280298 -0.999186 0.0286862 0 -0.0431161 -0.0298796 -0.998623 0 -0.254918 -0.663186 0.0201438 1 
2019-09-25 16:58:59 0.998531 0.0310449 -0.0441901 0 0.0323489 -0.999043 0.0291057 0 -0.0432451 -0.030493 -0.998599 0 -0.254799 -0.663527 0.0203905 1 
2019-09-25 16:59:00 0.998404 0.034446 -0.044537 0 0.035776 -0.998917 0.0294185 0 -0.0434763 -0.0309655 -0.998574 0 -0.254954 -0.663716 0.0206146 1 
2019-09-25 16:59:00 0.99817 0.0401071 -0.0450383 0 0.0414416 -0.998708 0.0290965 0 -0.043814 -0.0309103 -0.998561 0 -0.255447 -0.663577 0.0206447 1 
2019-09-25 16:59:00 0.998047 0.042861 -0.0452305 0 0.0441955 -0.998594 0.0289282 0 -0.0439279 -0.0308713 -0.998558 0 -0.255865 -0.663425 0.0206626 1 
2019-09-25 16:59:00 0.997945 0.0450275 -0.0453697 0 0.0463625 -0.998499 0.0288141 0 -0.044005 -0.0308589 -0.998555 0 -0.255986 -0.663385 0.0206752 1 
2019-09-25 16:59:00 0.997866 0.0467172 -0.0454007 0 0.04805 -0.998422 0.0287214 0 -0.0439882 -0.0308422 -0.998556 0 -0.255876 -0.66342 0.0206593 1 
2019-09-25 16:59:00 0.997726 0.0495782 -0.0454585 0 0.0509089 -0.998284 0.0285976 0 -0.0439635 -0.0308474 -0.998557 0 -0.255807 -0.663445 0.0206547 1 
2019-09-25 16:59:00 0.997686 0.0503628 -0.0454719 0 0.0516923 -0.998245 0.0285496 0 -0.0439552 -0.0308347 -0.998558 0 -0.255786 -0.663447 0.0206443 1 
2019-09-25 16:59:00 0.997691 0.0502502 -0.0454742 0 0.0515802 -0.998251 0.0285621 0 -0.0439603 -0.0308423 -0.998557 0 -0.255838 -0.663434 0.0206423 1 
2019-09-25 16:59:00 0.997704 0.0499987 -0.0454681 0 0.0513299 -0.998263 0.0285949 0 -0.0439602 -0.0308637 -0.998556 0 -0.255895 -0.663423 0.0206489 1 
2019-09-25 16:59:00 0.99775 0.0491019 -0.045443 0 0.0504325 -0.998308 0.0286127 0 -0.043962 -0.0308407 -0.998557 0 -0.255949 -0.663395 0.0206369 1 
2019-09-25 16:59:00 0.997857 0.0469449 -0.0453717 0 0.0482769 -0.998411 0.0287202 0 -0.0439522 -0.0308496 -0.998557 0 -0.256007 -0.663378 0.0206314 1 
2019-09-25 16:59:00 0.99811 0.0413796 -0.0452106 0 0.0427145 -0.998658 0.0289688 0 -0.0439521 -0.0308458 -0.998557 0 -0.256046 -0.663363 0.0206269 1 
2019-09-25 16:59:00 0.998361 0.0351172 -0.0449789 0 0.0364538 -0.998898 0.0292496 0 -0.043903 -0.0308419 -0.99856 0 -0.256028 -0.663363 0.0206131 1 
2019-09-25 16:59:00 0.998372 0.034896 -0.0449051 0 0.0362301 -0.998906 0.0292448 0 -0.0438363 -0.0308247 -0.998563 0 -0.255895 -0.663398 0.020585 1 
2019-09-25 16:59:00 0.998285 0.037222 -0.0449791 0 0.0385516 -0.998824 0.0290627 0 -0.0438453 -0.0307474 -0.998565 0 -0.255851 -0.663391 0.0205672 1 
2019-09-25 16:59:00 0.997857 0.0470991 -0.0452194 0 0.0484186 -0.99841 0.0285399 0 -0.0438041 -0.0306687 -0.998569 0 -0.255721 -0.663403 0.020546 1 
2019-09-25 16:59:00 0.99714 0.0601309 -0.0455739 0 0.0614432 -0.997709 0.0279637 0 -0.0437888 -0.0306845 -0.998569 0 -0.25553 -0.663477 0.020547 1 
2019-09-25 16:59:00 0.996973 0.0627623 -0.0456704 0 0.0640737 -0.997547 0.0278392 0 -0.0438119 -0.0306818 -0.998569 0 -0.255577 -0.663461 0.0205504 1 
2019-09-25 16:59:01 0.996969 0.0628396 -0.0456637 0 0.0641501 -0.997543 0.0278228 0 -0.0438039 -0.0306684 -0.998569 0 -0.255627 -0.663437 0.0205486 1 
2019-09-25 16:59:01 0.996859 0.0645426 -0.0456918 0 0.0658487 -0.997436 0.0276805 0 -0.0437889 -0.0306029 -0.998572 0 -0.255565 -0.663428 0.0205272 1 
2019-09-25 16:59:01 0.996624 0.0680075 -0.0457799 0 0.0693085 -0.997208 0.0274554 0 -0.0437858 -0.0305363 -0.998574 0 -0.255566 -0.663393 0.0205166 1 
2019-09-25 16:59:01 0.996505 0.069536 -0.046083 0 0.0708338 -0.997109 0.0271526 0 -0.0440625 -0.0303225 -0.998568 0 -0.255968 -0.663182 0.0205117 1 
2019-09-25 16:59:01 0.996563 0.0683496 -0.0465997 0 0.0696504 -0.997199 0.0268857 0 -0.0446324 -0.0300396 -0.998552 0 -0.256909 -0.662783 0.0205484 1 
2019-09-25 16:59:01 0.99664 0.0670862 -0.0467957 0 0.0684057 -0.997277 0.0271867 0 -0.0448453 -0.030297 -0.998534 0 -0.257776 -0.66259 0.0207289 1 
2019-09-25 16:59:01 0.99665 0.0672204 -0.0463867 0 0.0685347 -0.997264 0.0273487 0 -0.0444222 -0.0304367 -0.998549 0 -0.257555 -0.662675 0.0206901 1 
2019-09-25 16:59:01 0.996617 0.0680377 -0.0458918 0 0.0693375 -0.997209 0.0273503 0 -0.0439037 -0.0304404 -0.998572 0 -0.256856 -0.662865 0.0205813 1 
2019-09-25 16:59:01 0.996583 0.068569 -0.0458361 0 0.0698611 -0.997176 0.0272071 0 -0.043842 -0.0303169 -0.998578 0 -0.256474 -0.662937 0.020532 1 
2019-09-25 16:59:01 0.996582 0.0685881 -0.0458295 0 0.0698803 -0.997174 0.0272147 0 -0.0438342 -0.0303248 -0.998578 0 -0.25645 -0.662934 0.0205642 1 
2019-09-25 16:59:01 0.996587 0.0685472 -0.0457911 0 0.0698364 -0.997179 0.0271735 0 -0.0438001 -0.0302792 -0.998581 0 -0.256447 -0.662885 0.0205929 1 
2019-09-25 16:59:01 0.996588 0.0685744 -0.0457279 0 0.0698598 -0.997178 0.0271292 0 -0.0437394 -0.0302318 -0.998585 0 -0.256382 -0.662851 0.0206242 1 
2019-09-25 16:59:01 0.996579 0.0687284 -0.0456802 0 0.0700103 -0.997169 0.0270806 0 -0.0436906 -0.0301866 -0.998589 0 -0.256253 -0.662861 0.0206198 1 
2019-09-25 16:59:01 0.996563 0.0690428 -0.0455609 0 0.0703149 -0.997152 0.0269323 0 -0.0435725 -0.0300439 -0.998598 0 -0.255981 -0.662848 0.0206086 1 
2019-09-25 16:59:01 0.996546 0.069389 -0.0454124 0 0.0706495 -0.997132 0.0267638 0 -0.0434259 -0.0298803 -0.99861 0 -0.25566 -0.662825 0.020613 1 
2019-09-25 16:59:01 0.996548 0.0694214 -0.0453123 0 0.0706748 -0.997133 0.0266705 0 -0.0433317 -0.0297814 -0.998617 0 -0.255554 -0.662754 0.0206644 1 
2019-09-25 16:59:01 0.996554 0.0692748 -0.0454138 0 0.0705495 -0.997131 0.0270923 0 -0.0434075 -0.0302034 -0.998601 0 -0.25563 -0.662846 0.0210093 1 
2019-09-25 16:59:02 0.99657 0.0690183 -0.04545 0 0.0703242 -0.997127 0.0277882 0 -0.0434024 -0.0308897 -0.99858 0 -0.255687 -0.6629 0.0217575 1 
2019-09-25 16:59:02 0.996587 0.0687123 -0.0455438 0 0.0700675 -0.997115 0.0288556 0 -0.0434305 -0.0319489 -0.998545 0 -0.25575 -0.66304 0.0228451 1 
2019-09-25 16:59:02 0.996619 0.0682234 -0.0455772 0 0.0696034 -0.997131 0.0294097 0 -0.0434408 -0.0324832 -0.998528 0 -0.256014 -0.66309 0.0239121 1 
2019-09-25 16:59:02 0.99666 0.0677667 -0.0453495 0 0.0691425 -0.997161 0.0294872 0 -0.0432233 -0.0325249 -0.998536 0 -0.256197 -0.662966 0.024476 1 
2019-09-25 16:59:02 0.99668 0.0676844 -0.0450301 0 0.0690178 -0.997192 0.0287431 0 -0.042959 -0.0317562 -0.998572 0 -0.256125 -0.662624 0.0241274 1 
2019-09-25 16:59:02 0.996713 0.067472 -0.0446162 0 0.0687437 -0.997243 0.027608 0 -0.0426312 -0.030585 -0.998623 0 -0.256091 -0.662078 0.0235874 1 
2019-09-25 16:59:02 0.996734 0.0672527 -0.0444843 0 0.0684994 -0.997273 0.0271195 0 -0.04254 -0.0300786 -0.998642 0 -0.256152 -0.661831 0.0232838 1 
2019-09-25 16:59:02 0.996758 0.0667503 -0.0447091 0 0.0680225 -0.997293 0.0275623 0 -0.0427491 -0.0305148 -0.99862 0 -0.256262 -0.661927 0.0233637 1 
2019-09-25 16:59:02 0.996847 0.065331 -0.0448132 0 0.0666268 -0.997374 0.0280552 0 -0.0428635 -0.0309531 -0.998601 0 -0.256274 -0.662149 0.0235127 1 
2019-09-25 16:59:02 0.997094 0.0615814 -0.0446317 0 0.0628833 -0.997608 0.0283765 0 -0.0427783 -0.0311013 -0.9986 0 -0.256149 -0.662296 0.0234509 1 
2019-09-25 16:59:02 0.997293 0.0586203 -0.0441669 0 0.0598974 -0.997797 0.028169 0 -0.0424191 -0.0307388 -0.998627 0 -0.255822 -0.662319 0.0229834 1 
2019-09-25 16:59:02 0.997319 0.058509 -0.0437386 0 0.0597423 -0.997827 0.0274405 0 -0.0420389 -0.0299805 -0.998666 0 -0.255391 -0.662217 0.0221522 1 
2019-09-25 16:59:02 0.997305 0.0589338 -0.0434691 0 0.0601182 -0.997831 0.0264605 0 -0.0418162 -0.029003 -0.998704 0 -0.255071 -0.661995 0.0210623 1 
2019-09-25 16:59:02 0.99728 0.0590124 -0.0439461 0 0.0602466 -0.9978 0.0273103 0 -0.0422386 -0.0298842 -0.998661 0 -0.255145 -0.662359 0.0210896 1 
2019-09-25 16:59:02 0.997287 0.0586874 -0.0442083 0 0.0599524 -0.997803 0.0278523 0 -0.0424774 -0.0304277 -0.998634 0 -0.255466 -0.662522 0.0213417 1 
2019-09-25 16:59:02 0.997327 0.0580677 -0.044128 0 0.0593267 -0.997842 0.0277764 0 -0.0424207 -0.0303207 -0.99864 0 -0.255592 -0.662435 0.0212643 1 
2019-09-25 16:59:02 0.997349 0.0579961 -0.0437376 0 0.0592448 -0.997846 0.027814 0 -0.0420311 -0.0303321 -0.998656 0 -0.255002 -0.662613 0.0211596 1 
2019-09-25 16:59:03 0.99734 0.0585463 -0.043203 0 0.0597864 -0.997809 0.0279909 0 -0.0414704 -0.0305 -0.998674 0 -0.254149 -0.662922 0.021091 1 
2019-09-25 16:59:03 0.997333 0.0588763 -0.0429051 0 0.0601089 -0.997789 0.0280286 0 -0.0411608 -0.0305334 -0.998686 0 -0.253681 -0.663069 0.0210247 1 
2019-09-25 16:59:03 0.99744 0.0570772 -0.0428584 0 0.0583002 -0.997901 0.0278468 0 -0.0411798 -0.0302747 -0.998693 0 -0.253996 -0.662874 0.020866 1 
2019-09-25 16:59:03 0.997595 0.0543975 -0.0427329 0 0.0556044 -0.998062 0.0275818 0 -0.0411505 -0.0298922 -0.998706 0 -0.254512 -0.662561 0.0206133 1 
2019-09-25 16:59:03 0.9977 0.0524281 -0.042743 0 0.0536477 -0.99816 0.0279027 0 -0.0412023 -0.0301322 -0.998696 0 -0.254509 -0.662689 0.020691 1 
2019-09-25 16:59:03 0.997841 0.049602 -0.0428194 0 0.0508515 -0.998287 0.0286006 0 -0.0413282 -0.0307169 -0.998673 0 -0.254191 -0.663103 0.0208849 1 
2019-09-25 16:59:03 0.998014 0.0458596 -0.0429636 0 0.0471484 -0.998443 0.0294794 0 -0.0415456 -0.0314471 -0.998642 0 -0.254096 -0.663529 0.0211272 1 
2019-09-25 16:59:03 0.998264 0.0400128 -0.0429888 0 0.0413263 -0.998682 0.0301111 0 -0.0417281 -0.031836 -0.998622 0 -0.254224 -0.663722 0.0212256 1 
2019-09-25 16:59:03 0.998339 0.0381932 -0.0429043 0 0.0394913 -0.998765 0.0298269 0 -0.041713 -0.0314723 -0.998634 0 -0.25443 -0.663547 0.0209542 1 
2019-09-25 16:59:03 0.998357 0.0379356 -0.0427084 0 0.0391899 -0.998803 0.0289232 0 -0.0415609 -0.03055 -0.998669 0 -0.254569 -0.663191 0.0203136 1 
2019-09-25 16:59:03 0.998337 0.0383601 -0.0428036 0 0.0396245 -0.998781 0.0290913 0 -0.0416363 -0.0307396 -0.99866 0 -0.254348 -0.663386 0.0203549 1 
2019-09-25 16:59:03 0.998336 0.0384745 -0.0427373 0 0.0397237 -0.998787 0.0287754 0 -0.0415791 -0.0304258 -0.998672 0 -0.254267 -0.663327 0.0200928 1 
2019-09-25 16:59:03 0.998342 0.0384775 -0.042586 0 0.0396908 -0.998809 0.0280211 0 -0.0414579 -0.0296654 -0.9987 0 -0.254254 -0.66308 0.0195526 1 
2019-09-25 16:59:03 0.998348 0.0385395 -0.0423975 0 0.0397141 -0.998831 0.027219 0 -0.0412997 -0.0288583 -0.99873 0 -0.25417 -0.662842 0.0189666 1 
2019-09-25 16:59:03 0.998349 0.0386846 -0.0422346 0 0.0398359 -0.998838 0.0267645 0 -0.0411509 -0.0284033 -0.998749 0 -0.254049 -0.662747 0.0185623 1 
2019-09-25 16:59:03 0.998343 0.0388294 -0.0422398 0 0.0399809 -0.998832 0.0267667 0 -0.0411519 -0.0284117 -0.998749 0 -0.253989 -0.662847 0.0183822 1 
2019-09-25 16:59:03 0.998325 0.0390591 -0.0424469 0 0.0402318 -0.998812 0.0271318 0 -0.0413375 -0.0287946 -0.99873 0 -0.253993 -0.663153 0.01833 1 
2019-09-25 16:59:03 0.998329 0.0390152 -0.0424013 0 0.0401717 -0.998824 0.0267747 0 -0.0413076 -0.0284338 -0.998742 0 -0.254013 -0.663054 0.018021 1 
2019-09-25 16:59:04 0.998343 0.0386678 -0.0423953 0 0.0398133 -0.998846 0.0265148 0 -0.0413219 -0.0281593 -0.998749 0 -0.253928 -0.663029 0.0175407 1 
2019-09-25 16:59:04 0.998358 0.0382933 -0.0423731 0 0.0394119 -0.998878 0.0258851 0 -0.0413351 -0.0275131 -0.998766 0 -0.253916 -0.662936 0.0168269 1 
2019-09-25 16:59:04 0.998347 0.0384214 -0.0425201 0 0.0395212 -0.998888 0.0253343 0 -0.0415002 -0.0269734 -0.998774 0 -0.253922 -0.662882 0.0159819 1 
2019-09-25 16:59:04 0.998339 0.0382656 -0.0428351 0 0.0393693 -0.998897 0.0252235 0 -0.0418234 -0.0268685 -0.998764 0 -0.254141 -0.662911 0.0153176 1 
2019-09-25 16:59:04 0.998328 0.0384839 -0.0429094 0 0.0395712 -0.9989 0.0247855 0 -0.0419091 -0.0264426 -0.998771 0 -0.254139 -0.662947 0.0146755 1 
2019-09-25 16:59:04 0.998315 0.038703 -0.0429999 0 0.0397658 -0.998908 0.0241405 0 -0.0420194 -0.0258102 -0.998783 0 -0.254155 -0.662957 0.0137969 1 
2019-09-25 16:59:04 0.9983 0.0389424 -0.0431345 0 0.0399822 -0.998914 0.0235108 0 -0.0421729 -0.025196 -0.998793 0 -0.254183 -0.663056 0.0127257 1 
2019-09-25 16:59:04 0.99828 0.039239 -0.0433311 0 0.0402452 -0.998925 0.0225969 0 -0.0423987 -0.0243024 -0.998805 0 -0.254189 -0.66314 0.0113109 1 
2019-09-25 16:59:04 0.998292 0.0387221 -0.0435193 0 0.0396936 -0.998967 0.0216853 0 -0.0426355 -0.0233761 -0.998817 0 -0.254164 -0.663245 0.00982417 1 
2019-09-25 16:59:04 0.998302 0.0380927 -0.043839 0 0.0390647 -0.998995 0.0215321 0 -0.0429756 -0.0232086 -0.998807 0 -0.254264 -0.663197 0.00925788 1 
2019-09-25 16:59:04 0.998306 0.038025 -0.0438109 0 0.0389938 -0.998999 0.0214754 0 -0.0429512 -0.0231478 -0.998809 0 -0.254256 -0.663177 0.0092137 1 
2019-09-25 16:59:04 0.998309 0.0380419 -0.0437297 0 0.0389873 -0.99901 0.0209734 0 -0.0428893 -0.0226432 -0.998823 0 -0.254235 -0.663013 0.00882742 1 
2019-09-25 16:59:04 0.998278 0.0380995 -0.0443805 0 0.0390615 -0.999006 0.0210135 0 -0.0435366 -0.0227113 -0.998794 0 -0.254306 -0.662827 0.00774698 1 
2019-09-25 16:59:04 0.998227 0.0382308 -0.0454098 0 0.039215 -0.999001 0.0209835 0 -0.044563 -0.0227274 -0.998748 0 -0.254423 -0.662495 0.00598818 1 
2019-09-25 16:59:04 0.998173 0.0383937 -0.0464466 0 0.0394018 -0.998993 0.0209868 0 -0.0455949 -0.022779 -0.9987 0 -0.25451 -0.662148 0.00410787 1 
2019-09-25 16:59:04 0.99813 0.0386542 -0.0471512 0 0.0396825 -0.998981 0.0210709 0 -0.0462896 -0.022903 -0.998665 0 -0.254445 -0.661916 0.00256474 1 
2019-09-25 16:59:04 0.9981 0.038861 -0.0476116 0 0.0399065 -0.998969 0.0212079 0 -0.0467393 -0.0230681 -0.998641 0 -0.254444 -0.661904 0.001748 1 
2019-09-25 16:59:05 0.99809 0.0389824 -0.0477174 0 0.040024 -0.998967 0.0210723 0 -0.0468476 -0.0229424 -0.998639 0 -0.254489 -0.661974 0.00133202 1 
2019-09-25 16:59:05 0.99809 0.0390379 -0.0476803 0 0.0400585 -0.998974 0.0206402 0 -0.0468266 -0.0225112 -0.998649 0 -0.254512 -0.661896 0.000857481 1 
2019-09-25 16:59:05 0.998088 0.0391998 -0.0475818 0 0.0402023 -0.998976 0.0202977 0 -0.0467383 -0.0221722 -0.998661 0 -0.25446 -0.661892 0.000149154 1 
2019-09-25 16:59:05 0.998082 0.0394269 -0.047518 0 0.0404049 -0.998978 0.0197991 0 -0.0466897 -0.0216816 -0.998674 0 -0.254475 -0.661953 -0.000846971 1 
2019-09-25 16:59:05 0.998073 0.0397052 -0.0474737 0 0.0406544 -0.998979 0.0191973 0 -0.0466639 -0.0210908 -0.998688 0 -0.254548 -0.662103 -0.00221333 1 
2019-09-25 16:59:05 0.998073 0.0399643 -0.0472598 0 0.0408774 -0.998983 0.0185142 0 -0.0464727 -0.0204108 -0.998711 0 -0.25464 -0.662306 -0.00396962 1 
2019-09-25 16:59:05 0.998104 0.0401576 -0.0464422 0 0.0410152 -0.998993 0.0176625 0 -0.045687 -0.0195342 -0.998765 0 -0.254522 -0.662345 -0.0060339 1 
2019-09-25 16:59:05 0.998102 0.0407349 -0.0459781 0 0.0416632 -0.998933 0.0194157 0 -0.045139 -0.0212948 -0.998754 0 -0.254125 -0.663287 -0.00607036 1 
2019-09-25 16:59:05 0.998122 0.0406021 -0.0456484 0 0.041514 -0.998944 0.0192087 0 -0.0448212 -0.021068 -0.998773 0 -0.254099 -0.663179 -0.00630898 1 
2019-09-25 16:59:05 0.998138 0.0404535 -0.0454356 0 0.0413609 -0.99895 0.0192099 0 -0.0446117 -0.0210538 -0.998783 0 -0.254115 -0.663142 -0.00637258 1 
2019-09-25 16:59:05 0.998169 0.0402112 -0.0449686 0 0.0411106 -0.998959 0.0192571 0 -0.0441483 -0.0210709 -0.998803 0 -0.2541 -0.663095 -0.00647218 1 
2019-09-25 16:59:05 0.998256 0.0387231 -0.0443496 0 0.0396143 -0.999017 0.019395 0 -0.0435559 -0.0211185 -0.998828 0 -0.254278 -0.662968 -0.00657416 1 
2019-09-25 16:59:05 0.998621 0.0294481 -0.0432369 0 0.0303368 -0.999329 0.0200441 0 -0.0426185 -0.0213286 -0.998864 0 -0.254505 -0.66283 -0.00666013 1 
2019-09-25 16:59:05 0.999043 0.011881 -0.0418752 0 0.0127568 -0.999694 0.0207114 0 -0.0416172 -0.0212262 -0.998908 0 -0.254887 -0.662546 -0.00675898 1 
2019-09-25 16:59:05 0.999138 -0.00712756 -0.0406506 0 -0.00626379 -0.999743 0.0213365 0 -0.040793 -0.0210639 -0.998946 0 -0.255214 -0.662262 -0.00681486 1 
2019-09-25 16:59:05 0.998901 -0.0242634 -0.0398709 0 -0.0234086 -0.999479 0.0217683 0 -0.040379 -0.0208115 -0.998968 0 -0.255483 -0.661975 -0.00682604 1 
2019-09-25 16:59:05 0.998342 -0.0423441 -0.0387542 0 -0.0414937 -0.998876 0.0224908 0 -0.0396637 -0.0208459 -0.998996 0 -0.255685 -0.661712 -0.00682727 1 
2019-09-25 16:59:06 0.996952 -0.0683456 -0.0373743 0 -0.0674832 -0.997425 0.0238715 0 -0.0389103 -0.021277 -0.999016 0 -0.256056 -0.66158 -0.00679786 1 
2019-09-25 16:59:06 0.994756 -0.0956216 -0.0360198 0 -0.094748 -0.995172 0.0252293 0 -0.0382591 -0.0216846 -0.999033 0 -0.25645 -0.661461 -0.00678283 1 
2019-09-25 16:59:06 0.991627 -0.124268 -0.0348376 0 -0.123387 -0.991998 0.0264052 0 -0.0378409 -0.0218861 -0.999044 0 -0.256825 -0.661319 -0.00678959 1 
2019-09-25 16:59:06 0.987543 -0.153598 -0.0338712 0 -0.152709 -0.98788 0.0274662 0 -0.0376801 -0.021952 -0.999049 0 -0.257111 -0.661208 -0.00678857 1 
2019-09-25 16:59:06 0.982508 -0.183237 -0.0329013 0 -0.182338 -0.982812 0.0285378 0 -0.0375657 -0.0220399 -0.999051 0 -0.25732 -0.661142 -0.00677557 1 
2019-09-25 16:59:06 0.975818 -0.216235 -0.031649 0 -0.21533 -0.97608 0.0296899 0 -0.0373126 -0.0221574 -0.999058 0 -0.257366 -0.661125 -0.00677941 1 
2019-09-25 16:59:06 0.96656 -0.254631 -0.0300775 0 -0.253725 -0.966772 0.0309233 0 -0.0369529 -0.0222583 -0.999069 0 -0.257252 -0.661148 -0.00680851 1 
2019-09-25 16:59:06 0.955537 -0.293457 -0.0285066 0 -0.292548 -0.9557 0.0321469 0 -0.0366782 -0.0223784 -0.999077 0 -0.257171 -0.661175 -0.00681663 1 
2019-09-25 16:59:06 0.943408 -0.330501 -0.0270561 0 -0.329588 -0.943528 0.0332867 0 -0.0365302 -0.022486 -0.99908 0 -0.25717 -0.661192 -0.00680214 1 
2019-09-25 16:59:06 0.929981 -0.366692 -0.0255576 0 -0.365779 -0.930058 0.0343181 0 -0.036355 -0.0225672 -0.999084 0 -0.257093 -0.661221 -0.00681082 1 
2019-09-25 16:59:06 0.915919 -0.400609 -0.0242049 0 -0.399698 -0.915961 0.0351717 0 -0.0362615 -0.0225403 -0.999088 0 -0.257054 -0.661211 -0.00683716 1 
2019-09-25 16:59:06 0.902502 -0.43005 -0.0229691 0 -0.42914 -0.902512 0.0359504 0 -0.0361911 -0.0225888 -0.99909 0 -0.257114 -0.661193 -0.00683342 1 
2019-09-25 16:59:06 0.887238 -0.460785 -0.0216131 0 -0.459879 -0.887213 0.036661 0 -0.036069 -0.022588 -0.999094 0 -0.257053 -0.661197 -0.00685842 1 
2019-09-25 16:59:06 0.871011 -0.490827 -0.0202313 0 -0.489927 -0.870952 0.0373479 0 -0.0359526 -0.022619 -0.999097 0 -0.256965 -0.661225 -0.00687046 1 
2019-09-25 16:59:06 0.853822 -0.520205 -0.0188579 0 -0.519311 -0.85373 0.0379668 0 -0.0358508 -0.0226242 -0.999101 0 -0.256936 -0.661227 -0.00687869 1 
2019-09-25 16:59:06 0.83504 -0.549894 -0.0174584 0 -0.549006 -0.834917 0.0385631 0 -0.0357826 -0.0226175 -0.999104 0 -0.256935 -0.661214 -0.00689271 1 
2019-09-25 16:59:06 0.816622 -0.57693 -0.0161453 0 -0.576047 -0.816467 0.0391388 0 -0.0357631 -0.0226616 -0.999103 0 -0.256944 -0.661221 -0.00688408 1 
2019-09-25 16:59:06 0.797011 -0.603768 -0.0147948 0 -0.602892 -0.796826 0.0396187 0 -0.0357101 -0.0226573 -0.999105 0 -0.257084 -0.661155 -0.00689637 1 
2019-09-25 16:59:07 0.775513 -0.631178 -0.0132395 0 -0.630315 -0.775293 0.0400453 0 -0.0355409 -0.0227111 -0.99911 0 -0.257674 -0.660918 -0.00690341 1 
2019-09-25 16:59:07 0.749509 -0.66188 -0.0114768 0 -0.661034 -0.749252 0.0404633 0 -0.0353816 -0.0227414 -0.999115 0 -0.258831 -0.660455 -0.0069062 1 
2019-09-25 16:59:07 0.722726 -0.691055 -0.00958395 0 -0.690228 -0.722427 0.0408065 0 -0.0351239 -0.0228772 -0.999121 0 -0.260184 -0.659943 -0.00688769 1 
2019-09-25 16:59:07 0.694674 -0.719271 -0.00763685 0 -0.718468 -0.694334 0.041036 0 -0.0348192 -0.0230203 -0.999128 0 -0.261266 -0.659525 -0.00687392 1 
2019-09-25 16:59:07 0.67203 -0.740489 -0.00569346 0 -0.739718 -0.671647 0.0410828 0 -0.034246 -0.0233978 -0.99914 0 -0.261692 -0.659406 -0.00679708 1 
2019-09-25 16:59:07 0.651069 -0.758998 -0.00338391 0 -0.758285 -0.650638 0.0406742 0 -0.033074 -0.0239162 -0.999167 0 -0.261101 -0.659643 -0.00681888 1 
2019-09-25 16:59:07 0.627144 -0.778891 -0.000621571 0 -0.77825 -0.62666 0.0400522 0 -0.0315864 -0.0246353 -0.999197 0 -0.259887 -0.660157 -0.00677648 1 
2019-09-25 16:59:07 0.603646 -0.797238 0.00179776 0 -0.796666 -0.603125 0.0392985 0 -0.0302466 -0.0251551 -0.999226 0 -0.258275 -0.660764 -0.00678637 1 
2019-09-25 16:59:07 0.585931 -0.810344 0.00284043 0 -0.809789 -0.585392 0.0392289 0 -0.0301267 -0.0252861 -0.999226 0 -0.257585 -0.661055 -0.00675193 1 
2019-09-25 16:59:07 0.567809 -0.82314 0.0038093 0 -0.822599 -0.567254 0.0391772 0 -0.0300881 -0.0253792 -0.999225 0 -0.257552 -0.661091 -0.00672271 1 
2019-09-25 16:59:07 0.544581 -0.838681 0.00514526 0 -0.838165 -0.544007 0.0389422 0 -0.0298616 -0.0255203 -0.999228 0 -0.257506 -0.661124 -0.00670221 1 
2019-09-25 16:59:07 0.517955 -0.855371 0.00665569 0 -0.854886 -0.517361 0.0385871 0 -0.0295635 -0.0256767 -0.999233 0 -0.257294 -0.661215 -0.00669208 1 
2019-09-25 16:59:07 0.48893 -0.872272 0.00835702 0 -0.871824 -0.488314 0.0381292 0 -0.0291788 -0.0259289 -0.999238 0 -0.25707 -0.661327 -0.00665105 1 
2019-09-25 16:59:07 0.456665 -0.88957 0.0101644 0 -0.889164 -0.456028 0.0375062 0 -0.0287297 -0.0261661 -0.999245 0 -0.256684 -0.661492 -0.00663174 1 
2019-09-25 16:59:07 0.425581 -0.904835 0.0116083 0 -0.904458 -0.424929 0.0370384 0 -0.0285815 -0.0262626 -0.999246 0 -0.256564 -0.661547 -0.00661986 1 
2019-09-25 16:59:07 0.394533 -0.918778 0.0130683 0 -0.918434 -0.393867 0.0364492 0 -0.0283421 -0.0263833 -0.99925 0 -0.256323 -0.661645 -0.00662286 1 
2019-09-25 16:59:07 0.361625 -0.932198 0.0146471 0 -0.931894 -0.360947 0.035645 0 -0.0279419 -0.0265402 -0.999257 0 -0.255729 -0.661869 -0.00663674 1 
2019-09-25 16:59:08 0.329968 -0.943846 0.0160215 0 -0.943576 -0.329281 0.0349187 0 -0.0276828 -0.0266401 -0.999262 0 -0.254959 -0.662159 -0.00665094 1 
2019-09-25 16:59:08 0.30214 -0.953097 0.017258 0 -0.952862 -0.301447 0.0341189 0 -0.0273168 -0.0267537 -0.999269 0 -0.254068 -0.662485 -0.00668844 1 
2019-09-25 16:59:08 0.278107 -0.960369 0.0181246 0 -0.960152 -0.277408 0.0336729 0 -0.027311 -0.0267676 -0.999269 0 -0.253702 -0.662625 -0.00669246 1 
2019-09-25 16:59:08 0.258039 -0.965937 0.0190339 0 -0.965734 -0.257324 0.0335107 0 -0.0274718 -0.0270293 -0.999257 0 -0.253864 -0.662628 -0.00666955 1 
2019-09-25 16:59:08 0.238189 -0.971008 0.0197379 0 -0.970819 -0.237469 0.0331585 0 -0.0275105 -0.0270605 -0.999255 0 -0.254067 -0.662553 -0.00667948 1 
2019-09-25 16:59:08 0.220531 -0.975158 0.0203376 0 -0.974982 -0.219807 0.0328146 0 -0.0275296 -0.027066 -0.999254 0 -0.254154 -0.662524 -0.00667544 1 
2019-09-25 16:59:08 0.202619 -0.979024 0.0209581 0 -0.97886 -0.20189 0.0324571 0 -0.0275455 -0.0270919 -0.999253 0 -0.254251 -0.662499 -0.00666402 1 
2019-09-25 16:59:08 0.188101 -0.981906 0.0214469 0 -0.981753 -0.18737 0.032161 0 -0.0275611 -0.0271056 -0.999253 0 -0.254268 -0.662495 -0.00666439 1 
2019-09-25 16:59:08 0.17309 -0.984652 0.0219425 0 -0.984509 -0.172354 0.0318944 0 -0.0276236 -0.0271237 -0.99925 0 -0.25437 -0.662466 -0.0066565 1 
2019-09-25 16:59:08 0.156701 -0.987378 0.0226065 0 -0.987248 -0.155956 0.031628 0 -0.0277037 -0.0272749 -0.999244 0 -0.254461 -0.66247 -0.0066407 1 
2019-09-25 16:59:08 0.139967 -0.989876 0.0231555 0 -0.989759 -0.13922 0.0312286 0 -0.0276892 -0.0272898 -0.999244 0 -0.254435 -0.662482 -0.00663743 1 
2019-09-25 16:59:08 0.121044 -0.992353 0.0237618 0 -0.992253 -0.120297 0.0307103 0 -0.0276175 -0.0272955 -0.999246 0 -0.2542 -0.662562 -0.00664727 1 
2019-09-25 16:59:08 0.104737 -0.994194 0.0242887 0 -0.994104 -0.103984 0.0304069 0 -0.0277053 -0.0273307 -0.999242 0 -0.254182 -0.662587 -0.00663058 1 
2019-09-25 16:59:08 0.0950013 -0.995163 0.0246053 0 -0.995082 -0.0942475 0.0301735 0 -0.0277091 -0.0273514 -0.999242 0 -0.254251 -0.662567 -0.00662782 1 
2019-09-25 16:59:08 0.0818414 -0.996318 0.0251811 0 -0.996247 -0.081078 0.0299762 0 -0.0278248 -0.0275405 -0.999233 0 -0.254311 -0.662594 -0.00661218 1 
2019-09-25 16:59:08 0.0695847 -0.997238 0.0256005 0 -0.997177 -0.0688181 0.0296988 0 -0.0278555 -0.0275954 -0.999231 0 -0.254361 -0.66259 -0.00660228 1 
2019-09-25 16:59:08 0.0558118 -0.998089 0.0261525 0 -0.998041 -0.0550378 0.0294377 0 -0.0279426 -0.0277448 -0.999224 0 -0.254412 -0.662607 -0.00659086 1 
2019-09-25 16:59:08 0.0431037 -0.998699 0.0269005 0 -0.998664 -0.042312 0.0293382 0 -0.0281623 -0.0281297 -0.999207 0 -0.25448 -0.662676 -0.00655896 1 
2019-09-25 16:59:09 0.0275272 -0.999208 0.0283884 0 -0.9992 -0.0266904 0.029444 0 -0.0286635 -0.0291767 -0.999163 0 -0.254595 -0.662886 -0.00647368 1 
2019-09-25 16:59:09 0.0121526 -0.999492 0.0291402 0 -0.999501 -0.0113018 0.0291842 0 -0.0288406 -0.0294809 -0.999149 0 -0.254571 -0.662928 -0.0065122 1 
2019-09-25 16:59:09 0.00682959 -0.999539 0.0292528 0 -0.999552 -0.005981 0.0289984 0 -0.0288107 -0.0294383 -0.999151 0 -0.254532 -0.662898 -0.00649131 1 
2019-09-25 16:59:09 0.00670765 -0.999539 0.0292897 0 -0.999552 -0.00585702 0.0290317 0 -0.0288473 -0.0294719 -0.999149 0 -0.254575 -0.662899 -0.00647477 1 
2019-09-25 16:59:09 0.00650603 -0.99954 0.0293116 0 -0.999553 -0.00565468 0.0290344 0 -0.0288558 -0.0294879 -0.999149 0 -0.254625 -0.662886 -0.00647104 1 
2019-09-25 16:59:09 0.00638283 -0.999539 0.0293731 0 -0.999552 -0.00552834 0.0290805 0 -0.0289052 -0.0295462 -0.999145 0 -0.254723 -0.662873 -0.00645307 1 
2019-09-25 16:59:09 0.00584169 -0.999523 0.0300191 0 -0.999543 -0.00495547 0.0295113 0 -0.0293491 -0.0301783 -0.999114 0 -0.255195 -0.662862 -0.00640152 1 
2019-09-25 16:59:09 0.00518983 -0.999497 0.0309673 0 -0.999528 -0.00425757 0.0300947 0 -0.0299483 -0.0311095 -0.999067 0 -0.255804 -0.662907 -0.00639564 1 
2019-09-25 16:59:09 0.00445273 -0.999479 0.0316508 0 -0.999518 -0.00348621 0.0305268 0 -0.0304012 -0.0317721 -0.999033 0 -0.256445 -0.662893 -0.0064206 1 
2019-09-25 16:59:09 0.00431984 -0.999468 0.0320142 0 -0.999517 -0.00334078 0.0305722 0 -0.0304496 -0.0321315 -0.99902 0 -0.256531 -0.662944 -0.00641774 1 
2019-09-25 16:59:09 0.00430614 -0.999468 0.0320146 0 -0.999517 -0.00332664 0.0305856 0 -0.0304634 -0.0321314 -0.999019 0 -0.256551 -0.662936 -0.00641782 1 
2019-09-25 16:59:09 0.00437182 -0.999469 0.032003 0 -0.999517 -0.00339282 0.0305813 0 -0.030457 -0.0321219 -0.99902 0 -0.25651 -0.662946 -0.00642423 1 
2019-09-25 16:59:09 0.00450137 -0.999468 0.0320062 0 -0.999516 -0.00352175 0.0305975 0 -0.0304691 -0.0321291 -0.999019 0 -0.256485 -0.662959 -0.00641581 1 
2019-09-25 16:59:09 0.00517087 -0.999465 0.031981 0 -0.999511 -0.00418929 0.0306836 0 -0.0305338 -0.0321246 -0.999017 0 -0.256402 -0.662995 -0.00639382 1 
2019-09-25 16:59:09 0.00565814 -0.999462 0.032002 0 -0.999507 -0.00467475 0.0307203 0 -0.0305548 -0.0321606 -0.999016 0 -0.25635 -0.663029 -0.00636141 1 
2019-09-25 16:59:09 0.00571896 -0.999461 0.0320154 0 -0.999507 -0.00473462 0.0307373 0 -0.0305698 -0.032176 -0.999015 0 -0.256328 -0.663047 -0.00634168 1 
2019-09-25 16:59:09 0.00567693 -0.999461 0.0320294 0 -0.999506 -0.00469148 0.0307584 0 -0.0305921 -0.0321888 -0.999014 0 -0.256365 -0.663041 -0.00632648 1 
2019-09-25 16:59:10 0.00565096 -0.999462 0.0320173 0 -0.999506 -0.00466605 0.0307532 0 -0.0305878 -0.0321759 -0.999014 0 -0.256376 -0.663032 -0.0063281 1 
2019-09-25 16:59:10 0.00566321 -0.999462 0.0319981 0 -0.999506 -0.00467885 0.0307546 0 -0.030589 -0.0321571 -0.999015 0 -0.256375 -0.663027 -0.00632925 1 
2019-09-25 16:59:10 0.00567565 -0.999463 0.0319866 0 -0.999506 -0.00469159 0.0307559 0 -0.0305899 -0.032146 -0.999015 0 -0.25637 -0.663025 -0.00633233 1 
2019-09-25 16:59:10 0.00567542 -0.999462 0.0319915 0 -0.999506 -0.00469115 0.0307579 0 -0.0305919 -0.0321509 -0.999015 0 -0.256369 -0.663027 -0.00633081 1 
2019-09-25 16:59:10 0.0056812 -0.999462 0.0319891 0 -0.999506 -0.00469701 0.0307576 0 -0.0305914 -0.0321487 -0.999015 0 -0.256369 -0.663027 -0.00632994 1 
2019-09-25 16:59:10 0.00568368 -0.999463 0.0319843 0 -0.999506 -0.00469981 0.0307524 0 -0.0305862 -0.032144 -0.999015 0 -0.256365 -0.663026 -0.00633306 1 
2019-09-25 16:59:10 0.00568646 -0.999463 0.0319863 0 -0.999506 -0.00470249 0.0307536 0 -0.0305872 -0.032146 -0.999015 0 -0.256363 -0.663028 -0.00633201 1 
2019-09-25 16:59:10 0.00568194 -0.999463 0.0319857 0 -0.999506 -0.00469795 0.0307549 0 -0.0305887 -0.0321452 -0.999015 0 -0.256366 -0.663027 -0.00633307 1 
