-1.9690 -0.3674 0.0000 -1.9160 0.0023 1.5138 -1.1263 
-1.9690 -0.3673 0.0000 -1.9161 0.0023 1.5138 -1.1263 
-1.9690 -0.3673 0.0000 -1.9161 0.0023 1.5138 -1.1262 
-1.9690 -0.3673 0.0000 -1.9161 0.0023 1.5139 -1.1262 
-1.9690 -0.3672 0.0000 -1.9161 0.0023 1.5139 -1.1261 
-1.9690 -0.3672 0.0000 -1.9162 0.0023 1.5140 -1.1261 
-1.9690 -0.3671 0.0000 -1.9162 0.0022 1.5140 -1.1260 
-1.9690 -0.3671 0.0000 -1.9162 0.0022 1.5140 -1.1260 
-1.9690 -0.3670 0.0000 -1.9162 0.0022 1.5141 -1.1259 
-1.9690 -0.3670 0.0000 -1.9163 0.0022 1.5141 -1.1258 
-1.9690 -0.3669 0.0000 -1.9163 0.0022 1.5142 -1.1258 
-1.9690 -0.3669 0.0000 -1.9163 0.0022 1.5142 -1.1257 
-1.9690 -0.3668 0.0000 -1.9163 0.0022 1.5142 -1.1257 
-1.9691 -0.3668 0.0000 -1.9164 0.0022 1.5143 -1.1256 
-1.9691 -0.3667 0.0000 -1.9164 0.0022 1.5143 -1.1256 
-1.9691 -0.3667 0.0000 -1.9164 0.0021 1.5143 -1.1255 
-1.9691 -0.3667 0.0000 -1.9164 0.0021 1.5144 -1.1255 
-1.9691 -0.3666 0.0000 -1.9165 0.0021 1.5144 -1.1254 
-1.9691 -0.3666 0.0000 -1.9165 0.0021 1.5145 -1.1254 
-1.9691 -0.3665 0.0000 -1.9165 0.0021 1.5145 -1.1253 
-1.9691 -0.3665 0.0000 -1.9165 0.0021 1.5145 -1.1252 
-1.9691 -0.3664 0.0000 -1.9166 0.0021 1.5146 -1.1252 
-1.9691 -0.3664 0.0000 -1.9166 0.0021 1.5146 -1.1251 
-1.9691 -0.3663 0.0000 -1.9166 0.0021 1.5147 -1.1251 
-1.9691 -0.3663 0.0000 -1.9166 0.0020 1.5147 -1.1250 
-1.9691 -0.3662 0.0000 -1.9167 0.0020 1.5147 -1.1250 
-1.9691 -0.3662 0.0000 -1.9167 0.0020 1.5148 -1.1249 
-1.9692 -0.3661 0.0000 -1.9167 0.0020 1.5148 -1.1249 
-1.9692 -0.3661 0.0000 -1.9167 0.0020 1.5149 -1.1248 
-1.9692 -0.3660 0.0000 -1.9168 0.0020 1.5149 -1.1248 
-1.9692 -0.3660 0.0000 -1.9168 0.0020 1.5149 -1.1247 
-1.9692 -0.3659 0.0000 -1.9168 0.0020 1.5150 -1.1246 
-1.9692 -0.3659 0.0000 -1.9168 0.0020 1.5150 -1.1246 
-1.9692 -0.3658 0.0000 -1.9169 0.0019 1.5151 -1.1245 
-1.9692 -0.3658 0.0000 -1.9169 0.0019 1.5151 -1.1245 
-1.9692 -0.3657 0.0000 -1.9169 0.0019 1.5151 -1.1244 
-1.9692 -0.3657 0.0000 -1.9169 0.0019 1.5152 -1.1244 
-1.9692 -0.3656 0.0000 -1.9169 0.0019 1.5152 -1.1243 
-1.9692 -0.3656 0.0000 -1.9170 0.0019 1.5153 -1.1243 
-1.9692 -0.3655 0.0000 -1.9170 0.0019 1.5153 -1.1242 
-1.9692 -0.3655 0.0000 -1.9170 0.0019 1.5154 -1.1242 
-1.9693 -0.3654 0.0000 -1.9170 0.0019 1.5154 -1.1241 
-1.9693 -0.3654 0.0000 -1.9171 0.0018 1.5154 -1.1240 
-1.9693 -0.3653 0.0000 -1.9171 0.0018 1.5155 -1.1240 
-1.9693 -0.3653 0.0000 -1.9171 0.0018 1.5155 -1.1239 
-1.9693 -0.3652 0.0000 -1.9171 0.0018 1.5156 -1.1239 
-1.9693 -0.3652 0.0000 -1.9172 0.0018 1.5156 -1.1238 
-1.9693 -0.3651 0.0000 -1.9172 0.0018 1.5157 -1.1238 
-1.9693 -0.3651 0.0000 -1.9172 0.0018 1.5157 -1.1237 
-1.9693 -0.3650 0.0000 -1.9172 0.0018 1.5157 -1.1237 
-1.9693 -0.3649 0.0000 -1.9172 0.0018 1.5158 -1.1236 
-1.9693 -0.3649 0.0000 -1.9173 0.0017 1.5158 -1.1236 
-1.9693 -0.3648 0.0000 -1.9173 0.0017 1.5159 -1.1235 
-1.9693 -0.3648 0.0000 -1.9173 0.0017 1.5159 -1.1234 
-1.9693 -0.3647 0.0000 -1.9173 0.0017 1.5160 -1.1234 
-1.9693 -0.3647 0.0000 -1.9173 0.0017 1.5160 -1.1233 
-1.9694 -0.3646 0.0000 -1.9174 0.0017 1.5161 -1.1233 
-1.9694 -0.3645 0.0000 -1.9174 0.0017 1.5161 -1.1232 
-1.9694 -0.3645 0.0000 -1.9174 0.0017 1.5162 -1.1232 
-1.9694 -0.3644 0.0000 -1.9174 0.0017 1.5162 -1.1231 
-1.9694 -0.3644 0.0000 -1.9174 0.0016 1.5163 -1.1231 
-1.9694 -0.3643 0.0000 -1.9175 0.0016 1.5163 -1.1230 
-1.9694 -0.3642 0.0000 -1.9175 0.0016 1.5163 -1.1229 
-1.9694 -0.3642 0.0000 -1.9175 0.0016 1.5164 -1.1229 
-1.9694 -0.3641 0.0000 -1.9175 0.0016 1.5164 -1.1228 
-1.9694 -0.3641 0.0000 -1.9175 0.0016 1.5165 -1.1228 
-1.9694 -0.3640 0.0000 -1.9176 0.0016 1.5166 -1.1227 
-1.9694 -0.3639 0.0000 -1.9176 0.0016 1.5166 -1.1227 
-1.9694 -0.3639 0.0000 -1.9176 0.0016 1.5167 -1.1226 
-1.9694 -0.3638 0.0000 -1.9176 0.0015 1.5167 -1.1226 
-1.9695 -0.3637 0.0000 -1.9176 0.0015 1.5168 -1.1225 
-1.9695 -0.3637 0.0000 -1.9177 0.0015 1.5168 -1.1225 
-1.9695 -0.3636 0.0000 -1.9177 0.0015 1.5169 -1.1224 
-1.9695 -0.3635 0.0000 -1.9177 0.0015 1.5169 -1.1223 
-1.9695 -0.3634 0.0000 -1.9177 0.0015 1.5170 -1.1223 
-1.9695 -0.3634 0.0000 -1.9177 0.0015 1.5170 -1.1222 
-1.9695 -0.3633 0.0000 -1.9177 0.0015 1.5171 -1.1222 
-1.9695 -0.3632 0.0000 -1.9177 0.0014 1.5172 -1.1221 
-1.9695 -0.3631 0.0000 -1.9178 0.0014 1.5172 -1.1221 
-1.9695 -0.3630 0.0000 -1.9178 0.0014 1.5173 -1.1220 
-1.9695 -0.3630 0.0000 -1.9178 0.0014 1.5173 -1.1220 
-1.9695 -0.3629 0.0000 -1.9178 0.0014 1.5174 -1.1219 
-1.9695 -0.3628 0.0000 -1.9178 0.0014 1.5175 -1.1218 
-1.9695 -0.3627 0.0000 -1.9178 0.0014 1.5175 -1.1218 
-1.9695 -0.3626 0.0000 -1.9178 0.0014 1.5176 -1.1217 
-1.9695 -0.3625 0.0000 -1.9178 0.0013 1.5177 -1.1217 
-1.9695 -0.3624 0.0000 -1.9178 0.0013 1.5178 -1.1216 
-1.9696 -0.3623 0.0000 -1.9178 0.0013 1.5178 -1.1216 
-1.9696 -0.3622 0.0000 -1.9178 0.0013 1.5179 -1.1215 
-1.9696 -0.3621 0.0000 -1.9178 0.0013 1.5180 -1.1214 
-1.9696 -0.3620 0.0000 -1.9179 0.0013 1.5181 -1.1214 
-1.9696 -0.3619 0.0000 -1.9179 0.0013 1.5181 -1.1213 
-1.9696 -0.3618 0.0000 -1.9179 0.0012 1.5182 -1.1213 
-1.9696 -0.3617 0.0000 -1.9179 0.0012 1.5183 -1.1212 
-1.9696 -0.3615 0.0000 -1.9179 0.0012 1.5184 -1.1212 
-1.9696 -0.3614 0.0000 -1.9178 0.0012 1.5185 -1.1211 
-1.9696 -0.3613 0.0000 -1.9178 0.0012 1.5186 -1.1210 
-1.9696 -0.3612 0.0000 -1.9178 0.0012 1.5186 -1.1210 
-1.9696 -0.3610 0.0000 -1.9178 0.0012 1.5187 -1.1209 
-1.9696 -0.3609 0.0000 -1.9178 0.0011 1.5188 -1.1209 
-1.9696 -0.3608 0.0000 -1.9178 0.0011 1.5189 -1.1208 
-1.9696 -0.3606 0.0000 -1.9178 0.0011 1.5190 -1.1208 
-1.9696 -0.3605 0.0000 -1.9178 0.0011 1.5191 -1.1207 
-1.9696 -0.3604 0.0000 -1.9178 0.0011 1.5192 -1.1207 
-1.9696 -0.3602 0.0000 -1.9177 0.0011 1.5193 -1.1206 
-1.9696 -0.3601 0.0000 -1.9177 0.0011 1.5194 -1.1205 
-1.9697 -0.3599 0.0000 -1.9177 0.0010 1.5195 -1.1205 
-1.9697 -0.3598 0.0000 -1.9177 0.0010 1.5196 -1.1204 
-1.9697 -0.3596 0.0000 -1.9177 0.0010 1.5197 -1.1204 
-1.9697 -0.3595 0.0000 -1.9176 0.0010 1.5198 -1.1203 
-1.9697 -0.3593 0.0000 -1.9176 0.0010 1.5198 -1.1203 
-1.9697 -0.3591 0.0000 -1.9176 0.0009 1.5199 -1.1202 
-1.9697 -0.3590 0.0000 -1.9175 0.0009 1.5200 -1.1202 
-1.9697 -0.3589 0.0000 -1.9175 0.0009 1.5201 -1.1201 
-1.9697 -0.3587 0.0000 -1.9175 0.0009 1.5201 -1.1201 
-1.9697 -0.3586 0.0000 -1.9174 0.0009 1.5202 -1.1201 
-1.9697 -0.3584 0.0000 -1.9174 0.0008 1.5203 -1.1200 
-1.9697 -0.3583 0.0000 -1.9174 0.0008 1.5203 -1.1200 
-1.9697 -0.3582 0.0000 -1.9173 0.0008 1.5203 -1.1200 
-1.9697 -0.3581 0.0000 -1.9173 0.0008 1.5204 -1.1199 
-1.9698 -0.3580 0.0000 -1.9173 0.0007 1.5204 -1.1199 
-1.9698 -0.3579 0.0000 -1.9172 0.0007 1.5204 -1.1199 
-1.9698 -0.3578 0.0000 -1.9172 0.0007 1.5204 -1.1199 
-1.9698 -0.3577 0.0000 -1.9172 0.0006 1.5204 -1.1199 
-1.9698 -0.3576 0.0000 -1.9172 0.0006 1.5204 -1.1199 
-1.9698 -0.3576 0.0000 -1.9172 0.0005 1.5205 -1.1199 
-1.9699 -0.3575 0.0000 -1.9172 0.0005 1.5205 -1.1199 
-1.9699 -0.3574 0.0000 -1.9173 0.0004 1.5205 -1.1199 
-1.9699 -0.3573 0.0000 -1.9173 0.0004 1.5206 -1.1199 
-1.9699 -0.3572 0.0000 -1.9174 0.0003 1.5207 -1.1199 
-1.9699 -0.3571 0.0000 -1.9175 0.0002 1.5208 -1.1200 
-1.9699 -0.3569 0.0000 -1.9176 0.0001 1.5210 -1.1200 
-1.9700 -0.3567 0.0000 -1.9177 -0.0000 1.5212 -1.1200 
-1.9700 -0.3565 0.0000 -1.9179 -0.0001 1.5216 -1.1201 
-1.9700 -0.3561 0.0000 -1.9181 -0.0003 1.5221 -1.1201 
-1.9700 -0.3557 0.0000 -1.9184 -0.0004 1.5226 -1.1202 
-1.9700 -0.3552 0.0000 -1.9187 -0.0006 1.5234 -1.1202 
-1.9700 -0.3545 0.0000 -1.9190 -0.0008 1.5243 -1.1202 
-1.9700 -0.3537 0.0000 -1.9194 -0.0010 1.5255 -1.1203 
-1.9700 -0.3527 0.0000 -1.9198 -0.0012 1.5268 -1.1203 
-1.9700 -0.3515 0.0000 -1.9203 -0.0015 1.5284 -1.1203 
-1.9699 -0.3500 0.0000 -1.9208 -0.0018 1.5303 -1.1202 
-1.9699 -0.3484 0.0000 -1.9214 -0.0021 1.5326 -1.1202 
-1.9699 -0.3464 0.0000 -1.9220 -0.0025 1.5351 -1.1201 
-1.9698 -0.3442 0.0000 -1.9226 -0.0028 1.5380 -1.1200 
-1.9697 -0.3417 0.0000 -1.9234 -0.0032 1.5413 -1.1199 
-1.9696 -0.3388 0.0000 -1.9241 -0.0036 1.5449 -1.1198 
-1.9695 -0.3357 0.0000 -1.9249 -0.0041 1.5489 -1.1196 
-1.9694 -0.3322 0.0000 -1.9257 -0.0045 1.5533 -1.1193 
-1.9692 -0.3283 0.0000 -1.9265 -0.0050 1.5581 -1.1191 
-1.9690 -0.3242 0.0000 -1.9274 -0.0055 1.5632 -1.1187 
-1.9689 -0.3197 0.0000 -1.9282 -0.0061 1.5687 -1.1184 
-1.9687 -0.3150 0.0000 -1.9291 -0.0066 1.5745 -1.1180 
-1.9685 -0.3099 0.0000 -1.9299 -0.0071 1.5806 -1.1176 
-1.9682 -0.3046 0.0000 -1.9308 -0.0077 1.5870 -1.1171 
-1.9680 -0.2990 0.0000 -1.9316 -0.0083 1.5937 -1.1166 
-1.9678 -0.2931 0.0000 -1.9325 -0.0088 1.6007 -1.1160 
-1.9675 -0.2871 0.0000 -1.9333 -0.0094 1.6078 -1.1154 
-1.9672 -0.2808 0.0000 -1.9341 -0.0100 1.6151 -1.1148 
-1.9669 -0.2744 0.0000 -1.9348 -0.0106 1.6226 -1.1142 
-1.9666 -0.2679 0.0000 -1.9355 -0.0111 1.6303 -1.1135 
-1.9663 -0.2612 0.0000 -1.9362 -0.0117 1.6380 -1.1128 
-1.9660 -0.2543 0.0000 -1.9369 -0.0123 1.6459 -1.1121 
-1.9657 -0.2474 0.0000 -1.9375 -0.0129 1.6538 -1.1114 
-1.9654 -0.2404 0.0000 -1.9381 -0.0134 1.6619 -1.1107 
-1.9651 -0.2333 0.0000 -1.9387 -0.0140 1.6699 -1.1099 
-1.9648 -0.2261 0.0000 -1.9392 -0.0145 1.6780 -1.1091 
-1.9644 -0.2189 0.0000 -1.9397 -0.0151 1.6861 -1.1083 
-1.9641 -0.2116 0.0000 -1.9402 -0.0156 1.6943 -1.1076 
-1.9638 -0.2043 0.0000 -1.9406 -0.0162 1.7025 -1.1067 
-1.9634 -0.1969 0.0000 -1.9410 -0.0167 1.7106 -1.1059 
-1.9631 -0.1896 0.0000 -1.9414 -0.0172 1.7188 -1.1051 
-1.9628 -0.1821 0.0000 -1.9417 -0.0177 1.7270 -1.1043 
-1.9624 -0.1747 0.0000 -1.9420 -0.0182 1.7351 -1.1035 
-1.9621 -0.1673 0.0000 -1.9423 -0.0187 1.7433 -1.1026 
-1.9618 -0.1598 0.0000 -1.9426 -0.0192 1.7514 -1.1018 
-1.9614 -0.1523 0.0000 -1.9428 -0.0197 1.7596 -1.1010 
-1.9611 -0.1447 0.0000 -1.9430 -0.0202 1.7678 -1.1001 
-1.9607 -0.1372 0.0000 -1.9431 -0.0207 1.7759 -1.0993 
-1.9604 -0.1296 0.0000 -1.9432 -0.0212 1.7841 -1.0984 
-1.9600 -0.1219 0.0000 -1.9433 -0.0217 1.7922 -1.0976 
-1.9597 -0.1142 0.0000 -1.9434 -0.0222 1.8004 -1.0968 
-1.9594 -0.1065 0.0000 -1.9434 -0.0226 1.8086 -1.0959 
-1.9590 -0.0988 0.0000 -1.9434 -0.0231 1.8168 -1.0951 
-1.9587 -0.0909 0.0000 -1.9434 -0.0236 1.8250 -1.0942 
-1.9583 -0.0830 0.0000 -1.9433 -0.0241 1.8332 -1.0934 
-1.9580 -0.0751 0.0000 -1.9432 -0.0245 1.8415 -1.0925 
-1.9576 -0.0670 0.0000 -1.9431 -0.0250 1.8498 -1.0917 
-1.9573 -0.0589 0.0000 -1.9429 -0.0254 1.8582 -1.0908 
-1.9569 -0.0507 0.0000 -1.9427 -0.0259 1.8666 -1.0900 
-1.9565 -0.0423 0.0000 -1.9424 -0.0263 1.8751 -1.0891 
-1.9562 -0.0338 0.0000 -1.9421 -0.0268 1.8837 -1.0883 
-1.9558 -0.0252 0.0000 -1.9418 -0.0273 1.8924 -1.0875 
-1.9555 -0.0165 0.0000 -1.9414 -0.0277 1.9011 -1.0866 
-1.9551 -0.0075 0.0000 -1.9409 -0.0281 1.9099 -1.0858 
-1.9547 0.0016 0.0000 -1.9404 -0.0286 1.9189 -1.0849 
-1.9544 0.0109 0.0000 -1.9398 -0.0290 1.9280 -1.0841 
-1.9540 0.0204 0.0000 -1.9391 -0.0294 1.9372 -1.0833 
-1.9536 0.0301 0.0000 -1.9384 -0.0299 1.9465 -1.0825 
-1.9533 0.0401 0.0000 -1.9376 -0.0303 1.9559 -1.0817 
-1.9529 0.0503 0.0000 -1.9367 -0.0307 1.9655 -1.0809 
-1.9525 0.0608 0.0000 -1.9357 -0.0311 1.9753 -1.0801 
-1.9521 0.0716 0.0000 -1.9346 -0.0315 1.9851 -1.0793 
-1.9518 0.0825 0.0000 -1.9334 -0.0319 1.9951 -1.0786 
-1.9514 0.0938 0.0000 -1.9321 -0.0322 2.0052 -1.0778 
-1.9510 0.1053 0.0000 -1.9307 -0.0326 2.0153 -1.0771 
-1.9507 0.1169 0.0000 -1.9291 -0.0329 2.0256 -1.0764 
-1.9503 0.1288 0.0000 -1.9275 -0.0332 2.0358 -1.0757 
-1.9500 0.1409 0.0000 -1.9257 -0.0335 2.0461 -1.0751 
-1.9496 0.1530 0.0000 -1.9239 -0.0338 2.0563 -1.0745 
-1.9493 0.1652 0.0000 -1.9219 -0.0340 2.0664 -1.0739 
-1.9490 0.1775 0.0000 -1.9198 -0.0343 2.0764 -1.0733 
-1.9487 0.1896 0.0000 -1.9177 -0.0345 2.0862 -1.0728 
-1.9484 0.2017 0.0000 -1.9154 -0.0346 2.0957 -1.0723 
-1.9481 0.2136 0.0000 -1.9131 -0.0348 2.1050 -1.0719 
-1.9478 0.2252 0.0000 -1.9107 -0.0349 2.1139 -1.0714 
-1.9476 0.2366 0.0000 -1.9083 -0.0351 2.1225 -1.0710 
-1.9474 0.2476 0.0000 -1.9059 -0.0352 2.1306 -1.0707 
-1.9471 0.2582 0.0000 -1.9034 -0.0353 2.1384 -1.0703 
-1.9469 0.2685 0.0000 -1.9010 -0.0353 2.1457 -1.0700 
-1.9467 0.2783 0.0000 -1.8985 -0.0354 2.1525 -1.0697 
-1.9466 0.2877 0.0000 -1.8961 -0.0355 2.1590 -1.0694 
-1.9464 0.2966 0.0000 -1.8937 -0.0355 2.1650 -1.0691 
-1.9462 0.3051 0.0000 -1.8913 -0.0356 2.1707 -1.0688 
-1.9461 0.3133 0.0000 -1.8889 -0.0356 2.1760 -1.0686 
-1.9459 0.3210 0.0000 -1.8866 -0.0357 2.1809 -1.0683 
-1.9458 0.3284 0.0000 -1.8843 -0.0357 2.1856 -1.0681 
-1.9457 0.3355 0.0000 -1.8820 -0.0358 2.1899 -1.0678 
-1.9455 0.3423 0.0000 -1.8797 -0.0359 2.1940 -1.0676 
-1.9454 0.3488 0.0000 -1.8775 -0.0360 2.1980 -1.0673 
-1.9453 0.3551 0.0000 -1.8753 -0.0360 2.2017 -1.0671 
-1.9451 0.3613 0.0000 -1.8731 -0.0361 2.2053 -1.0668 
-1.9450 0.3673 0.0000 -1.8709 -0.0362 2.2087 -1.0666 
-1.9449 0.3731 0.0000 -1.8687 -0.0364 2.2121 -1.0663 
-1.9447 0.3789 0.0000 -1.8664 -0.0365 2.2153 -1.0660 
-1.9446 0.3847 0.0000 -1.8642 -0.0366 2.2186 -1.0658 
-1.9445 0.3903 0.0000 -1.8620 -0.0367 2.2217 -1.0655 
-1.9443 0.3960 0.0000 -1.8597 -0.0369 2.2249 -1.0653 
-1.9442 0.4017 0.0000 -1.8573 -0.0370 2.2280 -1.0650 
-1.9440 0.4075 0.0000 -1.8550 -0.0372 2.2312 -1.0648 
-1.9438 0.4132 0.0000 -1.8526 -0.0374 2.2343 -1.0645 
-1.9437 0.4191 0.0000 -1.8501 -0.0376 2.2375 -1.0643 
-1.9435 0.4250 0.0000 -1.8475 -0.0377 2.2408 -1.0641 
-1.9433 0.4311 0.0000 -1.8449 -0.0379 2.2440 -1.0639 
-1.9431 0.4372 0.0000 -1.8422 -0.0381 2.2473 -1.0637 
-1.9429 0.4435 0.0000 -1.8394 -0.0384 2.2507 -1.0635 
-1.9427 0.4499 0.0000 -1.8365 -0.0386 2.2541 -1.0633 
-1.9425 0.4565 0.0000 -1.8334 -0.0388 2.2575 -1.0632 
-1.9423 0.4633 0.0000 -1.8303 -0.0390 2.2611 -1.0631 
-1.9421 0.4702 0.0000 -1.8270 -0.0393 2.2646 -1.0630 
-1.9418 0.4773 0.0000 -1.8236 -0.0395 2.2683 -1.0629 
-1.9416 0.4847 0.0000 -1.8200 -0.0398 2.2720 -1.0628 
-1.9413 0.4922 0.0000 -1.8163 -0.0401 2.2757 -1.0628 
-1.9411 0.4998 0.0000 -1.8124 -0.0403 2.2794 -1.0628 
-1.9408 0.5077 0.0000 -1.8083 -0.0406 2.2832 -1.0628 
-1.9405 0.5158 0.0000 -1.8040 -0.0409 2.2870 -1.0629 
-1.9403 0.5240 0.0000 -1.7996 -0.0412 2.2908 -1.0629 
-1.9400 0.5325 0.0000 -1.7949 -0.0415 2.2946 -1.0631 
-1.9397 0.5410 0.0000 -1.7900 -0.0418 2.2984 -1.0632 
-1.9394 0.5497 0.0000 -1.7850 -0.0421 2.3021 -1.0634 
-1.9391 0.5585 0.0000 -1.7798 -0.0424 2.3058 -1.0636 
-1.9389 0.5674 0.0000 -1.7744 -0.0428 2.3093 -1.0638 
-1.9386 0.5763 0.0000 -1.7688 -0.0431 2.3128 -1.0640 
-1.9383 0.5852 0.0000 -1.7630 -0.0434 2.3161 -1.0643 
-1.9381 0.5942 0.0000 -1.7571 -0.0437 2.3192 -1.0646 
-1.9378 0.6030 0.0000 -1.7511 -0.0441 2.3222 -1.0648 
-1.9376 0.6118 0.0000 -1.7449 -0.0444 2.3250 -1.0651 
-1.9373 0.6205 0.0000 -1.7387 -0.0447 2.3277 -1.0654 
-1.9371 0.6290 0.0000 -1.7324 -0.0450 2.3301 -1.0657 
-1.9369 0.6374 0.0000 -1.7260 -0.0453 2.3323 -1.0660 
-1.9367 0.6455 0.0000 -1.7196 -0.0456 2.3342 -1.0662 
-1.9366 0.6534 0.0000 -1.7132 -0.0459 2.3360 -1.0665 
-1.9364 0.6612 0.0000 -1.7068 -0.0462 2.3375 -1.0667 
-1.9363 0.6686 0.0000 -1.7005 -0.0465 2.3389 -1.0669 
-1.9361 0.6759 0.0000 -1.6941 -0.0468 2.3400 -1.0671 
-1.9360 0.6829 0.0000 -1.6879 -0.0471 2.3410 -1.0672 
-1.9359 0.6896 0.0000 -1.6817 -0.0474 2.3418 -1.0673 
-1.9359 0.6961 0.0000 -1.6756 -0.0476 2.3424 -1.0674 
-1.9358 0.7024 0.0000 -1.6696 -0.0479 2.3429 -1.0675 
-1.9358 0.7085 0.0000 -1.6636 -0.0481 2.3433 -1.0675 
-1.9357 0.7144 0.0000 -1.6578 -0.0484 2.3436 -1.0676 
-1.9357 0.7200 0.0000 -1.6520 -0.0486 2.3437 -1.0676 
-1.9357 0.7255 0.0000 -1.6464 -0.0488 2.3438 -1.0676 
-1.9357 0.7309 0.0000 -1.6409 -0.0490 2.3439 -1.0675 
-1.9358 0.7361 0.0000 -1.6354 -0.0492 2.3439 -1.0675 
-1.9358 0.7412 0.0000 -1.6301 -0.0494 2.3439 -1.0674 
-1.9358 0.7461 0.0000 -1.6248 -0.0496 2.3438 -1.0673 
-1.9359 0.7510 0.0000 -1.6197 -0.0498 2.3437 -1.0672 
-1.9359 0.7557 0.0000 -1.6147 -0.0500 2.3437 -1.0671 
-1.9360 0.7603 0.0000 -1.6097 -0.0502 2.3436 -1.0670 
-1.9361 0.7648 0.0000 -1.6049 -0.0504 2.3436 -1.0669 
-1.9361 0.7693 0.0000 -1.6002 -0.0505 2.3436 -1.0668 
-1.9362 0.7737 0.0000 -1.5956 -0.0507 2.3436 -1.0667 
-1.9363 0.7780 0.0000 -1.5911 -0.0508 2.3436 -1.0666 
-1.9364 0.7822 0.0000 -1.5868 -0.0510 2.3437 -1.0665 
-1.9365 0.7863 0.0000 -1.5825 -0.0511 2.3439 -1.0665 
-1.9366 0.7903 0.0000 -1.5784 -0.0512 2.3440 -1.0664 
-1.9367 0.7943 0.0000 -1.5745 -0.0513 2.3443 -1.0663 
-1.9369 0.7981 0.0000 -1.5706 -0.0514 2.3446 -1.0663 
-1.9370 0.8019 0.0000 -1.5670 -0.0515 2.3449 -1.0662 
-1.9371 0.8056 0.0000 -1.5634 -0.0516 2.3453 -1.0662 
-1.9373 0.8091 0.0000 -1.5601 -0.0517 2.3457 -1.0662 
-1.9374 0.8126 0.0000 -1.5569 -0.0518 2.3462 -1.0662 
-1.9376 0.8159 0.0000 -1.5538 -0.0518 2.3468 -1.0662 
-1.9377 0.8191 0.0000 -1.5510 -0.0519 2.3474 -1.0662 
-1.9379 0.8222 0.0000 -1.5483 -0.0519 2.3480 -1.0663 
-1.9380 0.8251 0.0000 -1.5458 -0.0520 2.3487 -1.0664 
-1.9382 0.8279 0.0000 -1.5434 -0.0520 2.3494 -1.0664 
-1.9384 0.8306 0.0000 -1.5413 -0.0520 2.3501 -1.0665 
-1.9385 0.8331 0.0000 -1.5393 -0.0521 2.3509 -1.0666 
-1.9387 0.8355 0.0000 -1.5375 -0.0521 2.3517 -1.0668 
-1.9388 0.8378 0.0000 -1.5359 -0.0521 2.3525 -1.0669 
-1.9390 0.8399 0.0000 -1.5344 -0.0521 2.3533 -1.0670 
-1.9392 0.8418 0.0000 -1.5331 -0.0521 2.3541 -1.0672 
-1.9393 0.8436 0.0000 -1.5320 -0.0521 2.3550 -1.0673 
-1.9395 0.8453 0.0000 -1.5310 -0.0521 2.3558 -1.0675 
-1.9396 0.8469 0.0000 -1.5301 -0.0521 2.3566 -1.0676 
-1.9398 0.8483 0.0000 -1.5293 -0.0521 2.3574 -1.0678 
-1.9399 0.8497 0.0000 -1.5286 -0.0521 2.3582 -1.0680 
-1.9401 0.8509 0.0000 -1.5280 -0.0521 2.3590 -1.0681 
-1.9402 0.8520 0.0000 -1.5276 -0.0521 2.3597 -1.0683 
-1.9403 0.8530 0.0000 -1.5271 -0.0521 2.3604 -1.0685 
-1.9404 0.8540 0.0000 -1.5268 -0.0521 2.3611 -1.0686 
-1.9405 0.8549 0.0000 -1.5264 -0.0521 2.3617 -1.0688 
-1.9407 0.8557 0.0000 -1.5262 -0.0521 2.3623 -1.0689 
-1.9408 0.8565 0.0000 -1.5259 -0.0522 2.3629 -1.0690 
-1.9408 0.8572 0.0000 -1.5257 -0.0522 2.3634 -1.0692 
-1.9409 0.8579 0.0000 -1.5254 -0.0522 2.3639 -1.0693 
-1.9410 0.8586 0.0000 -1.5252 -0.0523 2.3644 -1.0694 
-1.9411 0.8592 0.0000 -1.5249 -0.0523 2.3648 -1.0695 
-1.9411 0.8598 0.0000 -1.5247 -0.0523 2.3652 -1.0696 
-1.9412 0.8604 0.0000 -1.5244 -0.0524 2.3655 -1.0697 
-1.9412 0.8610 0.0000 -1.5241 -0.0524 2.3659 -1.0698 
-1.9413 0.8616 0.0000 -1.5238 -0.0525 2.3662 -1.0698 
-1.9413 0.8623 0.0000 -1.5235 -0.0526 2.3664 -1.0699 
-1.9414 0.8629 0.0000 -1.5231 -0.0526 2.3667 -1.0700 
-1.9414 0.8635 0.0000 -1.5227 -0.0527 2.3669 -1.0700 
-1.9414 0.8641 0.0000 -1.5223 -0.0528 2.3671 -1.0701 
-1.9414 0.8648 0.0000 -1.5219 -0.0529 2.3673 -1.0701 
-1.9414 0.8654 0.0000 -1.5214 -0.0530 2.3675 -1.0701 
-1.9414 0.8661 0.0000 -1.5209 -0.0530 2.3677 -1.0701 
-1.9414 0.8668 0.0000 -1.5203 -0.0531 2.3678 -1.0702 
-1.9414 0.8675 0.0000 -1.5197 -0.0532 2.3680 -1.0702 
-1.9414 0.8683 0.0000 -1.5191 -0.0533 2.3681 -1.0702 
-1.9414 0.8690 0.0000 -1.5185 -0.0534 2.3682 -1.0702 
-1.9414 0.8698 0.0000 -1.5179 -0.0535 2.3683 -1.0702 
-1.9414 0.8706 0.0000 -1.5172 -0.0536 2.3684 -1.0702 
-1.9413 0.8713 0.0000 -1.5165 -0.0538 2.3686 -1.0702 
-1.9413 0.8722 0.0000 -1.5158 -0.0539 2.3687 -1.0701 
-1.9413 0.8730 0.0000 -1.5151 -0.0540 2.3688 -1.0701 
-1.9412 0.8738 0.0000 -1.5143 -0.0541 2.3689 -1.0701 
-1.9412 0.8747 0.0000 -1.5136 -0.0542 2.3690 -1.0701 
-1.9412 0.8756 0.0000 -1.5128 -0.0543 2.3691 -1.0701 
-1.9411 0.8764 0.0000 -1.5120 -0.0544 2.3693 -1.0701 
-1.9411 0.8773 0.0000 -1.5112 -0.0545 2.3694 -1.0700 
-1.9410 0.8782 0.0000 -1.5104 -0.0547 2.3695 -1.0700 
-1.9410 0.8791 0.0000 -1.5096 -0.0548 2.3697 -1.0700 
-1.9409 0.8800 0.0000 -1.5088 -0.0549 2.3698 -1.0700 
-1.9408 0.8809 0.0000 -1.5080 -0.0550 2.3700 -1.0700 
-1.9408 0.8818 0.0000 -1.5072 -0.0551 2.3702 -1.0699 
-1.9407 0.8827 0.0000 -1.5064 -0.0552 2.3703 -1.0699 
-1.9407 0.8837 0.0000 -1.5056 -0.0553 2.3705 -1.0699 
-1.9406 0.8846 0.0000 -1.5048 -0.0555 2.3707 -1.0699 
-1.9405 0.8855 0.0000 -1.5040 -0.0556 2.3709 -1.0699 
-1.9405 0.8864 0.0000 -1.5033 -0.0557 2.3711 -1.0699 
-1.9404 0.8873 0.0000 -1.5025 -0.0558 2.3713 -1.0699 
-1.9403 0.8882 0.0000 -1.5017 -0.0559 2.3715 -1.0698 
-1.9403 0.8891 0.0000 -1.5010 -0.0560 2.3718 -1.0698 
-1.9402 0.8899 0.0000 -1.5003 -0.0561 2.3720 -1.0698 
-1.9401 0.8908 0.0000 -1.4996 -0.0562 2.3722 -1.0698 
-1.9401 0.8916 0.0000 -1.4989 -0.0563 2.3725 -1.0698 
-1.9400 0.8925 0.0000 -1.4982 -0.0564 2.3727 -1.0698 
-1.9399 0.8933 0.0000 -1.4975 -0.0564 2.3730 -1.0698 
-1.9399 0.8941 0.0000 -1.4969 -0.0565 2.3733 -1.0698 
-1.9398 0.8949 0.0000 -1.4963 -0.0566 2.3735 -1.0698 
-1.9397 0.8957 0.0000 -1.4957 -0.0567 2.3738 -1.0698 
-1.9397 0.8964 0.0000 -1.4951 -0.0568 2.3741 -1.0699 
-1.9396 0.8971 0.0000 -1.4945 -0.0568 2.3743 -1.0699 
-1.9395 0.8978 0.0000 -1.4940 -0.0569 2.3746 -1.0699 
-1.9395 0.8985 0.0000 -1.4935 -0.0570 2.3749 -1.0699 
-1.9394 0.8992 0.0000 -1.4930 -0.0570 2.3752 -1.0699 
-1.9394 0.8998 0.0000 -1.4925 -0.0571 2.3754 -1.0700 
-1.9393 0.9005 0.0000 -1.4921 -0.0572 2.3757 -1.0700 
-1.9393 0.9011 0.0000 -1.4917 -0.0572 2.3760 -1.0700 
-1.9393 0.9016 0.0000 -1.4913 -0.0573 2.3762 -1.0700 
-1.9392 0.9022 0.0000 -1.4909 -0.0573 2.3765 -1.0701 
-1.9392 0.9027 0.0000 -1.4905 -0.0573 2.3767 -1.0701 
-1.9392 0.9032 0.0000 -1.4902 -0.0574 2.3770 -1.0701 
-1.9391 0.9037 0.0000 -1.4898 -0.0574 2.3772 -1.0702 
-1.9391 0.9042 0.0000 -1.4895 -0.0574 2.3774 -1.0702 
-1.9391 0.9046 0.0000 -1.4892 -0.0575 2.3777 -1.0702 
-1.9391 0.9051 0.0000 -1.4890 -0.0575 2.3779 -1.0703 
-1.9390 0.9055 0.0000 -1.4887 -0.0575 2.3781 -1.0703 
-1.9390 0.9059 0.0000 -1.4885 -0.0576 2.3783 -1.0704 
-1.9390 0.9062 0.0000 -1.4883 -0.0576 2.3784 -1.0704 
-1.9390 0.9066 0.0000 -1.4880 -0.0576 2.3786 -1.0704 
-1.9390 0.9069 0.0000 -1.4878 -0.0576 2.3788 -1.0705 
-1.9390 0.9073 0.0000 -1.4876 -0.0576 2.3789 -1.0705 
-1.9390 0.9076 0.0000 -1.4874 -0.0576 2.3790 -1.0706 
-1.9390 0.9079 0.0000 -1.4873 -0.0577 2.3792 -1.0706 
-1.9390 0.9082 0.0000 -1.4871 -0.0577 2.3793 -1.0706 
-1.9390 0.9084 0.0000 -1.4869 -0.0577 2.3794 -1.0707 
-1.9390 0.9087 0.0000 -1.4868 -0.0577 2.3795 -1.0707 
-1.9391 0.9089 0.0000 -1.4866 -0.0577 2.3796 -1.0708 
-1.9391 0.9092 0.0000 -1.4865 -0.0577 2.3797 -1.0708 
-1.9391 0.9094 0.0000 -1.4863 -0.0577 2.3797 -1.0708 
-1.9391 0.9097 0.0000 -1.4862 -0.0577 2.3798 -1.0709 
-1.9391 0.9099 0.0000 -1.4861 -0.0577 2.3798 -1.0709 
-1.9392 0.9101 0.0000 -1.4859 -0.0577 2.3799 -1.0709 
-1.9392 0.9103 0.0000 -1.4858 -0.0577 2.3799 -1.0710 
-1.9392 0.9105 0.0000 -1.4856 -0.0577 2.3799 -1.0710 
-1.9392 0.9108 0.0000 -1.4855 -0.0577 2.3799 -1.0710 
-1.9392 0.9110 0.0000 -1.4854 -0.0577 2.3799 -1.0710 
-1.9393 0.9112 0.0000 -1.4852 -0.0577 2.3799 -1.0711 
-1.9393 0.9114 0.0000 -1.4851 -0.0577 2.3799 -1.0711 
-1.9393 0.9116 0.0000 -1.4849 -0.0577 2.3799 -1.0711 
-1.9393 0.9118 0.0000 -1.4848 -0.0577 2.3799 -1.0711 
-1.9394 0.9120 0.0000 -1.4846 -0.0577 2.3798 -1.0712 
-1.9394 0.9122 0.0000 -1.4845 -0.0577 2.3798 -1.0712 
-1.9394 0.9124 0.0000 -1.4843 -0.0577 2.3798 -1.0712 
-1.9394 0.9126 0.0000 -1.4842 -0.0577 2.3797 -1.0712 
-1.9395 0.9128 0.0000 -1.4840 -0.0578 2.3797 -1.0712 
-1.9395 0.9130 0.0000 -1.4838 -0.0578 2.3796 -1.0712 
-1.9395 0.9132 0.0000 -1.4837 -0.0578 2.3795 -1.0712 
-1.9395 0.9134 0.0000 -1.4835 -0.0578 2.3795 -1.0712 
-1.9396 0.9137 0.0000 -1.4833 -0.0578 2.3794 -1.0712 
-1.9396 0.9139 0.0000 -1.4831 -0.0578 2.3793 -1.0713 
-1.9396 0.9141 0.0000 -1.4830 -0.0578 2.3793 -1.0713 
-1.9396 0.9143 0.0000 -1.4828 -0.0578 2.3792 -1.0713 
-1.9396 0.9145 0.0000 -1.4826 -0.0578 2.3791 -1.0713 
-1.9396 0.9147 0.0000 -1.4824 -0.0578 2.3790 -1.0713 
-1.9397 0.9150 0.0000 -1.4822 -0.0578 2.3790 -1.0713 
-1.9397 0.9152 0.0000 -1.4820 -0.0578 2.3789 -1.0713 
-1.9397 0.9154 0.0000 -1.4818 -0.0578 2.3788 -1.0712 
-1.9397 0.9156 0.0000 -1.4816 -0.0578 2.3787 -1.0712 
-1.9397 0.9159 0.0000 -1.4814 -0.0578 2.3786 -1.0712 
-1.9397 0.9161 0.0000 -1.4812 -0.0578 2.3785 -1.0712 
-1.9397 0.9163 0.0000 -1.4810 -0.0578 2.3784 -1.0712 
-1.9397 0.9166 0.0000 -1.4808 -0.0578 2.3783 -1.0712 
-1.9397 0.9168 0.0000 -1.4806 -0.0578 2.3782 -1.0712 
-1.9398 0.9171 0.0000 -1.4804 -0.0578 2.3781 -1.0712 
-1.9398 0.9173 0.0000 -1.4802 -0.0578 2.3780 -1.0712 
-1.9398 0.9175 0.0000 -1.4800 -0.0578 2.3779 -1.0711 
-1.9398 0.9178 0.0000 -1.4798 -0.0579 2.3778 -1.0711 
-1.9398 0.9180 0.0000 -1.4795 -0.0579 2.3777 -1.0711 
-1.9398 0.9183 0.0000 -1.4793 -0.0579 2.3776 -1.0711 
-1.9398 0.9185 0.0000 -1.4791 -0.0579 2.3775 -1.0711 
-1.9398 0.9188 0.0000 -1.4789 -0.0579 2.3774 -1.0710 
-1.9398 0.9190 0.0000 -1.4787 -0.0579 2.3773 -1.0710 
-1.9397 0.9192 0.0000 -1.4784 -0.0579 2.3772 -1.0710 
-1.9397 0.9195 0.0000 -1.4782 -0.0579 2.3771 -1.0710 
-1.9397 0.9197 0.0000 -1.4780 -0.0579 2.3770 -1.0709 
-1.9397 0.9200 0.0000 -1.4778 -0.0579 2.3769 -1.0709 
-1.9397 0.9202 0.0000 -1.4775 -0.0579 2.3768 -1.0709 
-1.9397 0.9205 0.0000 -1.4773 -0.0579 2.3767 -1.0709 
-1.9397 0.9207 0.0000 -1.4771 -0.0579 2.3766 -1.0708 
-1.9397 0.9210 0.0000 -1.4769 -0.0579 2.3765 -1.0708 
-1.9396 0.9212 0.0000 -1.4766 -0.0579 2.3764 -1.0708 
-1.9396 0.9215 0.0000 -1.4764 -0.0579 2.3763 -1.0707 
-1.9396 0.9217 0.0000 -1.4762 -0.0580 2.3762 -1.0707 
-1.9396 0.9220 0.0000 -1.4760 -0.0580 2.3761 -1.0707 
-1.9396 0.9222 0.0000 -1.4757 -0.0580 2.3760 -1.0706 
-1.9395 0.9225 0.0000 -1.4755 -0.0580 2.3760 -1.0706 
-1.9395 0.9227 0.0000 -1.4753 -0.0580 2.3759 -1.0706 
-1.9395 0.9230 0.0000 -1.4751 -0.0580 2.3758 -1.0705 
-1.9395 0.9232 0.0000 -1.4748 -0.0580 2.3757 -1.0705 
-1.9394 0.9235 0.0000 -1.4746 -0.0580 2.3756 -1.0705 
-1.9394 0.9237 0.0000 -1.4744 -0.0580 2.3755 -1.0704 
-1.9394 0.9239 0.0000 -1.4742 -0.0580 2.3755 -1.0704 
-1.9393 0.9242 0.0000 -1.4740 -0.0580 2.3754 -1.0704 
-1.9393 0.9244 0.0000 -1.4738 -0.0580 2.3753 -1.0703 
-1.9393 0.9247 0.0000 -1.4735 -0.0580 2.3752 -1.0703 
-1.9392 0.9249 0.0000 -1.4733 -0.0580 2.3752 -1.0703 
-1.9392 0.9252 0.0000 -1.4731 -0.0580 2.3751 -1.0702 
-1.9392 0.9254 0.0000 -1.4729 -0.0580 2.3751 -1.0702 
-1.9391 0.9256 0.0000 -1.4727 -0.0581 2.3750 -1.0702 
-1.9391 0.9259 0.0000 -1.4725 -0.0581 2.3750 -1.0702 
-1.9391 0.9261 0.0000 -1.4723 -0.0581 2.3749 -1.0702 
-1.9390 0.9264 0.0000 -1.4721 -0.0581 2.3749 -1.0702 
-1.9390 0.9266 0.0000 -1.4719 -0.0581 2.3748 -1.0702 
-1.9389 0.9269 0.0000 -1.4717 -0.0581 2.3748 -1.0702 
-1.9389 0.9271 0.0000 -1.4715 -0.0581 2.3748 -1.0702 
-1.9389 0.9274 0.0000 -1.4713 -0.0581 2.3748 -1.0702 
-1.9388 0.9276 0.0000 -1.4711 -0.0581 2.3748 -1.0702 
-1.9388 0.9279 0.0000 -1.4709 -0.0581 2.3748 -1.0702 
-1.9387 0.9281 0.0000 -1.4707 -0.0581 2.3748 -1.0702 
-1.9387 0.9284 0.0000 -1.4706 -0.0581 2.3749 -1.0703 
-1.9387 0.9287 0.0000 -1.4704 -0.0581 2.3749 -1.0703 
-1.9386 0.9289 0.0000 -1.4702 -0.0581 2.3750 -1.0704 
-1.9386 0.9292 0.0000 -1.4700 -0.0581 2.3750 -1.0704 
-1.9386 0.9295 0.0000 -1.4698 -0.0581 2.3751 -1.0705 
-1.9386 0.9298 0.0000 -1.4696 -0.0581 2.3752 -1.0706 
-1.9385 0.9301 0.0000 -1.4694 -0.0581 2.3753 -1.0707 
-1.9385 0.9304 0.0000 -1.4693 -0.0581 2.3754 -1.0708 
-1.9385 0.9308 0.0000 -1.4691 -0.0581 2.3756 -1.0709 
-1.9385 0.9311 0.0000 -1.4689 -0.0581 2.3757 -1.0710 
-1.9385 0.9314 0.0000 -1.4687 -0.0581 2.3759 -1.0711 
-1.9385 0.9318 0.0000 -1.4685 -0.0581 2.3761 -1.0713 
-1.9385 0.9322 0.0000 -1.4683 -0.0581 2.3763 -1.0714 
-1.9385 0.9326 0.0000 -1.4681 -0.0581 2.3765 -1.0716 
-1.9385 0.9330 0.0000 -1.4679 -0.0581 2.3767 -1.0718 
-1.9385 0.9334 0.0000 -1.4677 -0.0581 2.3770 -1.0719 
-1.9386 0.9338 0.0000 -1.4675 -0.0581 2.3772 -1.0721 
-1.9386 0.9343 0.0000 -1.4673 -0.0581 2.3775 -1.0723 
-1.9386 0.9348 0.0000 -1.4671 -0.0581 2.3778 -1.0725 
-1.9387 0.9352 0.0000 -1.4669 -0.0581 2.3781 -1.0727 
-1.9387 0.9358 0.0000 -1.4667 -0.0581 2.3784 -1.0729 
-1.9388 0.9363 0.0000 -1.4664 -0.0581 2.3787 -1.0731 
-1.9389 0.9368 0.0000 -1.4662 -0.0581 2.3790 -1.0733 
-1.9389 0.9374 0.0000 -1.4660 -0.0581 2.3794 -1.0735 
-1.9390 0.9379 0.0000 -1.4657 -0.0580 2.3797 -1.0737 
-1.9391 0.9385 0.0000 -1.4654 -0.0580 2.3801 -1.0739 
-1.9392 0.9391 0.0000 -1.4652 -0.0580 2.3804 -1.0741 
-1.9393 0.9397 0.0000 -1.4649 -0.0580 2.3807 -1.0742 
-1.9394 0.9404 0.0000 -1.4646 -0.0580 2.3811 -1.0744 
-1.9395 0.9410 0.0000 -1.4643 -0.0580 2.3814 -1.0745 
-1.9396 0.9416 0.0000 -1.4640 -0.0580 2.3817 -1.0746 
-1.9397 0.9423 0.0000 -1.4637 -0.0579 2.3820 -1.0747 
-1.9398 0.9430 0.0000 -1.4634 -0.0579 2.3823 -1.0748 
-1.9399 0.9436 0.0000 -1.4631 -0.0579 2.3826 -1.0749 
-1.9401 0.9443 0.0000 -1.4627 -0.0579 2.3829 -1.0749 
-1.9402 0.9449 0.0000 -1.4624 -0.0579 2.3831 -1.0749 
-1.9403 0.9456 0.0000 -1.4620 -0.0579 2.3834 -1.0749 
-1.9404 0.9463 0.0000 -1.4617 -0.0578 2.3836 -1.0749 
-1.9406 0.9469 0.0000 -1.4613 -0.0578 2.3838 -1.0748 
-1.9407 0.9476 0.0000 -1.4610 -0.0578 2.3840 -1.0747 
-1.9408 0.9482 0.0000 -1.4606 -0.0578 2.3841 -1.0746 
-1.9409 0.9489 0.0000 -1.4602 -0.0578 2.3843 -1.0745 
-1.9410 0.9495 0.0000 -1.4598 -0.0578 2.3844 -1.0743 
-1.9412 0.9501 0.0000 -1.4595 -0.0577 2.3844 -1.0741 
-1.9413 0.9507 0.0000 -1.4591 -0.0577 2.3845 -1.0739 
-1.9414 0.9513 0.0000 -1.4587 -0.0577 2.3845 -1.0737 
-1.9415 0.9519 0.0000 -1.4583 -0.0577 2.3846 -1.0734 
-1.9416 0.9525 0.0000 -1.4580 -0.0577 2.3845 -1.0731 
-1.9417 0.9530 0.0000 -1.4576 -0.0577 2.3845 -1.0728 
-1.9418 0.9535 0.0000 -1.4572 -0.0576 2.3844 -1.0725 
-1.9419 0.9541 0.0000 -1.4568 -0.0576 2.3844 -1.0721 
-1.9419 0.9546 0.0000 -1.4565 -0.0576 2.3843 -1.0717 
-1.9420 0.9550 0.0000 -1.4561 -0.0576 2.3841 -1.0713 
-1.9421 0.9555 0.0000 -1.4557 -0.0576 2.3840 -1.0709 
-1.9422 0.9559 0.0000 -1.4554 -0.0576 2.3838 -1.0704 
-1.9422 0.9564 0.0000 -1.4550 -0.0576 2.3837 -1.0699 
-1.9423 0.9568 0.0000 -1.4547 -0.0576 2.3835 -1.0694 
-1.9423 0.9571 0.0000 -1.4543 -0.0576 2.3833 -1.0689 
-1.9423 0.9575 0.0000 -1.4540 -0.0576 2.3830 -1.0683 
-1.9424 0.9578 0.0000 -1.4537 -0.0576 2.3828 -1.0677 
-1.9424 0.9582 0.0000 -1.4534 -0.0575 2.3825 -1.0671 
-1.9424 0.9585 0.0000 -1.4531 -0.0575 2.3823 -1.0664 
-1.9424 0.9588 0.0000 -1.4528 -0.0575 2.3820 -1.0658 
-1.9425 0.9590 0.0000 -1.4525 -0.0575 2.3817 -1.0650 
-1.9425 0.9593 0.0000 -1.4522 -0.0575 2.3814 -1.0643 
-1.9425 0.9595 0.0000 -1.4519 -0.0575 2.3811 -1.0634 
-1.9424 0.9597 0.0000 -1.4516 -0.0575 2.3808 -1.0626 
-1.9424 0.9599 0.0000 -1.4514 -0.0575 2.3805 -1.0617 
-1.9424 0.9601 0.0000 -1.4512 -0.0575 2.3802 -1.0607 
-1.9424 0.9603 0.0000 -1.4509 -0.0575 2.3799 -1.0596 
-1.9424 0.9604 0.0000 -1.4507 -0.0575 2.3796 -1.0585 
-1.9423 0.9605 0.0000 -1.4505 -0.0575 2.3793 -1.0572 
-1.9423 0.9606 0.0000 -1.4503 -0.0575 2.3790 -1.0559 
-1.9423 0.9607 0.0000 -1.4501 -0.0575 2.3787 -1.0545 
-1.9422 0.9608 0.0000 -1.4499 -0.0575 2.3784 -1.0529 
-1.9422 0.9609 0.0000 -1.4498 -0.0575 2.3781 -1.0512 
-1.9421 0.9610 0.0000 -1.4496 -0.0574 2.3778 -1.0494 
-1.9421 0.9610 0.0000 -1.4495 -0.0574 2.3775 -1.0474 
-1.9420 0.9611 0.0000 -1.4493 -0.0574 2.3773 -1.0453 
-1.9420 0.9612 0.0000 -1.4492 -0.0573 2.3770 -1.0429 
-1.9419 0.9612 0.0000 -1.4491 -0.0573 2.3768 -1.0404 
-1.9419 0.9612 0.0000 -1.4490 -0.0572 2.3765 -1.0376 
-1.9418 0.9613 0.0000 -1.4489 -0.0572 2.3763 -1.0346 
-1.9418 0.9613 0.0000 -1.4488 -0.0571 2.3761 -1.0314 
-1.9417 0.9614 0.0000 -1.4487 -0.0570 2.3760 -1.0278 
-1.9417 0.9614 0.0000 -1.4486 -0.0569 2.3758 -1.0240 
-1.9417 0.9615 0.0000 -1.4485 -0.0568 2.3757 -1.0199 
-1.9416 0.9616 0.0000 -1.4485 -0.0567 2.3755 -1.0155 
-1.9416 0.9616 0.0000 -1.4484 -0.0566 2.3754 -1.0108 
-1.9416 0.9617 0.0000 -1.4483 -0.0564 2.3753 -1.0058 
-1.9416 0.9618 0.0000 -1.4483 -0.0563 2.3753 -1.0004 
-1.9416 0.9620 0.0000 -1.4482 -0.0561 2.3752 -0.9947 
-1.9416 0.9621 0.0000 -1.4481 -0.0559 2.3752 -0.9886 
-1.9416 0.9623 0.0000 -1.4480 -0.0557 2.3752 -0.9822 
-1.9416 0.9625 0.0000 -1.4480 -0.0555 2.3752 -0.9755 
-1.9417 0.9627 0.0000 -1.4479 -0.0552 2.3752 -0.9684 
-1.9417 0.9629 0.0000 -1.4478 -0.0550 2.3752 -0.9610 
-1.9418 0.9631 0.0000 -1.4477 -0.0547 2.3753 -0.9533 
-1.9418 0.9634 0.0000 -1.4476 -0.0544 2.3753 -0.9453 
-1.9419 0.9636 0.0000 -1.4475 -0.0541 2.3754 -0.9370 
-1.9420 0.9639 0.0000 -1.4473 -0.0538 2.3755 -0.9284 
-1.9421 0.9642 0.0000 -1.4472 -0.0534 2.3756 -0.9195 
-1.9422 0.9646 0.0000 -1.4471 -0.0531 2.3756 -0.9105 
-1.9423 0.9649 0.0000 -1.4469 -0.0527 2.3757 -0.9012 
-1.9424 0.9653 0.0000 -1.4468 -0.0524 2.3758 -0.8917 
-1.9425 0.9656 0.0000 -1.4466 -0.0520 2.3759 -0.8820 
-1.9426 0.9660 0.0000 -1.4465 -0.0516 2.3760 -0.8722 
-1.9428 0.9664 0.0000 -1.4463 -0.0512 2.3761 -0.8622 
-1.9429 0.9668 0.0000 -1.4461 -0.0507 2.3762 -0.8521 
-1.9430 0.9672 0.0000 -1.4460 -0.0503 2.3763 -0.8419 
-1.9432 0.9675 0.0000 -1.4458 -0.0499 2.3764 -0.8316 
-1.9433 0.9679 0.0000 -1.4456 -0.0494 2.3765 -0.8212 
-1.9435 0.9683 0.0000 -1.4454 -0.0490 2.3766 -0.8108 
-1.9436 0.9687 0.0000 -1.4452 -0.0485 2.3767 -0.8003 
-1.9437 0.9691 0.0000 -1.4451 -0.0481 2.3768 -0.7898 
-1.9439 0.9695 0.0000 -1.4449 -0.0476 2.3768 -0.7793 
-1.9440 0.9699 0.0000 -1.4447 -0.0472 2.3769 -0.7688 
-1.9442 0.9703 0.0000 -1.4445 -0.0467 2.3770 -0.7582 
-1.9443 0.9706 0.0000 -1.4443 -0.0462 2.3771 -0.7477 
-1.9444 0.9710 0.0000 -1.4442 -0.0458 2.3771 -0.7372 
-1.9446 0.9713 0.0000 -1.4440 -0.0453 2.3772 -0.7267 
-1.9447 0.9717 0.0000 -1.4438 -0.0448 2.3772 -0.7162 
-1.9448 0.9720 0.0000 -1.4436 -0.0443 2.3773 -0.7058 
-1.9450 0.9724 0.0000 -1.4435 -0.0439 2.3773 -0.6953 
-1.9451 0.9727 0.0000 -1.4433 -0.0434 2.3774 -0.6849 
-1.9452 0.9730 0.0000 -1.4432 -0.0429 2.3774 -0.6746 
-1.9453 0.9733 0.0000 -1.4430 -0.0425 2.3775 -0.6642 
-1.9454 0.9736 0.0000 -1.4429 -0.0420 2.3775 -0.6540 
-1.9456 0.9738 0.0000 -1.4427 -0.0415 2.3775 -0.6437 
-1.9457 0.9741 0.0000 -1.4426 -0.0410 2.3776 -0.6335 
-1.9458 0.9744 0.0000 -1.4425 -0.0406 2.3776 -0.6233 
-1.9459 0.9746 0.0000 -1.4423 -0.0401 2.3776 -0.6132 
-1.9460 0.9748 0.0000 -1.4422 -0.0396 2.3776 -0.6031 
-1.9461 0.9751 0.0000 -1.4421 -0.0391 2.3777 -0.5931 
-1.9462 0.9753 0.0000 -1.4420 -0.0387 2.3777 -0.5831 
-1.9463 0.9755 0.0000 -1.4419 -0.0382 2.3777 -0.5732 
-1.9464 0.9757 0.0000 -1.4418 -0.0377 2.3777 -0.5633 
-1.9465 0.9759 0.0000 -1.4417 -0.0373 2.3778 -0.5534 
-1.9465 0.9761 0.0000 -1.4416 -0.0368 2.3778 -0.5436 
-1.9466 0.9762 0.0000 -1.4415 -0.0363 2.3778 -0.5338 
-1.9467 0.9764 0.0000 -1.4415 -0.0359 2.3778 -0.5241 
-1.9468 0.9766 0.0000 -1.4414 -0.0354 2.3778 -0.5144 
-1.9469 0.9767 0.0000 -1.4413 -0.0350 2.3778 -0.5047 
-1.9469 0.9768 0.0000 -1.4412 -0.0345 2.3779 -0.4951 
-1.9470 0.9770 0.0000 -1.4412 -0.0340 2.3779 -0.4856 
-1.9471 0.9771 0.0000 -1.4411 -0.0336 2.3779 -0.4760 
-1.9471 0.9772 0.0000 -1.4411 -0.0331 2.3779 -0.4666 
-1.9472 0.9773 0.0000 -1.4410 -0.0327 2.3779 -0.4571 
-1.9473 0.9774 0.0000 -1.4410 -0.0322 2.3779 -0.4477 
-1.9473 0.9775 0.0000 -1.4409 -0.0318 2.3779 -0.4383 
-1.9474 0.9776 0.0000 -1.4409 -0.0313 2.3779 -0.4289 
-1.9474 0.9777 0.0000 -1.4409 -0.0309 2.3779 -0.4196 
-1.9475 0.9778 0.0000 -1.4408 -0.0304 2.3780 -0.4103 
-1.9476 0.9779 0.0000 -1.4408 -0.0300 2.3780 -0.4011 
-1.9476 0.9779 0.0000 -1.4408 -0.0295 2.3780 -0.3918 
-1.9477 0.9780 0.0000 -1.4408 -0.0291 2.3780 -0.3826 
-1.9477 0.9780 0.0000 -1.4407 -0.0286 2.3780 -0.3734 
-1.9478 0.9781 0.0000 -1.4407 -0.0282 2.3780 -0.3643 
-1.9478 0.9781 0.0000 -1.4407 -0.0277 2.3780 -0.3551 
-1.9478 0.9782 0.0000 -1.4407 -0.0272 2.3780 -0.3460 
-1.9479 0.9782 0.0000 -1.4407 -0.0268 2.3780 -0.3368 
-1.9479 0.9783 0.0000 -1.4407 -0.0263 2.3780 -0.3277 
-1.9480 0.9783 0.0000 -1.4407 -0.0259 2.3780 -0.3185 
-1.9480 0.9783 0.0000 -1.4407 -0.0254 2.3780 -0.3094 
-1.9481 0.9783 0.0000 -1.4407 -0.0250 2.3780 -0.3002 
-1.9481 0.9784 0.0000 -1.4407 -0.0245 2.3780 -0.2910 
-1.9481 0.9784 0.0000 -1.4407 -0.0240 2.3780 -0.2818 
-1.9482 0.9784 0.0000 -1.4407 -0.0236 2.3780 -0.2725 
-1.9482 0.9784 0.0000 -1.4407 -0.0231 2.3780 -0.2633 
-1.9482 0.9784 0.0000 -1.4407 -0.0226 2.3780 -0.2539 
-1.9483 0.9784 0.0000 -1.4407 -0.0221 2.3779 -0.2445 
-1.9483 0.9784 0.0000 -1.4407 -0.0216 2.3779 -0.2350 
-1.9484 0.9784 0.0000 -1.4407 -0.0211 2.3779 -0.2255 
-1.9484 0.9785 0.0000 -1.4407 -0.0206 2.3779 -0.2159 
-1.9484 0.9785 0.0000 -1.4407 -0.0201 2.3778 -0.2062 
-1.9485 0.9785 0.0000 -1.4407 -0.0196 2.3778 -0.1963 
-1.9485 0.9785 0.0000 -1.4407 -0.0190 2.3778 -0.1864 
-1.9486 0.9785 0.0000 -1.4407 -0.0185 2.3777 -0.1764 
-1.9486 0.9785 0.0000 -1.4407 -0.0179 2.3777 -0.1662 
-1.9487 0.9786 0.0000 -1.4407 -0.0174 2.3777 -0.1560 
-1.9487 0.9786 0.0000 -1.4407 -0.0168 2.3776 -0.1456 
-1.9488 0.9786 0.0000 -1.4407 -0.0162 2.3776 -0.1350 
-1.9488 0.9787 0.0000 -1.4407 -0.0156 2.3775 -0.1244 
-1.9489 0.9787 0.0000 -1.4406 -0.0150 2.3775 -0.1136 
-1.9489 0.9788 0.0000 -1.4406 -0.0143 2.3774 -0.1027 
-1.9490 0.9789 0.0000 -1.4405 -0.0137 2.3773 -0.0917 
-1.9491 0.9789 0.0000 -1.4405 -0.0131 2.3773 -0.0806 
-1.9491 0.9790 0.0000 -1.4404 -0.0124 2.3772 -0.0695 
-1.9492 0.9791 0.0000 -1.4404 -0.0117 2.3771 -0.0582 
-1.9493 0.9792 0.0000 -1.4403 -0.0110 2.3771 -0.0469 
-1.9493 0.9793 0.0000 -1.4402 -0.0104 2.3770 -0.0356 
-1.9494 0.9795 0.0000 -1.4402 -0.0097 2.3769 -0.0243 
-1.9495 0.9796 0.0000 -1.4401 -0.0090 2.3768 -0.0130 
-1.9496 0.9797 0.0000 -1.4400 -0.0083 2.3768 -0.0017 
-1.9497 0.9799 0.0000 -1.4399 -0.0076 2.3767 0.0094 
-1.9497 0.9800 0.0000 -1.4398 -0.0069 2.3766 0.0205 
-1.9498 0.9802 0.0000 -1.4397 -0.0062 2.3766 0.0314 
-1.9499 0.9804 0.0000 -1.4396 -0.0056 2.3765 0.0422 
-1.9500 0.9805 0.0000 -1.4395 -0.0049 2.3765 0.0528 
-1.9501 0.9807 0.0000 -1.4394 -0.0042 2.3764 0.0632 
-1.9501 0.9809 0.0000 -1.4393 -0.0036 2.3764 0.0734 
-1.9502 0.9811 0.0000 -1.4392 -0.0030 2.3763 0.0833 
-1.9503 0.9812 0.0000 -1.4391 -0.0023 2.3763 0.0929 
-1.9504 0.9814 0.0000 -1.4390 -0.0017 2.3763 0.1023 
-1.9504 0.9816 0.0000 -1.4388 -0.0012 2.3763 0.1115 
-1.9505 0.9818 0.0000 -1.4387 -0.0006 2.3763 0.1203 
-1.9506 0.9820 0.0000 -1.4386 -0.0000 2.3763 0.1289 
-1.9506 0.9821 0.0000 -1.4385 0.0005 2.3763 0.1372 
-1.9507 0.9823 0.0000 -1.4384 0.0010 2.3763 0.1452 
-1.9508 0.9825 0.0000 -1.4384 0.0015 2.3763 0.1529 
-1.9508 0.9826 0.0000 -1.4383 0.0020 2.3763 0.1604 
-1.9509 0.9828 0.0000 -1.4382 0.0024 2.3763 0.1676 
-1.9509 0.9829 0.0000 -1.4381 0.0029 2.3764 0.1745 
-1.9510 0.9830 0.0000 -1.4380 0.0033 2.3764 0.1812 
-1.9510 0.9832 0.0000 -1.4380 0.0037 2.3764 0.1877 
-1.9511 0.9833 0.0000 -1.4379 0.0041 2.3765 0.1940 
-1.9511 0.9834 0.0000 -1.4378 0.0045 2.3765 0.2001 
-1.9511 0.9836 0.0000 -1.4378 0.0049 2.3766 0.2060 
-1.9512 0.9837 0.0000 -1.4377 0.0052 2.3767 0.2117 
-1.9512 0.9838 0.0000 -1.4377 0.0056 2.3767 0.2172 
-1.9512 0.9839 0.0000 -1.4376 0.0059 2.3768 0.2226 
-1.9512 0.9840 0.0000 -1.4376 0.0062 2.3769 0.2279 
-1.9513 0.9841 0.0000 -1.4375 0.0065 2.3769 0.2330 
-1.9513 0.9842 0.0000 -1.4375 0.0069 2.3770 0.2379 
-1.9513 0.9842 0.0000 -1.4375 0.0072 2.3771 0.2428 
-1.9513 0.9843 0.0000 -1.4374 0.0074 2.3772 0.2476 
-1.9513 0.9844 0.0000 -1.4374 0.0077 2.3773 0.2522 
-1.9514 0.9845 0.0000 -1.4374 0.0080 2.3774 0.2568 
-1.9514 0.9845 0.0000 -1.4374 0.0083 2.3775 0.2613 
-1.9514 0.9846 0.0000 -1.4373 0.0086 2.3776 0.2657 
-1.9514 0.9846 0.0000 -1.4373 0.0088 2.3777 0.2701 
-1.9514 0.9847 0.0000 -1.4373 0.0091 2.3778 0.2743 
-1.9514 0.9847 0.0000 -1.4373 0.0093 2.3779 0.2786 
-1.9514 0.9848 0.0000 -1.4373 0.0096 2.3780 0.2828 
-1.9514 0.9848 0.0000 -1.4373 0.0098 2.3781 0.2869 
-1.9514 0.9849 0.0000 -1.4372 0.0101 2.3782 0.2910 
-1.9514 0.9849 0.0000 -1.4372 0.0103 2.3784 0.2951 
-1.9514 0.9850 0.0000 -1.4372 0.0106 2.3785 0.2991 
-1.9514 0.9850 0.0000 -1.4372 0.0108 2.3786 0.3032 
-1.9514 0.9850 0.0000 -1.4372 0.0110 2.3788 0.3072 
-1.9514 0.9851 0.0000 -1.4372 0.0113 2.3789 0.3111 
-1.9514 0.9851 0.0000 -1.4372 0.0115 2.3790 0.3151 
-1.9514 0.9852 0.0000 -1.4372 0.0118 2.3792 0.3190 
-1.9514 0.9852 0.0000 -1.4372 0.0120 2.3793 0.3230 
-1.9514 0.9852 0.0000 -1.4372 0.0122 2.3795 0.3269 
-1.9514 0.9852 0.0000 -1.4372 0.0125 2.3796 0.3308 
-1.9514 0.9853 0.0000 -1.4372 0.0127 2.3798 0.3347 
-1.9514 0.9853 0.0000 -1.4372 0.0129 2.3800 0.3386 
-1.9514 0.9853 0.0000 -1.4372 0.0132 2.3802 0.3425 
-1.9514 0.9854 0.0000 -1.4372 0.0134 2.3803 0.3464 
-1.9514 0.9854 0.0000 -1.4372 0.0136 2.3805 0.3503 
-1.9514 0.9854 0.0000 -1.4372 0.0139 2.3807 0.3542 
-1.9514 0.9855 0.0000 -1.4371 0.0141 2.3809 0.3580 
-1.9514 0.9855 0.0000 -1.4371 0.0143 2.3811 0.3619 
-1.9514 0.9855 0.0000 -1.4371 0.0145 2.3813 0.3657 
-1.9514 0.9856 0.0000 -1.4371 0.0148 2.3815 0.3694 
-1.9514 0.9856 0.0000 -1.4371 0.0150 2.3817 0.3732 
-1.9514 0.9856 0.0000 -1.4371 0.0152 2.3819 0.3769 
-1.9514 0.9857 0.0000 -1.4370 0.0154 2.3821 0.3805 
-1.9514 0.9857 0.0000 -1.4370 0.0157 2.3824 0.3841 
-1.9514 0.9858 0.0000 -1.4370 0.0159 2.3826 0.3876 
-1.9514 0.9858 0.0000 -1.4370 0.0161 2.3828 0.3911 
-1.9514 0.9859 0.0000 -1.4369 0.0163 2.3830 0.3944 
-1.9514 0.9859 0.0000 -1.4369 0.0165 2.3832 0.3977 
-1.9514 0.9859 0.0000 -1.4369 0.0167 2.3834 0.4008 
-1.9514 0.9860 0.0000 -1.4368 0.0169 2.3836 0.4038 
-1.9514 0.9860 0.0000 -1.4368 0.0170 2.3838 0.4068 
-1.9514 0.9861 0.0000 -1.4367 0.0172 2.3840 0.4095 
-1.9514 0.9861 0.0000 -1.4367 0.0174 2.3842 0.4122 
-1.9514 0.9862 0.0000 -1.4367 0.0175 2.3844 0.4147 
-1.9514 0.9862 0.0000 -1.4366 0.0177 2.3845 0.4170 
-1.9514 0.9863 0.0000 -1.4366 0.0178 2.3847 0.4192 
-1.9514 0.9863 0.0000 -1.4365 0.0179 2.3848 0.4213 
-1.9514 0.9864 0.0000 -1.4365 0.0181 2.3850 0.4232 
-1.9514 0.9864 0.0000 -1.4364 0.0182 2.3851 0.4249 
-1.9514 0.9865 0.0000 -1.4364 0.0183 2.3852 0.4265 
-1.9514 0.9865 0.0000 -1.4364 0.0184 2.3853 0.4280 
-1.9514 0.9866 0.0000 -1.4363 0.0185 2.3854 0.4293 
-1.9514 0.9866 0.0000 -1.4363 0.0185 2.3854 0.4305 
-1.9514 0.9867 0.0000 -1.4362 0.0186 2.3855 0.4316 
-1.9514 0.9867 0.0000 -1.4362 0.0187 2.3855 0.4326 
-1.9514 0.9867 0.0000 -1.4362 0.0187 2.3856 0.4335 
-1.9514 0.9868 0.0000 -1.4361 0.0188 2.3856 0.4342 
-1.9514 0.9868 0.0000 -1.4361 0.0188 2.3856 0.4349 
-1.9515 0.9868 0.0000 -1.4361 0.0189 2.3856 0.4355 
-1.9515 0.9868 0.0000 -1.4361 0.0189 2.3856 0.4360 
-1.9515 0.9869 0.0000 -1.4360 0.0189 2.3856 0.4365 
-1.9515 0.9869 0.0000 -1.4360 0.0189 2.3856 0.4369 
-1.9515 0.9869 0.0000 -1.4360 0.0190 2.3855 0.4372 
-1.9515 0.9869 0.0000 -1.4360 0.0190 2.3855 0.4375 
-1.9515 0.9870 0.0000 -1.4360 0.0190 2.3855 0.4377 
-1.9515 0.9870 0.0000 -1.4360 0.0190 2.3854 0.4379 
-1.9515 0.9870 0.0000 -1.4359 0.0190 2.3854 0.4381 
-1.9515 0.9870 0.0000 -1.4359 0.0190 2.3853 0.4383 
-1.9515 0.9870 0.0000 -1.4359 0.0191 2.3853 0.4384 
-1.9515 0.9870 0.0000 -1.4359 0.0191 2.3852 0.4385 
-1.9515 0.9870 0.0000 -1.4359 0.0191 2.3852 0.4386 
-1.9515 0.9870 0.0000 -1.4359 0.0191 2.3851 0.4387 
-1.9515 0.9870 0.0000 -1.4359 0.0191 2.3850 0.4387 
-1.9515 0.9871 0.0000 -1.4359 0.0191 2.3850 0.4388 
-1.9515 0.9871 0.0000 -1.4359 0.0191 2.3849 0.4388 
-1.9515 0.9871 0.0000 -1.4359 0.0191 2.3848 0.4389 
-1.9515 0.9871 0.0000 -1.4359 0.0191 2.3848 0.4389 
-1.9515 0.9871 0.0000 -1.4359 0.0191 2.3847 0.4389 
-1.9515 0.9871 0.0000 -1.4359 0.0191 2.3846 0.4389 
-1.9515 0.9871 0.0000 -1.4359 0.0191 2.3845 0.4389 
-1.9515 0.9871 0.0000 -1.4359 0.0191 2.3845 0.4389 
-1.9515 0.9871 0.0000 -1.4359 0.0191 2.3844 0.4389 
-1.9515 0.9871 0.0000 -1.4359 0.0191 2.3843 0.4389 
-1.9515 0.9871 0.0000 -1.4359 0.0191 2.3842 0.4389 
-1.9515 0.9871 0.0000 -1.4359 0.0191 2.3842 0.4389 
-1.9515 0.9871 0.0000 -1.4359 0.0191 2.3841 0.4389 
-1.9515 0.9871 0.0000 -1.4359 0.0191 2.3840 0.4389 
-1.9515 0.9871 0.0000 -1.4359 0.0191 2.3839 0.4389 
-1.9515 0.9871 0.0000 -1.4359 0.0191 2.3838 0.4389 
-1.9515 0.9871 0.0000 -1.4359 0.0191 2.3838 0.4388 
-1.9515 0.9870 0.0000 -1.4359 0.0191 2.3837 0.4388 
-1.9516 0.9870 0.0000 -1.4359 0.0191 2.3836 0.4388 
-1.9516 0.9870 0.0000 -1.4359 0.0191 2.3835 0.4388 
-1.9516 0.9870 0.0000 -1.4359 0.0191 2.3834 0.4388 
-1.9516 0.9870 0.0000 -1.4360 0.0191 2.3834 0.4387 
-1.9516 0.9870 0.0000 -1.4360 0.0191 2.3833 0.4387 
-1.9516 0.9870 0.0000 -1.4360 0.0191 2.3832 0.4387 
-1.9516 0.9870 0.0000 -1.4360 0.0191 2.3831 0.4387 
-1.9516 0.9870 0.0000 -1.4360 0.0191 2.3830 0.4386 
-1.9516 0.9870 0.0000 -1.4360 0.0191 2.3830 0.4386 
-1.9516 0.9870 0.0000 -1.4360 0.0191 2.3829 0.4386 
-1.9516 0.9870 0.0000 -1.4360 0.0191 2.3828 0.4385 
-1.9516 0.9870 0.0000 -1.4360 0.0190 2.3827 0.4385 
-1.9516 0.9870 0.0000 -1.4360 0.0190 2.3826 0.4384 
-1.9516 0.9870 0.0000 -1.4360 0.0190 2.3826 0.4384 
-1.9516 0.9870 0.0000 -1.4360 0.0190 2.3825 0.4383 
-1.9516 0.9869 0.0000 -1.4360 0.0190 2.3824 0.4383 
-1.9516 0.9869 0.0000 -1.4361 0.0190 2.3823 0.4382 
-1.9516 0.9869 0.0000 -1.4361 0.0190 2.3822 0.4382 
-1.9516 0.9869 0.0000 -1.4361 0.0190 2.3822 0.4381 
-1.9515 0.9869 0.0000 -1.4361 0.0190 2.3821 0.4381 
-1.9515 0.9869 0.0000 -1.4361 0.0190 2.3820 0.4380 
-1.9515 0.9869 0.0000 -1.4361 0.0190 2.3819 0.4380 
-1.9515 0.9869 0.0000 -1.4361 0.0190 2.3818 0.4379 
-1.9515 0.9869 0.0000 -1.4361 0.0190 2.3818 0.4378 
-1.9515 0.9869 0.0000 -1.4361 0.0190 2.3817 0.4378 
-1.9515 0.9869 0.0000 -1.4361 0.0190 2.3816 0.4377 
-1.9515 0.9869 0.0000 -1.4361 0.0190 2.3815 0.4376 
-1.9515 0.9868 0.0000 -1.4362 0.0190 2.3814 0.4375 
-1.9515 0.9868 0.0000 -1.4362 0.0190 2.3814 0.4375 
-1.9515 0.9868 0.0000 -1.4362 0.0190 2.3813 0.4374 
-1.9515 0.9868 0.0000 -1.4362 0.0190 2.3812 0.4373 
-1.9515 0.9868 0.0000 -1.4362 0.0190 2.3811 0.4372 
-1.9515 0.9868 0.0000 -1.4362 0.0190 2.3810 0.4371 
-1.9515 0.9868 0.0000 -1.4362 0.0190 2.3810 0.4370 
-1.9515 0.9868 0.0000 -1.4362 0.0190 2.3809 0.4369 
