-1.93883 0.921446 -0.000114398 -1.46151 -0.0575514 2.37742 -1.07092 
-1.93883 0.921447 -0.000116068 -1.46151 -0.057552 2.37742 -1.07092 
-1.93883 0.921451 -0.000109108 -1.46151 -0.057552 2.37742 -1.07092 
-1.93883 0.92145 -0.000110778 -1.46151 -0.0575514 2.37742 -1.07092 
-1.93883 0.921446 -0.000116068 -1.46151 -0.057552 2.37742 -1.07092 
-1.93883 0.921449 -0.000116068 -1.46151 -0.057552 2.37742 -1.07092 
-1.93883 0.921454 -0.000110778 -1.46151 -0.0575514 2.37742 -1.07092 
-1.93883 0.921449 -0.000110778 -1.46151 -0.057552 2.37742 -1.07092 
-1.93882 0.921449 -0.000112727 -1.46151 -0.0575528 2.37742 -1.07092 
-1.93883 0.921449 -0.000110778 -1.46151 -0.0575528 2.37742 -1.07092 
-1.93883 0.921449 -0.000109108 -1.46151 -0.0575514 2.37741 -1.07092 
-1.93883 0.921443 -0.000114398 -1.46151 -0.057554 2.37742 -1.07092 
-1.93883 0.921446 -0.000118017 -1.46151 -0.0575534 2.37742 -1.07092 
-1.93883 0.92145 -0.0001144 -1.46151 -0.0575514 2.37742 -1.07092 
-1.93883 0.92145 -0.000110778 -1.46151 -0.0575528 2.37742 -1.07092 
-1.93883 0.921447 -0.000109108 -1.46151 -0.057552 2.37742 -1.07092 
-1.93883 0.921447 -0.000114398 -1.46151 -0.057552 2.37742 -1.07092 
-1.93883 0.921453 -0.000112727 -1.46151 -0.0575534 2.37741 -1.07092 
-1.93883 0.921454 -0.000114398 -1.46151 -0.057552 2.37742 -1.07092 
-1.93883 0.921442 -0.000110778 -1.46151 -0.0575534 2.37742 -1.07092 
-1.93883 0.921449 -0.000112727 -1.46151 -0.0575534 2.37742 -1.07092 
-1.93883 0.921451 -0.000112727 -1.46151 -0.057552 2.37742 -1.07092 
-1.93883 0.921449 -0.000116068 -1.4615 -0.0575514 2.37742 -1.07092 
-1.93883 0.921447 -0.000116068 -1.4615 -0.0575534 2.37742 -1.07092 
-1.93883 0.921449 -0.000112727 -1.46151 -0.0575528 2.37742 -1.07092 
-1.93883 0.921448 -0.000112727 -1.46151 -0.057552 2.37742 -1.07092 
-1.93883 0.921445 -0.000114398 -1.46151 -0.057552 2.37742 -1.07093 
-1.93883 0.921451 -0.000114398 -1.46151 -0.0575508 2.37742 -1.07092 
-1.93883 0.921453 -0.000112727 -1.46151 -0.0575514 2.37742 -1.07092 
-1.93883 0.921449 -0.000112727 -1.46151 -0.0575528 2.37742 -1.07092 
-1.93883 0.921446 -0.000118017 -1.46151 -0.057552 2.37742 -1.07092 
-1.93883 0.921449 -0.000116068 -1.46151 -0.0575508 2.37742 -1.07092 
-1.93883 0.921451 -0.000116068 -1.46151 -0.057552 2.37742 -1.07092 
-1.93883 0.921451 -0.000116068 -1.46151 -0.0575514 2.37742 -1.07092 
-1.93883 0.921449 -0.000114161 -1.46151 -0.0575508 2.37742 -1.07092 
-1.93883 0.921449 -0.000114858 -1.46151 -0.0575528 2.37742 -1.07092 
-1.93883 0.921445 -0.000112727 -1.46151 -0.0575514 2.37742 -1.07092 
-1.93884 0.921445 -0.000114397 -1.4615 -0.0575534 2.37742 -1.07093 
-1.93883 0.921449 -0.000114398 -1.46151 -0.057552 2.37742 -1.07092 
-1.93883 0.921449 -0.000114398 -1.46151 -0.0575534 2.37742 -1.07092 
-1.93883 0.921449 -0.000107159 -1.46151 -0.0575514 2.37742 -1.07092 
-1.93883 0.921451 -0.000112727 -1.46151 -0.0575514 2.37742 -1.07092 
-1.93883 0.921449 -0.000116068 -1.46151 -0.0575508 2.37742 -1.07092 
-1.93883 0.921451 -0.000118017 -1.46151 -0.057552 2.37742 -1.07092 
-1.93884 0.921449 -0.000116068 -1.4615 -0.057552 2.37742 -1.07092 
-1.93883 0.921449 -0.000110778 -1.46151 -0.0575514 2.37742 -1.07092 
-1.93883 0.921449 -0.000109108 -1.4615 -0.0575514 2.37742 -1.07092 
-1.93883 0.921452 -0.000114398 -1.46151 -0.0575514 2.37742 -1.07092 
-1.93883 0.921451 -0.000118017 -1.46151 -0.057552 2.37742 -1.07092 
-1.93884 0.921449 -0.000114398 -1.46151 -0.0575514 2.37742 -1.07092 
-1.93883 0.921451 -0.000114398 -1.46151 -0.0575514 2.37742 -1.07093 
-1.93882 0.921452 -0.000109108 -1.46151 -0.0575514 2.37742 -1.07092 
-1.93883 0.921448 -0.000110778 -1.46151 -0.0575528 2.37742 -1.07092 
-1.93883 0.92145 -0.000118017 -1.46151 -0.057552 2.37742 -1.07092 
-1.93883 0.921453 -0.000118017 -1.46151 -0.0575528 2.37742 -1.07092 
-1.93883 0.921452 -0.000114398 -1.46151 -0.057552 2.37742 -1.07092 
-1.93883 0.921449 -0.000110778 -1.46151 -0.057552 2.37742 -1.07092 
-1.93882 0.921444 -0.000110778 -1.46151 -0.0575528 2.37741 -1.07092 
-1.93882 0.921451 -0.000103818 -1.46151 -0.0575514 2.37742 -1.07092 
-1.93881 0.921445 -9.56297e-05 -1.4615 -0.057552 2.37742 -1.07092 
-1.9388 0.921446 -9.33925e-05 -1.46151 -0.0575534 2.37742 -1.07093 
-1.93882 0.92146 -0.000110482 -1.46151 -0.0575528 2.37741 -1.07092 
-1.93884 0.921458 -0.000114398 -1.46151 -0.0575514 2.37742 -1.07092 
-1.93884 0.921449 -0.000116068 -1.46151 -0.0575514 2.37742 -1.07092 
-1.9388 0.921447 -0.000126647 -1.46149 -0.0575514 2.37742 -1.07092 
-1.93881 0.921459 -9.86735e-05 -1.46149 -0.0575508 2.37742 -1.07092 
-1.93885 0.921441 -0.000114398 -1.46151 -0.0575534 2.37741 -1.07092 
-1.93889 0.921447 -0.000168817 -1.4615 -0.0575514 2.37742 -1.07092 
-1.93888 0.921447 -0.000129698 -1.46151 -0.057552 2.37742 -1.07092 
-1.93883 0.921451 -8.1067e-05 -1.46151 -0.057552 2.37742 -1.07092 
-1.93877 0.921434 -7.58442e-05 -1.4615 -0.0575528 2.37742 -1.07092 
-1.93879 0.921442 -9.21368e-05 -1.4615 -0.057552 2.37742 -1.07092 
-1.93883 0.921485 -0.000103015 -1.46152 -0.0575514 2.37741 -1.07093 
-1.93885 0.921484 -0.00011345 -1.46152 -0.0575528 2.37741 -1.07092 
-1.93884 0.921446 -0.000110778 -1.46151 -0.057552 2.37742 -1.07092 
-1.93884 0.921429 -0.000114398 -1.46151 -0.0575514 2.37742 -1.07092 
-1.93887 0.921443 -0.000131937 -1.4615 -0.0575508 2.37742 -1.07092 
-1.93891 0.921441 -0.000150857 -1.4615 -0.0575495 2.37743 -1.07092 
-1.93892 0.921417 -0.000152101 -1.46149 -0.0575514 2.37743 -1.07092 
-1.93893 0.921393 -0.000159342 -1.46148 -0.0575514 2.37743 -1.07092 
-1.93896 0.921399 -0.000182062 -1.46148 -0.0575495 2.37743 -1.07092 
-1.93901 0.921431 -0.000199213 -1.46148 -0.0575495 2.37742 -1.07092 
-1.93905 0.921425 -0.000198693 -1.46148 -0.0575501 2.37743 -1.07092 
-1.93904 0.921406 -0.000190594 -1.46148 -0.0575508 2.37743 -1.07092 
-1.93901 0.921409 -0.000177771 -1.46148 -0.0575514 2.37742 -1.07092 
-1.93899 0.921429 -0.000169574 -1.46149 -0.0575501 2.37742 -1.07092 
-1.939 0.921425 -0.000178879 -1.46148 -0.0575508 2.37742 -1.07092 
-1.93902 0.921406 -0.000198684 -1.46148 -0.0575528 2.37743 -1.07092 
-1.93904 0.921396 -0.000199667 -1.46148 -0.0575501 2.37743 -1.07092 
-1.93901 0.921419 -0.000182276 -1.46148 -0.0575514 2.37742 -1.07092 
-1.93897 0.921458 -0.000166946 -1.4615 -0.057552 2.37741 -1.07092 
-1.93899 0.921452 -0.000170824 -1.4615 -0.0575514 2.37742 -1.07092 
-1.93898 0.921406 -0.000178368 -1.4615 -0.0575501 2.37742 -1.07092 
-1.93897 0.921391 -0.000161801 -1.46149 -0.0575514 2.37742 -1.07092 
-1.93898 0.921453 -0.00017071 -1.46151 -0.0575508 2.37741 -1.07092 
-1.93901 0.921483 -0.000191688 -1.46152 -0.0575528 2.37741 -1.07092 
-1.93902 0.921416 -0.000188343 -1.46151 -0.0575501 2.37741 -1.07091 
-1.93896 0.921381 -0.000164997 -1.4615 -0.0575489 2.37741 -1.07092 
-1.93894 0.921436 -0.00014274 -1.4615 -0.057552 2.37741 -1.07092 
-1.93895 0.921453 -0.000148026 -1.46151 -0.057552 2.3774 -1.07092 
-1.93895 0.921416 -0.000160554 -1.46151 -0.0575508 2.3774 -1.07091 
-1.93895 0.921391 -0.000158605 -1.46151 -0.0575508 2.3774 -1.07091 
-1.93894 0.921406 -0.000148025 -1.46151 -0.057552 2.3774 -1.07091 
-1.9389 0.921419 -0.000123211 -1.46151 -0.057554 2.3774 -1.07092 
-1.93879 0.921317 -0.000133144 -1.46152 -0.0575562 2.37738 -1.07091 
-1.93866 0.920876 -0.000189838 -1.46147 -0.0575553 2.37739 -1.07092 
-1.93854 0.919903 -0.000202913 -1.46148 -0.0575601 2.37737 -1.07092 
-1.93831 0.91852 -0.000203916 -1.46152 -0.057562 2.37736 -1.07092 
-1.93803 0.916784 -0.00022479 -1.46151 -0.0575645 2.37736 -1.07091 
-1.93778 0.914703 -0.00026061 -1.46156 -0.0575639 2.37733 -1.07092 
-1.93755 0.912554 -0.00025331 -1.46174 -0.0575676 2.37728 -1.07092 
-1.93712 0.90949 -0.000264271 -1.4623 -0.0575745 2.37683 -1.07092 
-1.93666 0.906462 -0.000260981 -1.46327 -0.0575808 2.37646 -1.07092 
-1.93611 0.903258 -0.000247245 -1.46475 -0.0575813 2.3762 -1.07092 
-1.93541 0.899902 -0.000250735 -1.46689 -0.0575888 2.37612 -1.07093 
-1.93458 0.896489 -0.000231112 -1.46972 -0.0575942 2.37583 -1.07093 
-1.9337 0.893407 -0.00024333 -1.47283 -0.0575946 2.37555 -1.07093 
-1.93276 0.890341 -0.000275592 -1.47626 -0.0575985 2.37539 -1.07093 
-1.93181 0.887362 -0.000292243 -1.47985 -0.0576013 2.37524 -1.07093 
-1.93085 0.884258 -0.000327051 -1.4839 -0.0576007 2.37518 -1.07092 
-1.92991 0.880859 -0.000371176 -1.48838 -0.0576013 2.37518 -1.07092 
-1.92903 0.877309 -0.000435083 -1.49301 -0.0575988 2.37518 -1.07093 
-1.92816 0.873738 -0.000472321 -1.49792 -0.0575988 2.37519 -1.07093 
-1.92735 0.87064 -0.000549875 -1.50258 -0.0575998 2.37519 -1.07093 
-1.92657 0.867821 -0.000676288 -1.5072 -0.0575969 2.3752 -1.07092 
-1.92594 0.865382 -0.000691384 -1.51158 -0.0575969 2.37521 -1.07092 
-1.92541 0.863345 -0.000701463 -1.51537 -0.0575962 2.37521 -1.07093 
-1.92492 0.861716 -0.000683477 -1.51847 -0.0575943 2.37522 -1.07092 
-1.9244 0.860479 -0.000691988 -1.521 -0.0575879 2.37524 -1.0709 
-1.92393 0.859651 -0.000703947 -1.52284 -0.0575863 2.37525 -1.07091 
-1.92349 0.859192 -0.000697812 -1.52408 -0.057587 2.37526 -1.0709 
-1.92301 0.859151 -0.000696287 -1.52472 -0.057585 2.37526 -1.0709 
-1.92248 0.859291 -0.00070839 -1.525 -0.0575857 2.37528 -1.0709 
-1.92199 0.859393 -0.000696291 -1.52517 -0.0575834 2.37528 -1.0709 
-1.9215 0.859544 -0.000698236 -1.5252 -0.0575788 2.37529 -1.07089 
-1.92105 0.859702 -0.000702304 -1.52519 -0.0575719 2.3753 -1.07087 
-1.92065 0.859884 -0.000700153 -1.52519 -0.0575636 2.37531 -1.07086 
-1.92029 0.860158 -0.000714141 -1.52519 -0.0575642 2.37534 -1.07085 
-1.92005 0.860514 -0.000739545 -1.52518 -0.0575562 2.37565 -1.07084 
-1.91994 0.860939 -0.000778139 -1.52517 -0.0575461 2.37607 -1.07083 
-1.91994 0.861423 -0.000801558 -1.52517 -0.0575425 2.37631 -1.07082 
-1.91996 0.861964 -0.000939143 -1.52516 -0.057538 2.3765 -1.07082 
-1.91998 0.862528 -0.001218 -1.52515 -0.0575291 2.37682 -1.07081 
-1.92003 0.863176 -0.00155862 -1.52511 -0.0575201 2.37707 -1.07081 
-1.92008 0.863911 -0.00200626 -1.52506 -0.0575131 2.37708 -1.0708 
-1.92015 0.864702 -0.0025204 -1.52505 -0.057507 2.37709 -1.0708 
-1.92023 0.865603 -0.00299105 -1.52501 -0.0574816 2.37713 -1.07079 
-1.92032 0.866583 -0.00342984 -1.52489 -0.0573838 2.37744 -1.07078 
-1.92043 0.86753 -0.00378127 -1.52473 -0.0573721 2.3778 -1.07059 
-1.92058 0.868532 -0.00406114 -1.52447 -0.0573562 2.37796 -1.07003 
-1.92077 0.869589 -0.00425763 -1.52412 -0.0572911 2.37828 -1.0696 
-1.92096 0.870593 -0.00436585 -1.52371 -0.0572336 2.37859 -1.06894 
-1.92113 0.871435 -0.00444313 -1.52333 -0.0571976 2.37878 -1.06803 
-1.92128 0.872127 -0.00451451 -1.523 -0.0571478 2.37899 -1.06713 
-1.9214 0.872657 -0.00456962 -1.5227 -0.057106 2.37901 -1.06642 
-1.92152 0.873035 -0.00463165 -1.52248 -0.0571061 2.37901 -1.06598 
-1.92162 0.873251 -0.00471604 -1.52237 -0.0570986 2.37901 -1.06585 
-1.92173 0.873333 -0.00480251 -1.52233 -0.0570649 2.37902 -1.06572 
-1.92187 0.873369 -0.00483731 -1.52221 -0.0569747 2.37903 -1.06527 
-1.92198 0.873366 -0.00484693 -1.52201 -0.0568829 2.37904 -1.06431 
-1.92205 0.873365 -0.00485804 -1.52178 -0.0568365 2.37904 -1.06293 
-1.92209 0.873422 -0.0048773 -1.52157 -0.0568113 2.37905 -1.06153 
-1.92211 0.873477 -0.00491365 -1.52136 -0.0567804 2.37906 -1.06018 
-1.92213 0.873536 -0.00492197 -1.52118 -0.056692 2.37907 -1.05892 
-1.92212 0.873648 -0.00491014 -1.52112 -0.0564817 2.37908 -1.05731 
-1.92209 0.873852 -0.004905 -1.52111 -0.0562423 2.3791 -1.05517 
-1.92208 0.874182 -0.00489173 -1.5211 -0.0559598 2.3795 -1.05277 
-1.92208 0.874611 -0.00489861 -1.52108 -0.0556434 2.38 -1.05013 
-1.92209 0.87514 -0.00490709 -1.52104 -0.0555221 2.3807 -1.0469 
-1.9221 0.875662 -0.00490515 -1.52103 -0.0554879 2.38135 -1.04395 
-1.92209 0.876129 -0.00490371 -1.52101 -0.0554768 2.38199 -1.04111 
-1.92207 0.876534 -0.00489332 -1.52095 -0.0554748 2.38272 -1.03922 
-1.92204 0.876851 -0.0048843 -1.52083 -0.0554774 2.38334 -1.03805 
-1.92199 0.877073 -0.00489106 -1.52065 -0.055478 2.38377 -1.0377 
-1.92196 0.877212 -0.00488506 -1.52037 -0.0554517 2.38409 -1.03754 
-1.92195 0.877314 -0.00488331 -1.51998 -0.0553141 2.38418 -1.0369 
-1.92195 0.877456 -0.00490307 -1.51946 -0.0552619 2.38421 -1.03582 
-1.92202 0.877723 -0.00493201 -1.51869 -0.0552295 2.38422 -1.03449 
-1.92217 0.878092 -0.00494145 -1.51785 -0.0552051 2.38422 -1.03295 
-1.92229 0.878472 -0.00496395 -1.51709 -0.0551936 2.38422 -1.03125 
-1.92238 0.878871 -0.00499035 -1.51642 -0.0551939 2.38422 -1.02904 
-1.92244 0.879415 -0.00503956 -1.5157 -0.0552057 2.38422 -1.02657 
-1.92246 0.879973 -0.00511812 -1.51512 -0.0552038 2.38422 -1.02586 
-1.92245 0.880644 -0.00519796 -1.51451 -0.0552097 2.38422 -1.02586 
-1.92244 0.881476 -0.00521598 -1.5139 -0.0552629 2.38422 -1.02588 
-1.9224 0.882269 -0.00521237 -1.5134 -0.0553641 2.38422 -1.02591 
-1.92236 0.883005 -0.00520222 -1.51302 -0.0555527 2.38422 -1.026 
-1.92226 0.883739 -0.00521084 -1.51282 -0.0557844 2.38423 -1.0265 
-1.92217 0.884339 -0.0052119 -1.51276 -0.0560585 2.38423 -1.02753 
-1.92214 0.884788 -0.00521237 -1.51276 -0.0563417 2.38423 -1.02856 
-1.92211 0.88541 -0.00521766 -1.51271 -0.0567681 2.38424 -1.03008 
-1.9221 0.885907 -0.00521599 -1.5126 -0.0570726 2.38424 -1.03174 
-1.9221 0.88636 -0.00522766 -1.51245 -0.0572029 2.38424 -1.03417 
-1.92212 0.886793 -0.00529526 -1.51229 -0.057216 2.38424 -1.03737 
-1.92212 0.88712 -0.00542799 -1.51219 -0.0572988 2.38423 -1.04105 
-1.92212 0.88736 -0.00551214 -1.51217 -0.0573716 2.38423 -1.04549 
-1.92213 0.88756 -0.00557774 -1.51216 -0.0573697 2.38424 -1.04994 
-1.92213 0.88773 -0.00560749 -1.51209 -0.0573664 2.38424 -1.05431 
-1.92213 0.887873 -0.00561075 -1.51197 -0.0573592 2.38425 -1.05876 
-1.92213 0.888003 -0.00563037 -1.5118 -0.0573566 2.38427 -1.06209 
-1.92215 0.888109 -0.00573401 -1.51162 -0.0573506 2.38428 -1.06391 
-1.92216 0.888234 -0.00587205 -1.51147 -0.0573556 2.38429 -1.06427 
-1.92216 0.888379 -0.00599668 -1.51131 -0.0573486 2.38431 -1.06427 
-1.92217 0.888525 -0.00612086 -1.51124 -0.0573251 2.38431 -1.06427 
-1.9222 0.888712 -0.00619686 -1.51117 -0.0572909 2.38433 -1.06425 
-1.92225 0.888969 -0.00620459 -1.51093 -0.0570773 2.38455 -1.06417 
-1.92232 0.889339 -0.00621307 -1.51047 -0.0565005 2.3848 -1.0635 
-1.92241 0.889916 -0.00621116 -1.50964 -0.0557773 2.38505 -1.06159 
-1.92248 0.89065 -0.00621728 -1.50847 -0.0552318 2.38528 -1.05935 
-1.92253 0.891598 -0.00621592 -1.50691 -0.0549468 2.38543 -1.05676 
-1.92256 0.892833 -0.00621489 -1.50481 -0.0548153 2.38545 -1.0537 
-1.92257 0.894126 -0.00620985 -1.50262 -0.0546886 2.38544 -1.05133 
-1.92256 0.895779 -0.00620409 -1.5 -0.0546438 2.38544 -1.04868 
-1.92254 0.897552 -0.00620569 -1.49746 -0.0546481 2.38544 -1.04703 
-1.92255 0.899288 -0.00620782 -1.4953 -0.0546493 2.38543 -1.04685 
-1.92256 0.901142 -0.00621751 -1.49334 -0.0546557 2.38542 -1.04685 
-1.92258 0.903007 -0.00623476 -1.49176 -0.0546724 2.38542 -1.04686 
-1.92259 0.904681 -0.00626946 -1.49064 -0.0547054 2.38542 -1.0469 
-1.92258 0.906241 -0.00634725 -1.48996 -0.0547536 2.38541 -1.04697 
-1.92258 0.907426 -0.00643536 -1.4898 -0.0548977 2.38542 -1.04718 
-1.92258 0.90839 -0.00661986 -1.48981 -0.0550786 2.38542 -1.04765 
-1.92258 0.909063 -0.00685651 -1.48981 -0.0551777 2.38542 -1.04819 
-1.92257 0.909487 -0.00714094 -1.48981 -0.0552985 2.38542 -1.04864 
-1.92255 0.909596 -0.00741286 -1.4898 -0.0555214 2.38541 -1.04915 
-1.92255 0.909522 -0.00765668 -1.4898 -0.0557087 2.38542 -1.05001 
-1.92255 0.909418 -0.00789161 -1.48975 -0.0557786 2.38542 -1.05121 
-1.92255 0.90939 -0.00811787 -1.48966 -0.055805 2.38542 -1.05317 
-1.92256 0.909402 -0.00833422 -1.48965 -0.0558001 2.38541 -1.05529 
-1.92256 0.909462 -0.00858363 -1.48966 -0.0558062 2.38541 -1.05694 
-1.92255 0.909523 -0.00881995 -1.48967 -0.0558116 2.3854 -1.05804 
-1.92255 0.909601 -0.0090504 -1.48967 -0.0558321 2.3854 -1.05891 
-1.92255 0.909709 -0.00924786 -1.48968 -0.0558405 2.38541 -1.05967 
-1.92256 0.90986 -0.0093684 -1.48967 -0.0558392 2.38541 -1.06005 
-1.92254 0.91005 -0.00945755 -1.48967 -0.0558398 2.38541 -1.0601 
-1.92254 0.910322 -0.00954414 -1.48967 -0.0558386 2.38541 -1.0601 
-1.92255 0.91069 -0.00968332 -1.48967 -0.055836 2.38542 -1.0601 
-1.92255 0.911094 -0.00978141 -1.48967 -0.0558208 2.38542 -1.0601 
-1.92255 0.91157 -0.00978288 -1.48966 -0.0558014 2.38543 -1.06009 
-1.92252 0.911987 -0.00988124 -1.4895 -0.0558066 2.38553 -1.06007 
-1.92254 0.912052 -0.00997475 -1.48912 -0.0557656 2.38554 -1.06005 
-1.92246 0.912133 -0.00997684 -1.48887 -0.0557471 2.38555 -1.06 
-1.92231 0.912216 -0.00995665 -1.48872 -0.0556988 2.38555 -1.05988 
-1.92211 0.912279 -0.00998275 -1.48864 -0.0556832 2.38556 -1.05961 
-1.92203 0.912273 -0.00994386 -1.48845 -0.0556634 2.38555 -1.05929 
-1.92186 0.912308 -0.00989423 -1.48826 -0.0554831 2.38555 -1.05895 
-1.92165 0.912368 -0.00974582 -1.48818 -0.0552778 2.38555 -1.0583 
-1.92142 0.912458 -0.00958278 -1.48813 -0.0551977 2.38556 -1.05735 
-1.92111 0.91249 -0.00948322 -1.48802 -0.0551946 2.38555 -1.0566 
-1.92078 0.912492 -0.00948426 -1.48796 -0.0551822 2.38554 -1.05622 
-1.92054 0.912517 -0.00948259 -1.48795 -0.0551808 2.38555 -1.05578 
-1.92038 0.912533 -0.00948738 -1.48788 -0.0551808 2.38555 -1.0555 
-1.92036 0.912562 -0.00951467 -1.48787 -0.0551827 2.38555 -1.05547 
-1.9205 0.912599 -0.00955688 -1.48786 -0.0551901 2.38555 -1.05548 
-1.92074 0.912622 -0.00955869 -1.48786 -0.0551901 2.38554 -1.05548 
-1.92088 0.912623 -0.00957085 -1.48784 -0.0551939 2.38555 -1.05548 
-1.92097 0.912662 -0.00963652 -1.4877 -0.0552112 2.38555 -1.0555 
-1.92104 0.912818 -0.00993479 -1.48748 -0.0552318 2.38555 -1.05552 
-1.92113 0.912964 -0.0102403 -1.48733 -0.0552561 2.38554 -1.05558 
-1.92122 0.913014 -0.0105245 -1.48728 -0.0552727 2.38554 -1.05583 
-1.9213 0.913018 -0.010873 -1.48726 -0.0554304 2.38553 -1.05643 
-1.92132 0.913167 -0.0112641 -1.48726 -0.0555701 2.38553 -1.05708 
-1.92132 0.913403 -0.0115305 -1.48726 -0.0555688 2.38554 -1.05727 
-1.9213 0.913663 -0.011608 -1.48725 -0.0555624 2.38554 -1.05727 
-1.92123 0.914045 -0.0116024 -1.48717 -0.0555649 2.38555 -1.05727 
-1.92108 0.9145 -0.0116034 -1.4869 -0.0555694 2.38557 -1.05727 
-1.92091 0.914991 -0.0116052 -1.48642 -0.0555717 2.38556 -1.05727 
-1.92078 0.915519 -0.0116083 -1.48572 -0.0555698 2.38556 -1.05727 
-1.92073 0.916098 -0.0116217 -1.48482 -0.0555699 2.38556 -1.05727 
-1.92073 0.916656 -0.0116217 -1.48385 -0.0555676 2.38552 -1.05726 
-1.92076 0.917025 -0.0116321 -1.48334 -0.0555669 2.38549 -1.05728 
-1.9208 0.917165 -0.0116524 -1.48333 -0.0555637 2.38548 -1.05727 
-1.92083 0.917298 -0.0116682 -1.48332 -0.0555663 2.3855 -1.05727 
-1.92086 0.917424 -0.0117041 -1.48331 -0.0555663 2.38551 -1.05727 
-1.92089 0.917553 -0.0117238 -1.48325 -0.0555669 2.38551 -1.05728 
-1.92089 0.917668 -0.0117337 -1.48316 -0.0555774 2.38551 -1.05732 
-1.92089 0.917799 -0.0117403 -1.48307 -0.0556171 2.38552 -1.05773 
-1.9209 0.917954 -0.0117575 -1.48287 -0.0556436 2.38552 -1.05884 
-1.92089 0.918091 -0.0117644 -1.48263 -0.0556512 2.38551 -1.05998 
-1.9209 0.918208 -0.0118222 -1.48245 -0.0556975 2.38551 -1.06084 
-1.92089 0.91833 -0.0119512 -1.48225 -0.0558408 2.38551 -1.06175 
-1.9209 0.918464 -0.0120356 -1.48205 -0.0558459 2.38551 -1.06243 
-1.92089 0.918607 -0.0121184 -1.48186 -0.0558808 2.38551 -1.06298 
-1.9209 0.918766 -0.0121689 -1.48174 -0.0559308 2.38551 -1.06361 
-1.9209 0.91901 -0.0121996 -1.48159 -0.0559297 2.38551 -1.06403 
-1.92088 0.919327 -0.012199 -1.48131 -0.0559354 2.38551 -1.0642 
-1.92084 0.919701 -0.012196 -1.48097 -0.0559351 2.3855 -1.06438 
-1.9208 0.920115 -0.0121958 -1.4807 -0.0559351 2.38551 -1.06445 
-1.92078 0.920618 -0.0121914 -1.4803 -0.0559295 2.38551 -1.06444 
-1.92079 0.921191 -0.0122032 -1.4798 -0.05593 2.3855 -1.06445 
-1.92083 0.92181 -0.0122297 -1.47929 -0.055932 2.3855 -1.06446 
-1.92088 0.922391 -0.0122576 -1.47881 -0.055931 2.3855 -1.06447 
-1.92091 0.922897 -0.012278 -1.47834 -0.0559292 2.38549 -1.06447 
-1.92091 0.923221 -0.0123456 -1.47803 -0.0559233 2.3855 -1.06446 
-1.92093 0.923372 -0.0124058 -1.47786 -0.0559232 2.38549 -1.06447 
-1.92094 0.923468 -0.0124205 -1.47784 -0.05592 2.3855 -1.06446 
-1.92094 0.923566 -0.0124217 -1.4778 -0.0559251 2.3855 -1.06447 
-1.92094 0.92366 -0.0124423 -1.47771 -0.0559264 2.3855 -1.06446 
-1.92096 0.923775 -0.0125293 -1.47762 -0.0559264 2.3855 -1.06447 
-1.92097 0.923932 -0.0126638 -1.47746 -0.0559277 2.3855 -1.06447 
-1.92099 0.924126 -0.012747 -1.47723 -0.0559321 2.38551 -1.06449 
-1.921 0.92438 -0.0129597 -1.47686 -0.0559357 2.38551 -1.06452 
-1.92103 0.924714 -0.0133046 -1.47642 -0.0559351 2.3855 -1.06454 
-1.92107 0.925124 -0.01366 -1.47584 -0.0559268 2.3855 -1.06458 
-1.92114 0.925528 -0.0137021 -1.47528 -0.0559205 2.38548 -1.06462 
-1.92111 0.925939 -0.0137023 -1.47495 -0.0559194 2.38546 -1.06462 
-1.92105 0.926301 -0.0136528 -1.47486 -0.0559232 2.38547 -1.06462 
-1.92095 0.926725 -0.0136647 -1.47476 -0.0559213 2.38549 -1.06462 
-1.92089 0.927239 -0.0136575 -1.47451 -0.0559241 2.38549 -1.06463 
-1.92085 0.927776 -0.0136491 -1.47422 -0.0559165 2.38549 -1.06462 
-1.9208 0.928187 -0.0136478 -1.47395 -0.0559146 2.38549 -1.06462 
-1.92076 0.92848 -0.0136548 -1.47374 -0.0559152 2.38549 -1.06463 
-1.92077 0.928644 -0.0136559 -1.47368 -0.055914 2.38549 -1.06462 
-1.92078 0.928748 -0.013658 -1.47366 -0.0559152 2.38549 -1.06462 
-1.92079 0.928805 -0.0136695 -1.47363 -0.0559171 2.38549 -1.06462 
-1.92081 0.928882 -0.013685 -1.47363 -0.0559152 2.38548 -1.06462 
-1.92086 0.929052 -0.0136913 -1.47363 -0.0559132 2.38548 -1.06462 
-1.92091 0.929303 -0.0137018 -1.47363 -0.0559171 2.38549 -1.06462 
-1.92097 0.929666 -0.0137113 -1.47363 -0.0559165 2.38549 -1.06462 
-1.92101 0.930138 -0.0137063 -1.47363 -0.0559159 2.38549 -1.06462 
-1.92099 0.93062 -0.0137049 -1.47363 -0.0559159 2.38549 -1.06462 
-1.92097 0.931147 -0.0136942 -1.47363 -0.0559171 2.38548 -1.06462 
-1.92095 0.931612 -0.0136808 -1.47363 -0.0559165 2.38548 -1.06463 
-1.9209 0.931995 -0.0136683 -1.47362 -0.0559148 2.38549 -1.06463 
-1.92081 0.932241 -0.0136458 -1.47361 -0.0559121 2.3855 -1.06463 
-1.92069 0.932267 -0.0135791 -1.4736 -0.0559092 2.3855 -1.06462 
-1.92056 0.932215 -0.0135445 -1.47346 -0.0559085 2.3855 -1.06462 
-1.92046 0.932219 -0.013534 -1.47309 -0.0559079 2.3855 -1.06462 
-1.9204 0.932216 -0.0135253 -1.47271 -0.0559098 2.3855 -1.06462 
-1.9204 0.932219 -0.0135296 -1.47238 -0.0559104 2.38549 -1.06462 
-1.92042 0.932219 -0.0135401 -1.47213 -0.0559085 2.38549 -1.06462 
-1.92049 0.932225 -0.013551 -1.472 -0.0559081 2.38549 -1.06462 
-1.92058 0.932227 -0.013556 -1.472 -0.0559085 2.38548 -1.06462 
-1.92064 0.932258 -0.0135577 -1.472 -0.0559019 2.38548 -1.06462 
-1.92068 0.932332 -0.0135525 -1.472 -0.0559025 2.38548 -1.06462 
-1.92068 0.93242 -0.0135539 -1.472 -0.0559018 2.38548 -1.06462 
-1.92067 0.932489 -0.0135529 -1.472 -0.0559005 2.38548 -1.06462 
-1.92069 0.932565 -0.0135503 -1.472 -0.0559025 2.38548 -1.06462 
-1.92069 0.932636 -0.013554 -1.472 -0.0559011 2.38549 -1.06462 
-1.9207 0.932688 -0.0135595 -1.472 -0.055897 2.38548 -1.06462 
-1.92071 0.932742 -0.0135599 -1.472 -0.0558989 2.38548 -1.06462 
-1.92072 0.932797 -0.0135684 -1.472 -0.0558957 2.38548 -1.06462 
-1.92075 0.932847 -0.0135827 -1.472 -0.0558957 2.38548 -1.06461 
-1.9208 0.932889 -0.0135809 -1.472 -0.0558957 2.38548 -1.06462 
-1.92082 0.932943 -0.0135901 -1.472 -0.0558977 2.38548 -1.06461 
-1.92085 0.932984 -0.0135902 -1.47201 -0.0558971 2.38548 -1.06462 
-1.92086 0.933036 -0.0135933 -1.472 -0.0558971 2.38547 -1.06462 
-1.92088 0.933088 -0.0135999 -1.472 -0.0558963 2.38548 -1.06462 
-1.92089 0.933102 -0.013628 -1.47201 -0.0558963 2.38548 -1.06462 
-1.9209 0.933121 -0.0136823 -1.47201 -0.0558951 2.38547 -1.06462 
-1.92091 0.933147 -0.0136956 -1.47201 -0.0558977 2.38548 -1.06462 
-1.9209 0.933149 -0.0136952 -1.47201 -0.0558963 2.38548 -1.06462 
-1.92089 0.933151 -0.0136863 -1.472 -0.0558977 2.38548 -1.06462 
-1.92086 0.933212 -0.0136767 -1.47201 -0.0558957 2.38547 -1.06462 
-1.92086 0.933344 -0.0136755 -1.47201 -0.0558963 2.38548 -1.06462 
-1.92088 0.933523 -0.0136829 -1.47201 -0.0558932 2.38548 -1.06462 
-1.92089 0.933771 -0.0136873 -1.47201 -0.0558896 2.38548 -1.06462 
-1.9209 0.934051 -0.0136905 -1.47201 -0.0558884 2.38548 -1.06462 
-1.9209 0.934313 -0.0136919 -1.47201 -0.0558893 2.38548 -1.06462 
-1.9209 0.934565 -0.0136956 -1.47201 -0.0558909 2.38548 -1.06462 
-1.92093 0.9348 -0.0137081 -1.47201 -0.0558884 2.38548 -1.06462 
-1.92097 0.934957 -0.0136927 -1.47201 -0.0558896 2.38549 -1.06462 
-1.92097 0.935013 -0.0136984 -1.47201 -0.0558903 2.38548 -1.06461 
-1.92098 0.935005 -0.0137033 -1.472 -0.0558854 2.38549 -1.06462 
-1.92101 0.935 -0.0137084 -1.47198 -0.05589 2.3855 -1.06462 
-1.92103 0.935001 -0.0137065 -1.47197 -0.0558903 2.38549 -1.06462 
-1.92103 0.935019 -0.0137101 -1.47197 -0.055889 2.38549 -1.06462 
-1.92104 0.935022 -0.0137066 -1.47198 -0.0558893 2.38549 -1.06462 
-1.92104 0.935019 -0.0137048 -1.47197 -0.0558909 2.38549 -1.06461 
-1.92104 0.935036 -0.0137084 -1.47197 -0.0558896 2.38549 -1.06462 
-1.92105 0.935102 -0.0137091 -1.47198 -0.0558883 2.38549 -1.06462 
-1.92106 0.935189 -0.0137065 -1.47198 -0.0558886 2.38549 -1.06462 
-1.92106 0.935288 -0.0137065 -1.47198 -0.0558864 2.38549 -1.06463 
-1.92106 0.935446 -0.0137065 -1.47198 -0.0558861 2.38549 -1.06462 
-1.92104 0.935653 -0.0136862 -1.47198 -0.0558823 2.38549 -1.06462 
-1.92101 0.935904 -0.0136693 -1.47198 -0.0558749 2.38549 -1.06462 
-1.92099 0.936195 -0.0136622 -1.47198 -0.0558775 2.38549 -1.06462 
-1.92097 0.936523 -0.0136492 -1.47198 -0.055877 2.38549 -1.06462 
-1.92095 0.93688 -0.0136053 -1.47193 -0.0558755 2.38555 -1.06462 
-1.92094 0.937115 -0.0134883 -1.4717 -0.055878 2.38555 -1.06462 
-1.92088 0.937227 -0.0134839 -1.47159 -0.0558769 2.38555 -1.06462 
-1.92087 0.937295 -0.0134854 -1.47159 -0.0558721 2.38555 -1.06462 
-1.92088 0.937374 -0.0134854 -1.47154 -0.0558751 2.38556 -1.06461 
-1.92087 0.937434 -0.0134871 -1.47144 -0.0558787 2.38555 -1.06462 
-1.92088 0.93751 -0.0134873 -1.47138 -0.0558768 2.38555 -1.06462 
-1.92089 0.937608 -0.0134922 -1.4713 -0.0558725 2.38555 -1.06462 
-1.9209 0.937779 -0.0135003 -1.47115 -0.0558721 2.38555 -1.06462 
-1.92092 0.938032 -0.0135151 -1.47095 -0.0558715 2.38555 -1.06462 
-1.92094 0.938368 -0.0135162 -1.47071 -0.0558727 2.38555 -1.06462 
-1.92096 0.938814 -0.0135179 -1.47032 -0.0558733 2.38554 -1.06462 
-1.92103 0.939401 -0.0135247 -1.46987 -0.055874 2.38553 -1.06462 
-1.92111 0.939988 -0.0135371 -1.46954 -0.0558708 2.38554 -1.06462 
-1.92117 0.940584 -0.0135329 -1.46919 -0.0558727 2.38555 -1.06462 
-1.92116 0.941183 -0.0135306 -1.46874 -0.0558729 2.38554 -1.06461 
-1.92113 0.941695 -0.0135106 -1.4683 -0.0558765 2.38554 -1.06462 
-1.92109 0.942156 -0.0134944 -1.46783 -0.0558733 2.38553 -1.06462 
-1.92102 0.94254 -0.0134897 -1.46733 -0.0558771 2.38553 -1.06462 
-1.92094 0.94287 -0.0134812 -1.46678 -0.0558765 2.38553 -1.06462 
-1.92082 0.94313 -0.0134816 -1.4661 -0.0558799 2.38553 -1.06462 
-1.92071 0.943318 -0.0134784 -1.46532 -0.0558807 2.38552 -1.06462 
-1.9206 0.943454 -0.0134784 -1.46454 -0.0558827 2.38552 -1.06462 
-1.92055 0.943536 -0.0134777 -1.46393 -0.0558839 2.38552 -1.06462 
-1.92054 0.943606 -0.0134801 -1.46344 -0.0558853 2.38548 -1.06462 
-1.92057 0.943641 -0.0134982 -1.46332 -0.0558864 2.38545 -1.06462 
-1.92063 0.943756 -0.0135135 -1.46332 -0.0558832 2.38545 -1.06462 
-1.92069 0.944004 -0.0135056 -1.46332 -0.0558843 2.38545 -1.06462 
-1.9207 0.94429 -0.0135046 -1.46331 -0.0558846 2.38546 -1.06462 
-1.9207 0.944584 -0.0135082 -1.4633 -0.0558837 2.38546 -1.06462 
-1.92071 0.94488 -0.0135166 -1.46327 -0.055885 2.38547 -1.06463 
-1.92075 0.945165 -0.0135252 -1.46322 -0.0558855 2.38547 -1.06462 
-1.92079 0.94542 -0.0135219 -1.46311 -0.055882 2.38547 -1.06462 
-1.92082 0.945686 -0.0135222 -1.4629 -0.0558813 2.38547 -1.06462 
-1.92082 0.94599 -0.0135226 -1.46253 -0.0558827 2.38547 -1.06462 
-1.92081 0.946308 -0.0135166 -1.4621 -0.0558813 2.38547 -1.06462 
-1.9208 0.946726 -0.0135049 -1.46157 -0.05588 2.38546 -1.06462 
-1.92077 0.94725 -0.0134986 -1.46102 -0.0558813 2.38546 -1.06462 
-1.92078 0.947822 -0.0135004 -1.46051 -0.0558807 2.38546 -1.06462 
-1.9208 0.948336 -0.0135146 -1.46019 -0.0558813 2.38546 -1.06462 
-1.92082 0.948759 -0.0135199 -1.4601 -0.0558794 2.38546 -1.06462 
-1.92085 0.949136 -0.0135231 -1.4601 -0.05588 2.38546 -1.06462 
-1.92087 0.94942 -0.0135202 -1.4601 -0.0558813 2.38546 -1.06462 
-1.92086 0.949611 -0.0135178 -1.46009 -0.0558777 2.38546 -1.06462 
-1.92086 0.949691 -0.0135158 -1.46009 -0.0558765 2.38547 -1.06461 
-1.92086 0.949695 -0.0135129 -1.46009 -0.0558751 2.38546 -1.06462 
-1.92086 0.94969 -0.0135126 -1.46005 -0.0558721 2.38547 -1.06462 
-1.92086 0.949704 -0.0135126 -1.45998 -0.0558733 2.38547 -1.06462 
-1.92087 0.949714 -0.013511 -1.45995 -0.055874 2.38547 -1.06462 
-1.92087 0.94976 -0.0135192 -1.45996 -0.0558773 2.38546 -1.06462 
-1.9209 0.949862 -0.0135279 -1.45995 -0.0558737 2.38546 -1.06462 
-1.92094 0.950007 -0.0135264 -1.45995 -0.0558752 2.38546 -1.06462 
-1.92098 0.950195 -0.0135265 -1.45995 -0.0558733 2.38546 -1.06461 
-1.92105 0.950405 -0.0135311 -1.45995 -0.0558776 2.38546 -1.06462 
-1.92114 0.950644 -0.0135262 -1.45994 -0.055879 2.38546 -1.06462 
-1.92122 0.950876 -0.0135343 -1.45994 -0.0558735 2.38547 -1.06462 
-1.92128 0.951104 -0.0135305 -1.4599 -0.0558733 2.38547 -1.06462 
-1.9213 0.951293 -0.0135297 -1.45983 -0.0558727 2.38547 -1.06462 
-1.9213 0.95149 -0.0135259 -1.45967 -0.0558727 2.38547 -1.06462 
-1.92129 0.951652 -0.013528 -1.45951 -0.0558762 2.38547 -1.06461 
-1.92129 0.951808 -0.0135275 -1.45933 -0.0558715 2.38547 -1.06462 
-1.92131 0.951944 -0.0135326 -1.45915 -0.0558727 2.38547 -1.06462 
-1.92133 0.952073 -0.0135327 -1.45903 -0.0558727 2.38547 -1.06462 
-1.92134 0.952179 -0.0135329 -1.45899 -0.0558715 2.38547 -1.06462 
-1.92138 0.952286 -0.0135413 -1.45897 -0.0558715 2.38547 -1.06462 
-1.92143 0.952384 -0.0135407 -1.45893 -0.0558727 2.38547 -1.06462 
-1.92147 0.952444 -0.0135403 -1.45891 -0.0558721 2.38547 -1.06462 
-1.9215 0.952503 -0.0135417 -1.45889 -0.0558721 2.38547 -1.06462 
-1.92153 0.952558 -0.0135403 -1.45887 -0.0558733 2.38547 -1.06462 
-1.92155 0.952574 -0.0135431 -1.45885 -0.0558715 2.38547 -1.06462 
-1.92154 0.952565 -0.013537 -1.45881 -0.0558721 2.38547 -1.06462 
-1.92152 0.952575 -0.0135338 -1.45872 -0.0558721 2.38547 -1.06462 
-1.92152 0.952573 -0.0135286 -1.45864 -0.0558727 2.38547 -1.06462 
-1.92152 0.952575 -0.0135269 -1.45854 -0.0558721 2.38547 -1.06462 
-1.9215 0.95257 -0.0135218 -1.45841 -0.0558733 2.38547 -1.06462 
-1.9215 0.952571 -0.0135184 -1.45833 -0.0558708 2.38547 -1.06462 
-1.92151 0.95257 -0.0135258 -1.45831 -0.0558721 2.38547 -1.06462 
-1.92151 0.952565 -0.0135222 -1.45829 -0.0558721 2.38547 -1.06462 
-1.9215 0.952568 -0.0135222 -1.45828 -0.0558751 2.38547 -1.06462 
-1.92151 0.952565 -0.0135222 -1.45828 -0.0558727 2.38547 -1.06462 
-1.92151 0.95253 -0.0135265 -1.45826 -0.0558727 2.38547 -1.06462 
-1.92151 0.952526 -0.0135222 -1.45818 -0.0558721 2.38547 -1.06462 
-1.92151 0.952524 -0.0135251 -1.45816 -0.0558715 2.38547 -1.06462 
-1.92151 0.952501 -0.0135222 -1.45814 -0.0558746 2.38547 -1.06463 
-1.92147 0.952476 -0.0135104 -1.45812 -0.055874 2.38547 -1.06462 
-1.92144 0.952465 -0.0135243 -1.45805 -0.0558759 2.38547 -1.06462 
-1.92145 0.952453 -0.0135316 -1.458 -0.055874 2.38546 -1.06462 
-1.92149 0.952424 -0.0135468 -1.45799 -0.0558759 2.38546 -1.06462 
-1.92153 0.952408 -0.0135413 -1.458 -0.0558695 2.38546 -1.06462 
-1.92152 0.952408 -0.0135403 -1.458 -0.0558685 2.38546 -1.06462 
-1.92152 0.952396 -0.0135423 -1.458 -0.0558666 2.38546 -1.06461 
-1.92153 0.952382 -0.0135418 -1.458 -0.0558715 2.38545 -1.06462 
-1.92151 0.952367 -0.013541 -1.458 -0.0558727 2.38545 -1.06462 
-1.92151 0.952359 -0.0135412 -1.458 -0.0558727 2.38545 -1.06462 
-1.92152 0.952317 -0.0135434 -1.458 -0.0558721 2.38545 -1.06462 
-1.92151 0.952221 -0.0135445 -1.45799 -0.0558727 2.38545 -1.06461 
-1.92151 0.952122 -0.013541 -1.458 -0.0558695 2.38545 -1.06462 
-1.92151 0.952025 -0.0135422 -1.458 -0.0558691 2.38545 -1.06461 
-1.9215 0.95191 -0.0135403 -1.458 -0.0558681 2.38545 -1.06462 
-1.92149 0.951799 -0.0135301 -1.458 -0.0558667 2.38544 -1.06462 
-1.92147 0.951697 -0.0135306 -1.458 -0.0558688 2.38545 -1.06461 
-1.92147 0.951572 -0.0135259 -1.458 -0.0558689 2.38544 -1.06462 
-1.92147 0.951458 -0.0135237 -1.458 -0.0558727 2.38544 -1.06461 
-1.92144 0.951314 -0.013522 -1.458 -0.0558727 2.38544 -1.06461 
-1.92144 0.951201 -0.0135226 -1.458 -0.0558715 2.38542 -1.06462 
-1.92142 0.951096 -0.0135206 -1.458 -0.0558733 2.38541 -1.06462 
-1.9214 0.95099 -0.0135205 -1.458 -0.055874 2.38539 -1.06461 
-1.92137 0.950908 -0.0135244 -1.458 -0.0558746 2.38539 -1.06462 
-1.92134 0.950813 -0.0135307 -1.45801 -0.0558733 2.38539 -1.06462 
-1.92134 0.950743 -0.0135254 -1.45801 -0.0558727 2.38537 -1.06462 
-1.92135 0.950713 -0.0135274 -1.45802 -0.0558733 2.38534 -1.06461 
-1.92135 0.950692 -0.0135358 -1.45802 -0.0558733 2.3852 -1.06462 
-1.92136 0.950673 -0.0135349 -1.45802 -0.0558733 2.38504 -1.06462 
-1.92136 0.950663 -0.0135407 -1.45803 -0.0558733 2.38501 -1.06461 
-1.92137 0.950637 -0.0135471 -1.45804 -0.055874 2.38499 -1.06461 
-1.92138 0.950614 -0.0135489 -1.45805 -0.0558733 2.38492 -1.06461 
-1.92138 0.950602 -0.0135535 -1.45805 -0.0558715 2.38472 -1.06461 
-1.92139 0.950569 -0.0135684 -1.45805 -0.0558721 2.38467 -1.06461 
-1.92141 0.950517 -0.0135774 -1.45807 -0.0558652 2.38462 -1.06462 
-1.92142 0.950461 -0.0135771 -1.45811 -0.0558647 2.38457 -1.06461 
-1.92141 0.950364 -0.0135746 -1.45815 -0.0558647 2.38456 -1.06461 
-1.92142 0.950217 -0.0135754 -1.45817 -0.0558605 2.38455 -1.06461 
-1.92141 0.950064 -0.0135691 -1.4582 -0.0558546 2.38453 -1.06461 
-1.9214 0.949874 -0.013567 -1.45821 -0.0558559 2.38452 -1.0646 
-1.92138 0.949693 -0.0135657 -1.45825 -0.0558567 2.38451 -1.0646 
-1.92137 0.949537 -0.0135595 -1.45832 -0.0558585 2.38449 -1.06461 
-1.92136 0.949415 -0.0135589 -1.45841 -0.0558587 2.38448 -1.0646 
-1.92136 0.949339 -0.0135589 -1.45848 -0.0558558 2.38447 -1.06461 
-1.92137 0.94933 -0.0135625 -1.45852 -0.0558552 2.38448 -1.0646 
-1.92137 0.949324 -0.0135625 -1.45853 -0.0558544 2.38447 -1.0646 
-1.92136 0.949312 -0.0135589 -1.45854 -0.0558596 2.38447 -1.0646 
-1.92136 0.949299 -0.0135584 -1.45856 -0.05586 2.38447 -1.0646 
-1.92137 0.949284 -0.0135642 -1.45858 -0.0558578 2.38447 -1.0646 
-1.92137 0.949264 -0.013561 -1.45861 -0.0558569 2.38447 -1.0646 
-1.92135 0.949247 -0.0135589 -1.45862 -0.0558606 2.38447 -1.0646 
-1.92134 0.949202 -0.0135564 -1.45862 -0.0558572 2.38447 -1.0646 
-1.92133 0.949125 -0.0135504 -1.45862 -0.0558572 2.38446 -1.0646 
-1.92131 0.949028 -0.0135394 -1.45861 -0.055861 2.38447 -1.0646 
-1.92122 0.948894 -0.0135372 -1.45861 -0.0558664 2.38448 -1.0646 
-1.92111 0.948708 -0.0135446 -1.45861 -0.055867 2.38447 -1.0646 
-1.92103 0.948522 -0.0135495 -1.45862 -0.0558762 2.38442 -1.0646 
-1.92098 0.94839 -0.0135563 -1.45861 -0.0558743 2.38411 -1.0646 
-1.92096 0.948328 -0.0135529 -1.45861 -0.0558743 2.3839 -1.0646 
-1.92095 0.948334 -0.0135538 -1.45861 -0.0558743 2.3839 -1.0646 
-1.92094 0.948361 -0.0135476 -1.45861 -0.0558762 2.3839 -1.0646 
-1.92089 0.948374 -0.0135529 -1.45861 -0.0558762 2.3839 -1.0646 
-1.92086 0.948368 -0.0135561 -1.45861 -0.0558773 2.3839 -1.0646 
-1.92085 0.948359 -0.0135578 -1.4586 -0.0558756 2.38391 -1.0646 
-1.92085 0.948361 -0.0135576 -1.4586 -0.0558792 2.38391 -1.0646 
-1.92084 0.948356 -0.0135578 -1.45859 -0.055879 2.38391 -1.0646 
-1.92082 0.948352 -0.0135554 -1.45858 -0.055883 2.38391 -1.0646 
-1.92082 0.948343 -0.0135595 -1.45857 -0.055883 2.38392 -1.0646 
-1.92082 0.948347 -0.0135595 -1.45856 -0.055883 2.38392 -1.0646 
-1.92081 0.948346 -0.0135561 -1.45856 -0.0558816 2.38392 -1.0646 
-1.9208 0.948332 -0.0135561 -1.45855 -0.0558815 2.38392 -1.0646 
-1.92079 0.948327 -0.0135504 -1.45854 -0.0558836 2.38392 -1.0646 
-1.92078 0.948328 -0.013556 -1.45853 -0.0558836 2.38393 -1.0646 
-1.92078 0.94833 -0.0135511 -1.45853 -0.0558816 2.38393 -1.0646 
-1.92075 0.948318 -0.013538 -1.45852 -0.0558836 2.38393 -1.0646 
-1.92066 0.948297 -0.0135414 -1.45852 -0.0558824 2.38392 -1.0646 
-1.92056 0.948293 -0.0135391 -1.45852 -0.0558816 2.38391 -1.0646 
-1.92047 0.948284 -0.0135361 -1.45852 -0.055884 2.38391 -1.0646 
-1.92035 0.948254 -0.0135381 -1.45852 -0.0558896 2.38389 -1.0646 
-1.92025 0.948195 -0.0135499 -1.45853 -0.0558903 2.38385 -1.0646 
-1.92022 0.948118 -0.013557 -1.45854 -0.0558884 2.38372 -1.0646 
-1.92024 0.948034 -0.0135672 -1.45854 -0.055887 2.38353 -1.0646 
-1.92027 0.947971 -0.0135976 -1.45855 -0.0558804 2.3834 -1.06459 
-1.92028 0.947918 -0.0137522 -1.45858 -0.0558779 2.38335 -1.06459 
-1.92033 0.947885 -0.013929 -1.45858 -0.0558779 2.38336 -1.06459 
-1.92047 0.947857 -0.0140285 -1.45857 -0.0558758 2.38337 -1.06459 
-1.92068 0.947857 -0.0140527 -1.45857 -0.0558494 2.38336 -1.06459 
-1.92084 0.947894 -0.0140299 -1.45861 -0.0558301 2.38335 -1.06458 
-1.92088 0.947903 -0.0140275 -1.45873 -0.0558254 2.38335 -1.06458 
-1.92087 0.947911 -0.0140355 -1.45885 -0.0558299 2.38336 -1.06458 
-1.92087 0.947929 -0.0140372 -1.45892 -0.0558293 2.38336 -1.06457 
-1.92088 0.947922 -0.0140384 -1.45896 -0.0558293 2.38335 -1.06457 
-1.92085 0.947937 -0.0140302 -1.45897 -0.0558361 2.38336 -1.06457 
-1.92082 0.94798 -0.014028 -1.45897 -0.055839 2.38336 -1.06457 
-1.92084 0.948001 -0.0140335 -1.45897 -0.0558405 2.38336 -1.06458 
-1.92084 0.948053 -0.0140318 -1.45897 -0.0558397 2.38336 -1.06458 
-1.92082 0.948151 -0.0140318 -1.45897 -0.0558414 2.38337 -1.06458 
-1.92082 0.948254 -0.0140315 -1.45896 -0.0558474 2.38338 -1.06458 
-1.92083 0.948403 -0.0140372 -1.45896 -0.0558472 2.38339 -1.06458 
-1.92085 0.948583 -0.0140367 -1.45895 -0.0558484 2.3834 -1.06458 
-1.92084 0.948768 -0.0140403 -1.45895 -0.0558491 2.38341 -1.06458 
-1.92085 0.94898 -0.0140456 -1.45894 -0.0558478 2.38342 -1.06458 
-1.92086 0.949119 -0.0140472 -1.45894 -0.0558484 2.38342 -1.06458 
-1.92085 0.949205 -0.0140392 -1.45894 -0.0558484 2.38342 -1.06458 
-1.9208 0.949243 -0.0140169 -1.45893 -0.0558472 2.38343 -1.06457 
-1.92074 0.949226 -0.0140155 -1.45892 -0.0558472 2.38344 -1.06457 
-1.92068 0.949174 -0.0140138 -1.45888 -0.0558465 2.38344 -1.06457 
-1.92062 0.949179 -0.013987 -1.45875 -0.0558465 2.38344 -1.06458 
-1.92054 0.949175 -0.0139434 -1.45861 -0.0558465 2.38345 -1.06458 
-1.92047 0.949115 -0.0138871 -1.45851 -0.0558472 2.38346 -1.06458 
-1.9204 0.949101 -0.0138328 -1.45837 -0.0558459 2.38345 -1.06457 
-1.92031 0.949089 -0.0137895 -1.45829 -0.0558465 2.38345 -1.06458 
-1.92024 0.949068 -0.013801 -1.4583 -0.0558478 2.38344 -1.06458 
-1.92024 0.94907 -0.0137988 -1.4583 -0.0558478 2.38343 -1.06458 
-1.92025 0.949065 -0.013795 -1.4583 -0.0558478 2.38343 -1.06458 
-1.92024 0.949054 -0.0137953 -1.4583 -0.0558472 2.38343 -1.06458 
-1.92024 0.949017 -0.0137969 -1.4583 -0.0558484 2.38343 -1.06458 
-1.92024 0.948917 -0.0137972 -1.45832 -0.0558498 2.38342 -1.06458 
-1.92023 0.948761 -0.0137969 -1.45833 -0.0558518 2.3834 -1.06458 
-1.92022 0.948546 -0.0138071 -1.45838 -0.0558633 2.38337 -1.06458 
-1.92024 0.948292 -0.0138233 -1.45851 -0.0558687 2.38335 -1.06458 
-1.92026 0.94792 -0.013848 -1.45878 -0.055868 2.38331 -1.06458 
-1.92026 0.947464 -0.0139173 -1.45913 -0.0558672 2.3833 -1.06457 
-1.92026 0.946953 -0.014001 -1.4594 -0.055868 2.3833 -1.06457 
-1.92028 0.946373 -0.0141164 -1.45964 -0.055868 2.38329 -1.06457 
-1.92029 0.945681 -0.0142517 -1.46007 -0.0558692 2.38319 -1.06458 
-1.9203 0.94488 -0.0143157 -1.46067 -0.0558705 2.38309 -1.06458 
-1.92027 0.943971 -0.0143043 -1.46133 -0.0558753 2.38307 -1.06458 
-1.92021 0.942997 -0.0142722 -1.46202 -0.0558816 2.38301 -1.06458 
-1.92013 0.941989 -0.0142492 -1.46278 -0.0558807 2.38287 -1.06458 
-1.92003 0.940949 -0.0142452 -1.46365 -0.055882 2.38276 -1.06458 
-1.91996 0.939881 -0.0142428 -1.46474 -0.0558795 2.38269 -1.06458 
-1.91994 0.938951 -0.0142385 -1.46579 -0.0558768 2.38272 -1.06458 
-1.91992 0.938128 -0.0141841 -1.46638 -0.0558695 2.38276 -1.06458 
-1.91988 0.937427 -0.014049 -1.4666 -0.0558714 2.38273 -1.06458 
-1.91977 0.936633 -0.0140523 -1.46702 -0.0558725 2.38272 -1.06457 
-1.91973 0.935658 -0.0140508 -1.46778 -0.0558689 2.38273 -1.06457 
-1.9197 0.934561 -0.0140426 -1.46865 -0.0558676 2.38274 -1.06457 
-1.91966 0.933577 -0.014041 -1.46934 -0.0558689 2.38274 -1.06456 
-1.91961 0.932723 -0.0140485 -1.4699 -0.055865 2.38274 -1.06456 
-1.91959 0.931903 -0.0140505 -1.47047 -0.0558658 2.38274 -1.06454 
-1.9196 0.931194 -0.0140631 -1.47103 -0.0558603 2.38275 -1.06453 
-1.91963 0.930689 -0.0140797 -1.47135 -0.0558602 2.38275 -1.06452 
-1.91965 0.930465 -0.0140971 -1.47149 -0.0558596 2.38274 -1.0645 
-1.91965 0.930499 -0.0141374 -1.47154 -0.0558602 2.38275 -1.0645 
-1.91965 0.930578 -0.0141656 -1.47166 -0.0558611 2.38275 -1.06449 
-1.91966 0.930564 -0.0141782 -1.47192 -0.0558566 2.38275 -1.06449 
-1.91965 0.930552 -0.014171 -1.4721 -0.055857 2.38276 -1.06449 
-1.9196 0.930531 -0.0141532 -1.4721 -0.0558575 2.38276 -1.06447 
-1.91955 0.930472 -0.0141433 -1.47208 -0.0558556 2.38277 -1.06448 
-1.91952 0.930462 -0.0141416 -1.47207 -0.0558567 2.38277 -1.06449 
-1.91951 0.930511 -0.0141469 -1.4721 -0.0558609 2.38277 -1.06448 
-1.91953 0.930592 -0.0141571 -1.47214 -0.0558602 2.38277 -1.06448 
-1.91955 0.930722 -0.0141618 -1.47223 -0.0558635 2.38277 -1.06448 
-1.91954 0.930954 -0.0141565 -1.47239 -0.0558635 2.38277 -1.06447 
-1.91954 0.931269 -0.0141601 -1.47253 -0.0558641 2.38277 -1.06448 
-1.91956 0.931742 -0.0141717 -1.47264 -0.0558622 2.38276 -1.06448 
-1.9196 0.932369 -0.0142055 -1.4727 -0.0558641 2.38277 -1.06448 
-1.91966 0.933095 -0.0142825 -1.4727 -0.0558628 2.38277 -1.06448 
-1.91978 0.933898 -0.0143335 -1.4727 -0.0558635 2.38277 -1.06448 
-1.91993 0.934711 -0.0143263 -1.47266 -0.0558602 2.38282 -1.06448 
-1.91999 0.935374 -0.0142929 -1.47247 -0.0558592 2.38366 -1.06448 
-1.91994 0.935763 -0.0142911 -1.47237 -0.0558569 2.38418 -1.06448 
-1.91991 0.935843 -0.0142658 -1.47238 -0.055854 2.38417 -1.06448 
-1.91985 0.935788 -0.0142702 -1.47235 -0.0558535 2.38417 -1.06448 
-1.91982 0.935744 -0.0142728 -1.47222 -0.0558523 2.38415 -1.06448 
-1.91981 0.935743 -0.0142679 -1.472 -0.0558523 2.38415 -1.06448 
-1.9198 0.935751 -0.0142701 -1.47182 -0.0558529 2.38415 -1.06448 
-1.91981 0.935758 -0.0142717 -1.47174 -0.0558523 2.38415 -1.06448 
-1.91982 0.935778 -0.0142745 -1.47168 -0.0558523 2.38416 -1.06448 
-1.91981 0.935801 -0.0142683 -1.47163 -0.05585 2.38415 -1.06448 
-1.91979 0.935848 -0.0142581 -1.47159 -0.0558462 2.38416 -1.06448 
-1.91977 0.93588 -0.0142373 -1.47155 -0.0558474 2.38416 -1.06448 
-1.91976 0.935918 -0.0141975 -1.47153 -0.0558456 2.38416 -1.06448 
-1.91975 0.93599 -0.014135 -1.47151 -0.0558447 2.38416 -1.06448 
-1.91972 0.936121 -0.0140893 -1.47147 -0.0558456 2.38416 -1.06448 
-1.91969 0.936279 -0.0140569 -1.47142 -0.0558468 2.38416 -1.06448 
-1.91967 0.936481 -0.0140506 -1.47133 -0.0558462 2.38416 -1.06448 
-1.91966 0.936761 -0.0140548 -1.47121 -0.0558456 2.38416 -1.06448 
-1.91967 0.937119 -0.0140598 -1.47105 -0.0558456 2.38416 -1.06448 
-1.91968 0.937534 -0.0140626 -1.4708 -0.0558456 2.38416 -1.06448 
-1.91969 0.938054 -0.0140674 -1.47038 -0.0558403 2.38416 -1.06448 
-1.9197 0.938651 -0.0140675 -1.46979 -0.0558426 2.38416 -1.06448 
-1.91971 0.939268 -0.0140755 -1.4691 -0.0558431 2.38417 -1.06448 
-1.91972 0.93988 -0.0140791 -1.46833 -0.0558394 2.38416 -1.06448 
-1.91971 0.940331 -0.0140738 -1.46772 -0.0558433 2.38416 -1.06448 
-1.91969 0.940646 -0.0140617 -1.46727 -0.0558452 2.38415 -1.06449 
-1.91967 0.940873 -0.0140537 -1.46696 -0.0558428 2.38415 -1.06448 
-1.91965 0.940987 -0.0140522 -1.46679 -0.0558419 2.38416 -1.06448 
-1.91963 0.940989 -0.014057 -1.46676 -0.0558466 2.38415 -1.06449 
-1.91963 0.940981 -0.0140606 -1.46676 -0.0558457 2.38415 -1.06448 
-1.91965 0.94099 -0.014063 -1.46676 -0.0558459 2.38414 -1.06448 
-1.91965 0.940981 -0.0140655 -1.46676 -0.055848 2.38413 -1.06448 
-1.91964 0.940981 -0.0140622 -1.46676 -0.0558487 2.38412 -1.06448 
-1.91963 0.940984 -0.0140573 -1.46676 -0.0558481 2.38411 -1.06448 
-1.91964 0.940977 -0.014059 -1.46677 -0.0558481 2.38411 -1.06448 
-1.91964 0.940963 -0.014059 -1.46677 -0.0558468 2.38409 -1.06448 
-1.91965 0.940962 -0.0140615 -1.46677 -0.0558401 2.38408 -1.06449 
-1.91966 0.940963 -0.0140759 -1.46678 -0.0558474 2.38404 -1.06448 
-1.91969 0.940963 -0.0140787 -1.46679 -0.0558474 2.38392 -1.06448 
-1.91971 0.940959 -0.0140819 -1.46679 -0.0558455 2.38388 -1.06448 
-1.91973 0.940957 -0.0140936 -1.4668 -0.0558423 2.38387 -1.06448 
-1.91977 0.940959 -0.0140908 -1.46681 -0.0558473 2.38386 -1.06448 
-1.91981 0.940964 -0.0140866 -1.46682 -0.0558442 2.38385 -1.06448 
-1.91981 0.940958 -0.0140868 -1.46683 -0.0558418 2.38384 -1.06448 
-1.91982 0.940949 -0.0140902 -1.46683 -0.0558456 2.38383 -1.06448 
-1.91983 0.940951 -0.0140961 -1.46683 -0.0558454 2.38381 -1.06448 
-1.91984 0.940951 -0.0140968 -1.46684 -0.0558466 2.3838 -1.06448 
-1.91985 0.940926 -0.0141 -1.46684 -0.0558423 2.38379 -1.06448 
-1.91986 0.940911 -0.0141015 -1.46683 -0.0558419 2.3838 -1.06448 
-1.91987 0.940907 -0.0141233 -1.46683 -0.0558402 2.38379 -1.06448 
-1.91989 0.940897 -0.014161 -1.46682 -0.0558394 2.3838 -1.06448 
-1.91989 0.940868 -0.0141794 -1.46682 -0.0558412 2.3838 -1.06447 
-1.91988 0.940847 -0.0141835 -1.46681 -0.0558411 2.3838 -1.06447 
-1.91986 0.940855 -0.0141769 -1.46681 -0.0558411 2.38381 -1.06448 
-1.91986 0.940856 -0.0141713 -1.4668 -0.0558411 2.38381 -1.06447 
-1.91984 0.940835 -0.0141569 -1.46679 -0.0558423 2.38382 -1.06448 
-1.91981 0.940821 -0.0141431 -1.46678 -0.0558417 2.38382 -1.06448 
-1.91981 0.940825 -0.0141476 -1.46678 -0.0558429 2.38382 -1.06448 
-1.91987 0.940818 -0.0141703 -1.46677 -0.0558417 2.38383 -1.06448 
-1.91988 0.940788 -0.0141908 -1.46676 -0.0558411 2.38383 -1.06448 
-1.91987 0.940775 -0.0141832 -1.46675 -0.0558417 2.38383 -1.06448 
-1.91987 0.940775 -0.0141857 -1.46675 -0.0558423 2.38383 -1.06448 
-1.91989 0.94077 -0.0141962 -1.46675 -0.0558384 2.38384 -1.06447 
-1.91991 0.940741 -0.0142099 -1.46673 -0.0558378 2.38384 -1.06448 
-1.91993 0.94069 -0.0142233 -1.46669 -0.0558347 2.38385 -1.06448 
-1.91994 0.940619 -0.0142333 -1.46665 -0.0558347 2.38386 -1.06448 
-1.91995 0.940541 -0.0142449 -1.46659 -0.0558334 2.38386 -1.06448 
-1.91996 0.940454 -0.0142582 -1.46657 -0.0558334 2.38387 -1.06447 
-1.91997 0.940348 -0.0142557 -1.46653 -0.055834 2.38387 -1.06447 
-1.91995 0.940295 -0.0142468 -1.46651 -0.0558347 2.38387 -1.06447 
-1.91993 0.940303 -0.0142337 -1.46652 -0.0558366 2.38387 -1.06448 
-1.91993 0.940313 -0.014233 -1.46652 -0.0558366 2.38387 -1.06447 
-1.91993 0.940305 -0.0142366 -1.46652 -0.0558347 2.38387 -1.06447 
-1.91991 0.940294 -0.0142277 -1.46652 -0.0558359 2.38387 -1.06447 
-1.91988 0.940286 -0.0141985 -1.46651 -0.0558378 2.38388 -1.06447 
-1.91984 0.940283 -0.0141784 -1.46651 -0.0558378 2.38388 -1.06447 
-1.91983 0.940273 -0.01417 -1.46651 -0.0558404 2.38388 -1.06447 
-1.91985 0.940268 -0.0141806 -1.46652 -0.0558384 2.38388 -1.06448 
-1.91986 0.940279 -0.0141858 -1.46652 -0.0558398 2.38387 -1.06448 
-1.91984 0.940279 -0.0141753 -1.46652 -0.0558417 2.38388 -1.06447 
-1.91983 0.940264 -0.01417 -1.46651 -0.0558423 2.38388 -1.06448 
-1.91984 0.94026 -0.0141696 -1.46651 -0.0558411 2.38388 -1.06447 
-1.91984 0.940265 -0.0141806 -1.4665 -0.0558436 2.38388 -1.06447 
-1.91987 0.940235 -0.0141911 -1.46649 -0.0558429 2.38389 -1.06448 
-1.91987 0.940218 -0.0141911 -1.46646 -0.0558423 2.38389 -1.06447 
-1.91985 0.940222 -0.0141878 -1.46646 -0.0558436 2.38388 -1.06447 
-1.91985 0.940227 -0.0141825 -1.46647 -0.0558449 2.38388 -1.06448 
-1.91985 0.940217 -0.0141842 -1.46646 -0.0558436 2.38389 -1.06447 
-1.91986 0.940222 -0.0141858 -1.46646 -0.0558423 2.38389 -1.06447 
-1.91986 0.94022 -0.0141878 -1.46646 -0.0558429 2.38388 -1.06448 
-1.91985 0.94022 -0.0141844 -1.46646 -0.0558429 2.38388 -1.06448 
-1.91985 0.940219 -0.0141842 -1.46646 -0.0558429 2.38389 -1.06447 
-1.91985 0.940215 -0.0141858 -1.46646 -0.0558429 2.38389 -1.06448 
-1.91986 0.94022 -0.0141895 -1.46646 -0.0558436 2.38388 -1.06448 
-1.91985 0.940215 -0.0141858 -1.46646 -0.0558429 2.38389 -1.06447 
-1.91986 0.940213 -0.0141858 -1.46646 -0.0558436 2.38389 -1.06447 
-1.91985 0.940214 -0.0141858 -1.46646 -0.0558436 2.38389 -1.06448 
-1.91986 0.940219 -0.0141858 -1.46646 -0.0558423 2.38389 -1.06448 
-1.91986 0.940214 -0.0141858 -1.46646 -0.0558423 2.38389 -1.06447 
-1.91985 0.940216 -0.0141858 -1.46646 -0.0558423 2.38389 -1.06447 
-1.91986 0.940217 -0.0141878 -1.46646 -0.0558436 2.38388 -1.06447 
-1.91986 0.940214 -0.0141858 -1.46646 -0.0558436 2.38389 -1.06448 
-1.91985 0.94021 -0.0141858 -1.46645 -0.0558436 2.38389 -1.06447 
-1.91986 0.940209 -0.0141842 -1.46646 -0.0558429 2.38388 -1.06447 
-1.91986 0.940212 -0.0141878 -1.46646 -0.0558442 2.38389 -1.06447 
-1.91985 0.940211 -0.0141842 -1.46646 -0.0558423 2.38389 -1.06448 
-1.91986 0.940211 -0.0141858 -1.46646 -0.0558417 2.38388 -1.06447 
-1.91986 0.940211 -0.0141878 -1.46646 -0.0558436 2.38389 -1.06448 
-1.91987 0.940212 -0.0141895 -1.46646 -0.0558442 2.38389 -1.06447 
-1.91987 0.940214 -0.0141931 -1.46646 -0.0558429 2.38389 -1.06448 
-1.91986 0.940212 -0.0141878 -1.46645 -0.0558429 2.38389 -1.06448 
-1.91984 0.940212 -0.0141825 -1.46645 -0.0558429 2.38389 -1.06448 
-1.91984 0.940211 -0.0141806 -1.46645 -0.0558423 2.38389 -1.06448 
-1.91985 0.94021 -0.0141842 -1.46645 -0.0558429 2.38389 -1.06448 
-1.91987 0.940206 -0.0141931 -1.46645 -0.0558411 2.38389 -1.06448 
-1.91988 0.940213 -0.0141948 -1.46646 -0.0558429 2.38389 -1.06448 
