-3.258 -1.095 -1.608 -2.052 1.578 -2.374
-3.258 -1.095 -1.608 -2.052 1.578 -2.374
-3.258 -1.095 -1.608 -2.052 1.578 -2.374
-3.258 -1.095 -1.608 -2.052 1.578 -2.374
-3.258 -1.095 -1.608 -2.052 1.578 -2.374
-3.258 -1.095 -1.608 -2.052 1.578 -2.374
-3.258 -1.095 -1.608 -2.052 1.578 -2.374
-3.258 -1.103 -1.611 -2.052 1.578 -2.374
-3.258 -1.116 -1.613 -2.052 1.578 -2.374
-3.258 -1.133 -1.613 -2.052 1.578 -2.374
-3.258 -1.156 -1.613 -2.048 1.578 -2.374
-3.258 -1.187 -1.613 -2.048 1.578 -2.374
-3.258 -1.223 -1.613 -2.048 1.578 -2.374
-3.258 -1.266 -1.613 -2.047 1.578 -2.374
-3.258 -1.315 -1.613 -2.046 1.578 -2.374
-3.258 -1.359 -1.613 -2.014 1.578 -2.374
-3.258 -1.401 -1.613 -1.905 1.578 -2.374
-3.258 -1.432 -1.613 -1.807 1.578 -2.374
-3.258 -1.462 -1.613 -1.724 1.579 -2.374
-3.258 -1.492 -1.615 -1.678 1.579 -2.374
-3.258 -1.526 -1.615 -1.677 1.579 -2.374
-3.258 -1.563 -1.619 -1.675 1.579 -2.374
-3.259 -1.593 -1.629 -1.675 1.579 -2.374
-3.259 -1.622 -1.642 -1.644 1.579 -2.374
-3.259 -1.655 -1.665 -1.520 1.579 -2.374
-3.259 -1.681 -1.702 -1.412 1.579 -2.374
-3.259 -1.697 -1.753 -1.323 1.579 -2.374
-3.260 -1.711 -1.827 -1.219 1.578 -2.374
-3.261 -1.726 -1.910 -1.132 1.578 -2.374
-3.261 -1.740 -1.984 -1.045 1.578 -2.374
-3.261 -1.757 -2.041 -0.976 1.578 -2.374
-3.262 -1.783 -2.081 -0.913 1.578 -2.374
-3.261 -1.826 -2.091 -0.862 1.578 -2.374
-3.261 -1.875 -2.091 -0.859 1.578 -2.374
-3.261 -1.924 -2.090 -0.840 1.579 -2.373
-3.261 -1.954 -2.087 -0.782 1.579 -2.373
-3.261 -1.967 -2.088 -0.701 1.579 -2.373
-3.261 -1.980 -2.097 -0.690 1.579 -2.373
-3.261 -1.987 -2.104 -0.690 1.579 -2.373
-3.261 -1.989 -2.111 -0.690 1.579 -2.373
-3.261 -1.993 -2.112 -0.690 1.579 -2.373
-3.261 -1.996 -2.112 -0.688 1.579 -2.373
-3.261 -1.998 -2.112 -0.688 1.579 -2.373
-3.261 -1.999 -2.112 -0.688 1.579 -2.373
-3.261 -2.005 -2.112 -0.688 1.579 -2.373
-3.261 -2.006 -2.112 -0.688 1.579 -2.373
-3.261 -2.006 -2.114 -0.688 1.579 -2.373
-3.261 -2.006 -2.122 -0.688 1.579 -2.373
-3.261 -2.006 -2.124 -0.682 1.579 -2.373
-3.260 -2.006 -2.123 -0.681 1.579 -2.373
-3.260 -2.006 -2.123 -0.681 1.579 -2.373
-3.260 -2.006 -2.122 -0.681 1.579 -2.373
-3.260 -2.006 -2.122 -0.681 1.579 -2.373
-3.260 -2.006 -2.122 -0.681 1.579 -2.373
-3.260 -2.006 -2.122 -0.681 1.579 -2.373
-3.260 -2.006 -2.122 -0.681 1.579 -2.373
-3.260 -2.006 -2.122 -0.681 1.579 -2.373
-3.260 -2.006 -2.122 -0.681 1.579 -2.373
-3.260 -2.006 -2.121 -0.681 1.579 -2.373
-3.260 -2.006 -2.119 -0.681 1.579 -2.373
-3.260 -2.006 -2.119 -0.681 1.579 -2.373
-3.260 -2.006 -2.118 -0.681 1.579 -2.373
-3.260 -2.010 -2.118 -0.681 1.579 -2.373
-3.260 -2.016 -2.118 -0.681 1.579 -2.373
-3.260 -2.016 -2.116 -0.681 1.579 -2.373
-3.260 -2.016 -2.116 -0.680 1.579 -2.373
-3.260 -2.016 -2.116 -0.680 1.579 -2.373
-3.260 -2.016 -2.116 -0.680 1.579 -2.373
-3.260 -2.016 -2.116 -0.680 1.579 -2.373
-3.260 -2.016 -2.116 -0.681 1.579 -2.373
-3.260 -2.016 -2.116 -0.682 1.579 -2.373
-3.260 -2.016 -2.116 -0.682 1.578 -2.373
-3.260 -2.016 -2.117 -0.682 1.578 -2.373
-3.260 -2.016 -2.117 -0.682 1.578 -2.373
-3.260 -2.016 -2.117 -0.682 1.578 -2.373
-3.260 -2.016 -2.117 -0.682 1.578 -2.373
-3.260 -2.016 -2.117 -0.682 1.578 -2.373
-3.260 -2.016 -2.117 -0.682 1.578 -2.373
-3.260 -2.016 -2.117 -0.682 1.578 -2.373
-3.260 -2.016 -2.117 -0.682 1.578 -2.373
-3.260 -2.016 -2.117 -0.682 1.578 -2.373
