-2.795 -1.395 -1.464 -1.829 1.578 -2.373
-2.795 -1.395 -1.464 -1.829 1.578 -2.373
-2.795 -1.395 -1.464 -1.829 1.578 -2.373
-2.795 -1.395 -1.464 -1.829 1.578 -2.373
-2.795 -1.395 -1.464 -1.829 1.578 -2.373
-2.795 -1.395 -1.464 -1.829 1.578 -2.373
-2.795 -1.395 -1.464 -1.829 1.578 -2.373
-2.795 -1.395 -1.464 -1.829 1.578 -2.373
-2.795 -1.395 -1.464 -1.829 1.578 -2.373
-2.795 -1.395 -1.465 -1.830 1.578 -2.373
-2.796 -1.395 -1.481 -1.830 1.569 -2.373
-2.799 -1.402 -1.510 -1.828 1.567 -2.373
-2.804 -1.409 -1.541 -1.827 1.537 -2.373
-2.810 -1.412 -1.571 -1.827 1.459 -2.373
-2.816 -1.412 -1.600 -1.827 1.416 -2.373
-2.830 -1.415 -1.637 -1.827 1.414 -2.373
-2.847 -1.420 -1.673 -1.821 1.414 -2.373
-2.869 -1.426 -1.708 -1.808 1.415 -2.373
-2.899 -1.434 -1.738 -1.731 1.422 -2.373
-2.938 -1.443 -1.767 -1.599 1.493 -2.373
-2.981 -1.455 -1.795 -1.479 1.597 -2.373
-3.031 -1.477 -1.832 -1.398 1.683 -2.373
-3.071 -1.499 -1.868 -1.341 1.698 -2.374
-3.097 -1.522 -1.904 -1.266 1.695 -2.375
-3.116 -1.553 -1.938 -1.181 1.694 -2.375
-3.130 -1.592 -1.971 -1.114 1.670 -2.375
-3.141 -1.627 -1.994 -1.072 1.589 -2.375
-3.147 -1.656 -2.011 -1.076 1.520 -2.375
-3.152 -1.677 -2.014 -1.074 1.516 -2.375
-3.166 -1.701 -2.014 -1.074 1.527 -2.375
-3.185 -1.727 -2.014 -1.074 1.551 -2.375
-3.208 -1.753 -2.013 -1.052 1.568 -2.375
-3.230 -1.780 -2.015 -0.953 1.585 -2.375
-3.245 -1.814 -2.025 -0.875 1.602 -2.375
-3.258 -1.860 -2.043 -0.806 1.603 -2.375
-3.266 -1.897 -2.061 -0.725 1.603 -2.375
-3.270 -1.927 -2.095 -0.641 1.603 -2.375
-3.272 -1.939 -2.128 -0.572 1.602 -2.375
-3.271 -1.941 -2.148 -0.525 1.602 -2.375
-3.271 -1.949 -2.164 -0.524 1.602 -2.375
-3.271 -1.957 -2.171 -0.524 1.602 -2.375
-3.270 -1.968 -2.171 -0.524 1.602 -2.375
-3.265 -1.981 -2.171 -0.522 1.602 -2.375
-3.260 -1.990 -2.168 -0.522 1.602 -2.375
-3.258 -1.999 -2.168 -0.522 1.600 -2.375
-3.256 -2.005 -2.168 -0.522 1.598 -2.375
-3.256 -2.005 -2.168 -0.522 1.598 -2.375
-3.256 -2.005 -2.168 -0.522 1.596 -2.374
-3.257 -2.005 -2.169 -0.522 1.594 -2.374
-3.257 -2.005 -2.169 -0.522 1.590 -2.374
-3.257 -2.005 -2.169 -0.522 1.588 -2.374
-3.257 -2.005 -2.168 -0.522 1.589 -2.374
-3.257 -2.007 -2.168 -0.522 1.589 -2.374
-3.258 -2.011 -2.167 -0.522 1.589 -2.374
-3.258 -2.015 -2.162 -0.521 1.588 -2.374
-3.258 -2.018 -2.155 -0.522 1.588 -2.374
-3.258 -2.021 -2.157 -0.522 1.588 -2.374
-3.258 -2.022 -2.157 -0.522 1.588 -2.374
-3.259 -2.022 -2.157 -0.522 1.588 -2.374
-3.260 -2.022 -2.157 -0.522 1.588 -2.374
-3.260 -2.022 -2.158 -0.522 1.589 -2.374
-3.260 -2.021 -2.160 -0.522 1.589 -2.374
-3.260 -2.021 -2.161 -0.522 1.589 -2.374
-3.260 -2.021 -2.162 -0.522 1.589 -2.374
-3.260 -2.020 -2.163 -0.522 1.589 -2.374
-3.260 -2.020 -2.163 -0.522 1.589 -2.374
-3.260 -2.020 -2.163 -0.522 1.589 -2.374
-3.260 -2.020 -2.163 -0.522 1.589 -2.374
-3.260 -2.020 -2.163 -0.522 1.589 -2.374
-3.260 -2.020 -2.163 -0.522 1.589 -2.374
-3.260 -2.020 -2.163 -0.522 1.590 -2.374
-3.260 -2.020 -2.163 -0.522 1.590 -2.374
-3.260 -2.020 -2.163 -0.522 1.590 -2.374
-3.260 -2.020 -2.163 -0.522 1.590 -2.374
-3.260 -2.020 -2.163 -0.522 1.590 -2.374
-3.260 -2.020 -2.163 -0.522 1.590 -2.374
-3.260 -2.020 -2.163 -0.522 1.590 -2.374
-3.260 -2.020 -2.163 -0.522 1.590 -2.374
-3.260 -2.020 -2.163 -0.522 1.590 -2.374
-3.260 -2.020 -2.163 -0.522 1.590 -2.374
-3.260 -2.020 -2.163 -0.522 1.590 -2.374
-3.260 -2.020 -2.163 -0.522 1.590 -2.374
-3.260 -2.020 -2.163 -0.522 1.590 -2.374
-3.260 -2.020 -2.163 -0.522 1.590 -2.374
-3.260 -2.020 -2.163 -0.522 1.590 -2.374
-3.260 -2.020 -2.163 -0.522 1.590 -2.374
