-3.545 -1.293 -1.540 -1.850 1.614 -2.375
-3.545 -1.293 -1.540 -1.850 1.614 -2.375
-3.545 -1.293 -1.540 -1.850 1.614 -2.375
-3.545 -1.293 -1.540 -1.850 1.614 -2.375
-3.545 -1.293 -1.540 -1.850 1.614 -2.375
-3.545 -1.293 -1.540 -1.850 1.614 -2.375
-3.545 -1.293 -1.547 -1.850 1.614 -2.375
-3.545 -1.296 -1.558 -1.850 1.619 -2.375
-3.545 -1.303 -1.574 -1.849 1.620 -2.375
-3.544 -1.314 -1.587 -1.848 1.620 -2.375
-3.540 -1.329 -1.598 -1.847 1.620 -2.375
-3.538 -1.350 -1.608 -1.843 1.620 -2.375
-3.533 -1.374 -1.610 -1.842 1.620 -2.375
-3.525 -1.399 -1.610 -1.842 1.620 -2.375
-3.514 -1.423 -1.610 -1.842 1.620 -2.375
-3.498 -1.446 -1.610 -1.841 1.620 -2.375
-3.479 -1.465 -1.610 -1.837 1.620 -2.375
-3.454 -1.487 -1.610 -1.786 1.620 -2.373
-3.429 -1.510 -1.613 -1.729 1.620 -2.373
-3.412 -1.535 -1.617 -1.720 1.620 -2.373
-3.400 -1.563 -1.625 -1.717 1.621 -2.372
-3.388 -1.595 -1.633 -1.714 1.621 -2.372
-3.379 -1.627 -1.638 -1.680 1.621 -2.372
-3.372 -1.664 -1.644 -1.603 1.621 -2.372
-3.367 -1.699 -1.657 -1.544 1.621 -2.372
-3.363 -1.726 -1.673 -1.482 1.632 -2.372
-3.360 -1.752 -1.696 -1.406 1.701 -2.372
-3.356 -1.772 -1.718 -1.363 1.748 -2.372
-3.354 -1.789 -1.742 -1.367 1.732 -2.372
-3.354 -1.804 -1.767 -1.365 1.734 -2.372
-3.353 -1.821 -1.790 -1.362 1.733 -2.372
-3.353 -1.851 -1.808 -1.310 1.733 -2.371
-3.353 -1.883 -1.822 -1.168 1.724 -2.371
-3.351 -1.900 -1.859 -1.033 1.708 -2.370
-3.343 -1.893 -1.922 -0.958 1.709 -2.370
-3.331 -1.878 -1.986 -0.848 1.709 -2.370
-3.314 -1.877 -2.046 -0.744 1.696 -2.359
-3.296 -1.882 -2.097 -0.677 1.663 -2.342
-3.281 -1.884 -2.135 -0.619 1.597 -2.329
-3.265 -1.886 -2.166 -0.597 1.545 -2.329
-3.257 -1.895 -2.180 -0.603 1.549 -2.329
-3.255 -1.912 -2.181 -0.603 1.556 -2.329
-3.255 -1.937 -2.180 -0.594 1.551 -2.329
-3.255 -1.957 -2.179 -0.567 1.552 -2.329
-3.255 -1.974 -2.180 -0.505 1.552 -2.329
-3.255 -1.991 -2.184 -0.496 1.552 -2.329
-3.255 -1.999 -2.184 -0.493 1.551 -2.329
-3.255 -2.000 -2.184 -0.494 1.552 -2.329
-3.255 -2.004 -2.184 -0.494 1.552 -2.329
-3.255 -2.004 -2.184 -0.494 1.552 -2.329
-3.255 -2.004 -2.184 -0.494 1.553 -2.329
-3.254 -2.004 -2.183 -0.494 1.559 -2.329
-3.254 -2.004 -2.181 -0.494 1.558 -2.329
-3.254 -2.006 -2.181 -0.494 1.558 -2.329
-3.254 -2.007 -2.179 -0.494 1.558 -2.329
-3.254 -2.009 -2.178 -0.494 1.558 -2.329
-3.254 -2.010 -2.178 -0.494 1.558 -2.329
-3.254 -2.011 -2.176 -0.494 1.558 -2.329
-3.254 -2.013 -2.172 -0.495 1.558 -2.329
-3.254 -2.019 -2.172 -0.495 1.558 -2.329
-3.254 -2.020 -2.171 -0.495 1.558 -2.329
-3.253 -2.020 -2.171 -0.495 1.558 -2.329
-3.252 -2.020 -2.171 -0.495 1.558 -2.329
-3.250 -2.020 -2.171 -0.495 1.558 -2.329
-3.250 -2.020 -2.171 -0.495 1.558 -2.329
-3.250 -2.020 -2.171 -0.495 1.558 -2.329
-3.250 -2.020 -2.171 -0.495 1.557 -2.329
-3.250 -2.020 -2.172 -0.495 1.558 -2.329
-3.250 -2.020 -2.172 -0.495 1.558 -2.329
-3.250 -2.020 -2.172 -0.495 1.558 -2.329
-3.250 -2.020 -2.172 -0.495 1.557 -2.329
-3.250 -2.020 -2.173 -0.495 1.557 -2.329
-3.250 -2.020 -2.173 -0.495 1.557 -2.329
-3.250 -2.020 -2.173 -0.495 1.557 -2.329
-3.250 -2.020 -2.173 -0.495 1.557 -2.330
-3.250 -2.020 -2.173 -0.495 1.557 -2.330
-3.250 -2.020 -2.173 -0.495 1.557 -2.330
-3.250 -2.020 -2.173 -0.495 1.557 -2.330
-3.250 -2.020 -2.173 -0.495 1.557 -2.330
-3.250 -2.020 -2.173 -0.495 1.557 -2.330
-3.250 -2.020 -2.173 -0.495 1.557 -2.330
-3.250 -2.020 -2.173 -0.495 1.557 -2.330
-3.250 -2.020 -2.173 -0.495 1.557 -2.330
-3.250 -2.020 -2.173 -0.495 1.557 -2.330
-3.250 -2.020 -2.173 -0.495 1.557 -2.330
-3.250 -2.020 -2.173 -0.495 1.557 -2.330
-3.250 -2.020 -2.173 -0.495 1.557 -2.330
-3.250 -2.020 -2.173 -0.495 1.557 -2.330
-3.250 -2.020 -2.173 -0.495 1.557 -2.330
-3.250 -2.020 -2.173 -0.495 1.557 -2.330
-3.250 -2.020 -2.173 -0.495 1.557 -2.330
