-3.084 -1.318 -1.226 -2.098 1.555 -2.332
-3.084 -1.318 -1.226 -2.098 1.555 -2.332
-3.084 -1.318 -1.226 -2.098 1.555 -2.332
-3.084 -1.318 -1.226 -2.098 1.555 -2.332
-3.084 -1.318 -1.226 -2.098 1.555 -2.332
-3.084 -1.318 -1.226 -2.098 1.555 -2.332
-3.084 -1.319 -1.228 -2.098 1.555 -2.332
-3.084 -1.322 -1.231 -2.098 1.555 -2.332
-3.084 -1.332 -1.241 -2.098 1.555 -2.332
-3.084 -1.354 -1.254 -2.087 1.555 -2.332
-3.084 -1.384 -1.265 -2.051 1.555 -2.332
-3.085 -1.422 -1.275 -1.987 1.555 -2.332
-3.087 -1.470 -1.294 -1.914 1.556 -2.332
-3.091 -1.520 -1.319 -1.874 1.556 -2.332
-3.107 -1.573 -1.352 -1.844 1.556 -2.332
-3.131 -1.619 -1.388 -1.777 1.556 -2.332
-3.163 -1.666 -1.445 -1.672 1.569 -2.332
-3.201 -1.704 -1.517 -1.565 1.622 -2.332
-3.244 -1.736 -1.584 -1.469 1.690 -2.332
-3.296 -1.779 -1.650 -1.361 1.751 -2.332
-3.332 -1.825 -1.700 -1.267 1.765 -2.332
-3.341 -1.870 -1.746 -1.184 1.758 -2.332
-3.341 -1.896 -1.782 -1.111 1.757 -2.332
-3.341 -1.903 -1.822 -1.048 1.757 -2.332
-3.341 -1.903 -1.883 -0.997 1.756 -2.332
-3.341 -1.904 -1.950 -0.899 1.756 -2.332
-3.339 -1.905 -2.017 -0.776 1.753 -2.332
-3.334 -1.914 -2.092 -0.684 1.753 -2.332
-3.326 -1.924 -2.137 -0.619 1.753 -2.332
-3.314 -1.937 -2.146 -0.578 1.753 -2.332
-3.304 -1.954 -2.146 -0.586 1.727 -2.332
-3.292 -1.969 -2.145 -0.585 1.627 -2.332
-3.276 -1.974 -2.145 -0.585 1.564 -2.332
-3.263 -1.974 -2.145 -0.586 1.590 -2.332
-3.254 -1.980 -2.145 -0.586 1.614 -2.332
-3.254 -1.986 -2.147 -0.586 1.612 -2.332
-3.254 -1.992 -2.148 -0.586 1.612 -2.332
-3.255 -1.994 -2.148 -0.586 1.612 -2.332
-3.256 -1.996 -2.149 -0.586 1.612 -2.332
-3.257 -1.998 -2.154 -0.586 1.609 -2.332
-3.257 -1.999 -2.160 -0.585 1.585 -2.332
-3.257 -2.000 -2.161 -0.583 1.552 -2.332
-3.257 -2.003 -2.161 -0.580 1.556 -2.332
-3.256 -2.004 -2.159 -0.576 1.555 -2.332
-3.256 -2.004 -2.157 -0.577 1.555 -2.332
-3.256 -2.004 -2.157 -0.577 1.555 -2.332
-3.255 -2.005 -2.157 -0.577 1.555 -2.332
-3.255 -2.005 -2.157 -0.577 1.555 -2.332
-3.254 -2.006 -2.156 -0.577 1.555 -2.332
-3.254 -2.008 -2.155 -0.577 1.555 -2.332
-3.254 -2.008 -2.154 -0.577 1.555 -2.332
-3.254 -2.009 -2.152 -0.577 1.555 -2.332
-3.254 -2.009 -2.149 -0.577 1.555 -2.332
-3.254 -2.011 -2.147 -0.578 1.555 -2.332
-3.254 -2.018 -2.147 -0.579 1.555 -2.332
-3.254 -2.021 -2.147 -0.577 1.555 -2.332
-3.254 -2.021 -2.147 -0.577 1.555 -2.332
-3.254 -2.021 -2.147 -0.577 1.556 -2.332
-3.253 -2.021 -2.147 -0.577 1.556 -2.332
-3.252 -2.021 -2.147 -0.577 1.556 -2.332
-3.252 -2.021 -2.148 -0.578 1.556 -2.332
-3.251 -2.021 -2.150 -0.578 1.556 -2.332
-3.251 -2.020 -2.151 -0.578 1.556 -2.332
-3.251 -2.018 -2.151 -0.578 1.556 -2.332
-3.251 -2.018 -2.151 -0.578 1.556 -2.332
-3.251 -2.018 -2.151 -0.578 1.556 -2.332
-3.251 -2.018 -2.151 -0.578 1.555 -2.332
-3.251 -2.018 -2.151 -0.578 1.555 -2.332
-3.251 -2.018 -2.151 -0.578 1.555 -2.332
-3.251 -2.018 -2.149 -0.578 1.555 -2.332
-3.251 -2.018 -2.147 -0.578 1.555 -2.332
-3.251 -2.018 -2.147 -0.578 1.555 -2.332
-3.251 -2.018 -2.147 -0.578 1.555 -2.332
-3.251 -2.018 -2.147 -0.578 1.555 -2.332
-3.251 -2.018 -2.147 -0.578 1.555 -2.332
-3.251 -2.018 -2.147 -0.578 1.555 -2.332
-3.251 -2.018 -2.147 -0.578 1.555 -2.332
-3.251 -2.018 -2.147 -0.578 1.555 -2.332
-3.251 -2.018 -2.147 -0.578 1.555 -2.332
-3.251 -2.018 -2.147 -0.578 1.555 -2.332
-3.251 -2.018 -2.147 -0.578 1.555 -2.332
-3.251 -2.020 -2.147 -0.578 1.555 -2.332
