-3.268 -1.006 -1.682 -2.015 1.555 -2.337
-3.268 -1.006 -1.682 -2.015 1.555 -2.337
-3.268 -1.006 -1.682 -2.015 1.555 -2.337
-3.268 -1.006 -1.682 -2.015 1.555 -2.337
-3.268 -1.006 -1.682 -2.015 1.555 -2.337
-3.268 -1.006 -1.682 -2.015 1.555 -2.337
-3.268 -1.006 -1.682 -2.015 1.555 -2.337
-3.268 -1.006 -1.682 -2.015 1.555 -2.337
-3.268 -1.011 -1.686 -2.015 1.555 -2.337
-3.268 -1.028 -1.704 -2.015 1.555 -2.337
-3.268 -1.060 -1.723 -2.003 1.555 -2.337
-3.267 -1.101 -1.732 -1.967 1.555 -2.337
-3.267 -1.162 -1.733 -1.867 1.555 -2.337
-3.267 -1.229 -1.733 -1.783 1.555 -2.337
-3.267 -1.311 -1.733 -1.723 1.555 -2.337
-3.266 -1.395 -1.733 -1.654 1.555 -2.337
-3.267 -1.471 -1.733 -1.561 1.555 -2.337
-3.266 -1.542 -1.733 -1.455 1.555 -2.337
-3.267 -1.615 -1.733 -1.363 1.555 -2.337
-3.267 -1.681 -1.733 -1.313 1.555 -2.337
-3.267 -1.752 -1.733 -1.292 1.555 -2.337
-3.268 -1.816 -1.733 -1.261 1.555 -2.337
-3.268 -1.874 -1.733 -1.168 1.555 -2.337
-3.268 -1.916 -1.739 -1.056 1.556 -2.337
-3.268 -1.937 -1.767 -1.011 1.559 -2.337
-3.268 -1.941 -1.822 -1.012 1.560 -2.337
-3.268 -1.939 -1.885 -0.988 1.575 -2.337
-3.268 -1.939 -1.960 -0.863 1.625 -2.337
-3.268 -1.942 -2.034 -0.709 1.678 -2.337
-3.268 -1.944 -2.111 -0.592 1.686 -2.337
-3.268 -1.947 -2.166 -0.518 1.664 -2.337
-3.268 -1.952 -2.181 -0.472 1.646 -2.337
-3.267 -1.970 -2.180 -0.481 1.635 -2.337
-3.267 -1.990 -2.176 -0.478 1.633 -2.337
-3.267 -1.998 -2.168 -0.477 1.633 -2.337
-3.267 -2.003 -2.166 -0.477 1.633 -2.337
-3.267 -2.009 -2.166 -0.477 1.632 -2.337
-3.268 -2.009 -2.168 -0.478 1.624 -2.337
-3.268 -2.010 -2.169 -0.482 1.587 -2.337
-3.265 -2.010 -2.169 -0.482 1.577 -2.337
-3.265 -2.011 -2.170 -0.482 1.578 -2.337
-3.264 -2.019 -2.173 -0.482 1.579 -2.337
-3.261 -2.025 -2.173 -0.480 1.579 -2.337
-3.259 -2.025 -2.173 -0.480 1.579 -2.337
-3.258 -2.025 -2.173 -0.480 1.579 -2.337
-3.258 -2.025 -2.173 -0.480 1.579 -2.337
-3.258 -2.025 -2.173 -0.480 1.579 -2.337
-3.258 -2.025 -2.173 -0.480 1.579 -2.337
-3.258 -2.025 -2.173 -0.480 1.579 -2.337
-3.258 -2.025 -2.173 -0.480 1.578 -2.337
-3.258 -2.025 -2.172 -0.480 1.578 -2.337
-3.258 -2.025 -2.172 -0.480 1.578 -2.337
-3.258 -2.025 -2.172 -0.480 1.578 -2.337
-3.258 -2.025 -2.172 -0.480 1.578 -2.337
-3.258 -2.025 -2.172 -0.480 1.578 -2.337
-3.258 -2.025 -2.172 -0.480 1.578 -2.337
-3.258 -2.025 -2.172 -0.480 1.578 -2.337
-3.258 -2.025 -2.172 -0.480 1.578 -2.337
-3.258 -2.025 -2.172 -0.480 1.578 -2.337
-3.258 -2.025 -2.172 -0.480 1.578 -2.337
-3.258 -2.025 -2.172 -0.480 1.578 -2.337
-3.258 -2.025 -2.172 -0.480 1.578 -2.337
-3.258 -2.025 -2.172 -0.480 1.578 -2.337
-3.258 -2.025 -2.172 -0.480 1.578 -2.337
-3.258 -2.025 -2.172 -0.480 1.578 -2.337
-3.258 -2.025 -2.172 -0.480 1.578 -2.337
-3.258 -2.025 -2.172 -0.480 1.578 -2.337
-3.258 -2.025 -2.172 -0.480 1.578 -2.337
