-3.273 -0.837 -2.290 -1.621 1.613 -2.394
-3.273 -0.837 -2.290 -1.621 1.613 -2.394
-3.273 -0.837 -2.290 -1.621 1.613 -2.394
-3.273 -0.837 -2.290 -1.621 1.613 -2.394
-3.273 -0.837 -2.290 -1.621 1.613 -2.394
-3.273 -0.837 -2.290 -1.621 1.613 -2.394
-3.273 -0.837 -2.290 -1.621 1.613 -2.394
-3.273 -0.840 -2.290 -1.621 1.613 -2.394
-3.273 -0.853 -2.291 -1.613 1.613 -2.394
-3.273 -0.879 -2.294 -1.593 1.613 -2.394
-3.273 -0.921 -2.295 -1.507 1.613 -2.394
-3.272 -0.973 -2.295 -1.397 1.613 -2.394
-3.272 -1.045 -2.295 -1.301 1.613 -2.394
-3.272 -1.123 -2.295 -1.242 1.613 -2.394
-3.272 -1.209 -2.294 -1.183 1.613 -2.394
-3.272 -1.287 -2.293 -1.110 1.613 -2.394
-3.272 -1.372 -2.293 -1.019 1.613 -2.394
-3.272 -1.450 -2.292 -0.937 1.613 -2.394
-3.272 -1.535 -2.286 -0.852 1.613 -2.394
-3.272 -1.611 -2.269 -0.770 1.613 -2.394
-3.272 -1.689 -2.245 -0.698 1.613 -2.394
-3.272 -1.758 -2.225 -0.673 1.613 -2.394
-3.272 -1.823 -2.201 -0.666 1.613 -2.394
-3.272 -1.883 -2.165 -0.661 1.613 -2.394
-3.271 -1.925 -2.137 -0.662 1.614 -2.394
-3.270 -1.953 -2.130 -0.664 1.614 -2.394
-3.269 -1.965 -2.131 -0.664 1.614 -2.394
-3.264 -1.976 -2.131 -0.664 1.614 -2.394
-3.259 -1.989 -2.131 -0.664 1.614 -2.394
-3.259 -1.996 -2.131 -0.661 1.613 -2.394
-3.259 -1.996 -2.132 -0.661 1.613 -2.394
-3.259 -1.997 -2.132 -0.661 1.612 -2.394
-3.260 -2.002 -2.132 -0.661 1.612 -2.394
-3.261 -2.009 -2.132 -0.660 1.612 -2.394
-3.262 -2.009 -2.130 -0.659 1.612 -2.394
-3.262 -2.009 -2.130 -0.659 1.612 -2.394
-3.262 -2.009 -2.130 -0.658 1.599 -2.394
-3.262 -2.009 -2.130 -0.659 1.567 -2.394
-3.262 -2.009 -2.130 -0.659 1.567 -2.394
-3.261 -2.009 -2.130 -0.659 1.580 -2.394
-3.261 -2.009 -2.130 -0.659 1.578 -2.394
-3.261 -2.009 -2.129 -0.659 1.579 -2.394
-3.261 -2.009 -2.129 -0.659 1.578 -2.394
-3.261 -2.009 -2.126 -0.659 1.578 -2.394
-3.261 -2.011 -2.121 -0.660 1.579 -2.394
-3.261 -2.019 -2.121 -0.661 1.579 -2.394
-3.260 -2.022 -2.121 -0.660 1.580 -2.394
-3.260 -2.022 -2.122 -0.660 1.580 -2.394
-3.260 -2.022 -2.122 -0.660 1.580 -2.394
-3.260 -2.021 -2.123 -0.660 1.583 -2.394
-3.260 -2.021 -2.123 -0.660 1.606 -2.394
-3.260 -2.021 -2.123 -0.660 1.613 -2.394
-3.261 -2.019 -2.123 -0.660 1.613 -2.394
-3.261 -2.018 -2.123 -0.660 1.613 -2.394
-3.262 -2.017 -2.123 -0.660 1.612 -2.394
-3.262 -2.017 -2.123 -0.660 1.612 -2.394
-3.262 -2.017 -2.123 -0.661 1.612 -2.394
-3.262 -2.017 -2.124 -0.661 1.612 -2.394
-3.262 -2.017 -2.127 -0.661 1.612 -2.394
-3.262 -2.017 -2.127 -0.661 1.612 -2.394
-3.263 -2.017 -2.128 -0.661 1.612 -2.394
-3.263 -2.017 -2.128 -0.661 1.612 -2.394
-3.263 -2.017 -2.128 -0.661 1.611 -2.394
-3.264 -2.017 -2.128 -0.661 1.609 -2.394
-3.266 -2.017 -2.128 -0.661 1.610 -2.394
-3.266 -2.017 -2.128 -0.661 1.610 -2.394
-3.266 -2.017 -2.128 -0.661 1.610 -2.394
-3.266 -2.017 -2.128 -0.661 1.611 -2.394
-3.266 -2.017 -2.128 -0.661 1.613 -2.394
-3.266 -2.017 -2.128 -0.661 1.613 -2.394
-3.266 -2.017 -2.127 -0.660 1.613 -2.394
-3.266 -2.017 -2.125 -0.660 1.613 -2.394
-3.266 -2.017 -2.125 -0.660 1.613 -2.394
-3.266 -2.017 -2.125 -0.661 1.613 -2.394
-3.266 -2.017 -2.125 -0.661 1.613 -2.394
-3.266 -2.017 -2.125 -0.661 1.613 -2.394
-3.266 -2.017 -2.125 -0.661 1.613 -2.394
-3.266 -2.017 -2.125 -0.661 1.613 -2.394
-3.266 -2.017 -2.125 -0.661 1.613 -2.394
-3.266 -2.017 -2.125 -0.661 1.613 -2.394
-3.266 -2.017 -2.125 -0.661 1.613 -2.394
-3.266 -2.017 -2.125 -0.661 1.613 -2.394
-3.266 -2.017 -2.125 -0.661 1.613 -2.394
-3.266 -2.017 -2.125 -0.661 1.613 -2.394
-3.266 -2.017 -2.125 -0.661 1.613 -2.394
-3.266 -2.018 -2.125 -0.661 1.613 -2.394
-3.266 -2.018 -2.125 -0.661 1.613 -2.394
-3.266 -2.019 -2.125 -0.661 1.613 -2.394
-3.266 -2.020 -2.125 -0.661 1.613 -2.394
-3.266 -2.020 -2.125 -0.661 1.613 -2.394
-3.266 -2.020 -2.125 -0.661 1.613 -2.394
-3.266 -2.020 -2.125 -0.661 1.613 -2.394
-3.266 -2.020 -2.125 -0.661 1.613 -2.394
-3.266 -2.020 -2.125 -0.661 1.613 -2.394
-3.266 -2.020 -2.125 -0.661 1.613 -2.394
