-3.267 -0.635 -2.231 -1.683 1.614 -2.395
-3.267 -0.635 -2.231 -1.683 1.614 -2.395
-3.267 -0.635 -2.231 -1.683 1.614 -2.395
-3.267 -0.635 -2.231 -1.683 1.614 -2.395
-3.267 -0.635 -2.232 -1.683 1.613 -2.395
-3.267 -0.635 -2.234 -1.684 1.613 -2.395
-3.267 -0.636 -2.244 -1.684 1.613 -2.395
-3.267 -0.649 -2.267 -1.684 1.613 -2.395
-3.267 -0.679 -2.294 -1.671 1.613 -2.395
-3.267 -0.735 -2.310 -1.603 1.612 -2.395
-3.267 -0.819 -2.317 -1.470 1.612 -2.395
-3.266 -0.906 -2.324 -1.338 1.612 -2.395
-3.266 -1.012 -2.324 -1.212 1.612 -2.395
-3.266 -1.102 -2.323 -1.128 1.612 -2.395
-3.266 -1.198 -2.318 -1.045 1.612 -2.395
-3.266 -1.284 -2.308 -0.966 1.612 -2.395
-3.266 -1.374 -2.286 -0.880 1.612 -2.395
-3.267 -1.463 -2.246 -0.812 1.612 -2.395
-3.267 -1.552 -2.190 -0.793 1.612 -2.395
-3.267 -1.632 -2.136 -0.793 1.612 -2.395
-3.268 -1.708 -2.094 -0.793 1.612 -2.395
-3.268 -1.787 -2.078 -0.791 1.613 -2.395
-3.270 -1.855 -2.077 -0.779 1.613 -2.394
-3.271 -1.907 -2.074 -0.737 1.613 -2.393
-3.272 -1.945 -2.077 -0.695 1.613 -2.393
-3.272 -1.973 -2.085 -0.694 1.613 -2.393
-3.272 -1.979 -2.094 -0.689 1.614 -2.393
-3.272 -1.979 -2.113 -0.687 1.613 -2.393
-3.272 -1.979 -2.119 -0.679 1.613 -2.393
-3.272 -1.979 -2.119 -0.681 1.613 -2.393
-3.272 -1.984 -2.120 -0.681 1.613 -2.392
-3.272 -1.994 -2.120 -0.679 1.613 -2.392
-3.272 -1.998 -2.119 -0.670 1.613 -2.392
-3.272 -2.002 -2.120 -0.658 1.613 -2.392
-3.272 -2.007 -2.120 -0.659 1.613 -2.392
-3.272 -2.007 -2.120 -0.660 1.614 -2.392
-3.272 -2.008 -2.121 -0.660 1.614 -2.392
-3.272 -2.009 -2.121 -0.660 1.614 -2.392
-3.270 -2.009 -2.121 -0.660 1.614 -2.392
-3.266 -2.009 -2.121 -0.660 1.614 -2.392
-3.266 -2.010 -2.122 -0.661 1.613 -2.392
-3.266 -2.016 -2.123 -0.661 1.613 -2.392
-3.266 -2.021 -2.122 -0.659 1.612 -2.392
-3.267 -2.021 -2.121 -0.659 1.612 -2.392
-3.267 -2.021 -2.121 -0.660 1.613 -2.392
-3.267 -2.021 -2.121 -0.660 1.613 -2.392
-3.267 -2.021 -2.121 -0.660 1.613 -2.392
-3.267 -2.021 -2.123 -0.660 1.613 -2.392
-3.267 -2.021 -2.123 -0.660 1.613 -2.392
-3.267 -2.021 -2.123 -0.660 1.613 -2.392
-3.267 -2.021 -2.123 -0.660 1.613 -2.392
-3.267 -2.021 -2.123 -0.660 1.613 -2.392
-3.267 -2.021 -2.123 -0.660 1.613 -2.393
-3.267 -2.021 -2.121 -0.660 1.613 -2.393
-3.267 -2.021 -2.122 -0.661 1.613 -2.393
-3.267 -2.021 -2.122 -0.661 1.613 -2.393
-3.267 -2.021 -2.122 -0.661 1.613 -2.393
-3.267 -2.021 -2.122 -0.661 1.613 -2.393
-3.267 -2.021 -2.122 -0.661 1.613 -2.393
-3.267 -2.021 -2.122 -0.661 1.613 -2.393
-3.267 -2.021 -2.122 -0.661 1.613 -2.393
-3.267 -2.021 -2.122 -0.661 1.613 -2.393
-3.267 -2.021 -2.122 -0.661 1.613 -2.393
-3.267 -2.021 -2.122 -0.661 1.613 -2.393
-3.267 -2.021 -2.122 -0.661 1.613 -2.393
-3.267 -2.021 -2.122 -0.661 1.613 -2.393
-3.267 -2.021 -2.122 -0.661 1.613 -2.393
-3.267 -2.021 -2.122 -0.661 1.613 -2.393
-3.267 -2.021 -2.122 -0.661 1.613 -2.393
-3.267 -2.021 -2.122 -0.661 1.613 -2.393
-3.267 -2.021 -2.122 -0.661 1.613 -2.393
-3.267 -2.021 -2.122 -0.661 1.613 -2.393
-3.267 -2.021 -2.122 -0.661 1.613 -2.393
-3.267 -2.021 -2.122 -0.661 1.613 -2.393
-3.267 -2.021 -2.122 -0.661 1.613 -2.393
-3.267 -2.021 -2.122 -0.661 1.613 -2.393
-3.267 -2.021 -2.122 -0.661 1.613 -2.393
-3.267 -2.021 -2.122 -0.661 1.613 -2.393
-3.267 -2.021 -2.122 -0.661 1.613 -2.393
