-2.658 -1.256 -2.019 -1.223 2.307 -2.395
-2.658 -1.256 -2.019 -1.223 2.307 -2.395
-2.658 -1.256 -2.019 -1.223 2.307 -2.395
-2.658 -1.256 -2.019 -1.223 2.307 -2.395
-2.658 -1.256 -2.019 -1.223 2.307 -2.395
-2.658 -1.256 -2.019 -1.223 2.307 -2.395
-2.658 -1.256 -2.020 -1.223 2.293 -2.395
-2.660 -1.257 -2.023 -1.223 2.248 -2.395
-2.666 -1.258 -2.027 -1.223 2.147 -2.395
-2.674 -1.258 -2.035 -1.223 1.999 -2.395
-2.678 -1.258 -2.045 -1.224 1.820 -2.395
-2.679 -1.258 -2.052 -1.230 1.677 -2.395
-2.686 -1.259 -2.064 -1.230 1.550 -2.395
-2.699 -1.260 -2.088 -1.232 1.484 -2.395
-2.714 -1.261 -2.116 -1.253 1.466 -2.395
-2.730 -1.261 -2.147 -1.302 1.466 -2.395
-2.749 -1.262 -2.169 -1.351 1.452 -2.395
-2.771 -1.262 -2.179 -1.359 1.387 -2.394
-2.789 -1.265 -2.183 -1.359 1.320 -2.394
-2.807 -1.279 -2.186 -1.370 1.304 -2.394
-2.815 -1.293 -2.186 -1.371 1.305 -2.394
-2.815 -1.298 -2.186 -1.371 1.308 -2.394
-2.814 -1.296 -2.185 -1.369 1.310 -2.394
-2.827 -1.304 -2.187 -1.368 1.316 -2.394
-2.944 -1.366 -2.186 -1.358 1.532 -2.395
-3.028 -1.407 -2.185 -1.277 1.626 -2.395
-3.093 -1.456 -2.185 -1.126 1.629 -2.395
-3.144 -1.540 -2.190 -0.993 1.630 -2.395
-3.171 -1.634 -2.195 -0.919 1.630 -2.395
-3.188 -1.717 -2.188 -0.826 1.625 -2.395
-3.207 -1.805 -2.183 -0.727 1.582 -2.395
-3.220 -1.881 -2.183 -0.670 1.529 -2.395
-3.222 -1.939 -2.183 -0.595 1.526 -2.395
-3.223 -1.965 -2.185 -0.541 1.538 -2.395
-3.226 -1.978 -2.185 -0.539 1.527 -2.395
-3.234 -1.979 -2.181 -0.539 1.528 -2.395
-3.238 -1.979 -2.181 -0.539 1.527 -2.395
-3.242 -1.979 -2.176 -0.539 1.528 -2.395
-3.245 -1.989 -2.163 -0.542 1.527 -2.395
-3.246 -2.011 -2.153 -0.544 1.527 -2.395
-3.246 -2.022 -2.152 -0.540 1.527 -2.395
-3.246 -2.018 -2.152 -0.540 1.532 -2.395
-3.246 -2.018 -2.154 -0.540 1.534 -2.395
-3.246 -2.018 -2.158 -0.540 1.534 -2.395
-3.246 -2.018 -2.161 -0.542 1.534 -2.395
-3.246 -2.018 -2.162 -0.542 1.534 -2.395
-3.246 -2.018 -2.162 -0.542 1.534 -2.395
-3.246 -2.018 -2.162 -0.542 1.535 -2.395
-3.246 -2.018 -2.162 -0.542 1.535 -2.395
-3.246 -2.018 -2.162 -0.542 1.535 -2.395
-3.246 -2.018 -2.162 -0.542 1.535 -2.395
-3.246 -2.018 -2.162 -0.542 1.535 -2.395
-3.246 -2.018 -2.162 -0.542 1.535 -2.395
-3.246 -2.018 -2.162 -0.542 1.535 -2.395
-3.246 -2.018 -2.162 -0.542 1.535 -2.395
-3.246 -2.018 -2.162 -0.542 1.535 -2.395
-3.246 -2.018 -2.162 -0.542 1.535 -2.395
-3.246 -2.018 -2.162 -0.542 1.535 -2.395
-3.246 -2.018 -2.162 -0.542 1.535 -2.395
-3.246 -2.018 -2.162 -0.542 1.535 -2.395
-3.246 -2.018 -2.162 -0.542 1.534 -2.395
-3.246 -2.018 -2.162 -0.542 1.534 -2.395
-3.246 -2.018 -2.162 -0.542 1.534 -2.395
-3.246 -2.018 -2.162 -0.542 1.534 -2.395
-3.246 -2.018 -2.162 -0.542 1.534 -2.395
-3.246 -2.018 -2.162 -0.542 1.534 -2.395
-3.246 -2.018 -2.162 -0.542 1.534 -2.395
-3.246 -2.018 -2.162 -0.542 1.534 -2.395
-3.246 -2.018 -2.162 -0.542 1.534 -2.395
-3.246 -2.018 -2.162 -0.542 1.534 -2.395
-3.246 -2.018 -2.162 -0.542 1.534 -2.395
-3.246 -2.018 -2.162 -0.542 1.534 -2.395
-3.246 -2.018 -2.162 -0.542 1.534 -2.395
-3.246 -2.018 -2.162 -0.542 1.534 -2.395
