-3.273 -0.291 -2.341 -2.181 1.576 -2.395
-3.273 -0.291 -2.341 -2.181 1.576 -2.395
-3.273 -0.291 -2.341 -2.181 1.576 -2.395
-3.273 -0.291 -2.341 -2.181 1.576 -2.395
-3.273 -0.291 -2.341 -2.181 1.575 -2.395
-3.273 -0.291 -2.341 -2.181 1.576 -2.395
-3.273 -0.291 -2.341 -2.181 1.576 -2.395
-3.273 -0.291 -2.341 -2.181 1.575 -2.395
-3.273 -0.291 -2.341 -2.165 1.575 -2.395
-3.272 -0.298 -2.343 -2.066 1.575 -2.395
-3.270 -0.324 -2.353 -1.855 1.575 -2.395
-3.270 -0.375 -2.377 -1.665 1.575 -2.395
-3.270 -0.451 -2.413 -1.521 1.575 -2.395
-3.269 -0.546 -2.454 -1.408 1.575 -2.395
-3.266 -0.643 -2.482 -1.299 1.575 -2.395
-3.264 -0.736 -2.486 -1.185 1.575 -2.395
-3.258 -0.839 -2.482 -1.058 1.575 -2.395
-3.255 -0.934 -2.476 -0.955 1.575 -2.395
-3.253 -1.035 -2.462 -0.864 1.575 -2.395
-3.253 -1.128 -2.435 -0.797 1.575 -2.395
-3.253 -1.228 -2.384 -0.740 1.575 -2.395
-3.252 -1.327 -2.314 -0.731 1.575 -2.395
-3.253 -1.417 -2.252 -0.733 1.575 -2.395
-3.254 -1.511 -2.201 -0.733 1.575 -2.395
-3.255 -1.594 -2.179 -0.733 1.575 -2.395
-3.255 -1.679 -2.174 -0.727 1.575 -2.394
-3.255 -1.748 -2.157 -0.722 1.575 -2.394
-3.255 -1.802 -2.141 -0.722 1.576 -2.394
-3.255 -1.830 -2.135 -0.723 1.575 -2.394
-3.255 -1.851 -2.133 -0.723 1.576 -2.394
-3.255 -1.875 -2.132 -0.723 1.575 -2.394
-3.255 -1.902 -2.131 -0.722 1.575 -2.394
-3.255 -1.931 -2.131 -0.720 1.575 -2.394
-3.255 -1.951 -2.130 -0.715 1.574 -2.394
-3.255 -1.967 -2.130 -0.664 1.574 -2.394
-3.255 -1.991 -2.134 -0.600 1.575 -2.394
-3.254 -2.017 -2.138 -0.582 1.575 -2.394
-3.254 -2.028 -2.138 -0.578 1.576 -2.394
-3.254 -2.027 -2.138 -0.578 1.576 -2.394
-3.254 -2.027 -2.140 -0.579 1.576 -2.394
-3.254 -2.024 -2.145 -0.578 1.576 -2.394
-3.254 -2.022 -2.148 -0.578 1.576 -2.394
-3.254 -2.021 -2.150 -0.578 1.576 -2.394
-3.254 -2.021 -2.151 -0.578 1.576 -2.394
-3.254 -2.020 -2.153 -0.578 1.576 -2.394
-3.255 -2.017 -2.158 -0.578 1.575 -2.394
-3.255 -2.016 -2.158 -0.577 1.575 -2.394
-3.255 -2.016 -2.156 -0.577 1.575 -2.394
-3.255 -2.016 -2.155 -0.577 1.575 -2.394
-3.256 -2.016 -2.155 -0.577 1.575 -2.394
-3.256 -2.016 -2.153 -0.577 1.575 -2.394
-3.256 -2.016 -2.153 -0.577 1.575 -2.394
-3.257 -2.016 -2.153 -0.577 1.575 -2.394
-3.257 -2.016 -2.153 -0.577 1.575 -2.394
-3.257 -2.016 -2.149 -0.577 1.575 -2.394
-3.258 -2.016 -2.145 -0.578 1.575 -2.394
-3.258 -2.016 -2.145 -0.579 1.575 -2.394
-3.258 -2.016 -2.145 -0.579 1.575 -2.394
-3.259 -2.018 -2.145 -0.580 1.575 -2.394
-3.259 -2.023 -2.147 -0.580 1.575 -2.394
-3.259 -2.023 -2.147 -0.579 1.575 -2.394
-3.259 -2.022 -2.147 -0.579 1.576 -2.394
-3.259 -2.022 -2.147 -0.579 1.576 -2.394
-3.259 -2.022 -2.147 -0.579 1.576 -2.394
-3.258 -2.022 -2.148 -0.579 1.576 -2.394
-3.257 -2.022 -2.148 -0.579 1.576 -2.394
-3.257 -2.021 -2.148 -0.579 1.576 -2.394
-3.257 -2.021 -2.148 -0.579 1.576 -2.394
-3.256 -2.021 -2.148 -0.579 1.576 -2.394
-3.256 -2.021 -2.148 -0.579 1.576 -2.394
-3.256 -2.021 -2.148 -0.579 1.576 -2.394
-3.256 -2.021 -2.148 -0.579 1.576 -2.394
-3.256 -2.021 -2.148 -0.579 1.576 -2.394
-3.256 -2.021 -2.148 -0.579 1.576 -2.394
-3.256 -2.021 -2.148 -0.579 1.575 -2.394
-3.256 -2.021 -2.148 -0.579 1.575 -2.394
-3.256 -2.021 -2.149 -0.579 1.575 -2.394
-3.256 -2.021 -2.149 -0.579 1.575 -2.394
-3.256 -2.021 -2.149 -0.579 1.575 -2.394
-3.256 -2.021 -2.149 -0.579 1.575 -2.394
-3.256 -2.021 -2.149 -0.579 1.575 -2.394
-3.256 -2.021 -2.149 -0.579 1.575 -2.394
-3.256 -2.021 -2.149 -0.579 1.575 -2.394
-3.256 -2.021 -2.149 -0.579 1.575 -2.394
-3.256 -2.021 -2.149 -0.579 1.575 -2.394
-3.256 -2.021 -2.149 -0.579 1.575 -2.394
-3.256 -2.021 -2.149 -0.579 1.575 -2.394
-3.256 -2.021 -2.149 -0.579 1.575 -2.394
-3.256 -2.021 -2.149 -0.579 1.575 -2.394
-3.256 -2.021 -2.149 -0.579 1.575 -2.394
-3.256 -2.021 -2.149 -0.579 1.575 -2.394
-3.256 -2.021 -2.149 -0.579 1.576 -2.394
-3.256 -2.021 -2.149 -0.578 1.576 -2.394
-3.256 -2.021 -2.149 -0.578 1.576 -2.394
-3.256 -2.021 -2.149 -0.578 1.576 -2.394
-3.256 -2.021 -2.149 -0.578 1.576 -2.394
-3.256 -2.021 -2.149 -0.578 1.576 -2.394
-3.256 -2.021 -2.149 -0.578 1.576 -2.394
-3.256 -2.021 -2.149 -0.578 1.576 -2.394
-3.256 -2.021 -2.149 -0.578 1.576 -2.394
-3.256 -2.021 -2.149 -0.578 1.576 -2.394
-3.256 -2.021 -2.149 -0.578 1.576 -2.394
-3.256 -2.021 -2.149 -0.578 1.576 -2.394
-3.256 -2.021 -2.149 -0.578 1.576 -2.394
-3.256 -2.021 -2.149 -0.578 1.576 -2.394
-3.256 -2.021 -2.149 -0.578 1.576 -2.394
-3.256 -2.021 -2.149 -0.578 1.576 -2.394
-3.256 -2.021 -2.149 -0.578 1.576 -2.394
-3.256 -2.021 -2.149 -0.578 1.576 -2.394
-3.256 -2.021 -2.149 -0.578 1.576 -2.394
-3.256 -2.021 -2.149 -0.578 1.576 -2.394
-3.256 -2.021 -2.149 -0.578 1.576 -2.394
-3.256 -2.021 -2.149 -0.578 1.576 -2.394
-3.256 -2.021 -2.149 -0.578 1.576 -2.394
-3.256 -2.021 -2.149 -0.578 1.576 -2.394
-3.256 -2.021 -2.149 -0.578 1.576 -2.394
-3.256 -2.021 -2.149 -0.578 1.576 -2.394
-3.256 -2.021 -2.149 -0.578 1.576 -2.394
-3.256 -2.021 -2.149 -0.578 1.576 -2.394
-3.256 -2.021 -2.149 -0.578 1.576 -2.394
-3.256 -2.021 -2.149 -0.578 1.576 -2.394
-3.256 -2.021 -2.149 -0.579 1.576 -2.394
