-3.298 -0.587 -2.773 -0.917 1.575 -2.394
-3.298 -0.587 -2.773 -0.917 1.575 -2.394
-3.298 -0.588 -2.773 -0.917 1.575 -2.394
-3.298 -0.588 -2.773 -0.917 1.575 -2.394
-3.298 -0.588 -2.773 -0.917 1.575 -2.394
-3.298 -0.588 -2.772 -0.916 1.575 -2.394
-3.298 -0.588 -2.769 -0.915 1.575 -2.394
-3.298 -0.589 -2.763 -0.912 1.575 -2.394
-3.295 -0.593 -2.750 -0.908 1.575 -2.394
-3.291 -0.605 -2.726 -0.906 1.575 -2.394
-3.290 -0.625 -2.691 -0.905 1.575 -2.394
-3.290 -0.657 -2.642 -0.885 1.575 -2.394
-3.290 -0.711 -2.588 -0.860 1.575 -2.394
-3.290 -0.785 -2.534 -0.845 1.575 -2.394
-3.290 -0.869 -2.477 -0.846 1.575 -2.394
-3.290 -0.961 -2.409 -0.846 1.575 -2.394
-3.290 -1.044 -2.344 -0.846 1.575 -2.394
-3.290 -1.136 -2.274 -0.846 1.575 -2.394
-3.290 -1.227 -2.209 -0.846 1.575 -2.394
-3.290 -1.310 -2.153 -0.847 1.575 -2.394
-3.290 -1.389 -2.104 -0.847 1.575 -2.394
-3.291 -1.473 -2.065 -0.848 1.575 -2.394
-3.292 -1.550 -2.056 -0.849 1.575 -2.394
-3.292 -1.615 -2.057 -0.849 1.575 -2.394
-3.292 -1.677 -2.058 -0.849 1.575 -2.394
-3.292 -1.730 -2.058 -0.849 1.575 -2.394
-3.292 -1.772 -2.060 -0.849 1.576 -2.394
-3.292 -1.798 -2.060 -0.849 1.575 -2.394
-3.292 -1.812 -2.060 -0.849 1.576 -2.394
-3.292 -1.816 -2.060 -0.849 1.575 -2.394
-3.292 -1.816 -2.060 -0.849 1.576 -2.394
-3.292 -1.816 -2.060 -0.849 1.576 -2.394
-3.292 -1.816 -2.061 -0.849 1.576 -2.394
-3.291 -1.822 -2.065 -0.850 1.576 -2.394
-3.290 -1.839 -2.079 -0.850 1.576 -2.394
-3.289 -1.866 -2.087 -0.849 1.576 -2.394
-3.284 -1.894 -2.087 -0.846 1.576 -2.394
-3.275 -1.921 -2.087 -0.846 1.576 -2.394
-3.268 -1.940 -2.087 -0.846 1.576 -2.394
-3.261 -1.949 -2.088 -0.846 1.576 -2.394
-3.258 -1.955 -2.095 -0.846 1.576 -2.394
-3.257 -1.964 -2.109 -0.844 1.576 -2.394
-3.256 -1.973 -2.112 -0.813 1.576 -2.394
-3.256 -1.980 -2.113 -0.729 1.576 -2.394
-3.255 -1.996 -2.125 -0.667 1.576 -2.394
-3.255 -2.007 -2.141 -0.656 1.576 -2.393
-3.255 -2.007 -2.148 -0.654 1.576 -2.393
-3.255 -2.007 -2.148 -0.643 1.577 -2.393
-3.254 -2.007 -2.148 -0.640 1.579 -2.393
-3.254 -2.007 -2.148 -0.640 1.579 -2.393
-3.254 -2.007 -2.147 -0.640 1.579 -2.393
-3.254 -2.008 -2.147 -0.640 1.579 -2.393
-3.254 -2.009 -2.145 -0.640 1.578 -2.393
-3.255 -2.009 -2.141 -0.640 1.578 -2.393
-3.256 -2.009 -2.141 -0.640 1.578 -2.393
-3.257 -2.009 -2.140 -0.640 1.573 -2.393
-3.258 -2.013 -2.134 -0.640 1.572 -2.393
-3.259 -2.022 -2.125 -0.640 1.572 -2.393
-3.259 -2.025 -2.123 -0.639 1.573 -2.393
-3.259 -2.025 -2.123 -0.639 1.573 -2.393
-3.259 -2.025 -2.124 -0.640 1.577 -2.393
-3.258 -2.023 -2.127 -0.640 1.577 -2.393
-3.258 -2.019 -2.136 -0.640 1.577 -2.393
-3.258 -2.019 -2.136 -0.640 1.577 -2.393
-3.258 -2.019 -2.133 -0.640 1.577 -2.393
-3.258 -2.019 -2.132 -0.640 1.576 -2.393
-3.258 -2.019 -2.132 -0.640 1.576 -2.393
-3.258 -2.020 -2.132 -0.640 1.576 -2.393
-3.258 -2.020 -2.132 -0.640 1.576 -2.393
-3.258 -2.020 -2.132 -0.640 1.576 -2.393
-3.258 -2.020 -2.132 -0.640 1.576 -2.393
-3.258 -2.020 -2.132 -0.640 1.576 -2.393
-3.258 -2.020 -2.132 -0.640 1.576 -2.393
-3.258 -2.020 -2.132 -0.641 1.576 -2.393
-3.258 -2.020 -2.132 -0.641 1.576 -2.393
-3.258 -2.020 -2.132 -0.641 1.576 -2.393
-3.258 -2.020 -2.132 -0.641 1.576 -2.393
-3.258 -2.020 -2.132 -0.641 1.576 -2.393
-3.258 -2.020 -2.132 -0.641 1.576 -2.393
-3.258 -2.020 -2.132 -0.641 1.576 -2.393
-3.258 -2.020 -2.132 -0.641 1.576 -2.393
-3.258 -2.020 -2.132 -0.641 1.576 -2.393
-3.258 -2.020 -2.132 -0.641 1.576 -2.393
-3.258 -2.020 -2.132 -0.641 1.576 -2.393
-3.258 -2.020 -2.132 -0.641 1.576 -2.393
-3.258 -2.020 -2.132 -0.641 1.576 -2.393
-3.258 -2.020 -2.132 -0.641 1.576 -2.393
-3.258 -2.020 -2.132 -0.641 1.576 -2.393
-3.258 -2.020 -2.132 -0.641 1.576 -2.393
-3.258 -2.020 -2.132 -0.641 1.576 -2.393
-3.258 -2.020 -2.132 -0.641 1.576 -2.393
-3.258 -2.020 -2.132 -0.641 1.576 -2.393
-3.258 -2.020 -2.132 -0.641 1.576 -2.393
-3.258 -2.020 -2.132 -0.641 1.576 -2.393
