-3.298 -0.605 -2.107 -2.386 1.575 -2.394
-3.298 -0.605 -2.107 -2.386 1.575 -2.394
-3.298 -0.605 -2.107 -2.386 1.575 -2.394
-3.298 -0.605 -2.107 -2.386 1.575 -2.394
-3.298 -0.605 -2.107 -2.386 1.575 -2.394
-3.298 -0.605 -2.107 -2.386 1.575 -2.394
-3.298 -0.605 -2.107 -2.386 1.575 -2.394
-3.298 -0.607 -2.111 -2.382 1.575 -2.394
-3.298 -0.625 -2.123 -2.351 1.575 -2.394
-3.298 -0.658 -2.146 -2.235 1.575 -2.394
-3.297 -0.719 -2.177 -2.033 1.575 -2.394
-3.296 -0.809 -2.209 -1.816 1.575 -2.394
-3.295 -0.902 -2.239 -1.632 1.575 -2.394
-3.294 -1.003 -2.267 -1.472 1.576 -2.394
-3.293 -1.103 -2.280 -1.359 1.576 -2.394
-3.292 -1.203 -2.281 -1.277 1.575 -2.394
-3.292 -1.293 -2.279 -1.196 1.576 -2.394
-3.292 -1.390 -2.274 -1.079 1.576 -2.394
-3.291 -1.484 -2.260 -0.954 1.575 -2.394
-3.291 -1.569 -2.242 -0.872 1.575 -2.394
-3.290 -1.660 -2.221 -0.844 1.575 -2.394
-3.290 -1.738 -2.190 -0.846 1.576 -2.394
-3.285 -1.809 -2.137 -0.846 1.576 -2.394
-3.275 -1.862 -2.085 -0.847 1.576 -2.394
-3.263 -1.895 -2.062 -0.847 1.576 -2.394
-3.257 -1.913 -2.060 -0.847 1.575 -2.394
-3.255 -1.922 -2.061 -0.847 1.575 -2.394
-3.255 -1.931 -2.066 -0.847 1.576 -2.394
-3.255 -1.943 -2.073 -0.843 1.576 -2.394
-3.255 -1.952 -2.078 -0.811 1.576 -2.394
-3.255 -1.968 -2.091 -0.735 1.576 -2.394
-3.255 -1.983 -2.117 -0.676 1.576 -2.394
-3.256 -1.986 -2.137 -0.597 1.576 -2.394
-3.256 -1.990 -2.153 -0.563 1.575 -2.394
-3.256 -1.997 -2.155 -0.561 1.575 -2.394
-3.256 -2.004 -2.155 -0.560 1.575 -2.394
-3.256 -2.007 -2.155 -0.559 1.575 -2.394
-3.256 -2.007 -2.155 -0.559 1.575 -2.394
-3.256 -2.010 -2.155 -0.559 1.575 -2.394
-3.256 -2.011 -2.155 -0.559 1.575 -2.394
-3.257 -2.014 -2.155 -0.559 1.575 -2.394
-3.257 -2.020 -2.155 -0.558 1.575 -2.394
-3.257 -2.020 -2.155 -0.557 1.575 -2.394
-3.257 -2.020 -2.156 -0.557 1.575 -2.394
-3.257 -2.020 -2.156 -0.557 1.575 -2.394
-3.257 -2.020 -2.156 -0.557 1.575 -2.394
-3.257 -2.020 -2.156 -0.557 1.575 -2.394
-3.257 -2.020 -2.157 -0.557 1.576 -2.394
-3.257 -2.020 -2.157 -0.557 1.576 -2.394
-3.257 -2.020 -2.157 -0.557 1.576 -2.394
-3.257 -2.020 -2.157 -0.557 1.576 -2.394
-3.257 -2.020 -2.156 -0.557 1.576 -2.394
-3.257 -2.020 -2.156 -0.557 1.576 -2.394
-3.257 -2.020 -2.156 -0.557 1.576 -2.394
-3.257 -2.020 -2.156 -0.557 1.576 -2.394
-3.256 -2.020 -2.156 -0.557 1.576 -2.394
-3.255 -2.020 -2.156 -0.557 1.576 -2.394
-3.255 -2.020 -2.156 -0.557 1.576 -2.394
-3.255 -2.020 -2.156 -0.557 1.576 -2.394
-3.255 -2.020 -2.156 -0.557 1.576 -2.394
-3.255 -2.020 -2.156 -0.557 1.575 -2.394
-3.255 -2.020 -2.156 -0.557 1.575 -2.394
-3.255 -2.020 -2.156 -0.557 1.575 -2.394
-3.255 -2.020 -2.156 -0.557 1.575 -2.394
-3.255 -2.020 -2.156 -0.557 1.575 -2.394
-3.255 -2.020 -2.156 -0.557 1.575 -2.394
-3.255 -2.020 -2.156 -0.558 1.575 -2.394
-3.255 -2.020 -2.156 -0.558 1.575 -2.394
-3.255 -2.020 -2.156 -0.558 1.575 -2.394
-3.255 -2.020 -2.156 -0.558 1.575 -2.394
-3.255 -2.020 -2.156 -0.558 1.575 -2.394
-3.255 -2.020 -2.156 -0.558 1.575 -2.394
-3.255 -2.020 -2.156 -0.558 1.575 -2.394
-3.255 -2.020 -2.156 -0.558 1.575 -2.394
-3.255 -2.020 -2.156 -0.558 1.575 -2.394
-3.255 -2.020 -2.156 -0.558 1.575 -2.394
