0.46715431678 -0.16480977516 0.0527080746978 -0.940841804652 -0.334862465396 0.0446252516274 0.0263137759655
0.467155870519 -0.164805371013 0.0527080746978 -0.940840226168 -0.334866900328 0.0446253756647 0.0263135656109
0.467155870519 -0.164805371013 0.0527080746978 -0.940840226168 -0.334866900328 0.0446253756647 0.0263135656109
0.467155870519 -0.164805371013 0.0527080746978 -0.940840226168 -0.334866900328 0.0446253756647 0.0263135656109
0.467155763521 -0.164803371875 0.0527035327253 -0.940840168047 -0.3348662035 0.0446242737 0.0263263772555
0.467155763521 -0.164803371875 0.0527035327253 -0.940840168047 -0.3348662035 0.0446242737 0.0263263772555
0.467155997794 -0.164801413288 0.0527035475154 -0.94084304615 -0.334857982903 0.0446191673991 0.0263367366613
0.467150591744 -0.16480077092 0.0526993294065 -0.940842438443 -0.334857715194 0.0446306338551 0.0263424205858
0.467145977123 -0.164800222593 0.0526873858438 -0.940841767664 -0.334857419715 0.0446432869807 0.0263486927417
0.467145977123 -0.164800222593 0.0526873858438 -0.940841767664 -0.334857419715 0.0446432869807 0.0263486927417
0.467106586039 -0.164795541991 0.0526534186927 -0.940838118519 -0.33485581254 0.0447120597791 0.026382783412
0.467103636954 -0.164795191569 0.0526506438271 -0.940837348562 -0.334855473492 0.044726557192 0.0263899697751
0.466375080621 -0.164706635239 0.0519061433381 -0.940736396379 -0.334810493408 0.0465864383187 0.0273252593204
0.464919993294 -0.164192826444 0.0491264711351 -0.940438603504 -0.334962030534 0.0500633457792 0.029484445893
0.464942560531 -0.164186381217 0.0491078722873 -0.940412689768 -0.335038295657 0.0501859558564 0.0292349653869
0.465123500111 -0.163977013938 0.0487862370293 -0.940339942085 -0.335214783208 0.0502507433454 0.0294398578715
0.465450032354 -0.163996959173 0.0485893498985 -0.940357656012 -0.335299657059 0.0496482502353 0.028925248545
0.465924326178 -0.163874967023 0.0483775028365 -0.940355782904 -0.335494958811 0.0486409616478 0.0284287006526
0.466022794999 -0.163846724432 0.0474768642656 -0.940297077405 -0.335522775017 0.0493867145928 0.0287545838154
0.466475858728 -0.163905922321 0.0416824252476 -0.940010608811 -0.335422435246 0.0540065555097 0.0309052943482
0.466659829307 -0.163818769737 0.0388021861539 -0.939811713039 -0.335458598002 0.0564600461193 0.032151769057
0.46666114277 -0.163816329236 0.0388021713627 -0.939809912829 -0.335463775316 0.05646550366 0.0321407855517
0.466662918057 -0.163809970753 0.0388021861539 -0.939805832665 -0.335475071841 0.0564600887607 0.0321516941766
0.466663841775 -0.163802134822 0.0388022457878 -0.939803989217 -0.335479696099 0.0564386037759 0.032195020743
0.466667002623 -0.163784022445 0.0388023519519 -0.939801214957 -0.335486506473 0.0564013512528 0.0322702326662
0.466662761067 -0.163785512693 0.0387996200812 -0.939797997821 -0.335494747689 0.0564106126271 0.0322620574097
0.466572550765 -0.163788871385 0.0383427131682 -0.939742332938 -0.335555895899 0.0568875366502 0.032409822358
0.466573226528 -0.163784978421 0.0383149263016 -0.939737505239 -0.335569687716 0.0568738962634 0.032430939804
0.46646433012 -0.163775617233 0.0369945099456 -0.939638254302 -0.33564130481 0.057836432298 0.0328605029943
0.46643724608 -0.163778410026 0.0364654829254 -0.939707255226 -0.335690613061 0.0567448864549 0.0322816455556
0.466114170061 -0.163746009548 0.0351283188708 -0.939916963592 -0.335797773632 0.0534763315074 0.0305980186356
0.465951192294 -0.163723776657 0.0350748939581 -0.939986857531 -0.3358402131 0.0523167463025 0.029983612031
0.46595741616 -0.163726489786 0.0350817358643 -0.939989537648 -0.335842138824 0.0522755372855 0.0299498765144
0.465957879207 -0.163726543886 0.035083143106 -0.939990622724 -0.33584260268 0.0522580105748 0.029941204819
0.465938346116 -0.163718303849 0.0351077960296 -0.940026091473 -0.335855465824 0.0516756485634 0.0296931098381
0.465918462084 -0.163719952648 0.035140509296 -0.940066964907 -0.335874541607 0.0510077871837 0.0293359751345
0.465758617988 -0.163705249319 0.0351852950052 -0.940190662009 -0.335929309986 0.0489224117002 0.0282774715403
0.465765759288 -0.163706083668 0.0352002424423 -0.940199816419 -0.335933265779 0.0487642368242 0.0281992084138
0.46576173032 -0.163705612946 0.0351975642274 -0.940199572672 -0.335933160422 0.0487684550313 0.0282012955363
0.465730051419 -0.163697152053 0.0352487234074 -0.940265093971 -0.335946301133 0.0476622086572 0.0277479671523
0.465367011696 -0.163689682067 0.0326157010945 -0.940309247606 -0.335896996043 0.0471919550678 0.0276522384863
0.464339554391 -0.163513865209 0.0303745883631 -0.940941267831 -0.336267431648 0.0335223858296 0.0207363100319
0.463287063003 -0.163462282506 0.0299449376358 -0.941428272516 -0.336393055285 0.0191317649603 0.013656340402
0.463132749503 -0.163474022735 0.0299013485376 -0.9414433936 -0.33640586334 0.0185088087431 0.0131474619563
0.463240098188 -0.16343739289 0.0299308612589 -0.941418486628 -0.336462694929 0.0187168705193 0.0131820603319
0.463250179866 -0.163456444653 0.0299385374214 -0.941421027059 -0.336457644224 0.0187521500032 0.0130790031923
0.46325475395 -0.163443652748 0.0299412597347 -0.94142317757 -0.336450836349 0.0187000207259 0.0131736357505
0.463274853586 -0.163418773479 0.0299588056869 -0.941427285633 -0.336443034559 0.0185380887667 0.0133075026569
0.463276948047 -0.163424976164 0.0299617061418 -0.941427461288 -0.336444020175 0.0185395193115 0.0132681063037
0.463277733625 -0.163434997845 0.0299872638429 -0.94142761553 -0.336445584472 0.0185480170129 0.0132054712518
0.463280219301 -0.163423372479 0.0299963838363 -0.941428100913 -0.336444078105 0.0185076731507 0.0132657134859
0.463281137748 -0.163415535919 0.0299964422151 -0.941431022011 -0.33643537716 0.0184865164964 0.013308512256
0.463279746202 -0.163415373298 0.0299949701076 -0.941430860712 -0.336435287445 0.0184937754268 0.0133121046799
0.463277450145 -0.163434964716 0.0299948255775 -0.941427641995 -0.336445599012 0.0185468286732 0.0132048831299
0.463275415438 -0.163438123209 0.0299936410276 -0.941425922659 -0.336451146226 0.018565119795 0.0131603448209
0.463275630906 -0.16342424657 0.029992268286 -0.941426111393 -0.336449179954 0.0185351663978 0.0132390975
0.463274121644 -0.163414140349 0.0299912126339 -0.941426425207 -0.33644787465 0.0185055508133 0.0132912811321
0.463273662461 -0.163418058634 0.029991183539 -0.941429052764 -0.336440784997 0.0185162904436 0.0132696568092
0.463273432873 -0.163420017778 0.0299911690624 -0.941429003516 -0.336441053509 0.0185216064166 0.013258919605
0.46327548175 -0.163428776758 0.0299937403802 -0.941430584519 -0.336437204516 0.0185279523205 0.0132354422731
0.463276170564 -0.163422899331 0.0299937836684 -0.941430732608 -0.336436399282 0.0185120042568 0.01326765382
0.463282150953 -0.16341168238 0.0300009886169 -0.941431212727 -0.336434892114 0.0184716607793 0.013327896334
0.463281393919 -0.163414155611 0.0300055203585 -0.941432940589 -0.336430238047 0.01846205823 0.0133366302666
0.463281029259 -0.163422056889 0.0300099783523 -0.941432840688 -0.336431364433 0.0184790989619 0.013291591384
0.463279746113 -0.163437794736 0.0300143796728 -0.941432540877 -0.336433561905 0.018517403933 0.0132036037959
0.46328066459 -0.163429958172 0.0300144371071 -0.941432738754 -0.336432489613 0.0184961396539 0.0132465524608
0.463281285161 -0.163420676566 0.0300190563855 -0.941434759391 -0.336426225782 0.0184546406461 0.0133197092572
0.463280136906 -0.16343047224 0.0300189830576 -0.94143451654 -0.336427567453 0.0184812213361 0.0132660236072
0.463278299805 -0.16344614535 0.030018868189 -0.941434120948 -0.336429711612 0.0185237503021 0.0131801264681
0.463280380154 -0.163440430566 0.0300203831067 -0.941434431629 -0.336428996811 0.0185005430637 0.0132087453969
0.463280825853 -0.163424594834 0.0300190269127 -0.941434662656 -0.336426762595 0.01846527293 0.0132982350029
0.463280366553 -0.163428513104 0.0300189976287 -0.941434565381 -0.336427299215 0.0184759052034 0.013276760741
0.463279083193 -0.163444250934 0.0300233993375 -0.94143426478 -0.336429495383 0.0185142105736 0.0131887732968
0.463279772096 -0.163438373515 0.0300234422007 -0.941434413679 -0.3364286917 0.0184982622221 0.0132209847362
0.463281609262 -0.163422700424 0.0300235585808 -0.941434804792 -0.336426546419 0.0184557331681 0.0133068818242
0.463280461018 -0.163432496101 0.030023485489 -0.94143456136 -0.336427887582 0.0184823138468 0.0132531961585
0.463279085938 -0.163444251255 0.0300234011005 -0.941434264844 -0.336429495418 0.0185142077101 0.0131887718796
0.463279545205 -0.163440332975 0.0300234296287 -0.941434364245 -0.336428959677 0.0185035754785 0.0132102461744
