0.461239381662 -0.161160208284 0.0515642641902 0.947444314259 0.319620936751 0.00821141230497 0.0111490302607
0.461239381662 -0.161160208284 0.0515642641902 0.947444314259 0.319620936751 0.00821141230497 0.0111490302607
0.461239381662 -0.161160208284 0.0515642641902 0.947444314259 0.319620936751 0.00821141230497 0.0111490302607
0.461239029299 -0.161160169887 0.051559776817 0.947444358421 0.319620984799 0.00820713573801 0.0111470487006
0.46123508895 -0.161159740511 0.0515570294619 0.947444402562 0.319621032841 0.00820285917088 0.0111450671401
0.461233448348 -0.161159561736 0.0515509766779 0.947444522458 0.319621163412 0.00819123270608 0.0111396799814
0.46123309586 -0.161159523325 0.051546489361 0.94744456652 0.319621211427 0.00818695613827 0.0111376984201
0.461231223964 -0.161163833217 0.0515420020474 0.94744611718 0.319616793371 0.0081826270787 0.0111357554298
0.461230657072 -0.161165755543 0.0515375410401 0.947446131847 0.319616678401 0.00817331084503 0.0111446456418
0.461070530038 -0.161146321006 0.05033273706 0.947459101841 0.319631757456 0.00681725953837 0.0105030918106
0.461337953808 -0.161179979401 0.0499653588597 0.947457852859 0.319623962308 0.00712675121017 0.0106465577457
0.461335661038 -0.161179729516 0.0499544255695 0.947456038247 0.31963256438 0.00704087247645 0.0106068605885
0.46131601709 -0.161201599888 0.049938884174 0.947462618042 0.319615047656 0.00695205393658 0.0106055490643
0.460611900097 -0.16248718621 0.0487152914769 0.947841230182 0.318522492369 0.00425813038476 0.0110585960772
0.460900528153 -0.162623431838 0.0437580088271 0.947915472375 0.318391852333 0.000941558145936 0.00905533365827
0.461263296074 -0.162672456013 0.0395946565823 0.947917182071 0.318419494307 -0.00259517972791 0.00743684212761
0.461620437258 -0.162711811529 0.0324773318852 0.947882366048 0.318468386585 -0.00868769237972 0.00462935012577
0.462638286423 -0.162263684029 0.0296340109217 0.947665476759 0.319074558914 -0.0102091310428 0.00416457159203
0.462743876705 -0.162299105912 0.0297142562388 0.947683966018 0.319013409783 -0.0105638459105 0.00373498199293
0.462739179116 -0.162304539466 0.0297098131993 0.947683360755 0.319013711738 -0.0106010280681 0.00375734958695
0.462742993273 -0.162304961361 0.0297198890571 0.947686006291 0.319006004623 -0.0105955200963 0.00375997991947
0.462750083537 -0.162307730025 0.0297280711251 0.947685947235 0.31900603598 -0.0105950897023 0.00377339312688
0.462756256823 -0.162306428483 0.0297346792827 0.94768604654 0.319005985117 -0.0105919118806 0.00376165602545
0.462790353005 -0.162312184353 0.0298407126628 0.947687098591 0.319005471433 -0.0104913179384 0.00382159764436
0.462801150468 -0.162313378692 0.0298469418428 0.94768715902 0.319005441518 -0.0104858403992 0.0038241420919
0.462802500984 -0.162313528077 0.0298464977772 0.947687044047 0.31900549841 -0.0104962593161 0.00381930225638
0.462804407202 -0.16231373893 0.029850558702 0.947686976188 0.31900553194 -0.0105024034334 0.00381644816678
0.462805757592 -0.1623138883 0.0298501147996 0.947686861017 0.319005588766 -0.0105128223481 0.00381160833046
0.462803059069 -0.162313589809 0.0298470903511 0.947686698379 0.319005668835 -0.0105275160586 0.00380478274683
0.462801709771 -0.162313440559 0.0298455781599 0.947686616967 0.319005708838 -0.0105348629128 0.00380136995463
0.462801926126 -0.162311480102 0.0298455470783 0.947686736864 0.319005648621 -0.0105298157661 0.00379050119411
0.46280462568 -0.162311778708 0.0298466155047 0.947686702817 0.319005665304 -0.0105328878237 0.00378907414894
0.46280462568 -0.162311778708 0.0298466155047 0.947686702817 0.319005665304 -0.0105328878237 0.00378907414894
0.462803276347 -0.162311629455 0.0298451033447 0.947686621347 0.319005705185 -0.010540234678 0.00378566135677
0.462803059993 -0.162313589911 0.0298451344262 0.947686501406 0.319005765533 -0.0105452818233 0.00379653011676
0.462803276347 -0.162311629455 0.0298451033447 0.947686621347 0.319005705185 -0.010540234678 0.00378566135677
0.462801710636 -0.162313440654 0.0298436222882 0.947686419843 0.319005805485 -0.0105526286758 0.00379311732396
0.46280192699 -0.162311480198 0.0298435912067 0.947686539816 0.319005745046 -0.0105475815315 0.00378224856436
0.462806531637 -0.162311989532 0.0298506767484 0.947686634689 0.319005698658 -0.0105390319386 0.00378622005847
0.46280496593 -0.162313800732 0.0298491956883 0.9476864332 0.319005798946 -0.0105514259367 0.00379367602576
0.462805182283 -0.162311840276 0.0298491646068 0.947686553167 0.319005738522 -0.0105463787923 0.00378280726609
0.462805182283 -0.162311840276 0.0298491646068 0.947686553167 0.319005738522 -0.0105463787923 0.00378280726609
0.462803832906 -0.162311691017 0.0298476524871 0.947686471584 0.319005778365 -0.0105537256452 0.00377939447347
0.462803832906 -0.162311691017 0.0298476524871 0.947686471584 0.319005778365 -0.0105537256452 0.00377939447347
0.462803832906 -0.162311691017 0.0298476524871 0.947686471584 0.319005778365 -0.0105537256452 0.00377939447347
0.462803832906 -0.162311691017 0.0298476524871 0.947686471584 0.319005778365 -0.0105537256452 0.00377939447347
0.462803832906 -0.162311691017 0.0298476524871 0.947686471584 0.319005778365 -0.0105537256452 0.00377939447347
0.462802483504 -0.162311541756 0.0298461403895 0.947686389938 0.319005818187 -0.0105610724975 0.00377598168059
0.462802483504 -0.162311541756 0.0298461403895 0.947686389938 0.319005818187 -0.0105610724975 0.00377598168059
