0.460152380388 -0.162698111867 0.0500286888704 0.947305521087 0.31877029923 0.0252188576141 0.0190198650952
0.460152380388 -0.162698111867 0.0500286888704 0.947305521087 0.31877029923 0.0252188576141 0.0190198650952
0.460152380388 -0.162698111867 0.0500286888704 0.947305521087 0.31877029923 0.0252188576141 0.0190198650952
0.460152380388 -0.162698111867 0.0500286888704 0.947305521087 0.31877029923 0.0252188576141 0.0190198650952
0.460151152031 -0.162697973665 0.0500270758679 0.947305741309 0.318770429497 0.025211520021 0.0190164407843
0.460144756323 -0.162697254084 0.050021137085 0.947306309602 0.318770765732 0.0251925754188 0.0190075997075
0.460106995315 -0.162688495341 0.0499680248966 0.947311300705 0.318779080813 0.024975198822 0.0189059947389
0.460046396297 -0.162681677933 0.0498830520996 0.947321533953 0.318785176303 0.024628720364 0.0187443007551
0.460039627126 -0.162680916399 0.0498726362737 0.947322214635 0.318785583038 0.0246055058884 0.0187334670248
0.459988285285 -0.162671170674 0.0492602302532 0.947339206343 0.318796558715 0.0240263980975 0.0184367695404
0.460047495044 -0.162474718208 0.0490895268475 0.947283816035 0.318973425852 0.024028085011 0.0182202252788
0.460048433478 -0.162455342381 0.0490822661523 0.947279426812 0.318988043901 0.0240350063138 0.0181833401503
0.459970674857 -0.162400636771 0.0490154567361 0.947270117234 0.31902729255 0.0239585482144 0.0180803642676
0.459260854575 -0.162270301882 0.0457110722234 0.947314917611 0.3191620455 0.0209997188878 0.0170013937747
0.459638193689 -0.162315398518 0.0421660165592 0.947384093608 0.319217079398 0.017879586409 0.0156254852194
0.460397611887 -0.162428636471 0.0350575611607 0.947492041592 0.319301159144 0.0117629615466 0.0129318840314
0.461423286114 -0.162258988713 0.0298024898794 0.947485712275 0.31952501836 0.00808789572223 0.0104486180649
0.461472873039 -0.162328799637 0.0298068385682 0.947497419953 0.319504507507 0.00750018847714 0.0104525613513
0.461472656495 -0.162353695366 0.0298140884887 0.947500117772 0.319494270462 0.00746811002418 0.010543495418
0.461466099362 -0.162365646978 0.0298139628765 0.947507794362 0.319472698045 0.0074931900943 0.0104893721987
0.461464787921 -0.162368037267 0.0298139378958 0.947509329213 0.319468383401 0.00749820641175 0.0104785476929
0.461464032482 -0.162370489593 0.0298184063861 0.947510823275 0.319464023585 0.00750749463621 0.01046971518
0.461462501699 -0.16237484008 0.0298184063861 0.947512329152 0.31945955721 0.00750744528404 0.0104697505687
0.46146272103 -0.162372879866 0.0298183815 0.947512357796 0.319459708889 0.0075125111466 0.0104588907871
0.46146272103 -0.162372879866 0.0298183815 0.947512357796 0.319459708889 0.0075125111466 0.0104588907871
0.46146272103 -0.162372879866 0.0298183815 0.947512357796 0.319459708889 0.0075125111466 0.0104588907871
0.461461190225 -0.16237723034 0.0298183815 0.947513863653 0.319455242507 0.00751246184545 0.0104589261994
0.461461190225 -0.16237723034 0.0298183815 0.947513863653 0.319455242507 0.00751246184545 0.0104589261994
0.461461409573 -0.162375270127 0.0298183566611 0.947513892161 0.31945539414 0.00751752775813 0.0104480664402
0.461461190225 -0.16237723034 0.0298183815 0.947513863653 0.319455242507 0.00751246184545 0.0104589261994
0.461461190225 -0.16237723034 0.0298183815 0.947513863653 0.319455242507 0.00751246184545 0.0104589261994
0.461461190225 -0.16237723034 0.0298183815 0.947513863653 0.319455242507 0.00751246184545 0.0104589261994
0.461461409573 -0.162375270127 0.0298183566611 0.947513892161 0.31945539414 0.00751752775813 0.0104480664402
0.461461409573 -0.162375270127 0.0298183566611 0.947513892161 0.31945539414 0.00751752775813 0.0104480664402
0.461461409573 -0.162375270127 0.0298183566611 0.947513892161 0.31945539414 0.00751752775813 0.0104480664402
0.461461409573 -0.162375270127 0.0298183566611 0.947513892161 0.31945539414 0.00751752775813 0.0104480664402
0.461461409573 -0.162375270127 0.0298183566611 0.947513892161 0.31945539414 0.00751752775813 0.0104480664402
0.461461409573 -0.162375270127 0.0298183566611 0.947513892161 0.31945539414 0.00751752775813 0.0104480664402
0.461461409573 -0.162375270127 0.0298183566611 0.947513892161 0.31945539414 0.00751752775813 0.0104480664402
0.461461409573 -0.162375270127 0.0298183566611 0.947513892161 0.31945539414 0.00751752775813 0.0104480664402
0.461459878745 -0.162379620589 0.0298183566611 0.947515397998 0.31945092775 0.007517478508 0.0104481018762
0.461459878745 -0.162379620589 0.0298183566611 0.947515397998 0.31945092775 0.007517478508 0.0104481018762
