0.46370632815 -0.162102802344 0.0502259156876 -0.947154049565 -0.320026688611 0.0219066836042 0.00149069878521
0.463710280714 -0.162103236968 0.0502286885286 -0.947154152967 -0.320026684305 0.0219024105485 0.00148871128698
0.463710280714 -0.162103236968 0.0502286885286 -0.947154152967 -0.320026684305 0.0219024105485 0.00148871128698
0.463712267444 -0.162105439675 0.0502255023019 -0.947153807068 -0.320026894171 0.0219148038569 0.0014812617563
0.463663134494 -0.162102021259 0.0497015148246 -0.947141145746 -0.320027571389 0.0224296236164 0.00170750424428
0.463533430624 -0.162398575797 0.0474525968456 -0.947144046352 -0.319845074549 0.0247599126423 0.00205681134868
0.463627821609 -0.162589167138 0.0436504390327 -0.947132016571 -0.319659660015 0.0273429827332 0.00331756550537
0.463723414966 -0.162642085343 0.04074292067 -0.947116356108 -0.319588283163 0.0285894425441 0.00407198129628
0.463874854954 -0.162684158621 0.0367457050775 -0.947025750204 -0.319556518282 0.031558639929 0.00546921568131
0.464632705026 -0.162494147259 0.0303817138724 -0.946834887823 -0.319696057056 0.0351708760939 0.00781893722226
0.464225427596 -0.162527567242 0.030245624307 -0.946849373835 -0.319740176536 0.0345736680753 0.00686616720117
0.464131253265 -0.162527397723 0.0303135508051 -0.946941510883 -0.319727599305 0.0322770944383 0.0058503319788
0.464116648304 -0.162546202198 0.0303022476757 -0.946939161155 -0.319725620405 0.0323761910515 0.0057909395547
0.464119383293 -0.162549068491 0.0303048246075 -0.946941041168 -0.319720835216 0.0323668424815 0.00579996447738
0.464116869785 -0.162557880532 0.0303093421035 -0.946944209964 -0.319711918223 0.0323625169047 0.00579828082669
0.464116869785 -0.162557880532 0.0303093421035 -0.94694161984 -0.319719589726 0.0323624699299 0.00579854300612
0.464115337235 -0.162562256029 0.0303093421035 -0.946943126922 -0.319715126034 0.0323624425964 0.00579869555611
0.464115337235 -0.162562256029 0.0303093421035 -0.946943126922 -0.319715126034 0.0323624425964 0.00579869555611
0.464115337235 -0.162562256029 0.0303093421035 -0.946943126922 -0.319715126034 0.0323624425964 0.00579869555611
0.464113804644 -0.162566631511 0.0303093421035 -0.946944633983 -0.319710662334 0.0323624152621 0.00579884810597
0.464113804644 -0.162566631511 0.0303093421035 -0.946944633983 -0.319710662334 0.0323624152621 0.00579884810597
0.464113804644 -0.162566631511 0.0303093421035 -0.946944633983 -0.319710662334 0.0323624152621 0.00579884810597
0.464114019487 -0.162564670921 0.0303093090522 -0.946944851026 -0.319710333509 0.0323573646223 0.00580970892776
0.464113804644 -0.162566631511 0.0303093421035 -0.946944633983 -0.319710662334 0.0323624152621 0.00579884810597
0.464113804644 -0.162566631511 0.0303093421035 -0.946944633983 -0.319710662334 0.0323624152621 0.00579884810597
