0.462552501452 -0.162490387747 0.0497141737153 -0.937705735226 -0.347375784465 0.00407303092914 0.00462913703291
0.462551907302 -0.162492305153 0.0497096579053 -0.937705715457 -0.347375838866 0.00408265155044 0.00462057655356
0.462540560971 -0.162520787351 0.0497022190123 -0.937705591124 -0.347376826369 0.0041897715564 0.00447333112243
0.462504785349 -0.162539093087 0.0496657178341 -0.937706286087 -0.347372306989 0.00441193615694 0.00446499603769
0.46249042076 -0.162557866675 0.0496508079738 -0.937707652683 -0.347368294358 0.00449978492085 0.00440205753343
0.462422488194 -0.162598297108 0.0493564558873 -0.937706590031 -0.347363712709 0.00505474572611 0.00438767032079
0.462208901485 -0.162836764164 0.0449975110894 -0.937665741482 -0.347378690658 0.00940401650909 0.00475047390169
0.462325251427 -0.16281832993 0.0424882635341 -0.937651862315 -0.347371127736 0.0105584081519 0.00555020081088
0.462437836185 -0.162839739081 0.0392257804981 -0.937624333347 -0.347355813063 0.0126871898961 0.00660180732066
0.462951629312 -0.162919897189 0.0319689148107 -0.937517052419 -0.347323470929 0.0184591523421 0.00935107799778
0.463325487392 -0.162823369559 0.0298968747548 -0.937466884728 -0.347387249314 0.0193435696774 0.0101865285568
0.463440094245 -0.162828545276 0.0300097498817 -0.937469512753 -0.347387149613 0.0192217978337 0.0101785770362
0.463448846801 -0.162841770009 0.0299994063638 -0.937472243629 -0.347367132254 0.0193841600632 0.0103015627248
0.463448650421 -0.16285961689 0.0300035603811 -0.937471320607 -0.347369312369 0.019438926919 0.0102084271155
0.463456750332 -0.162860544078 0.0300087587144 -0.937471513584 -0.347369387128 0.0194305186 0.0102041683831
0.463487758694 -0.16286409357 0.030028079896 -0.93747211912 -0.347369621722 0.0194041107667 0.0101907930703
0.463506616877 -0.162866252245 0.0300396041409 -0.937472435122 -0.347369744152 0.0193903154104 0.0101838058553
0.463507885937 -0.162866397513 0.0300392564158 -0.937472200427 -0.347369653223 0.0194005621683 0.0101889957394
0.463511935571 -0.16286686107 0.0300418561253 -0.937472296736 -0.347369690536 0.0193963580051 0.0101868663713
0.463510545264 -0.162866701923 0.0300403824349 -0.937472131202 -0.347369626403 0.0194035834649 0.010190525997
0.46351320457 -0.162867006331 0.0300415084886 -0.937472061967 -0.34736959958 0.0194066047614 0.0101920562546
0.463512367942 -0.162866910563 0.0300445509017 -0.937471992721 -0.347369572752 0.0194096260576 0.010193586512
0.463515027207 -0.162867214966 0.0300456770249 -0.937471923464 -0.347369545921 0.0194126473536 0.0101951167693
0.463512246462 -0.162866896658 0.0300427297689 -0.937471592059 -0.34736941753 0.0194270982664 0.0102024360171
0.463514905687 -0.162867201056 0.0300438559458 -0.93747152274 -0.347369390675 0.0194301195611 0.0102039662738
0.463514905687 -0.162867201056 0.0300438559458 -0.93747152274 -0.347369390675 0.0194301195611 0.0102039662738
0.463513515269 -0.162867041897 0.0300423823612 -0.937471356919 -0.347369326436 0.019437345015 0.0102076258964
0.463513515269 -0.162867041897 0.0300423823612 -0.937471356919 -0.347369326436 0.019437345015 0.0102076258964
0.463516174464 -0.162867346292 0.0300435085823 -0.937471287564 -0.347369299568 0.019440366309 0.0102091561526
0.463516174464 -0.162867346292 0.0300435085823 -0.937471287564 -0.347369299568 0.019440366309 0.0102091561526
0.463514784012 -0.162867187128 0.03004203503 -0.937471121656 -0.347369235296 0.0194475917611 0.0102128157743
0.463513393537 -0.162867027962 0.0300405615003 -0.937470955686 -0.347369171002 0.019454817212 0.0102164753954
0.4635158283 -0.162869292151 0.0300416865233 -0.937470798331 -0.34736939238 0.0194632522949 0.0102073171922
0.463514662183 -0.162867173182 0.0300402142775 -0.937470720212 -0.347369079784 0.0194650639537 0.010221665271
0.463514662183 -0.162867173182 0.0300402142775 -0.937473534335 -0.347361485007 0.0194651467622 0.0102215075776
