0.461020985378 -0.164154906501 0.0505981439157 -0.939575907642 -0.341497494612 -0.000305486525203 0.0240100318859
0.461038006336 -0.164107096132 0.0505981439157 -0.939558199137 -0.341546212805 -0.000304241562708 0.0240100476936
0.461046408507 -0.164083489388 0.0505981439157 -0.939549454734 -0.341570266792 -0.000303626869368 0.0240100554748
0.46105532849 -0.164057364697 0.0505936390122 -0.939539781174 -0.341596727232 -0.000298752892987 0.024012211102
0.461061514825 -0.164039978017 0.0505936390122 -0.939533340139 -0.341614442363 -0.000298300138359 0.0240122167307
0.461063758274 -0.164022098684 0.0505908739568 -0.939526886124 -0.34163204488 -0.000293652397291 0.0240143692416
0.461071128604 -0.164000319847 0.0505863690941 -0.939518821281 -0.341654075969 -0.000288891366187 0.0240165229473
0.461096876192 -0.163921816408 0.0505758546685 -0.939489781884 -0.341733372902 -0.000271253077126 0.0240245291969
0.461109713421 -0.163889681167 0.0505773593791 -0.939477832562 -0.341766475561 -0.000277621737183 0.0240208499813
0.461065658355 -0.163850430668 0.0494877562413 -0.939462938177 -0.341771502494 0.000670549742765 0.024518936306
0.461429294109 -0.163829570831 0.0496303453587 -0.939440308665 -0.341847384381 0.000337676826526 0.0243343013286
0.461454721519 -0.163794408407 0.0496357006753 -0.93942727954 -0.341883017025 0.000317532368993 0.0243369738956
0.461508782768 -0.163687590594 0.0496376342849 -0.939386515608 -0.34199607415 0.00031751701002 0.0243219806703
0.46151664463 -0.163681467121 0.0495627390792 -0.939383243338 -0.342003393466 0.000387952447385 0.0243444138803
0.461524168991 -0.163682400654 0.049563747106 -0.939383259271 -0.342003507118 0.000383756571623 0.0243422688115
0.461577301663 -0.163692964508 0.0495021984004 -0.939383488586 -0.342002804256 0.000436658564401 0.0243424029827
0.462141020557 -0.163788464844 0.0494663188021 -0.939387519242 -0.342004169206 0.000256090012976 0.0241696370721
0.462407365373 -0.164513418731 0.0487014760638 -0.93960590968 -0.341423987534 0.00103115752707 0.0238606777827
0.462736455981 -0.164884173867 0.0423090705805 -0.93967828634 -0.34096691311 0.00634046342233 0.0265721822372
0.463305990288 -0.164867247131 0.0335566912539 -0.939534706065 -0.340825438735 0.0137613369778 0.0303839104464
0.463554048803 -0.164493235767 0.0300601311049 -0.939273389833 -0.341283948867 0.0168157609917 0.0317489461233
0.463602702863 -0.164538198128 0.0300333185561 -0.939214869298 -0.341452855767 0.0166211012945 0.031766579442
0.463597107902 -0.164542063095 0.0300307072575 -0.939208083654 -0.341471116253 0.016624372777 0.0317692082812
0.46359735721 -0.164540108008 0.0300307887707 -0.939207970775 -0.341470701594 0.0166189025293 0.0317798625458
0.46359735721 -0.164540108008 0.0300307887707 -0.939207970775 -0.341470701594 0.0166189025293 0.0317798625458
0.463594539394 -0.164539755632 0.0300278829614 -0.939207639568 -0.341470224023 0.0166333160572 0.0317872408262
0.463594539394 -0.164539755632 0.0300278829614 -0.939204873172 -0.341477832848 0.0166330585376 0.0317873755773
0.463598583162 -0.164540261317 0.0300304942332 -0.939204969554 -0.341477971797 0.0166288652707 0.031785229003
0.463596447981 -0.164538008045 0.0300415524017 -0.939205049253 -0.341477834939 0.0166150083993 0.0317915900672
0.463602126209 -0.164510111839 0.0300457223955 -0.939203426499 -0.341468837084 0.0165063174034 0.0319921621392
0.463596282176 -0.164515931729 0.0300430285511 -0.939202289386 -0.341472294349 0.0165155713203 0.0319838663689
0.463594232309 -0.164524212387 0.03004286378 -0.939206896054 -0.341461089498 0.0165266209976 0.0319625024471
0.463594785301 -0.164524281562 0.0300473930846 -0.939206992045 -0.341461229324 0.0165224277924 0.0319603557918
0.463598828939 -0.164524787385 0.030050004511 -0.939207088015 -0.341461369143 0.0165182345868 0.0319582091358
0.463594785301 -0.164524281562 0.0300473930846 -0.939206992045 -0.341461229324 0.0165224277924 0.0319603557918
0.463594785301 -0.164524281562 0.0300473930846 -0.939206992045 -0.341461229324 0.0165224277924 0.0319603557918
0.463598828939 -0.164524787385 0.030050004511 -0.939207088015 -0.341461369143 0.0165182345868 0.0319582091358
0.463594785301 -0.164524281562 0.0300473930846 -0.939206992045 -0.341461229324 0.0165224277924 0.0319603557918
0.463594785301 -0.164524281562 0.0300473930846 -0.939206992045 -0.341461229324 0.0165224277924 0.0319603557918
0.463593234213 -0.164528652136 0.0300473930846 -0.939208601613 -0.341456802091 0.0165222771376 0.0319604336748
0.463593234213 -0.164528652136 0.0300473930846 -0.939208601613 -0.341456802091 0.0165222771376 0.0319604336748
0.463593234213 -0.164528652136 0.0300473930846 -0.939208601613 -0.341456802091 0.0165222771376 0.0319604336748
0.463593234213 -0.164528652136 0.0300473930846 -0.939208601613 -0.341456802091 0.0165222771376 0.0319604336748
0.463593234213 -0.164528652136 0.0300473930846 -0.939208601613 -0.341456802091 0.0165222771376 0.0319604336748
0.463593234213 -0.164528652136 0.0300473930846 -0.939211367838 -0.341449193235 0.0165225360593 0.0319602998212
0.463593234213 -0.164528652136 0.0300473930846 -0.939208601613 -0.341456802091 0.0165222771376 0.0319604336748
0.463593234213 -0.164528652136 0.0300473930846 -0.939208601613 -0.341456802091 0.0165222771376 0.0319604336748
0.463593234213 -0.164528652136 0.0300473930846 -0.939208601613 -0.341456802091 0.0165222771376 0.0319604336748
0.463593234213 -0.164528652136 0.0300473930846 -0.939208601613 -0.341456802091 0.0165222771376 0.0319604336748
0.463593234213 -0.164528652136 0.0300473930846 -0.939208601613 -0.341456802091 0.0165222771376 0.0319604336748
0.463593234213 -0.164528652136 0.0300473930846 -0.939211367838 -0.341449193235 0.0165225360593 0.0319602998212
0.463593234213 -0.164528652136 0.0300473930846 -0.939211367838 -0.341449193235 0.0165225360593 0.0319602998212
0.463593234213 -0.164528652136 0.0300473930846 -0.939211367838 -0.341449193235 0.0165225360593 0.0319602998212
0.463593234213 -0.164528652136 0.0300473930846 -0.939211367838 -0.341449193235 0.0165225360593 0.0319602998212
0.463593483658 -0.164526697102 0.0300474754467 -0.939208486293 -0.34145638658 0.0165168064235 0.0319710876405
0.463593234213 -0.164528652136 0.0300473930846 -0.939208601613 -0.341456802091 0.0165222771376 0.0319604336748
