0.466260105075 -0.165188444881 0.0509598719025 -0.939083386157 -0.339959424935 0.0311307435344 0.0397600307916
0.466260105075 -0.165188444881 0.0509598719025 -0.939083386157 -0.339959424935 0.0311307435344 0.0397600307916
0.466261662383 -0.165184049165 0.0509598719025 -0.939081783648 -0.339963851578 0.0311309309547 0.0397598840472
0.466261408646 -0.165186003607 0.0509597886168 -0.939081834765 -0.339964454556 0.0311363995289 0.0397492374447
0.466261408646 -0.165186003607 0.0509597886168 -0.939081834765 -0.339964454556 0.0311363995289 0.0397492374447
0.466261408646 -0.165186003607 0.0509597886168 -0.939081834765 -0.339964454556 0.0311363995289 0.0397492374447
0.466261408646 -0.165186003607 0.0509597886168 -0.939081834765 -0.339964454556 0.0311363995289 0.0397492374447
0.466257472117 -0.165185508096 0.0509569764374 -0.939081663695 -0.339964292607 0.0311405911336 0.0397513804481
0.466253789301 -0.16518305814 0.0509542475809 -0.939081443563 -0.339963521938 0.0311393144017 0.0397641698608
0.466237508488 -0.16518100879 0.0509059973976 -0.939079218854 -0.339961316837 0.0311944363532 0.0397923474074
0.46498006498 -0.165020741576 0.0499963136177 -0.939019956033 -0.339902797998 0.0326246989227 0.0405368857252
0.4636225053 -0.164841913109 0.0491601440041 -0.938976606771 -0.339858920797 0.0336143554269 0.0410964840536
0.46362131506 -0.164839183218 0.049158669768 -0.938972421946 -0.339871712719 0.0336166726249 0.0410844135823
0.463626194322 -0.164837217249 0.0491568431842 -0.938970859944 -0.339876773727 0.0336223347764 0.0410736102811
0.463629519557 -0.164839622121 0.0491550166135 -0.938970899902 -0.339877408567 0.03362780326 0.0410629654365
0.463635281324 -0.164833794366 0.0491578875615 -0.938969439237 -0.339881372144 0.0336183369619 0.0410713095483
0.46370581355 -0.164844656959 0.0492034553211 -0.93897256038 -0.339884934035 0.0335525510303 0.0410242463452
0.464776349243 -0.164987930211 0.0487838161384 -0.938975033996 -0.33988252718 0.0335449773467 0.040993752519
0.46567860951 -0.165134786914 0.0425289078771 -0.938727315429 -0.339698301852 0.0389087394462 0.0433843402671
0.466003951314 -0.16492198159 0.0362214908596 -0.938088679016 -0.340621031784 0.0433267053305 0.0457136698866
0.466007500747 -0.164939827232 0.0362842526973 -0.938029690593 -0.340806589513 0.0433672984773 0.0455021486712
0.466005740789 -0.164933647853 0.0362831670061 -0.938000967898 -0.340884053435 0.0433439973632 0.0455361859282
0.465934928609 -0.164924778054 0.0362360452008 -0.937988945002 -0.340903795198 0.043411068652 0.0455721470968
0.465751255707 -0.164876391935 0.0340851256154 -0.937933612817 -0.341123271159 0.0431339010994 0.0453312077775
0.465109112938 -0.164782275796 0.0338540641326 -0.938369388694 -0.341518683542 0.0341763600783 0.0407413250338
0.464375670766 -0.164652751258 0.0322607365739 -0.938741649716 -0.341877583508 0.024324262336 0.035946672225
0.464063811684 -0.164617696735 0.0319922699819 -0.938860412189 -0.342010038295 0.0204581296945 0.0339370750025
0.464089310754 -0.164616318317 0.0319570667893 -0.93884637719 -0.341987720895 0.0210032462194 0.0342161137832
0.464089590091 -0.164595101501 0.0319566988698 -0.938846558724 -0.341976900597 0.0209390596938 0.0343583237284
0.464091141806 -0.164590726247 0.0319566988698 -0.938847717179 -0.341973720214 0.0209394999985 0.0343580553888
0.464071281244 -0.164635725311 0.0319574390028 -0.938885003094 -0.341868076226 0.0208959749521 0.0344169675211
0.464065058573 -0.164589448592 0.0303041331485 -0.938866741544 -0.341931460484 0.0208645970868 0.0343043224928
0.463081169307 -0.164483032645 0.0300635189527 -0.939117519271 -0.342312110264 0.00928127369706 0.0281879783645
0.460986962796 -0.164254781777 0.029893692527 -0.939203869884 -0.342656523311 -0.0157284550735 0.0153366726585
0.459434316605 -0.163954069245 0.0302120867311 -0.938302892187 -0.343057832005 -0.0435628263825 0.00113427137843
0.459257754244 -0.163918768102 0.0303058490686 0.938147968537 0.343086890152 0.0465780715032 0.0005081252526
0.459910959204 -0.163982179817 0.0300095448375 -0.938681373201 -0.342969659112 -0.0348763553253 0.00572122137566
0.460993919584 -0.164193543471 0.0299560912166 -0.93907105251 -0.342716725337 -0.0235314181745 0.0117079832003
0.461265948313 -0.164238940064 0.0299666796804 -0.939151064912 -0.342660530674 -0.0199659445739 0.0134312713409
0.461326750904 -0.164174136897 0.0300110351419 -0.939117806888 -0.342748250196 -0.0201486545388 0.0132443759355
0.461323788047 -0.164185113647 0.0300072451474 -0.939118763682 -0.342752042458 -0.0200904522911 0.0131665796185
0.461329199536 -0.164163941692 0.0300091533016 -0.939115695148 -0.342752512507 -0.0201475678311 0.013285398274
0.46144379732 -0.164182806337 0.0299050906426 -0.939145578283 -0.34271749482 -0.0188642762991 0.0139441965064
0.461865738937 -0.164227018882 0.0298317137369 -0.93922231475 -0.342628275936 -0.014011076892 0.0164620086452
0.462417466789 -0.164284293634 0.0297204926444 -0.939282826853 -0.34248471906 -0.00682840869577 0.0201335844562
0.46250693608 -0.164257782546 0.0297652538841 -0.939266082877 -0.342522929169 -0.00503887386619 0.0207816818351
0.462551997249 -0.164236081555 0.0297418337671 -0.939258645761 -0.342523520631 -0.00396117811431 0.0213340864758
0.462717416936 -0.164249241676 0.0297962941838 -0.939250636563 -0.342486570898 -0.00128101237553 0.0225732026516
0.462733476716 -0.164223437467 0.0297730757166 -0.939247385166 -0.34247676953 -0.00107767110816 0.0228659225814
0.462738531717 -0.164218692436 0.0297756486767 -0.939248007629 -0.342471225112 -0.00109909871454 0.0229223061224
0.462740624585 -0.16421100882 0.029785022855 -0.939244462999 -0.342478279696 -0.0011295528608 0.0229606352752
0.462738726312 -0.164230633557 0.0297887196877 -0.939246433587 -0.342480311622 -0.00107905094186 0.022851888189
0.462738971679 -0.164228677999 0.0297888018458 -0.939246237945 -0.342480119456 -0.00108452050223 0.0228625479429
0.462738469547 -0.164229198645 0.029793486849 -0.939247468836 -0.342475415237 -0.00109976116551 0.0228817125539
0.462738779514 -0.164231223438 0.0297979251467 -0.939247672977 -0.342475715063 -0.00109848522994 0.022868903107
0.462739825596 -0.164227381572 0.0298026102549 -0.939247289089 -0.342475438413 -0.00111361811948 0.0228880728279
0.46273858717 -0.16423376887 0.0298070485159 -0.939249107693 -0.342471310796 -0.00111245001412 0.0228752581386
0.462739142395 -0.1642338381 0.0298115690821 -0.939249115821 -0.342471418442 -0.00111664367704 0.0228731083939
0.462739142395 -0.1642338381 0.0298115690821 -0.939249115821 -0.342471418442 -0.00111664367704 0.0228731083939
0.462739387798 -0.164231882552 0.0298116513821 -0.939248919675 -0.342471226395 -0.00112211333341 0.0228837680914
0.462739142395 -0.1642338381 0.0298115690821 -0.939249115821 -0.342471418442 -0.00111664367704 0.0228731083939
0.462739697578 -0.164233907325 0.0298160896536 -0.939249123928 -0.34247152608 -0.00112083733994 0.0228709586487
0.462735052403 -0.16424699482 0.0298160896536 -0.939253966856 -0.342458243762 -0.00112116076686 0.0228709427963
0.462733749405 -0.164249401751 0.0298161719536 -0.939255384955 -0.342453624318 -0.00112673843235 0.0228815971065
0.462701100045 -0.164302202075 0.0298187466786 -0.939291199696 -0.342332532538 -0.00129914872883 0.0232118838783
0.462698065089 -0.164314906564 0.0298230997748 -0.939294835163 -0.342324173417 -0.00129261835878 0.0231884037368
0.462696515975 -0.164319268684 0.0298230997748 -0.939296448799 -0.34231974577 -0.00129272766415 0.0231883976434
