0.463512604932 -0.165373269403 0.0492414241848 -0.939662523019 -0.338180461127 0.0220108657077 0.0467315775072
0.463512869882 -0.165371318588 0.0492415478198 -0.939662335709 -0.338179871045 0.0220053616416 0.0467422050008
0.463512604932 -0.165373269403 0.0492414241848 -0.939662523019 -0.338180461127 0.0220108657077 0.0467315775072
0.463512604932 -0.165373269403 0.0492414241848 -0.939662523019 -0.338180461127 0.0220108657077 0.0467315775072
0.463512604932 -0.165373269403 0.0492414241848 -0.939662523019 -0.338180461127 0.0220108657077 0.0467315775072
0.463512604932 -0.165373269403 0.0492414241848 -0.939662523019 -0.338180461127 0.0220108657077 0.0467315775072
0.463512604932 -0.165373269403 0.0492414241848 -0.939662523019 -0.338180461127 0.0220108657077 0.0467315775072
0.463512604932 -0.165373269403 0.0492414241848 -0.939662523019 -0.338180461127 0.0220108657077 0.0467315775072
0.463512231751 -0.165373220681 0.0492368893159 -0.939662391609 -0.338180256126 0.0220150514357 0.0467337316314
0.463512231751 -0.165373220681 0.0492368893159 -0.939662391609 -0.338180256126 0.0220150514357 0.0467337316314
0.463511858528 -0.165373171953 0.0492323544506 -0.939662260178 -0.338180051118 0.0220192371633 0.0467358857547
0.463511593579 -0.165375122772 0.0492322308628 -0.939662447314 -0.338180641258 0.0220247412273 0.0467252582601
0.463510955366 -0.165377024861 0.0492275724605 -0.939662502825 -0.338181026439 0.0220344310162 0.0467167848867
0.463510690424 -0.165378975686 0.0492274489669 -0.939662689672 -0.338181616535 0.0220399350743 0.0467061573816
0.463506316461 -0.165380390046 0.0491774392046 -0.939661428103 -0.338179953105 0.0220914849549 0.0467192267322
0.463588278239 -0.165410772622 0.0492003132762 -0.939668613792 -0.33817129916 0.0220487341333 0.0466574967388
0.465083482877 -0.165715715195 0.0472332086016 -0.939657283362 -0.338141216312 0.0231146245451 0.0465877858136
0.465442764624 -0.165714614606 0.0373963532948 -0.939311219046 -0.337794774626 0.0314546684457 0.0509875263415
0.465474302541 -0.165598596079 0.0360745741084 -0.939084718467 -0.338254132618 0.032364840413 0.0515417346842
0.465468099482 -0.165673609546 0.0360602474582 -0.939077711983 -0.33833574407 0.0327003755552 0.0509181753459
0.465249516415 -0.165537433038 0.0346763251814 -0.938949797007 -0.338543228083 0.0342367906091 0.0508881478254
0.465302456241 -0.165487654084 0.0339244153112 -0.938971688008 -0.338714679972 0.0331631355184 0.0500473888674
0.464746641512 -0.165376064202 0.0338104476261 -0.939217955217 -0.339128087484 0.0265772248527 0.0464265440882
0.464296411008 -0.165270752096 0.0337225230526 -0.93947714015 -0.339483799545 0.0181870041881 0.0424580482349
0.464205962542 -0.165258439608 0.0336405428583 -0.939491902267 -0.339504266077 0.0176922254805 0.0421758704578
0.464205962542 -0.165258439608 0.0336405428583 -0.939491902267 -0.339504266077 0.0176922254805 0.0421758704578
0.464201150059 -0.165242373388 0.0336462002316 -0.939497178537 -0.339481413235 0.0175168900692 0.0423152472671
0.464023687806 -0.165232525381 0.0317713387172 -0.939434205438 -0.339552437467 0.0191888264935 0.0424182130893
0.464082721066 -0.164960116003 0.030216646308 -0.939170113922 -0.340634965771 0.0206494318907 0.0387416852006
0.464196047732 -0.164754540049 0.030270662046 -0.938921753963 -0.341506555572 0.0225591723756 0.0359206928889
0.46421102231 -0.16472478673 0.030273232245 -0.938885870485 -0.341627257785 0.0228248164394 0.0355410564906
0.464209457205 -0.164714849443 0.0302673353353 -0.93888033783 -0.341640481371 0.0228650908253 0.035534213747
0.464120907004 -0.164709297733 0.0302526725762 -0.938879851356 -0.341670011692 0.0227703044405 0.0353233784335
0.464111820965 -0.164703588362 0.0302474237785 -0.938877146827 -0.341673132122 0.0228064846594 0.0353417346643
0.46411550952 -0.164675645375 0.0302515221163 -0.938874391365 -0.341671486454 0.022743916321 0.0354709297069
0.464115007149 -0.164679554922 0.0302513556158 -0.938874568266 -0.341672480637 0.0227548741429 0.0354496366792
0.464115558172 -0.164679624 0.0302558902411 -0.938877463444 -0.341665026945 0.0227509703627 0.0354473037941
0.464115558172 -0.164679624 0.0302558902411 -0.93887469547 -0.341672633096 0.0227506831914 0.0354474881061
0.464115558172 -0.164679624 0.0302558902411 -0.93887469547 -0.341672633096 0.0227506831914 0.0354474881061
0.464114128903 -0.164679444822 0.0302544577786 -0.938877244811 -0.34166476492 0.0227581731462 0.0354509963675
0.464114128903 -0.164679444822 0.0302544577786 -0.938874476839 -0.341672371069 0.022757885945 0.0354511807379
0.464114128903 -0.164679444822 0.0302544577786 -0.938877244811 -0.34166476492 0.0227581731462 0.0354509963675
0.464114128903 -0.164679444822 0.0302544577786 -0.938877244811 -0.34166476492 0.0227581731462 0.0354509963675
0.464114128903 -0.164679444822 0.0302544577786 -0.938874476839 -0.341672371069 0.022757885945 0.0354511807379
0.464114128903 -0.164679444822 0.0302544577786 -0.938874476839 -0.341672371069 0.022757885945 0.0354511807379
