0.463339386481 -0.162900344484 0.0500702166468 -0.937777448715 -0.346746216162 0.0152448370999 0.0103977498251
0.463335436873 -0.1628998891 0.0500674453565 -0.937777371702 -0.346746175699 0.0152490412836 0.0103998798805
0.463335436873 -0.1628998891 0.0500674453565 -0.937777371702 -0.346746175699 0.0152490412836 0.0103998798805
0.463339386481 -0.162900344484 0.0500702166468 -0.937777448715 -0.346746216162 0.0152448370999 0.0103977498251
0.463339386481 -0.162900344484 0.0500702166468 -0.937777448715 -0.346746216162 0.0152448370999 0.0103977498251
0.463339386481 -0.162900344484 0.0500702166468 -0.937777448715 -0.346746216162 0.0152448370999 0.0103977498251
0.463335663155 -0.162897929541 0.0500674547826 -0.937777420913 -0.34674596003 0.0152436249544 0.010410568009
0.463333917433 -0.162897728262 0.0500614557651 -0.937777211492 -0.346745849842 0.0152550546327 0.0104163588676
0.463243623816 -0.162897818826 0.049080246598 -0.937761073668 -0.346732927073 0.0162040706377 0.0108569835088
0.463326493146 -0.162993905414 0.0465414998671 -0.937718111413 -0.346711864615 0.0185247348547 0.0115091555866
0.463428065129 -0.163012151347 0.044143284554 -0.937673871439 -0.346686333548 0.0204977728172 0.012495529681
0.463448705678 -0.163016517628 0.0436598828006 -0.937663548523 -0.346681894914 0.0209181341533 0.0126950846192
0.463441412789 -0.16301567649 0.0435432267075 -0.937660876319 -0.346680667907 0.0210250366623 0.0127492491741
0.463497078794 -0.163020111163 0.041842223948 -0.937624735506 -0.346663843042 0.0224191858263 0.0134690534781
0.463765860396 -0.163047140242 0.0369077890062 -0.937520333563 -0.346616311208 0.0260348649603 0.0153278428537
0.46456006921 -0.163259234785 0.0304347344974 -0.937476974404 -0.346356918664 0.0294123118666 0.0175705226721
0.463672885962 -0.163216965391 0.0301003014711 -0.937691712146 -0.346289450307 0.0241085098954 0.0153834108545
0.463759213825 -0.163259582836 0.0302029786626 -0.937709808691 -0.346316315937 0.0234071805855 0.0147454364825
0.463758302346 -0.163267420324 0.03020293863 -0.937709465339 -0.346317596758 0.0234288575053 0.0147027012616
0.463758570946 -0.163278787259 0.0302073812084 -0.937707257515 -0.346324631866 0.023468077486 0.0146149891051
0.463761198271 -0.163300356831 0.0302098688802 -0.937704598504 -0.346333258315 0.0235343917398 0.0144738569102
0.463770741626 -0.163294348016 0.0302136175368 -0.937701277626 -0.34634243298 0.02353876471 0.0144623515271
0.46376344382 -0.16329093675 0.0302030965809 -0.937697845228 -0.346346377121 0.023605054549 0.0144823861683
0.463761239606 -0.163288695333 0.0302029454054 -0.937697153699 -0.346345694381 0.0236273444818 0.0145071196684
0.463892046081 -0.16330386444 0.0302861049977 -0.937700648164 -0.346347319921 0.0235031005143 0.0144441227517
0.46386681362 -0.163298952529 0.0302454609596 -0.93769283771 -0.346343325245 0.0237776669293 0.0145967708958
0.46390849857 -0.163303786567 0.0302263291564 -0.937677934848 -0.346336413168 0.0242972014182 0.014860195722
0.463938183144 -0.163309214772 0.0302464482741 -0.937654034033 -0.346325770879 0.025110414463 0.0152590947308
0.463939224026 -0.163309335479 0.0302444044604 -0.937653203737 -0.346325389529 0.0251381220007 0.0152731434804
0.463941861795 -0.163309641371 0.0302455618305 -0.937653113182 -0.346325347942 0.0251411420496 0.0152746747571
0.463945911178 -0.163310110961 0.0302481719903 -0.937653239187 -0.346325405809 0.025136939623 0.015272543971
0.463944499543 -0.16330994726 0.0302467192353 -0.937653022617 -0.346325306352 0.0251441620982 0.0152762060336
0.463944499543 -0.16330994726 0.0302467192353 -0.937653022617 -0.346325306352 0.0251441620982 0.0152762060336
0.463944499543 -0.16330994726 0.0302467192353 -0.937653022617 -0.346325306352 0.0251441620982 0.0152762060336
0.463943087885 -0.163309783555 0.0302452665032 -0.937652805984 -0.346325206872 0.0251513845719 0.0152798680951
0.463947137271 -0.163310253147 0.0302478766747 -0.93765293204 -0.346325264757 0.0251471821466 0.0152777373099
0.463947688942 -0.163310317122 0.0302523988191 -0.937653058075 -0.346325322635 0.0251429797207 0.0152756065244
0.463947688942 -0.163310317122 0.0302523988191 -0.937653058075 -0.346325322635 0.0251429797207 0.0152756065244
0.463947688942 -0.163310317122 0.0302523988191 -0.937653058075 -0.346325322635 0.0251429797207 0.0152756065244
0.463947688942 -0.163310317122 0.0302523988191 -0.937653058075 -0.346325322635 0.0251429797207 0.0152756065244
