0.464233244046 -0.163760917812 0.0496685736775 -0.937549462287 -0.345417111855 0.0354949901001 0.0206913092961
0.464233613806 -0.163760961034 0.049673099928 -0.937549639785 -0.345417189301 0.0354907896091 0.0206891789823
0.464233244046 -0.163760917812 0.0496685736775 -0.937549462287 -0.345417111855 0.0354949901001 0.0206913092961
0.464233244046 -0.163760917812 0.0496685736775 -0.937549462287 -0.345417111855 0.0354949901001 0.0206913092961
0.464233244046 -0.163760917812 0.0496685736775 -0.937549462287 -0.345417111855 0.0354949901001 0.0206913092961
0.464233244046 -0.163760917812 0.0496685736775 -0.937549462287 -0.345417111855 0.0354949901001 0.0206913092961
0.464229519079 -0.163758496384 0.0496657965188 -0.937549427767 -0.345416563182 0.035493772436 0.0207041177531
0.464227704375 -0.16375828426 0.0496598512199 -0.937548945104 -0.345416352431 0.0355051920722 0.0207099093085
0.464214489067 -0.163756739502 0.04954391189 -0.937544321335 -0.345414334033 0.0356144045085 0.0207652972043
0.464308491507 -0.163720292292 0.0489543879883 -0.937524215626 -0.345411752573 0.0359370180907 0.0211564890561
0.46430910194 -0.163724335631 0.0489512580272 -0.937524058342 -0.345412767113 0.0359448354127 0.0211336024341
0.46430910194 -0.163724335631 0.0489512580272 -0.937524058342 -0.345412767113 0.0359448354127 0.0211336024341
0.464314227466 -0.163720376878 0.0489495122396 -0.937522430127 -0.345417186405 0.0359449350317 0.0211334329973
0.464315527257 -0.163718542765 0.0489464128933 -0.937522702685 -0.345416764697 0.0359364984893 0.0211425801119
0.464315757051 -0.163716583618 0.048946423141 -0.937522845862 -0.345416285967 0.0359310805662 0.0211532580365
0.464315840083 -0.163712621325 0.0489419168456 -0.937522952041 -0.345415248868 0.0359244451528 0.0211767440087
0.464315610281 -0.16371458047 0.0489419065036 -0.937522809113 -0.34541572775 0.0359298630853 0.0211660660923
0.464316827012 -0.163716708647 0.0489433135938 -0.937522975069 -0.345416343011 0.0359280619398 0.0211517272263
0.464317910899 -0.163716249549 0.0489432931453 -0.937521060371 -0.345421719631 0.035938997386 0.0211302019621
0.464315495751 -0.163711409645 0.0489405120924 -0.937519252279 -0.345426059635 0.0359432974542 0.0211321626543
0.46436016988 -0.163592517698 0.0489287394505 -0.937450110028 -0.345613326072 0.0361186881136 0.02083651647
0.464385319719 -0.16346725479 0.04890718175 -0.937401607235 -0.345742016281 0.0361545521563 0.0208214622313
0.464448187812 -0.163468015306 0.0487905683734 -0.937393992071 -0.345752114769 0.0362264986674 0.0208715010522
0.464886359061 -0.163485748719 0.0460960163737 -0.937301621456 -0.345696434721 0.0383092492851 0.0221821292173
0.465415461319 -0.163589117962 0.0389466847384 -0.937045088884 -0.345553738374 0.0438062980259 0.0249022799556
0.465594042349 -0.163599351203 0.0340848382604 -0.936820931437 -0.345470937256 0.0478353183265 0.0269843705517
0.465607240389 -0.163574277483 0.03414245185 -0.936820419175 -0.345474030452 0.0477185175621 0.0271687243296
0.465606843078 -0.163568870821 0.0341425046025 -0.936820235405 -0.34547406494 0.0476911078673 0.0272226967734
0.465473001662 -0.163561848869 0.0330992936412 -0.936707669456 -0.345606878467 0.048657305105 0.0276964654479
0.465109267137 -0.163529693385 0.0314410510324 -0.936932978711 -0.345796769544 0.0440994383049 0.0252275071778
0.463846484356 -0.163303066184 0.0301243131414 -0.937631701387 -0.346157881679 0.0271714478878 0.0168293174321
0.462341658351 -0.163133690466 0.0297412081281 -0.938024769206 -0.346358421647 0.00928503406971 0.00769183030495
0.461958567454 -0.163103103538 0.0297775106481 -0.938071595655 -0.346374473903 0.00445881844777 0.00515016424774
0.462163777147 -0.1631070759 0.029702413073 -0.938053807965 -0.346359003875 0.00691669125807 0.00653094005303
0.462090581927 -0.163138292524 0.0296993050785 -0.938053275829 -0.346361018295 0.0070659537013 0.00633790259791
0.462091265091 -0.163132414352 0.0296993343636 -0.938053306552 -0.346360678252 0.00704969242531 0.00636996580345
0.462092263252 -0.16314047361 0.0297053090453 -0.938053364611 -0.346361201605 0.00705994511025 0.006321419134
0.462092136842 -0.163146416439 0.0297097850813 -0.938053368974 -0.346361566216 0.00707200243582 0.00628722406676
0.462092693542 -0.163146481088 0.0297142898404 -0.938053405496 -0.346361591805 0.00706779849651 0.0062850922201
0.462098183214 -0.163149104432 0.0297303752977 -0.938053540496 -0.346361806674 0.00705640315793 0.0062658770869
0.462099296187 -0.16314923368 0.0297393849402 -0.938053613349 -0.346361857662 0.00704799527782 0.00626161339101
0.462101761072 -0.163149519923 0.0297499036525 -0.938053748585 -0.346361952385 0.0070323623194 0.00625368580581
0.462100779269 -0.163153941033 0.0297544085051 -0.938055417572 -0.346357556042 0.0070281289099 0.00625158708637
0.462101335551 -0.163154005638 0.029758913363 -0.938055453869 -0.346357581488 0.00702392497892 0.00624945521774
0.462101335551 -0.163154005638 0.029758913363 -0.938055453869 -0.346357581488 0.00702392497892 0.00624945521774
0.46210189179 -0.163154070239 0.0297634182262 -0.938055490145 -0.346357606926 0.00701972104779 0.00624732334898
0.46210189179 -0.163154070239 0.0297634182262 -0.938055490145 -0.346357606926 0.00701972104779 0.00624732334898
0.46210189179 -0.163154070239 0.0297634182262 -0.938055490145 -0.346357606926 0.00701972104779 0.00624732334898
0.46210189179 -0.163154070239 0.0297634182262 -0.938055490145 -0.346357606926 0.00701972104779 0.00624732334898
0.46210189179 -0.163154070239 0.0297634182262 -0.938055490145 -0.346357606926 0.00701972104779 0.00624732334898
0.46210189179 -0.163154070239 0.0297634182262 -0.938055490145 -0.346357606926 0.00701972104779 0.00624732334898
0.462102447988 -0.163154134834 0.0297679230946 -0.938055526401 -0.346357632357 0.00701551711649 0.00624519148007
