0.462251708316 -0.162254478586 0.0501870422697 -0.937643538934 -0.347411829558 0.00890926423054 0.00708798916284
0.462251708316 -0.162254478586 0.0501870422697 -0.937643538934 -0.347411829558 0.00890926423054 0.00708798916284
0.462251484354 -0.162256438414 0.0501870332178 -0.937643518293 -0.347411964411 0.00891467603711 0.00707729732555
0.462251708316 -0.162254478586 0.0501870422697 -0.937643538934 -0.347411829558 0.00890926423054 0.00708798916284
0.462251708316 -0.162254478586 0.0501870422697 -0.937643538934 -0.347411829558 0.00890926423054 0.00708798916284
0.462246399561 -0.162253872471 0.0501827770445 -0.937643415116 -0.347411752233 0.00892069766422 0.00709377560141
0.462046865336 -0.162253184498 0.0495731407001 -0.937639007429 -0.347387693825 0.00988819491516 0.00755681999089
0.462038546044 -0.162263840856 0.0495703933363 -0.937643894824 -0.347374257118 0.00988688138081 0.00756977986376
0.461991776862 -0.162392990857 0.0495704206324 -0.93769472196 -0.347236793248 0.00986953405442 0.00760329671166
0.462006044242 -0.162403686934 0.0495854272305 -0.937699064288 -0.347228598229 0.00977971517502 0.00755794791703
0.462037675119 -0.162407310404 0.0496074802679 -0.937699462459 -0.347228839171 0.00974607420479 0.00754091442478
0.462038870385 -0.162410553525 0.0496057628966 -0.937702808055 -0.347219561654 0.00972976143477 0.00757307820004
0.462086712673 -0.162407229235 0.0495054437464 -0.937705353675 -0.347208825862 0.00976030751218 0.00770956091872
0.462218461002 -0.16249260913 0.04949485817 -0.937725480691 -0.34715737246 0.00974612906281 0.00759569474358
0.462514429422 -0.162927764655 0.0475851306067 -0.937788986177 -0.346855656858 0.012991367751 0.00861365623074
0.464640169224 -0.163162036359 0.0293609221187 -0.93750622676 -0.346579582207 0.0264860725323 0.0162220820248
0.464182083502 -0.163342929579 0.0300413651396 -0.937757954175 -0.346040449357 0.0240327285621 0.0169839555881
0.464163331978 -0.163427887919 0.0301373804227 -0.937742822624 -0.346030889641 0.0248173062946 0.016885595628
0.46415092274 -0.16343274674 0.0301482410144 -0.937754554783 -0.346013588774 0.0246254572804 0.0168694463832
0.464148435607 -0.163452081346 0.0301510992669 -0.937759638164 -0.346001598635 0.0246270507612 0.0168304231421
0.464148665287 -0.163450122219 0.0301511144879 -0.937759717471 -0.346001250059 0.0246216262708 0.0168411034397
0.46414682792 -0.163465795255 0.030150994041 -0.937759079242 -0.346004037274 0.0246650220947 0.0167556609916
0.464146185285 -0.163477635922 0.030187277525 -0.937759074426 -0.346006374091 0.0246814155051 0.0166833793879
0.464145647847 -0.163479559116 0.030194860864 -0.937759028393 -0.346006739933 0.0246856578596 0.0166720990038
0.464145970326 -0.163481582726 0.0301993713541 -0.937759071848 -0.34600715205 0.0246868809004 0.0166592859654
0.464144558186 -0.163481417827 0.0301979192455 -0.937758857517 -0.346007041183 0.0246941016091 0.0166629513143
0.46414432855 -0.163483376965 0.0301979047796 -0.937758776121 -0.346007388783 0.0246995260447 0.0166522709728
0.464144880638 -0.163483441434 0.0302024297747 -0.937758900858 -0.346007453241 0.0246953246469 0.0166501382733
0.464144880638 -0.163483441434 0.0302024297747 -0.937758900858 -0.346007453241 0.0246953246469 0.0166501382733
0.464144880638 -0.163483441434 0.0302024297747 -0.937758900858 -0.346007453241 0.0246953246469 0.0166501382733
0.464143468489 -0.163483276533 0.0302009776758 -0.937758686467 -0.346007342456 0.0247025453539 0.0166538036245
0.464144020548 -0.163483340999 0.0302055026627 -0.937758811218 -0.34600740692 0.0246983439566 0.0166516709252
0.464144020548 -0.163483340999 0.0302055026627 -0.937758811218 -0.34600740692 0.0246983439566 0.0166516709252
0.464144020548 -0.163483340999 0.0302055026627 -0.937758811218 -0.34600740692 0.0246983439566 0.0166516709252
0.464143790915 -0.163485300137 0.0302054882439 -0.937758729694 -0.346007754455 0.0247037683888 0.0166409905809
0.464143790915 -0.163485300137 0.0302054882439 -0.937758729694 -0.346007754455 0.0247037683888 0.0166409905809
0.464144020548 -0.163483340999 0.0302055026627 -0.937758811218 -0.34600740692 0.0246983439566 0.0166516709252
0.464143790915 -0.163485300137 0.0302054882439 -0.937758729694 -0.346007754455 0.0247037683888 0.0166409905809
0.464143790915 -0.163485300137 0.0302054882439 -0.937758729694 -0.346007754455 0.0247037683888 0.0166409905809
0.464143790915 -0.163485300137 0.0302054882439 -0.937758729694 -0.346007754455 0.0247037683888 0.0166409905809
0.464143790915 -0.163485300137 0.0302054882439 -0.937758729694 -0.346007754455 0.0247037683888 0.0166409905809
0.464143790915 -0.163485300137 0.0302054882439 -0.937758729694 -0.346007754455 0.0247037683888 0.0166409905809
0.464143790915 -0.163485300137 0.0302054882439 -0.937758729694 -0.346007754455 0.0247037683888 0.0166409905809
