-2.02284 -0.201698 -0.0138727 -1.74757 -0.0556736 1.55636 -1.28417 
-2.02283 -0.201697 -0.0138657 -1.74757 -0.055673 1.55637 -1.28417 
-2.02284 -0.201698 -0.013871 -1.74757 -0.055673 1.55637 -1.28416 
-2.02284 -0.2017 -0.013871 -1.74757 -0.055673 1.55637 -1.28417 
-2.02284 -0.201698 -0.0138674 -1.74757 -0.055675 1.55636 -1.28417 
-2.02284 -0.201702 -0.0138691 -1.74757 -0.055673 1.55636 -1.28417 
-2.02284 -0.201698 -0.013871 -1.74757 -0.055673 1.55637 -1.28417 
-2.02283 -0.201701 -0.0138691 -1.74757 -0.0556724 1.55637 -1.28417 
-2.02284 -0.201701 -0.013871 -1.74757 -0.0556736 1.55636 -1.28417 
-2.02283 -0.201697 -0.0138674 -1.74757 -0.0556736 1.55636 -1.28417 
-2.02284 -0.201698 -0.013871 -1.74757 -0.0556743 1.55636 -1.28417 
-2.02284 -0.201697 -0.0138691 -1.74757 -0.0556743 1.55636 -1.28417 
-2.02284 -0.2017 -0.0138727 -1.74757 -0.0556724 1.55637 -1.28417 
-2.02283 -0.201698 -0.013871 -1.74757 -0.055673 1.55636 -1.28417 
-2.02284 -0.201695 -0.0138674 -1.74757 -0.0556743 1.55637 -1.28417 
-2.02284 -0.201697 -0.013871 -1.74757 -0.0556736 1.55636 -1.28417 
-2.02284 -0.201697 -0.0138727 -1.74757 -0.055673 1.55637 -1.28417 
-2.02284 -0.201698 -0.0138691 -1.74757 -0.055675 1.55637 -1.28417 
-2.02284 -0.201698 -0.0138674 -1.74757 -0.0556743 1.55636 -1.28417 
-2.02283 -0.2017 -0.0138674 -1.74757 -0.0556736 1.55636 -1.28417 
-2.02283 -0.201698 -0.013871 -1.74757 -0.055673 1.55637 -1.28417 
-2.02284 -0.2017 -0.0138691 -1.74757 -0.055673 1.55636 -1.28417 
-2.02284 -0.201698 -0.0138691 -1.74757 -0.0556736 1.55637 -1.28417 
-2.02283 -0.201698 -0.0138691 -1.74757 -0.0556724 1.55636 -1.28417 
-2.02284 -0.2017 -0.0138727 -1.74757 -0.0556743 1.55636 -1.28417 
-2.02284 -0.2017 -0.0138727 -1.74757 -0.0556743 1.55636 -1.28417 
-2.02284 -0.2017 -0.0138727 -1.74757 -0.055675 1.55636 -1.28417 
-2.02284 -0.201697 -0.0138691 -1.74757 -0.055673 1.55636 -1.28417 
-2.02284 -0.201697 -0.013871 -1.74757 -0.055673 1.55637 -1.28417 
-2.02284 -0.201697 -0.0138691 -1.74757 -0.055675 1.55636 -1.28417 
-2.02283 -0.201702 -0.013871 -1.74757 -0.0556743 1.55636 -1.28417 
-2.02283 -0.2017 -0.013871 -1.74757 -0.055673 1.55637 -1.28417 
-2.02283 -0.201697 -0.013871 -1.74757 -0.055673 1.55637 -1.28417 
-2.02283 -0.201698 -0.0138674 -1.74757 -0.0556743 1.55637 -1.28417 
-2.02284 -0.201697 -0.0138691 -1.74757 -0.0556736 1.55636 -1.28417 
-2.02284 -0.201698 -0.013871 -1.74757 -0.0556736 1.55637 -1.28417 
-2.02283 -0.201698 -0.0138638 -1.74757 -0.0556724 1.55636 -1.28417 
-2.02283 -0.201698 -0.0138621 -1.74757 -0.0556711 1.55636 -1.28417 
-2.02285 -0.201695 -0.0138878 -1.74757 -0.055675 1.55636 -1.28417 
-2.02283 -0.201695 -0.0138585 -1.74757 -0.055673 1.55637 -1.28417 
-2.02281 -0.201697 -0.0138536 -1.74757 -0.0556724 1.55637 -1.28417 
-2.02282 -0.201693 -0.0138536 -1.74757 -0.0556736 1.55637 -1.28417 
-2.02283 -0.201695 -0.0138625 -1.74757 -0.0556724 1.55636 -1.28417 
-2.02284 -0.201697 -0.013878 -1.74757 -0.055675 1.55637 -1.28417 
-2.02286 -0.201693 -0.0138967 -1.74757 -0.0556764 1.55637 -1.28417 
-2.02287 -0.20169 -0.0139087 -1.74758 -0.0556763 1.55637 -1.28417 
-2.02285 -0.201669 -0.0138807 -1.74757 -0.0556743 1.55637 -1.28417 
-2.02285 -0.201664 -0.013878 -1.74757 -0.0556717 1.55637 -1.28417 
-2.02283 -0.201627 -0.0138705 -1.74757 -0.0556736 1.55637 -1.28417 
-2.02284 -0.201628 -0.0138742 -1.74758 -0.055673 1.55637 -1.28417 
-2.02279 -0.201555 -0.0138221 -1.74764 -0.0556699 1.55637 -1.28417 
-2.02279 -0.20153 -0.0138333 -1.74767 -0.0556627 1.55637 -1.28417 
-2.02172 -0.201365 -0.013656 -1.74759 -0.0556663 1.55803 -1.28416 
-2.0198 -0.201154 -0.0136498 -1.74657 -0.0556663 1.55892 -1.28416 
-2.01739 -0.20052 -0.0135903 -1.74481 -0.055668 1.55893 -1.28413 
-2.01417 -0.199251 -0.0135238 -1.7434 -0.0556695 1.55893 -1.28361 
-2.01043 -0.197354 -0.0134312 -1.74297 -0.0556588 1.55908 -1.28084 
-2.00521 -0.194342 -0.013397 -1.74301 -0.0556527 1.56048 -1.2779 
-1.9985 -0.190074 -0.0133835 -1.74302 -0.0556395 1.56325 -1.27359 
-1.99095 -0.184597 -0.0133717 -1.74301 -0.0556347 1.56801 -1.26453 
-1.98274 -0.178039 -0.0133221 -1.74298 -0.0556377 1.57378 -1.24999 
-1.97397 -0.169698 -0.0133329 -1.74303 -0.0556329 1.5827 -1.23407 
-1.96448 -0.159871 -0.0133174 -1.74299 -0.0556395 1.59336 -1.21656 
-1.95397 -0.149503 -0.0132982 -1.74287 -0.0556363 1.60372 -1.20417 
-1.94297 -0.137062 -0.0133232 -1.74285 -0.0556357 1.61616 -1.19456 
-1.93233 -0.124536 -0.0132706 -1.74261 -0.0556366 1.63022 -1.1835 
-1.92212 -0.110639 -0.0133142 -1.74203 -0.055627 1.64291 -1.16809 
-1.91225 -0.0957562 -0.0132986 -1.74041 -0.0556296 1.65592 -1.14574 
-1.90271 -0.0791669 -0.0132902 -1.73834 -0.0556259 1.67048 -1.11796 
-1.89325 -0.0617559 -0.013314 -1.73526 -0.0556269 1.68334 -1.09008 
-1.8843 -0.0443557 -0.0132931 -1.73211 -0.0556369 1.69686 -1.0666 
-1.87516 -0.025867 -0.0133029 -1.72941 -0.0556403 1.71237 -1.04675 
-1.8651 -0.00479586 -0.0133257 -1.72599 -0.0556331 1.72879 -1.02901 
-1.85658 0.0137748 -0.0133231 -1.72242 -0.0556343 1.74324 -1.01265 
-1.84795 0.0330046 -0.0133313 -1.71907 -0.0556265 1.75852 -0.995566 
-1.84005 0.0531097 -0.0133346 -1.71572 -0.0556335 1.77435 -0.976513 
-1.83308 0.0733739 -0.0133289 -1.71255 -0.055631 1.79083 -0.959004 
-1.82682 0.0935646 -0.0133487 -1.70932 -0.0556351 1.80678 -0.942791 
-1.82163 0.113695 -0.0133682 -1.70676 -0.0556401 1.82417 -0.927893 
-1.81793 0.13445 -0.0134025 -1.70526 -0.0556344 1.84239 -0.915788 
-1.81575 0.155625 -0.0134388 -1.70454 -0.0556414 1.86228 -0.901922 
-1.81511 0.177019 -0.0135264 -1.70452 -0.0556457 1.88267 -0.891375 
-1.81578 0.199539 -0.0136657 -1.70452 -0.055644 1.90497 -0.884809 
-1.81739 0.221427 -0.0137285 -1.70439 -0.0556466 1.92653 -0.883976 
-1.81952 0.244303 -0.0137923 -1.70437 -0.0556422 1.9496 -0.883979 
-1.82194 0.266886 -0.0137964 -1.7042 -0.0556331 1.97144 -0.88402 
-1.82462 0.289998 -0.0138274 -1.70413 -0.0556288 1.99379 -0.884158 
-1.82756 0.312576 -0.0138491 -1.7041 -0.0556238 2.01507 -0.885276 
-1.83089 0.334688 -0.0138419 -1.70411 -0.0556297 2.0361 -0.886166 
-1.83457 0.355668 -0.01385 -1.70406 -0.0556327 2.05649 -0.886784 
-1.83863 0.37687 -0.0138984 -1.70392 -0.0556773 2.07781 -0.88813 
-1.84304 0.398184 -0.0139193 -1.70391 -0.0557616 2.09936 -0.892621 
-1.84765 0.419227 -0.0139244 -1.70385 -0.0559081 2.11942 -0.903027 
-1.85264 0.440432 -0.01397 -1.70372 -0.0562148 2.14013 -0.91955 
-1.85764 0.460882 -0.013984 -1.70307 -0.0567551 2.15993 -0.939267 
-1.86274 0.481102 -0.0139826 -1.70218 -0.056985 2.18045 -0.958927 
-1.86781 0.502505 -0.0139829 -1.70031 -0.0570441 2.20034 -0.972307 
-1.87263 0.524029 -0.0139964 -1.69747 -0.0572694 2.21858 -0.984139 
-1.87716 0.545107 -0.0140092 -1.69388 -0.0576756 2.23502 -0.994814 
-1.88136 0.565862 -0.014012 -1.68977 -0.0579811 2.25144 -1.00456 
-1.88498 0.585779 -0.0140244 -1.68551 -0.0582472 2.26739 -1.0102 
-1.88837 0.606804 -0.0140213 -1.6801 -0.0582977 2.28284 -1.01137 
-1.89126 0.627282 -0.014024 -1.67442 -0.0582708 2.29852 -1.01135 
-1.89401 0.648475 -0.0140448 -1.6667 -0.0582029 2.31245 -1.01081 
-1.89685 0.670049 -0.0140617 -1.65657 -0.0580271 2.32503 -1.00449 
-1.89964 0.691561 -0.0140581 -1.64488 -0.0579684 2.33668 -0.993889 
-1.90228 0.714027 -0.0140686 -1.63037 -0.0579726 2.34494 -0.983045 
-1.90462 0.735886 -0.0140528 -1.61467 -0.0579739 2.3513 -0.975916 
-1.90658 0.757365 -0.0140691 -1.59719 -0.0579899 2.35468 -0.975169 
-1.90814 0.777848 -0.0140577 -1.57825 -0.0580815 2.35558 -0.975421 
-1.90914 0.797649 -0.0140645 -1.5583 -0.0583932 2.35572 -0.979804 
-1.90963 0.815313 -0.0140666 -1.54106 -0.0592528 2.35572 -0.992209 
-1.90998 0.832109 -0.0140697 -1.5248 -0.0604176 2.35572 -1.01144 
-1.91035 0.845742 -0.0141129 -1.51085 -0.0608367 2.35572 -1.03304 
-1.91119 0.858578 -0.0141101 -1.49899 -0.060846 2.35572 -1.04903 
-1.91254 0.868943 -0.0140997 -1.48959 -0.0608348 2.35572 -1.06145 
-1.91416 0.877345 -0.0141037 -1.48361 -0.0608338 2.35574 -1.06598 
-1.91586 0.883461 -0.0140926 -1.48169 -0.0608265 2.35698 -1.06619 
-1.91747 0.887541 -0.0140841 -1.48172 -0.0608246 2.36008 -1.06619 
-1.91877 0.890861 -0.0140751 -1.48173 -0.0608204 2.36434 -1.0662 
-1.91957 0.893449 -0.0140705 -1.48172 -0.0608186 2.36846 -1.06619 
-1.91982 0.895454 -0.0140437 -1.48172 -0.060815 2.37085 -1.06619 
-1.91976 0.897182 -0.0139757 -1.48178 -0.0608163 2.37186 -1.06619 
-1.91974 0.898563 -0.013977 -1.48186 -0.0608144 2.37234 -1.06619 
-1.91989 0.899761 -0.0140463 -1.48185 -0.0608161 2.3731 -1.0662 
-1.92037 0.900592 -0.0140883 -1.48185 -0.0608195 2.37421 -1.0662 
-1.92118 0.901059 -0.0140802 -1.48185 -0.0608118 2.37472 -1.0662 
-1.92189 0.901461 -0.0140762 -1.48186 -0.0608149 2.37484 -1.06619 
-1.92232 0.901934 -0.0140601 -1.48192 -0.0608141 2.37488 -1.06619 
-1.92236 0.90266 -0.0140611 -1.48198 -0.0608118 2.3753 -1.06619 
-1.92231 0.903519 -0.0140369 -1.48198 -0.0608044 2.37648 -1.06619 
-1.92229 0.904435 -0.0140321 -1.48198 -0.0607978 2.37753 -1.06619 
-1.92227 0.905172 -0.0140209 -1.48198 -0.0607859 2.37838 -1.06619 
-1.92229 0.905684 -0.0139632 -1.48197 -0.0607845 2.37875 -1.06619 
-1.9223 0.906109 -0.0139653 -1.48197 -0.0607807 2.37889 -1.06619 
-1.92233 0.906363 -0.0139701 -1.48197 -0.060777 2.37918 -1.06618 
-1.92232 0.906492 -0.0139608 -1.48197 -0.0607815 2.37927 -1.06619 
-1.92229 0.906644 -0.0139452 -1.48198 -0.0607795 2.37929 -1.06619 
-1.92229 0.906827 -0.0139411 -1.48199 -0.0607789 2.37929 -1.06619 
-1.92217 0.9073 -0.0139203 -1.48198 -0.0607769 2.37931 -1.06618 
-1.92195 0.908031 -0.0138861 -1.48198 -0.0607793 2.37946 -1.06619 
-1.92147 0.909181 -0.0138271 -1.48199 -0.0607728 2.3807 -1.06619 
-1.92099 0.910479 -0.0138257 -1.48198 -0.0607721 2.38289 -1.06619 
-1.92079 0.911816 -0.0138253 -1.48198 -0.0607667 2.38517 -1.06618 
-1.92076 0.913323 -0.0138237 -1.48197 -0.0607591 2.38732 -1.06618 
-1.92079 0.914911 -0.0138236 -1.48198 -0.0607543 2.38933 -1.06617 
-1.92061 0.916474 -0.0138008 -1.48197 -0.060752 2.39077 -1.06618 
-1.92021 0.917574 -0.0137829 -1.48197 -0.06075 2.39149 -1.06617 
-1.91974 0.917842 -0.0137933 -1.48194 -0.0607511 2.39181 -1.06616 
-1.91934 0.917444 -0.0137929 -1.4816 -0.0607517 2.39186 -1.06617 
-1.9191 0.916913 -0.01379 -1.48039 -0.0607572 2.39186 -1.06617 
-1.91889 0.916661 -0.0137986 -1.47822 -0.0607558 2.39187 -1.06617 
-1.91886 0.916671 -0.0137876 -1.47603 -0.0607648 2.39183 -1.06617 
-1.91872 0.916634 -0.0138033 -1.47508 -0.0607629 2.3918 -1.06617 
-1.91884 0.916788 -0.0138219 -1.47519 -0.0607669 2.39172 -1.06617 
-1.91881 0.916651 -0.0138019 -1.47523 -0.0607642 2.39173 -1.06617 
-1.91863 0.916602 -0.0138061 -1.47522 -0.0607629 2.39173 -1.06617 
-1.91855 0.91644 -0.0137892 -1.47522 -0.0607616 2.39172 -1.06616 
-1.91831 0.916246 -0.0137791 -1.47523 -0.0607674 2.39169 -1.06617 
-1.91791 0.916161 -0.0137837 -1.47528 -0.0607685 2.39163 -1.06618 
-1.91758 0.915958 -0.0137539 -1.47558 -0.0607685 2.39146 -1.06617 
-1.91715 0.915661 -0.0137573 -1.47614 -0.060766 2.3914 -1.06617 
-1.91669 0.915001 -0.0137428 -1.47715 -0.0607696 2.39138 -1.06617 
-1.91645 0.913422 -0.0137351 -1.47883 -0.0607696 2.39129 -1.06617 
-1.91623 0.910661 -0.0137591 -1.48188 -0.0607702 2.39119 -1.06617 
-1.91621 0.906466 -0.0137528 -1.48574 -0.060769 2.39114 -1.06617 
-1.91627 0.901081 -0.013796 -1.49059 -0.0607738 2.39063 -1.06617 
-1.91638 0.895827 -0.0137986 -1.49601 -0.0607744 2.39054 -1.06617 
-1.91657 0.891957 -0.0138029 -1.50105 -0.0607738 2.39054 -1.06617 
-1.91671 0.890264 -0.0138343 -1.50392 -0.0607774 2.39057 -1.06617 
-1.91705 0.890641 -0.0138374 -1.50495 -0.0607904 2.39061 -1.06617 
-1.9175 0.891715 -0.0139376 -1.50514 -0.0608007 2.39111 -1.06617 
-1.91809 0.892964 -0.0139356 -1.5051 -0.0608177 2.39149 -1.06617 
-1.91849 0.893954 -0.0139441 -1.50477 -0.0608125 2.3919 -1.06618 
-1.91859 0.894495 -0.0139371 -1.50408 -0.0608208 2.39196 -1.06618 
-1.91839 0.894569 -0.0139307 -1.50324 -0.0608214 2.39197 -1.06618 
-1.91823 0.894598 -0.01392 -1.50246 -0.0608329 2.39197 -1.06621 
-1.91813 0.894689 -0.0139054 -1.50233 -0.0609017 2.39195 -1.06697 
-1.91807 0.89514 -0.013926 -1.50233 -0.0609828 2.39196 -1.07309 
-1.91826 0.895792 -0.0139336 -1.50233 -0.0609789 2.39196 -1.08127 
-1.9185 0.896277 -0.0139395 -1.50233 -0.0609677 2.39196 -1.08546 
-1.91855 0.896363 -0.0139407 -1.50229 -0.0609693 2.39197 -1.08559 
-1.91856 0.896329 -0.0139441 -1.50168 -0.0609398 2.39197 -1.08558 
-1.91872 0.896306 -0.0139447 -1.50064 -0.0608181 2.39198 -1.08552 
-1.91903 0.896323 -0.0139463 -1.4995 -0.0604973 2.39198 -1.08402 
-1.91936 0.896374 -0.0139439 -1.49937 -0.0603038 2.39198 -1.07863 
-1.91965 0.896788 -0.0139407 -1.4995 -0.0602632 2.39196 -1.07328 
-1.91978 0.897541 -0.0139365 -1.49952 -0.0602528 2.39196 -1.07073 
-1.91976 0.898565 -0.0139105 -1.49952 -0.0601979 2.39196 -1.06686 
-1.91951 0.899688 -0.0139094 -1.49951 -0.0601825 2.39201 -1.06398 
-1.91938 0.900684 -0.0139026 -1.4995 -0.0601809 2.39231 -1.06227 
-1.91936 0.901182 -0.0139094 -1.4995 -0.0601601 2.39272 -1.06135 
-1.91946 0.901232 -0.0139207 -1.49948 -0.0601563 2.39284 -1.06027 
-1.91955 0.901235 -0.0139328 -1.49931 -0.060155 2.3929 -1.06006 
-1.91964 0.901247 -0.0139324 -1.49931 -0.0601655 2.39291 -1.06007 
-1.91957 0.901337 -0.0139154 -1.49931 -0.0602049 2.39292 -1.06011 
-1.91929 0.901683 -0.0139158 -1.49931 -0.0602613 2.39294 -1.06058 
-1.91897 0.902064 -0.0139158 -1.49931 -0.0604588 2.39302 -1.06254 
-1.91869 0.902609 -0.0139238 -1.49931 -0.0605747 2.39327 -1.06457 
-1.91873 0.903102 -0.0139522 -1.49931 -0.0608182 2.39372 -1.06752 
-1.91907 0.903528 -0.0139704 -1.4993 -0.0608453 2.3942 -1.07006 
-1.91968 0.903849 -0.013976 -1.49927 -0.0609026 2.39471 -1.07282 
-1.92025 0.904134 -0.0139791 -1.49927 -0.0609029 2.39501 -1.07548 
-1.9207 0.904477 -0.0139697 -1.49913 -0.0608673 2.39561 -1.07565 
-1.92106 0.904817 -0.0139726 -1.49909 -0.0607883 2.3962 -1.07549 
-1.92144 0.905277 -0.0139696 -1.49875 -0.0604559 2.39694 -1.07253 
-1.92166 0.905809 -0.013947 -1.49835 -0.0601098 2.39709 -1.06363 
-1.92163 0.906462 -0.0139391 -1.49811 -0.0600745 2.3972 -1.05659 
-1.92167 0.907333 -0.013945 -1.49811 -0.0600697 2.39734 -1.05541 
-1.92161 0.908603 -0.0139353 -1.4981 -0.0600767 2.39789 -1.0554 
-1.92166 0.910067 -0.0139484 -1.49801 -0.0600668 2.39955 -1.0554 
-1.92181 0.911605 -0.0139516 -1.49757 -0.0600637 2.4023 -1.0554 
-1.92198 0.913457 -0.0139379 -1.49601 -0.0600531 2.40537 -1.0554 
-1.92203 0.914719 -0.0139668 -1.49369 -0.060055 2.40612 -1.0554 
-1.9223 0.916304 -0.0139595 -1.49099 -0.0600556 2.40612 -1.0554 
-1.92247 0.917732 -0.0139602 -1.48868 -0.0600729 2.40613 -1.05542 
-1.92244 0.918318 -0.0139442 -1.48769 -0.0601077 2.40613 -1.05549 
-1.92217 0.918284 -0.0139314 -1.48768 -0.0601228 2.40612 -1.05564 
-1.92184 0.918293 -0.0139201 -1.48769 -0.0601553 2.40612 -1.05594 
-1.92118 0.918287 -0.0138728 -1.48769 -0.0601723 2.40612 -1.05653 
-1.92029 0.918253 -0.013877 -1.48777 -0.0602784 2.40603 -1.05709 
-1.9196 0.918463 -0.0138501 -1.48838 -0.0603413 2.40594 -1.05827 
-1.91935 0.918614 -0.0140185 -1.48854 -0.0609344 2.40596 -1.06006 
-1.91967 0.918777 -0.0139578 -1.48857 -0.0609402 2.40596 -1.06273 
-1.91986 0.918928 -0.0139428 -1.4886 -0.0609432 2.40596 -1.06686 
-1.9197 0.918909 -0.0139148 -1.48855 -0.0609552 2.40597 -1.07307 
-1.91948 0.91893 -0.0138963 -1.48836 -0.0609425 2.40598 -1.07879 
-1.91921 0.918923 -0.0138846 -1.48815 -0.060955 2.40598 -1.08118 
-1.9191 0.91891 -0.0138855 -1.48797 -0.0609553 2.40598 -1.08295 
-1.91903 0.918915 -0.0138835 -1.48765 -0.0609607 2.40598 -1.08448 
-1.91893 0.918905 -0.0138232 -1.48728 -0.060964 2.40599 -1.08652 
-1.91852 0.918861 -0.013851 -1.4867 -0.0613691 2.40598 -1.08995 
-1.91848 0.91888 -0.0138589 -1.4867 -0.0617404 2.40598 -1.09815 
-1.91849 0.918927 -0.0138576 -1.48671 -0.0617362 2.40598 -1.10409 
-1.91849 0.918906 -0.0138417 -1.4867 -0.0617331 2.40599 -1.10521 
-1.91855 0.918933 -0.0138412 -1.48671 -0.0617059 2.40598 -1.1052 
-1.91854 0.918939 -0.0138294 -1.48671 -0.061681 2.40599 -1.1052 
-1.91869 0.919082 -0.0138316 -1.48671 -0.0616558 2.40599 -1.1052 
-1.91881 0.919552 -0.0138385 -1.48675 -0.0616549 2.40599 -1.1052 
-1.91917 0.920434 -0.0138495 -1.48673 -0.0616592 2.406 -1.1052 
-1.91969 0.921456 -0.0138465 -1.48673 -0.0616651 2.40601 -1.10521 
-1.92007 0.922418 -0.0138514 -1.48673 -0.0616609 2.40608 -1.1052 
-1.92042 0.922898 -0.0138597 -1.48674 -0.0616577 2.40619 -1.10521 
-1.92075 0.922862 -0.0138631 -1.48671 -0.061654 2.4062 -1.10521 
-1.92094 0.922879 -0.0138638 -1.48666 -0.0616453 2.40621 -1.1052 
-1.92099 0.922994 -0.0138491 -1.48666 -0.0616286 2.40624 -1.1052 
-1.92097 0.923179 -0.0138397 -1.48666 -0.0615787 2.40633 -1.1052 
-1.92096 0.923797 -0.013828 -1.48667 -0.0614205 2.40703 -1.1052 
-1.92095 0.925063 -0.0138269 -1.48665 -0.0613776 2.40899 -1.10519 
-1.92093 0.927093 -0.0138024 -1.48664 -0.0612765 2.4117 -1.10518 
-1.92081 0.929485 -0.0137773 -1.4866 -0.061175 2.41479 -1.10517 
-1.9207 0.931697 -0.0137712 -1.48656 -0.061055 2.4175 -1.10512 
-1.92062 0.933349 -0.0137398 -1.48647 -0.0609264 2.41945 -1.10511 
-1.92044 0.934625 -0.0137359 -1.48627 -0.0608815 2.42067 -1.10503 
-1.92031 0.93519 -0.0137263 -1.4861 -0.0608629 2.42133 -1.105 
-1.92026 0.935203 -0.0137342 -1.48609 -0.0608616 2.42135 -1.10499 
-1.92024 0.935334 -0.0137227 -1.4861 -0.0608537 2.42134 -1.10499 
-1.92022 0.935947 -0.0137078 -1.48599 -0.0608559 2.42211 -1.10499 
-1.92012 0.936101 -0.0137188 -1.48593 -0.0608586 2.42231 -1.10498 
-1.92012 0.936112 -0.0137237 -1.48593 -0.0608618 2.42231 -1.10498 
-1.92009 0.936124 -0.0137168 -1.48593 -0.0608632 2.42231 -1.10499 
-1.92002 0.936153 -0.0137245 -1.48592 -0.0608626 2.42231 -1.10499 
-1.92 0.936167 -0.0137259 -1.48592 -0.0608757 2.42231 -1.10498 
-1.91999 0.936171 -0.0137433 -1.48592 -0.060914 2.42231 -1.10499 
-1.9199 0.936166 -0.0137638 -1.48592 -0.0610674 2.42231 -1.105 
-1.91991 0.936159 -0.0137754 -1.48592 -0.0614926 2.42231 -1.10527 
-1.91989 0.936155 -0.0137847 -1.48591 -0.0620163 2.42231 -1.10807 
-1.91996 0.936171 -0.013795 -1.48575 -0.06209 2.42231 -1.11391 
-1.91997 0.93627 -0.013782 -1.48558 -0.0618157 2.42231 -1.11432 
-1.92002 0.936332 -0.0137885 -1.48555 -0.0605075 2.42231 -1.11184 
-1.92017 0.936333 -0.0137605 -1.48557 -0.0596579 2.42229 -1.10143 
-1.92014 0.936344 -0.0137662 -1.48558 -0.0595554 2.42229 -1.08977 
-1.92011 0.936456 -0.0137524 -1.48555 -0.0595878 2.4223 -1.08148 
-1.92 0.936677 -0.0137904 -1.48524 -0.0596149 2.42232 -1.08075 
-1.92001 0.93697 -0.0137944 -1.48496 -0.0596415 2.42232 -1.08076 
-1.91993 0.937077 -0.013809 -1.48493 -0.0603876 2.42231 -1.08115 
-1.91992 0.937384 -0.0137911 -1.4849 -0.0612697 2.42232 -1.08516 
-1.9198 0.938228 -0.0138275 -1.48415 -0.0613855 2.42232 -1.09088 
-1.92012 0.939962 -0.0138404 -1.48328 -0.0613446 2.42236 -1.09453 
-1.92037 0.943606 -0.0138156 -1.48084 -0.0612693 2.42328 -1.09452 
-1.92058 0.948214 -0.0138019 -1.47758 -0.061137 2.42338 -1.09447 
-1.92048 0.95327 -0.0137583 -1.4738 -0.0610853 2.42352 -1.09436 
-1.91999 0.957462 -0.013775 -1.47148 -0.0610831 2.42389 -1.09435 
-1.91999 0.9596 -0.0138475 -1.47055 -0.0611177 2.42505 -1.09434 
-1.92016 0.960499 -0.0138091 -1.47036 -0.0610953 2.42563 -1.09434 
-1.92012 0.961124 -0.0138108 -1.47036 -0.0611019 2.42672 -1.09435 
-1.92019 0.961935 -0.0138171 -1.47036 -0.0610933 2.42771 -1.09434 
-1.92026 0.963308 -0.0137946 -1.47035 -0.0610906 2.42995 -1.09434 
-1.92037 0.965555 -0.0138209 -1.46995 -0.0610609 2.43282 -1.09434 
-1.92039 0.96898 -0.0137282 -1.46876 -0.0608638 2.43603 -1.09432 
-1.92028 0.971541 -0.0136909 -1.46741 -0.0605432 2.44038 -1.0943 
-1.9202 0.971534 -0.0137403 -1.46703 -0.0605333 2.44068 -1.09431 
-1.9203 0.971662 -0.0137056 -1.46706 -0.0605018 2.44069 -1.0943 
-1.92035 0.971742 -0.0137052 -1.46708 -0.0604451 2.44069 -1.0943 
-1.9204 0.971868 -0.0137028 -1.46712 -0.0599195 2.44069 -1.09419 
-1.92045 0.971876 -0.0136811 -1.46725 -0.0587212 2.44069 -1.09262 
-1.92044 0.971828 -0.0136692 -1.46748 -0.0573199 2.44068 -1.08954 
-1.92043 0.971762 -0.0136532 -1.46765 -0.0558955 2.44068 -1.08079 
-1.9205 0.971711 -0.0136743 -1.46789 -0.0546199 2.44068 -1.06705 
-1.9208 0.971631 -0.0136742 -1.46802 -0.0543088 2.44067 -1.04993 
-1.92116 0.971574 -0.0136737 -1.46814 -0.054209 2.44066 -1.03547 
-1.92135 0.971452 -0.01369 -1.46835 -0.0540875 2.44065 -1.02078 
-1.92156 0.971345 -0.0136972 -1.46857 -0.0539177 2.44065 -1.00489 
-1.92179 0.971244 -0.0136914 -1.46874 -0.0539065 2.44063 -0.98761 
-1.92182 0.971046 -0.0136557 -1.46914 -0.0538896 2.44061 -0.968743 
-1.92163 0.970921 -0.0136497 -1.46937 -0.0538528 2.44061 -0.950532 
-1.92148 0.970919 -0.0136471 -1.46936 -0.0537871 2.44061 -0.928059 
-1.92136 0.970919 -0.0136119 -1.46937 -0.053767 2.44058 -0.903583 
-1.921 0.970866 -0.0136176 -1.46944 -0.0537502 2.44053 -0.87807 
-1.92087 0.970867 -0.0135992 -1.46948 -0.0537208 2.44052 -0.852367 
-1.92081 0.970867 -0.0135944 -1.46948 -0.0537015 2.44052 -0.824823 
-1.9208 0.970864 -0.0136262 -1.4695 -0.0536792 2.4405 -0.795037 
-1.92096 0.970847 -0.0136327 -1.46954 -0.0536411 2.44045 -0.764333 
-1.92123 0.970856 -0.0136495 -1.46953 -0.0534047 2.44043 -0.731229 
-1.92166 0.970854 -0.0136557 -1.46955 -0.0533201 2.4403 -0.695188 
-1.92189 0.970822 -0.0136485 -1.46956 -0.0531324 2.44005 -0.659293 
-1.92181 0.970761 -0.0136646 -1.46955 -0.0530757 2.43977 -0.622247 
-1.92177 0.970749 -0.0136452 -1.46956 -0.0530443 2.43952 -0.584187 
-1.9219 0.970764 -0.0136285 -1.46956 -0.0529929 2.43937 -0.547329 
-1.92178 0.97074 -0.01365 -1.46956 -0.0528711 2.439 -0.511484 
-1.9218 0.970688 -0.0136568 -1.46956 -0.0528427 2.43861 -0.476208 
-1.92209 0.970687 -0.0137087 -1.46956 -0.0528155 2.43852 -0.443997 
-1.92252 0.970668 -0.0137096 -1.46955 -0.0527628 2.43816 -0.410751 
-1.9231 0.970588 -0.0137691 -1.46956 -0.0527415 2.43766 -0.377231 
-1.92363 0.970565 -0.0137525 -1.46955 -0.0527433 2.43764 -0.345283 
-1.92394 0.970564 -0.0137742 -1.46955 -0.0527453 2.43764 -0.317272 
-1.92439 0.970558 -0.0137792 -1.46954 -0.0527341 2.43764 -0.292893 
-1.92483 0.970547 -0.01376 -1.46956 -0.0527223 2.43762 -0.268009 
-1.92537 0.970523 -0.0137649 -1.46957 -0.052646 2.43751 -0.241406 
-1.92603 0.970472 -0.0137766 -1.46958 -0.052633 2.43732 -0.215732 
-1.92682 0.97045 -0.0137573 -1.46958 -0.0526167 2.43713 -0.19186 
-1.92762 0.970437 -0.0137781 -1.4696 -0.0524483 2.43689 -0.170526 
-1.92846 0.970431 -0.0137573 -1.46959 -0.0523188 2.43678 -0.148981 
-1.92927 0.970396 -0.0137568 -1.46961 -0.0521083 2.43656 -0.125562 
-1.93009 0.970297 -0.0137548 -1.46973 -0.0518065 2.43644 -0.0973081 
-1.93086 0.969879 -0.0137507 -1.47044 -0.0517943 2.43636 -0.0705333 
-1.93141 0.969505 -0.0137383 -1.47107 -0.0517768 2.43639 -0.0467083 
-1.93138 0.969482 -0.013613 -1.47104 -0.051707 2.4364 -0.0242384 
-1.93107 0.969416 -0.0135602 -1.47119 -0.0517083 2.43637 -0.00243399 
-1.93046 0.969317 -0.0135196 -1.4713 -0.0516905 2.43638 0.0154689 
-1.92959 0.969197 -0.0134592 -1.47149 -0.0516842 2.43639 0.0307699 
-1.92825 0.96912 -0.0134244 -1.47154 -0.0516557 2.43638 0.0475795 
-1.92679 0.968981 -0.0134319 -1.47177 -0.0516101 2.43638 0.0636076 
-1.92574 0.968782 -0.0134367 -1.47204 -0.0515927 2.43639 0.0808511 
-1.92536 0.968718 -0.0134381 -1.47216 -0.0515893 2.43638 0.0948539 
-1.92553 0.968629 -0.0135127 -1.47237 -0.0515883 2.43638 0.109099 
-1.926 0.968584 -0.0134686 -1.47243 -0.0515287 2.43639 0.124645 
-1.92623 0.968566 -0.013475 -1.47243 -0.0514672 2.43639 0.140601 
-1.92627 0.96855 -0.0134604 -1.47247 -0.0514206 2.43638 0.156119 
-1.92621 0.968529 -0.0133806 -1.47251 -0.0512905 2.43639 0.169569 
-1.9261 0.968446 -0.0133847 -1.47263 -0.0511416 2.4364 0.18422 
-1.92592 0.968439 -0.0133234 -1.47263 -0.0509729 2.4364 0.201859 
-1.92571 0.968433 -0.0132988 -1.47263 -0.0508121 2.43641 0.217842 
-1.92553 0.96844 -0.0132877 -1.47263 -0.050729 2.43642 0.234184 
-1.92549 0.968432 -0.0132861 -1.47261 -0.0504925 2.43646 0.247465 
-1.92545 0.968442 -0.013276 -1.4726 -0.0500645 2.43647 0.263622 
-1.9254 0.968447 -0.0132787 -1.4726 -0.0498031 2.4365 0.282224 
-1.92545 0.968444 -0.0132945 -1.47262 -0.0496652 2.4365 0.299757 
-1.92543 0.968447 -0.0132719 -1.47258 -0.049639 2.43656 0.313938 
-1.92526 0.96847 -0.0132544 -1.47258 -0.0494994 2.43676 0.32474 
-1.92524 0.968484 -0.0132734 -1.4726 -0.049248 2.43677 0.337252 
-1.92522 0.968493 -0.013252 -1.47259 -0.0489263 2.43678 0.355428 
-1.92522 0.968482 -0.0132438 -1.4726 -0.0487788 2.43679 0.371784 
-1.92503 0.968502 -0.0132318 -1.4726 -0.0485255 2.43683 0.3892 
-1.92492 0.968655 -0.0131275 -1.47232 -0.0481806 2.4374 0.405977 
-1.92442 0.969577 -0.0131593 -1.47088 -0.0480949 2.43834 0.419201 
-1.92417 0.97041 -0.0131606 -1.46936 -0.0480312 2.43836 0.43014 
-1.92409 0.97089 -0.0131351 -1.46839 -0.0477113 2.43846 0.438491 
-1.92404 0.971398 -0.0131415 -1.4675 -0.0473637 2.43849 0.442303 
-1.924 0.97163 -0.013145 -1.46704 -0.0470846 2.43852 0.446365 
-1.92388 0.972323 -0.013138 -1.46575 -0.0463265 2.43853 0.453337 
-1.92386 0.972868 -0.0131773 -1.46473 -0.0461685 2.43851 0.461811 
-1.92384 0.972844 -0.0131967 -1.46474 -0.0461752 2.43851 0.46273 
-1.92385 0.972837 -0.0131958 -1.46473 -0.0461653 2.43851 0.462854 
-1.92385 0.972832 -0.0132027 -1.46473 -0.0461765 2.43851 0.462908 
-1.92383 0.972827 -0.013209 -1.46473 -0.0461864 2.43851 0.462913 
-1.92382 0.972826 -0.0132244 -1.46472 -0.0462021 2.43851 0.462913 
-1.92381 0.972824 -0.0132521 -1.46472 -0.0462087 2.43852 0.462912 
-1.92382 0.972823 -0.0132556 -1.46472 -0.0462073 2.43852 0.462909 
-1.92381 0.972824 -0.0132617 -1.46471 -0.0462121 2.43852 0.462914 
-1.92381 0.972826 -0.0132598 -1.4647 -0.0462123 2.43852 0.462916 
-1.92381 0.972824 -0.0132639 -1.4647 -0.0462165 2.43852 0.462918 
-1.92381 0.972826 -0.0132703 -1.4647 -0.0462318 2.43852 0.462913 
-1.9238 0.972826 -0.0132762 -1.4647 -0.0462576 2.43852 0.462912 
-1.92378 0.972824 -0.013281 -1.4647 -0.0462727 2.43852 0.46291 
-1.92378 0.972823 -0.0132882 -1.4647 -0.0463086 2.43852 0.462905 
-1.92375 0.972809 -0.0132974 -1.4647 -0.0465366 2.43851 0.462893 
-1.92371 0.972786 -0.0133186 -1.4647 -0.0469764 2.43851 0.462852 
-1.9237 0.97277 -0.0133158 -1.46469 -0.0469936 2.43849 0.462815 
-1.92367 0.972755 -0.0133138 -1.46469 -0.0470393 2.43847 0.462767 
-1.92366 0.972745 -0.0133069 -1.46469 -0.0470583 2.43847 0.462749 
-1.92367 0.97273 -0.0133122 -1.46469 -0.0470567 2.43846 0.462755 
-1.92365 0.97273 -0.0133177 -1.4647 -0.0470594 2.43845 0.462725 
-1.92364 0.972729 -0.0133183 -1.46469 -0.0470651 2.43845 0.462702 
-1.92364 0.972727 -0.0133147 -1.46469 -0.0470636 2.43845 0.462701 
-1.92364 0.972727 -0.0133147 -1.46469 -0.0470668 2.43845 0.4627 
-1.92364 0.972729 -0.0133183 -1.46469 -0.0470662 2.43845 0.462693 
-1.92364 0.972727 -0.0133144 -1.46469 -0.0470668 2.43845 0.462695 
-1.92365 0.972725 -0.0133147 -1.46469 -0.0470662 2.43845 0.4627 
-1.92364 0.972727 -0.013313 -1.46469 -0.0470662 2.43845 0.462689 
-1.92364 0.972723 -0.0133142 -1.46469 -0.0470662 2.43845 0.462693 
-1.92364 0.972722 -0.0133147 -1.46469 -0.0470668 2.43845 0.462694 
-1.92364 0.972727 -0.0133155 -1.46469 -0.0470687 2.43845 0.462694 
-1.92364 0.972725 -0.0133161 -1.46469 -0.0470681 2.43845 0.462696 
-1.92364 0.972727 -0.0133125 -1.46469 -0.0470674 2.43845 0.462693 
-1.92364 0.972723 -0.0133183 -1.46469 -0.0470687 2.43845 0.462696 
-1.92364 0.972723 -0.0133161 -1.46469 -0.0470668 2.43845 0.462696 
-1.92364 0.97272 -0.0133147 -1.46469 -0.0470681 2.43845 0.462694 
-1.92364 0.972725 -0.0133156 -1.46469 -0.0470674 2.43845 0.462692 
-1.92364 0.972723 -0.0133169 -1.46469 -0.0470674 2.43845 0.462696 
-1.92364 0.972722 -0.0133142 -1.46469 -0.0470713 2.43846 0.462691 
-1.92364 0.972723 -0.0133178 -1.46469 -0.0470687 2.43846 0.462696 
-1.92364 0.972722 -0.0133156 -1.46469 -0.0470674 2.43846 0.462694 
