-2.02259 -0.20297 -0.0136448 -1.74596 -0.0555049 1.55737 -1.28378 
-2.02258 -0.202969 -0.0136395 -1.74596 -0.0555042 1.55737 -1.28378 
-2.02259 -0.202967 -0.0136464 -1.74597 -0.0555049 1.55737 -1.28378 
-2.02258 -0.202969 -0.0136448 -1.74596 -0.0555049 1.55737 -1.28378 
-2.02259 -0.20297 -0.0136448 -1.74596 -0.055503 1.55737 -1.28378 
-2.02258 -0.202969 -0.0136448 -1.74596 -0.055503 1.55737 -1.28378 
-2.02258 -0.20297 -0.0136448 -1.74596 -0.0555049 1.55737 -1.28378 
-2.02259 -0.202967 -0.0136448 -1.74596 -0.0555023 1.55737 -1.28378 
-2.02259 -0.202967 -0.0136464 -1.74596 -0.0555049 1.55737 -1.28378 
-2.02258 -0.202967 -0.0136395 -1.74596 -0.0555049 1.55737 -1.28378 
-2.02259 -0.202969 -0.0136448 -1.74597 -0.0555042 1.55737 -1.28378 
-2.02258 -0.202969 -0.0136464 -1.74596 -0.055503 1.55737 -1.28378 
-2.02258 -0.20297 -0.0136484 -1.74597 -0.0555036 1.55737 -1.28378 
-2.02258 -0.202969 -0.0136464 -1.74596 -0.0555049 1.55737 -1.28378 
-2.02259 -0.202967 -0.0136448 -1.74596 -0.0555062 1.55737 -1.28378 
-2.02258 -0.202969 -0.0136448 -1.74596 -0.0555042 1.55737 -1.28378 
-2.02258 -0.202967 -0.0136448 -1.74596 -0.0555036 1.55737 -1.28378 
-2.02258 -0.202969 -0.0136431 -1.74596 -0.0555049 1.55737 -1.28378 
-2.02259 -0.202969 -0.0136448 -1.74596 -0.0555049 1.55737 -1.28378 
-2.02258 -0.202967 -0.0136431 -1.74596 -0.0555042 1.55737 -1.28378 
-2.02258 -0.202969 -0.0136484 -1.74596 -0.0555049 1.55737 -1.28378 
-2.02259 -0.202967 -0.0136464 -1.74596 -0.0555042 1.55737 -1.28378 
-2.02258 -0.202969 -0.0136448 -1.74596 -0.0555049 1.55737 -1.28378 
-2.02258 -0.202967 -0.0136448 -1.74596 -0.0555049 1.55737 -1.28378 
-2.02259 -0.202965 -0.0136431 -1.74596 -0.0555049 1.55737 -1.28378 
-2.02259 -0.202967 -0.0136431 -1.74596 -0.0555049 1.55737 -1.28378 
-2.02259 -0.202965 -0.0136431 -1.74596 -0.0555036 1.55737 -1.28378 
-2.02259 -0.202967 -0.0136464 -1.74596 -0.055503 1.55737 -1.28378 
-2.02258 -0.20297 -0.0136464 -1.74596 -0.0555036 1.55737 -1.28378 
-2.02258 -0.20297 -0.0136448 -1.74596 -0.0555042 1.55737 -1.28378 
-2.02259 -0.202969 -0.0136448 -1.74596 -0.0555042 1.55737 -1.28378 
-2.02259 -0.202967 -0.0136448 -1.74596 -0.055503 1.55737 -1.28378 
-2.02258 -0.202967 -0.0136448 -1.74596 -0.0555049 1.55737 -1.28378 
-2.02259 -0.202969 -0.0136464 -1.74596 -0.0555049 1.55737 -1.28378 
-2.02259 -0.202969 -0.0136412 -1.74596 -0.0555042 1.55737 -1.28378 
-2.02259 -0.202969 -0.0136448 -1.74596 -0.0555056 1.55737 -1.28378 
-2.02259 -0.20297 -0.0136448 -1.74596 -0.0555049 1.55737 -1.28378 
-2.02258 -0.202967 -0.0136431 -1.74596 -0.0555042 1.55737 -1.28378 
-2.02258 -0.20297 -0.0136431 -1.74596 -0.0555042 1.55737 -1.28378 
-2.02259 -0.20297 -0.0136448 -1.74596 -0.0555056 1.55737 -1.28378 
-2.02258 -0.202969 -0.0136404 -1.74596 -0.0555036 1.55737 -1.28378 
-2.02258 -0.202969 -0.0136448 -1.74596 -0.0555056 1.55737 -1.28378 
-2.02258 -0.202965 -0.0136448 -1.74596 -0.0555056 1.55737 -1.28378 
-2.02258 -0.202969 -0.0136448 -1.74596 -0.0555049 1.55737 -1.28378 
-2.02258 -0.202967 -0.0136448 -1.74596 -0.0555036 1.55737 -1.28378 
-2.02259 -0.20297 -0.0136448 -1.74596 -0.0555042 1.55737 -1.28378 
-2.02259 -0.202967 -0.0136431 -1.74596 -0.0555049 1.55737 -1.28378 
-2.02258 -0.20297 -0.0136464 -1.74597 -0.0555056 1.55737 -1.28378 
-2.02259 -0.20297 -0.0136464 -1.74596 -0.0555049 1.55737 -1.28378 
-2.02258 -0.202969 -0.0136448 -1.74596 -0.0555042 1.55737 -1.28378 
-2.02258 -0.202967 -0.0136484 -1.74596 -0.0555042 1.55737 -1.28378 
-2.02258 -0.202967 -0.0136431 -1.74596 -0.0555056 1.55737 -1.28378 
-2.02258 -0.202969 -0.0136448 -1.74596 -0.0555056 1.55737 -1.28378 
-2.02258 -0.202969 -0.0136448 -1.74596 -0.0555049 1.55737 -1.28378 
-2.02259 -0.202969 -0.013641 -1.74596 -0.0555036 1.55737 -1.28378 
-2.02258 -0.202969 -0.0136484 -1.74596 -0.0555036 1.55737 -1.28378 
-2.02258 -0.202967 -0.0136448 -1.74596 -0.0555049 1.55737 -1.28378 
-2.02259 -0.202965 -0.0136484 -1.74596 -0.0555042 1.55737 -1.28378 
-2.02259 -0.202969 -0.0136426 -1.74596 -0.0555042 1.55737 -1.28378 
-2.02259 -0.202969 -0.0136448 -1.74596 -0.0555049 1.55737 -1.28378 
-2.02258 -0.202966 -0.0136464 -1.74596 -0.0555049 1.55737 -1.28378 
-2.02259 -0.202969 -0.0136448 -1.74596 -0.0555049 1.55737 -1.28378 
-2.02259 -0.20297 -0.0136431 -1.74596 -0.0555056 1.55737 -1.28378 
-2.02259 -0.202969 -0.0136448 -1.74596 -0.0555036 1.55737 -1.28378 
-2.02258 -0.20297 -0.0136448 -1.74596 -0.0555062 1.55737 -1.28378 
-2.02258 -0.202969 -0.0136448 -1.74596 -0.0555042 1.55737 -1.28378 
-2.02258 -0.202969 -0.0136464 -1.74596 -0.0555049 1.55737 -1.28378 
-2.02259 -0.202969 -0.0136484 -1.74596 -0.0555049 1.55737 -1.28378 
-2.02258 -0.202972 -0.0136448 -1.74596 -0.0555049 1.55737 -1.28378 
-2.02259 -0.202967 -0.0136464 -1.74596 -0.0555042 1.55737 -1.28378 
-2.02259 -0.202969 -0.0136484 -1.74596 -0.0555036 1.55737 -1.28378 
-2.02258 -0.20297 -0.0136378 -1.74596 -0.055503 1.55737 -1.28378 
-2.02258 -0.202969 -0.0136437 -1.74595 -0.0555056 1.55738 -1.28378 
-2.0226 -0.202969 -0.0136655 -1.74595 -0.0555062 1.55737 -1.28378 
-2.0226 -0.202969 -0.013667 -1.74595 -0.0555081 1.55738 -1.28378 
-2.0226 -0.202967 -0.0136602 -1.74596 -0.0555062 1.55737 -1.28378 
-2.02258 -0.202967 -0.0136474 -1.74596 -0.0555062 1.55737 -1.28378 
-2.0226 -0.202965 -0.0136744 -1.74596 -0.0555081 1.55737 -1.28378 
-2.02261 -0.202962 -0.0136796 -1.74597 -0.0555106 1.55737 -1.28379 
-2.02267 -0.202962 -0.013723 -1.74596 -0.0555121 1.55738 -1.28378 
-2.02266 -0.202936 -0.0137064 -1.74597 -0.0555133 1.55737 -1.28378 
-2.02265 -0.202939 -0.0137051 -1.74596 -0.055512 1.55738 -1.28378 
-2.02266 -0.202931 -0.0137114 -1.74597 -0.0555126 1.55737 -1.28378 
-2.02262 -0.20291 -0.0136775 -1.74598 -0.05551 1.55738 -1.28379 
-2.02264 -0.202883 -0.0136925 -1.74601 -0.05551 1.55737 -1.28378 
-2.02261 -0.202841 -0.0136698 -1.74603 -0.055503 1.55738 -1.28378 
-2.02254 -0.202694 -0.0136134 -1.74607 -0.055493 1.55737 -1.28378 
-2.02238 -0.202478 -0.0134794 -1.7461 -0.0554866 1.55737 -1.28378 
-2.02207 -0.202288 -0.0134126 -1.74612 -0.0554458 1.55815 -1.28377 
-2.02019 -0.20161 -0.0133851 -1.7461 -0.0553426 1.55992 -1.28374 
-2.01708 -0.200609 -0.0132943 -1.74609 -0.0553343 1.56056 -1.28345 
-2.01306 -0.19903 -0.0132321 -1.74611 -0.0553068 1.56126 -1.28153 
-2.00815 -0.196691 -0.0131767 -1.74612 -0.0552695 1.56246 -1.27864 
-2.00181 -0.193301 -0.0131699 -1.74613 -0.0552383 1.56507 -1.27291 
-1.99442 -0.188867 -0.0131571 -1.74614 -0.0552151 1.56844 -1.26324 
-1.98613 -0.183581 -0.0130742 -1.74615 -0.0551618 1.57298 -1.24953 
-1.97572 -0.176726 -0.0130665 -1.74623 -0.0550479 1.58011 -1.23375 
-1.96473 -0.16754 -0.0130719 -1.74649 -0.0550228 1.59024 -1.21549 
-1.9526 -0.157155 -0.0130544 -1.74644 -0.0549709 1.60121 -1.19754 
-1.93997 -0.145002 -0.0130791 -1.74648 -0.0549481 1.61291 -1.17876 
-1.92765 -0.131302 -0.0130037 -1.74641 -0.0548661 1.62736 -1.15932 
-1.91537 -0.116497 -0.0130647 -1.74634 -0.0548169 1.64155 -1.13583 
-1.90338 -0.100331 -0.0130198 -1.74608 -0.0547155 1.65748 -1.10866 
-1.89153 -0.0827383 -0.0130462 -1.74606 -0.0545178 1.67447 -1.079 
-1.87949 -0.0638582 -0.0130117 -1.74579 -0.0544691 1.69228 -1.04645 
-1.86744 -0.044847 -0.0130466 -1.74565 -0.0544247 1.71108 -1.01492 
-1.85603 -0.0238245 -0.0130179 -1.74542 -0.0543971 1.73068 -0.983818 
-1.84466 -0.00248391 -0.0130297 -1.74513 -0.0543292 1.75058 -0.954798 
-1.83368 0.0203989 -0.0130488 -1.74488 -0.054321 1.77124 -0.928581 
-1.82326 0.0427888 -0.0130448 -1.74493 -0.0543262 1.79217 -0.913048 
-1.81296 0.0663084 -0.0130754 -1.74487 -0.0543539 1.8135 -0.908588 
-1.80425 0.0894773 -0.0130624 -1.74481 -0.0543925 1.83564 -0.908628 
-1.79588 0.115328 -0.0130764 -1.74466 -0.0545225 1.86118 -0.909841 
-1.78986 0.139735 -0.0130758 -1.74443 -0.0547574 1.88465 -0.913128 
-1.78585 0.164307 -0.0131715 -1.74418 -0.0551099 1.9088 -0.919404 
-1.78393 0.187282 -0.0131834 -1.74391 -0.0553928 1.93037 -0.928602 
-1.78343 0.21005 -0.0132192 -1.74381 -0.0558493 1.95185 -0.942981 
-1.78391 0.231887 -0.0133525 -1.74377 -0.0562173 1.97193 -0.962813 
-1.78481 0.252332 -0.0134022 -1.74378 -0.056631 1.99148 -0.984645 
-1.78591 0.272482 -0.0134254 -1.74365 -0.0569487 2.01049 -1.0065 
-1.78723 0.292968 -0.0134585 -1.74363 -0.057051 2.03094 -1.02348 
-1.78851 0.313777 -0.0135258 -1.74361 -0.0571363 2.05106 -1.03387 
-1.79004 0.334501 -0.0135639 -1.74366 -0.0571789 2.07137 -1.03673 
-1.79176 0.35523 -0.0136059 -1.74373 -0.0571958 2.09174 -1.03673 
-1.79368 0.376336 -0.0136356 -1.74387 -0.0571884 2.11332 -1.03666 
-1.79593 0.397974 -0.0136532 -1.74389 -0.0571651 2.13494 -1.03546 
-1.79837 0.420854 -0.0137418 -1.74381 -0.057149 2.15763 -1.03173 
-1.80075 0.443455 -0.0137667 -1.74388 -0.0571208 2.18027 -1.02384 
-1.80328 0.466788 -0.0137616 -1.74376 -0.0571132 2.20291 -1.01314 
-1.80578 0.48999 -0.0137701 -1.74371 -0.0570966 2.22646 -1.0004 
-1.80804 0.512453 -0.0137648 -1.74342 -0.0570926 2.24886 -0.985514 
-1.81034 0.535243 -0.013801 -1.74302 -0.0570951 2.27166 -0.968025 
-1.81295 0.558178 -0.013812 -1.7424 -0.0571018 2.29492 -0.952044 
-1.8157 0.58002 -0.0138519 -1.74072 -0.057109 2.31552 -0.936977 
-1.81875 0.602015 -0.013949 -1.73699 -0.0571226 2.33477 -0.927106 
-1.82245 0.623612 -0.0139648 -1.73115 -0.0571746 2.35127 -0.923479 
-1.82682 0.644292 -0.0140268 -1.72275 -0.057592 2.36475 -0.923485 
-1.83165 0.664344 -0.0140167 -1.71157 -0.0588336 2.37553 -0.923557 
-1.83672 0.683915 -0.0140136 -1.69829 -0.0609933 2.38155 -0.924425 
-1.8422 0.702592 -0.0140194 -1.68262 -0.0633597 2.38432 -0.927474 
-1.84828 0.719244 -0.0140141 -1.6655 -0.0649789 2.38473 -0.933118 
-1.85503 0.735253 -0.0140241 -1.64789 -0.0658942 2.38472 -0.942859 
-1.86207 0.749518 -0.0140022 -1.63088 -0.0663467 2.38469 -0.955259 
-1.86952 0.762426 -0.0140256 -1.6151 -0.0665421 2.38449 -0.970725 
-1.87759 0.774436 -0.0140118 -1.60107 -0.0665397 2.38376 -0.986376 
-1.88528 0.78389 -0.0139968 -1.59117 -0.0665409 2.38376 -0.99615 
-1.89276 0.791363 -0.0139992 -1.58328 -0.0665432 2.38374 -1.00273 
-1.90029 0.797882 -0.01398 -1.57764 -0.0665416 2.38375 -1.00769 
-1.90714 0.802825 -0.0138938 -1.57463 -0.0665501 2.38378 -1.01179 
-1.91211 0.80594 -0.0137799 -1.57369 -0.0665419 2.38398 -1.01849 
-1.91493 0.808289 -0.0137337 -1.57366 -0.0665384 2.38444 -1.02659 
-1.91538 0.810201 -0.0137278 -1.57351 -0.066537 2.38461 -1.03291 
-1.91474 0.81213 -0.0135938 -1.57285 -0.0665499 2.3854 -1.03915 
-1.9135 0.814432 -0.013602 -1.5705 -0.0665515 2.38594 -1.04703 
-1.91225 0.817457 -0.0135913 -1.56662 -0.0665562 2.38594 -1.05756 
-1.91132 0.821185 -0.0135807 -1.56181 -0.0665563 2.38595 -1.07216 
-1.91079 0.825678 -0.0135791 -1.5566 -0.0665452 2.38595 -1.08793 
-1.91051 0.830111 -0.0135696 -1.55221 -0.0665309 2.38595 -1.10006 
-1.91048 0.834247 -0.0135546 -1.54845 -0.0665315 2.38595 -1.10501 
-1.91058 0.838726 -0.0136051 -1.54425 -0.0665342 2.38595 -1.10549 
-1.91112 0.843669 -0.0136404 -1.539 -0.0665301 2.38595 -1.10549 
-1.9121 0.849322 -0.0136519 -1.53293 -0.0665308 2.38596 -1.10549 
-1.91323 0.855428 -0.013643 -1.52681 -0.0665218 2.38596 -1.10549 
-1.91428 0.861007 -0.0136626 -1.52111 -0.0664877 2.38596 -1.10549 
-1.91517 0.866107 -0.0136882 -1.51567 -0.0663938 2.38596 -1.10546 
-1.91615 0.871377 -0.0137315 -1.51022 -0.066111 2.38596 -1.1051 
-1.91698 0.876346 -0.0137372 -1.50619 -0.0657197 2.38596 -1.10268 
-1.91753 0.880673 -0.013732 -1.5033 -0.0653714 2.38603 -1.09964 
-1.9179 0.88396 -0.0137384 -1.50128 -0.0651461 2.38647 -1.09698 
-1.91809 0.88615 -0.0137351 -1.49993 -0.0648807 2.38691 -1.09281 
-1.91809 0.887778 -0.0137199 -1.49894 -0.0644602 2.38727 -1.08631 
-1.91798 0.888912 -0.0136883 -1.4985 -0.0644002 2.38773 -1.07709 
-1.91791 0.889689 -0.013666 -1.4985 -0.0644029 2.38807 -1.06643 
-1.91784 0.890557 -0.013638 -1.4985 -0.0644162 2.38825 -1.05819 
-1.9179 0.89154 -0.0136787 -1.4985 -0.0644386 2.38841 -1.05688 
-1.91793 0.892623 -0.0137384 -1.4985 -0.0645674 2.38916 -1.05693 
-1.91798 0.893674 -0.0137561 -1.4985 -0.0650444 2.38987 -1.05829 
-1.91811 0.894756 -0.0137661 -1.4985 -0.0652983 2.39082 -1.06297 
-1.91819 0.895848 -0.0137777 -1.49851 -0.0655688 2.39165 -1.06868 
-1.91823 0.896722 -0.0137836 -1.49852 -0.0656362 2.39203 -1.07415 
-1.91824 0.897323 -0.0137857 -1.49852 -0.0656499 2.39233 -1.07935 
-1.91821 0.897631 -0.013749 -1.49852 -0.0656474 2.39259 -1.08143 
-1.91816 0.897689 -0.013733 -1.49852 -0.0656385 2.39273 -1.08146 
-1.91808 0.897819 -0.0137331 -1.49852 -0.0656377 2.3929 -1.08146 
-1.91803 0.898073 -0.013713 -1.49852 -0.0656321 2.39315 -1.08146 
-1.91792 0.898653 -0.0137129 -1.49851 -0.0656234 2.39359 -1.08145 
-1.91786 0.899486 -0.0137063 -1.49851 -0.0656007 2.39433 -1.08142 
-1.91796 0.900508 -0.013742 -1.4985 -0.0654933 2.3959 -1.08103 
-1.91823 0.901407 -0.0137498 -1.4985 -0.0652069 2.39776 -1.07868 
-1.9185 0.901999 -0.013757 -1.49849 -0.0649791 2.39873 -1.0761 
-1.91872 0.902339 -0.013758 -1.49849 -0.0648094 2.39916 -1.0712 
-1.91889 0.902557 -0.0137564 -1.49849 -0.0647746 2.39919 -1.06584 
-1.91894 0.902899 -0.0137498 -1.49849 -0.0647481 2.39923 -1.06029 
-1.91897 0.90345 -0.0137627 -1.49849 -0.0647448 2.39929 -1.05796 
-1.91904 0.904154 -0.0137576 -1.49849 -0.0647475 2.3997 -1.05772 
-1.91904 0.905021 -0.0137629 -1.49849 -0.0647535 2.40022 -1.05772 
-1.91908 0.905968 -0.0137576 -1.49849 -0.0647875 2.40121 -1.05774 
-1.91909 0.907161 -0.0137626 -1.49847 -0.0648381 2.40332 -1.05788 
-1.91918 0.908596 -0.0138015 -1.49847 -0.0650687 2.40571 -1.06037 
-1.9195 0.9101 -0.0138198 -1.49847 -0.0651121 2.40784 -1.06305 
-1.91983 0.911459 -0.0138268 -1.49847 -0.0651552 2.40957 -1.06448 
-1.92026 0.912639 -0.013832 -1.49844 -0.0651577 2.41085 -1.06475 
-1.9208 0.913594 -0.0138001 -1.49831 -0.0651492 2.41192 -1.06475 
-1.92107 0.914362 -0.0137685 -1.49751 -0.0651112 2.41244 -1.06473 
-1.921 0.914868 -0.0137205 -1.49681 -0.065067 2.41245 -1.06465 
-1.92096 0.91531 -0.0137076 -1.49615 -0.0650088 2.41244 -1.06385 
-1.9209 0.915482 -0.0136921 -1.49586 -0.0649281 2.41244 -1.0627 
-1.92087 0.915504 -0.0136778 -1.49583 -0.0648254 2.41244 -1.06166 
-1.92084 0.915517 -0.013671 -1.49579 -0.0647606 2.41244 -1.06096 
-1.9208 0.91554 -0.0136623 -1.49576 -0.0647315 2.41244 -1.06042 
-1.92079 0.915568 -0.0136623 -1.49569 -0.0647352 2.41244 -1.06037 
-1.92069 0.915644 -0.0135878 -1.49534 -0.0647506 2.41246 -1.06038 
-1.92048 0.916425 -0.0135892 -1.49364 -0.0647666 2.41246 -1.0604 
-1.9202 0.917989 -0.0135806 -1.49036 -0.0647808 2.41246 -1.0605 
-1.92015 0.919069 -0.0136498 -1.4886 -0.0649112 2.41194 -1.06261 
-1.92017 0.919311 -0.0135974 -1.48861 -0.0649082 2.41194 -1.06286 
-1.92013 0.919825 -0.0136106 -1.48857 -0.0649253 2.41198 -1.06287 
-1.9201 0.920694 -0.0135972 -1.48801 -0.0649382 2.412 -1.06288 
-1.92003 0.92178 -0.0135892 -1.48724 -0.0649925 2.41201 -1.06337 
-1.91988 0.922589 -0.0135951 -1.48682 -0.0650217 2.41204 -1.06431 
-1.91979 0.923085 -0.0135913 -1.48682 -0.0650399 2.41204 -1.06581 
-1.91982 0.923516 -0.0136078 -1.48685 -0.0650458 2.41204 -1.06654 
-1.92005 0.924163 -0.0136351 -1.48689 -0.0650523 2.41204 -1.06752 
-1.92044 0.925139 -0.0136214 -1.48702 -0.0650517 2.41228 -1.0681 
-1.92052 0.92635 -0.013627 -1.48697 -0.0650435 2.41366 -1.06878 
-1.92051 0.927335 -0.0136168 -1.48698 -0.0650431 2.41493 -1.06901 
-1.92051 0.928136 -0.0136133 -1.48698 -0.0650387 2.4159 -1.06901 
-1.92051 0.928778 -0.0136105 -1.48697 -0.0650344 2.41671 -1.06901 
-1.92048 0.929309 -0.0135851 -1.48697 -0.0650245 2.41731 -1.06901 
-1.92039 0.929972 -0.013576 -1.48697 -0.0650063 2.41799 -1.06899 
-1.92029 0.930791 -0.0135528 -1.48697 -0.0649954 2.41874 -1.06899 
-1.92007 0.931747 -0.0135046 -1.48696 -0.0649833 2.41973 -1.06899 
-1.91988 0.932755 -0.0135009 -1.48696 -0.0649823 2.42073 -1.06897 
-1.91985 0.933841 -0.0135288 -1.48696 -0.0649786 2.42233 -1.06897 
-1.91986 0.93499 -0.0135944 -1.48692 -0.0650044 2.42413 -1.06897 
-1.91992 0.9358 -0.0135732 -1.48685 -0.0650211 2.42534 -1.06899 
-1.91981 0.936029 -0.0135977 -1.48675 -0.0650965 2.42585 -1.069 
-1.91987 0.93605 -0.0136189 -1.48675 -0.0651114 2.42585 -1.06902 
-1.91986 0.936076 -0.0136153 -1.48675 -0.0651121 2.42586 -1.06902 
-1.91997 0.936182 -0.0136101 -1.48675 -0.0650954 2.42586 -1.06901 
-1.91997 0.936873 -0.0135904 -1.48654 -0.0650881 2.42657 -1.06901 
-1.91997 0.937814 -0.0135123 -1.48608 -0.0650365 2.42724 -1.06899 
-1.92001 0.939628 -0.0135284 -1.48531 -0.0649345 2.42826 -1.06891 
-1.92006 0.942031 -0.0135233 -1.48405 -0.0647417 2.42988 -1.06783 
-1.9201 0.94419 -0.0135641 -1.48258 -0.0647239 2.43017 -1.06759 
-1.92027 0.945666 -0.0135462 -1.4822 -0.0647267 2.43106 -1.06759 
-1.92028 0.946542 -0.0135674 -1.48157 -0.064734 2.4314 -1.06759 
-1.9203 0.947057 -0.0135786 -1.48115 -0.064736 2.43141 -1.06759 
-1.9203 0.947367 -0.0135816 -1.48087 -0.0647469 2.43141 -1.0676 
-1.92033 0.947861 -0.0135548 -1.48068 -0.0647413 2.43143 -1.06761 
-1.92026 0.94899 -0.013538 -1.4801 -0.0647475 2.43178 -1.06761 
-1.92025 0.950752 -0.0135408 -1.47891 -0.0647481 2.43232 -1.06762 
-1.92026 0.953094 -0.0135461 -1.47728 -0.0647436 2.43253 -1.06762 
-1.92029 0.955653 -0.0135476 -1.47574 -0.0647335 2.43306 -1.06762 
-1.92028 0.958348 -0.0135428 -1.47408 -0.0647388 2.43357 -1.06763 
-1.92037 0.960606 -0.0135542 -1.47287 -0.0647243 2.43432 -1.06761 
-1.9204 0.962427 -0.0135568 -1.47215 -0.0647183 2.43579 -1.06761 
-1.92043 0.963817 -0.0135743 -1.47196 -0.064717 2.43732 -1.06761 
-1.92055 0.965803 -0.0135586 -1.47142 -0.0647168 2.43955 -1.06761 
-1.92054 0.968665 -0.013552 -1.47075 -0.064723 2.44281 -1.06762 
-1.92071 0.97098 -0.0135731 -1.47006 -0.0642974 2.44709 -1.06759 
-1.92094 0.970802 -0.0135291 -1.47041 -0.0641648 2.44717 -1.06761 
-1.92101 0.970818 -0.0135208 -1.47044 -0.064152 2.44716 -1.0676 
-1.92101 0.970812 -0.0135168 -1.47044 -0.0641356 2.44715 -1.06759 
-1.92104 0.970842 -0.013516 -1.47045 -0.0638119 2.44715 -1.06733 
-1.92104 0.970823 -0.0134905 -1.47065 -0.0624989 2.44714 -1.06293 
-1.92087 0.970793 -0.0134611 -1.47081 -0.0600982 2.44713 -1.05377 
-1.92072 0.970808 -0.0134431 -1.47083 -0.057465 2.44711 -1.0404 
-1.92039 0.970805 -0.0133997 -1.47093 -0.0560875 2.44709 -1.02126 
-1.91975 0.970787 -0.0133111 -1.47099 -0.0553293 2.44708 -0.996802 
-1.91869 0.970786 -0.0133343 -1.471 -0.0551516 2.44697 -0.968199 
-1.91783 0.970727 -0.0133226 -1.47104 -0.0550318 2.44673 -0.938771 
-1.9174 0.970735 -0.0133344 -1.47104 -0.055004 2.44664 -0.908746 
-1.91739 0.970705 -0.0133141 -1.47105 -0.0549348 2.44641 -0.882313 
-1.91739 0.970708 -0.0133094 -1.47105 -0.0548171 2.44635 -0.855081 
-1.9174 0.9707 -0.0133086 -1.47106 -0.0543197 2.44615 -0.823986 
-1.91738 0.970701 -0.0132972 -1.47107 -0.0540878 2.44611 -0.78863 
-1.91737 0.970702 -0.0133008 -1.47107 -0.0540709 2.44607 -0.752892 
-1.91738 0.970708 -0.0133141 -1.47107 -0.0540689 2.44605 -0.718745 
-1.91747 0.970676 -0.0133302 -1.47108 -0.0540416 2.44558 -0.682956 
-1.91763 0.970663 -0.0133367 -1.47107 -0.0540235 2.4455 -0.645819 
-1.91776 0.970669 -0.0133834 -1.47105 -0.0540202 2.44548 -0.611033 
-1.91818 0.970659 -0.0134382 -1.47106 -0.0540185 2.44546 -0.576135 
-1.91871 0.970644 -0.0134643 -1.47107 -0.0540203 2.44542 -0.54413 
-1.91922 0.970619 -0.0134578 -1.47107 -0.0540146 2.44518 -0.514665 
-1.91984 0.970601 -0.0134727 -1.4711 -0.0539553 2.44494 -0.483956 
-1.92069 0.970573 -0.0135026 -1.47111 -0.0539413 2.44476 -0.452408 
-1.92157 0.970536 -0.0134983 -1.47112 -0.0539183 2.44437 -0.421363 
-1.92248 0.9705 -0.0135187 -1.47115 -0.0539104 2.44416 -0.390154 
-1.92343 0.970483 -0.0135357 -1.47114 -0.0539002 2.44412 -0.359235 
-1.92447 0.970487 -0.0135502 -1.47114 -0.0538988 2.44409 -0.330816 
-1.9253 0.970474 -0.0135473 -1.47115 -0.0539035 2.44389 -0.308387 
-1.92591 0.970482 -0.0135489 -1.47116 -0.0538954 2.44364 -0.290984 
-1.92654 0.970378 -0.0135502 -1.47123 -0.0538847 2.44288 -0.269937 
-1.92706 0.970246 -0.0135597 -1.47138 -0.0538634 2.44262 -0.246015 
-1.92755 0.970174 -0.0135625 -1.47149 -0.0537778 2.44258 -0.220759 
-1.92814 0.97009 -0.0135686 -1.47159 -0.0536806 2.44251 -0.19209 
-1.92853 0.970029 -0.0135513 -1.47166 -0.0536458 2.44246 -0.165516 
-1.92865 0.970024 -0.0135509 -1.4717 -0.0536385 2.44242 -0.142029 
-1.92893 0.969841 -0.013555 -1.47201 -0.053607 2.44229 -0.11843 
-1.92926 0.969427 -0.013537 -1.47273 -0.0535746 2.44212 -0.0940688 
-1.9293 0.969153 -0.0135178 -1.47323 -0.0535672 2.44212 -0.0718367 
-1.9293 0.96908 -0.0134567 -1.4733 -0.0535349 2.44212 -0.0509039 
-1.92908 0.969046 -0.0133787 -1.4733 -0.0535348 2.44214 -0.0309271 
-1.92864 0.969021 -0.0133354 -1.4733 -0.053514 2.44214 -0.0138039 
-1.92829 0.969008 -0.0133097 -1.4733 -0.053499 2.44213 0.00346053 
-1.92772 0.96897 -0.0132846 -1.47334 -0.0534189 2.44214 0.0198158 
-1.9269 0.968943 -0.0132323 -1.47334 -0.0533959 2.44213 0.0363567 
-1.92616 0.968909 -0.0132342 -1.47335 -0.053383 2.44215 0.0503065 
-1.92574 0.968879 -0.0132502 -1.47336 -0.0533872 2.44214 0.0632448 
-1.926 0.968687 -0.0133183 -1.47372 -0.0533856 2.44213 0.0747359 
-1.92648 0.968417 -0.0133122 -1.47425 -0.0533424 2.44213 0.0841007 
-1.92683 0.968206 -0.0133314 -1.47455 -0.0532548 2.44214 0.094903 
-1.92715 0.968196 -0.0133451 -1.47455 -0.0531539 2.44214 0.110352 
-1.9272 0.968166 -0.0133054 -1.47453 -0.0531139 2.44216 0.126733 
-1.92688 0.968156 -0.0132628 -1.47454 -0.0531194 2.44217 0.140234 
-1.92655 0.968135 -0.0132428 -1.47453 -0.0531139 2.44218 0.150946 
-1.92629 0.968119 -0.0132036 -1.47451 -0.0530933 2.4422 0.16069 
-1.92593 0.968119 -0.0132115 -1.47452 -0.0530935 2.4422 0.170092 
-1.9259 0.968111 -0.0132003 -1.47451 -0.0530734 2.4422 0.180782 
-1.92597 0.968098 -0.0132199 -1.4745 -0.0530545 2.44222 0.194029 
-1.92606 0.968105 -0.0132146 -1.47449 -0.0530138 2.44222 0.206206 
-1.92603 0.968108 -0.0131892 -1.47446 -0.0529845 2.44225 0.218226 
-1.92595 0.968109 -0.0131801 -1.47445 -0.0529692 2.44225 0.22973 
-1.92583 0.968111 -0.0131714 -1.47445 -0.0529586 2.44224 0.241361 
-1.9259 0.968109 -0.0131827 -1.47444 -0.0529226 2.44225 0.251 
-1.92595 0.968118 -0.0131943 -1.47442 -0.0527905 2.44227 0.262826 
-1.92612 0.968112 -0.0131913 -1.4744 -0.0527407 2.44227 0.27695 
-1.92619 0.96815 -0.0132125 -1.47436 -0.0525796 2.44235 0.290231 
-1.92615 0.968146 -0.0131512 -1.47434 -0.0525013 2.4425 0.301499 
-1.92598 0.968216 -0.0131468 -1.47425 -0.0524735 2.44266 0.31291 
-1.92589 0.968238 -0.0131314 -1.47423 -0.0522688 2.4427 0.322801 
-1.92574 0.968258 -0.013093 -1.47418 -0.0520559 2.44274 0.334821 
-1.92561 0.968306 -0.0130907 -1.47411 -0.0520076 2.44277 0.347548 
-1.92545 0.968327 -0.013089 -1.47408 -0.0518857 2.4428 0.36025 
-1.92537 0.968402 -0.0130733 -1.47398 -0.0517535 2.44299 0.371097 
-1.92524 0.968463 -0.0130743 -1.47385 -0.0515665 2.44302 0.382104 
-1.92517 0.968507 -0.0130471 -1.47377 -0.0513905 2.44303 0.394677 
-1.92511 0.968553 -0.0130254 -1.47367 -0.0510046 2.44315 0.407705 
-1.92487 0.969159 -0.0129735 -1.47273 -0.0508584 2.44398 0.421849 
-1.92457 0.970331 -0.0129722 -1.47055 -0.0506656 2.44408 0.435529 
-1.92432 0.971214 -0.0129795 -1.46886 -0.0502509 2.4441 0.447425 
-1.92408 0.972223 -0.0129802 -1.46701 -0.0499911 2.44409 0.458383 
-1.92405 0.97245 -0.0130323 -1.4665 -0.0500102 2.44379 0.463139 
-1.92403 0.972458 -0.0130475 -1.46649 -0.0500096 2.44381 0.463149 
-1.92407 0.972454 -0.0130677 -1.46649 -0.0500057 2.44381 0.463149 
-1.92408 0.972459 -0.0130741 -1.46648 -0.050004 2.44381 0.463148 
-1.92408 0.972461 -0.013085 -1.46648 -0.0500057 2.44382 0.463146 
-1.92409 0.972465 -0.0130898 -1.46647 -0.0499977 2.44382 0.463152 
-1.92414 0.972471 -0.0130897 -1.46647 -0.049986 2.44383 0.463155 
-1.92416 0.97248 -0.0130858 -1.46646 -0.0499817 2.44383 0.463163 
-1.92422 0.972487 -0.0130831 -1.46644 -0.0499717 2.44384 0.463159 
-1.92423 0.972504 -0.0130784 -1.46643 -0.0499709 2.44384 0.463164 
-1.92427 0.972512 -0.0130765 -1.46642 -0.0499702 2.44384 0.463167 
-1.92429 0.97252 -0.0130732 -1.46642 -0.0499715 2.44385 0.463158 
-1.92431 0.972527 -0.013078 -1.46642 -0.0499728 2.44385 0.463165 
-1.92431 0.972529 -0.0130818 -1.46642 -0.0499821 2.44385 0.463154 
-1.92431 0.972531 -0.013083 -1.46642 -0.0500058 2.44385 0.463145 
-1.9243 0.972521 -0.013085 -1.46642 -0.050042 2.44384 0.46314 
-1.92426 0.972513 -0.0130839 -1.46642 -0.0500709 2.44383 0.463117 
-1.92425 0.972501 -0.0130751 -1.46642 -0.0500827 2.44383 0.463101 
-1.92423 0.972483 -0.0130698 -1.46643 -0.0500947 2.44383 0.463101 
-1.92422 0.972462 -0.0130615 -1.46643 -0.050103 2.44382 0.463083 
-1.9242 0.972436 -0.013025 -1.46645 -0.0501235 2.44381 0.463056 
-1.9241 0.972413 -0.0130207 -1.46646 -0.0501435 2.44379 0.463032 
-1.92408 0.972396 -0.0130142 -1.46647 -0.0501436 2.44379 0.463031 
-1.92408 0.972384 -0.0130123 -1.46648 -0.0501459 2.44378 0.463028 
-1.92408 0.972381 -0.0130105 -1.46648 -0.0501453 2.44379 0.463027 
-1.92408 0.972382 -0.0130122 -1.46648 -0.0501466 2.44378 0.463029 
-1.92408 0.972379 -0.0130105 -1.46648 -0.0501466 2.44379 0.463029 
-1.92407 0.972382 -0.0130074 -1.46648 -0.0501466 2.44378 0.463029 
-1.92407 0.972382 -0.0130105 -1.46648 -0.0501466 2.44378 0.463024 
-1.92406 0.97238 -0.0130086 -1.46648 -0.0501466 2.44379 0.463028 
-1.92407 0.972381 -0.0130053 -1.46648 -0.0501472 2.44379 0.463029 
-1.92406 0.972356 -0.0130053 -1.46648 -0.0501472 2.44378 0.463024 
-1.92406 0.972377 -0.0130053 -1.46648 -0.0501491 2.44379 0.463031 
-1.92407 0.972374 -0.0130086 -1.46648 -0.0501491 2.44379 0.46303 
-1.92406 0.972369 -0.0130069 -1.46648 -0.0501485 2.44378 0.463028 
-1.92406 0.972369 -0.0130069 -1.46648 -0.0501497 2.44379 0.463028 
-1.92407 0.972374 -0.0130086 -1.46648 -0.0501485 2.44379 0.463028 
-1.92407 0.972375 -0.0130069 -1.46648 -0.0501478 2.44379 0.463023 
-1.92407 0.97237 -0.0130069 -1.46648 -0.0501478 2.44379 0.463028 
-1.92407 0.972367 -0.0130086 -1.46648 -0.0501472 2.44379 0.46303 
-1.92407 0.972372 -0.0130069 -1.46648 -0.0501485 2.44379 0.463025 
-1.92407 0.972369 -0.0130069 -1.46648 -0.0501478 2.44379 0.463024 
-1.92406 0.972372 -0.0130068 -1.46648 -0.0501485 2.44379 0.463026 
-1.92407 0.972367 -0.0130086 -1.46648 -0.0501478 2.44379 0.463025 
-1.92407 0.972371 -0.0130105 -1.46648 -0.0501485 2.44379 0.463027 
-1.92407 0.972369 -0.0130069 -1.46648 -0.0501485 2.44379 0.463025 
