-2.02262 -0.206301 -0.0136029 -1.74394 -0.055447 1.55736 -1.28377 
-2.02262 -0.206303 -0.0135995 -1.74394 -0.0554451 1.55736 -1.28378 
-2.02262 -0.206302 -0.0136036 -1.74393 -0.0554458 1.55736 -1.28378 
-2.02262 -0.206304 -0.0136016 -1.74394 -0.0554458 1.55736 -1.28378 
-2.02262 -0.206302 -0.0136045 -1.74393 -0.0554451 1.55736 -1.28378 
-2.02262 -0.206302 -0.0136031 -1.74393 -0.0554445 1.55736 -1.28377 
-2.02263 -0.206304 -0.013607 -1.74393 -0.0554464 1.55736 -1.28377 
-2.02262 -0.206302 -0.0136053 -1.74393 -0.0554458 1.55736 -1.28378 
-2.02262 -0.206301 -0.0135989 -1.74393 -0.0554464 1.55736 -1.28378 
-2.02262 -0.206302 -0.0136036 -1.74393 -0.0554445 1.55736 -1.28378 
-2.02262 -0.2063 -0.0135993 -1.74394 -0.0554464 1.55736 -1.28378 
-2.02262 -0.2063 -0.0136029 -1.74394 -0.0554458 1.55736 -1.28378 
-2.02262 -0.206301 -0.0135973 -1.74393 -0.0554458 1.55736 -1.28378 
-2.02262 -0.206306 -0.0136104 -1.74394 -0.0554458 1.55736 -1.28378 
-2.02261 -0.206304 -0.0135962 -1.74394 -0.0554458 1.55736 -1.28377 
-2.02263 -0.206304 -0.0136031 -1.74394 -0.0554445 1.55736 -1.28378 
-2.02262 -0.206301 -0.0135977 -1.74393 -0.0554458 1.55736 -1.28378 
-2.02263 -0.206308 -0.0136176 -1.74393 -0.0554464 1.55736 -1.28378 
-2.02263 -0.206306 -0.0136089 -1.74393 -0.0554464 1.55736 -1.28378 
-2.02264 -0.206306 -0.0136176 -1.74394 -0.055447 1.55736 -1.28378 
-2.02265 -0.206304 -0.013626 -1.74393 -0.055447 1.55736 -1.28378 
-2.02263 -0.206309 -0.013607 -1.74393 -0.0554464 1.55736 -1.28378 
-2.02264 -0.206285 -0.0136229 -1.74393 -0.055447 1.55736 -1.28378 
-2.02264 -0.2063 -0.0136159 -1.74393 -0.055447 1.55737 -1.28377 
-2.02263 -0.206286 -0.013607 -1.74394 -0.0554445 1.55736 -1.28378 
-2.02264 -0.206282 -0.0136159 -1.74394 -0.055447 1.55737 -1.28378 
-2.0227 -0.20628 -0.0136678 -1.74394 -0.0554509 1.55737 -1.28378 
-2.02269 -0.206291 -0.013662 -1.74394 -0.0554541 1.55737 -1.28377 
-2.02271 -0.2063 -0.0136834 -1.74393 -0.055451 1.55736 -1.28377 
-2.02272 -0.206282 -0.0136862 -1.74393 -0.0554524 1.55737 -1.28377 
-2.02273 -0.206256 -0.0136937 -1.74394 -0.0554548 1.55737 -1.28377 
-2.02272 -0.206238 -0.013691 -1.74395 -0.0554536 1.55736 -1.28377 
-2.02272 -0.206202 -0.013691 -1.74397 -0.055457 1.55736 -1.28377 
-2.02269 -0.206113 -0.0136641 -1.74402 -0.055452 1.55736 -1.28378 
-2.02268 -0.205935 -0.0136531 -1.74403 -0.0554497 1.55736 -1.28377 
-2.02267 -0.205962 -0.0136489 -1.74399 -0.0554484 1.55737 -1.28377 
-2.02265 -0.205951 -0.0136304 -1.74399 -0.0554464 1.55737 -1.28378 
-2.02264 -0.205845 -0.0136219 -1.74404 -0.0554458 1.55737 -1.28378 
-2.02257 -0.205791 -0.0135686 -1.74407 -0.0554387 1.55737 -1.28377 
-2.0224 -0.205707 -0.0135413 -1.7441 -0.0554381 1.55737 -1.28377 
-2.02222 -0.205546 -0.0133008 -1.74428 -0.055409 1.55743 -1.28377 
-2.01989 -0.204786 -0.0132897 -1.74422 -0.0553659 1.55992 -1.28372 
-2.01598 -0.2034 -0.0131918 -1.74421 -0.0552944 1.56107 -1.28319 
-2.01051 -0.200957 -0.0131572 -1.74408 -0.0552674 1.56291 -1.28188 
-2.00366 -0.197096 -0.0130983 -1.74407 -0.0551986 1.56616 -1.27934 
-1.99524 -0.191498 -0.0131139 -1.74408 -0.0551905 1.57015 -1.27632 
-1.98539 -0.184193 -0.0130427 -1.74405 -0.0551927 1.57709 -1.27223 
-1.97405 -0.17506 -0.0130585 -1.7441 -0.0551835 1.58726 -1.26482 
-1.96144 -0.162229 -0.013037 -1.74408 -0.0551896 1.5997 -1.25155 
-1.94812 -0.148534 -0.0130448 -1.74402 -0.0551862 1.61327 -1.23713 
-1.93502 -0.131781 -0.0129976 -1.74393 -0.0551781 1.63042 -1.22053 
-1.92107 -0.113477 -0.0130371 -1.74355 -0.055164 1.64814 -1.20134 
-1.90769 -0.0936096 -0.0130143 -1.74298 -0.0551617 1.66767 -1.18148 
-1.8947 -0.0722578 -0.0130269 -1.74226 -0.055158 1.6883 -1.16218 
-1.8831 -0.0488965 -0.0130045 -1.74072 -0.0551457 1.71006 -1.14288 
-1.87194 -0.0245456 -0.0130279 -1.73864 -0.0551375 1.73109 -1.12238 
-1.8617 0.00148087 -0.0131086 -1.73598 -0.0551328 1.75385 -1.09818 
-1.85278 0.0275967 -0.0130581 -1.73374 -0.0551249 1.77651 -1.07271 
-1.84435 0.0549181 -0.0131194 -1.73239 -0.0551398 1.80163 -1.04476 
-1.8378 0.0823519 -0.0131436 -1.73135 -0.0551471 1.82749 -1.01945 
-1.83329 0.108729 -0.0131561 -1.73109 -0.0551787 1.85222 -1.00044 
-1.83084 0.134679 -0.0131964 -1.73104 -0.0552324 1.87755 -0.987893 
-1.83038 0.16013 -0.0132741 -1.73109 -0.0552801 1.90208 -0.980372 
-1.83131 0.184765 -0.0134371 -1.73105 -0.0554458 1.92529 -0.979581 
-1.83336 0.208981 -0.0134756 -1.73126 -0.0555295 1.94872 -0.979588 
-1.8357 0.233488 -0.0135255 -1.73128 -0.0557029 1.97158 -0.979747 
-1.83787 0.257926 -0.0135518 -1.7313 -0.0562427 1.99502 -0.982125 
-1.83979 0.281674 -0.0135812 -1.73141 -0.0574096 2.01773 -0.987692 
-1.84173 0.306108 -0.0136432 -1.73152 -0.058587 2.04138 -0.997103 
-1.84362 0.330674 -0.0136493 -1.73157 -0.0596763 2.06475 -1.0133 
-1.84538 0.354999 -0.0136618 -1.73154 -0.0606311 2.08836 -1.03653 
-1.84725 0.380191 -0.0136804 -1.73172 -0.0613275 2.11328 -1.06263 
-1.84921 0.406619 -0.0136803 -1.73176 -0.0615857 2.13933 -1.08941 
-1.8505 0.43215 -0.0136878 -1.73166 -0.061606 2.16441 -1.11151 
-1.85167 0.459248 -0.0136878 -1.73171 -0.0616096 2.19175 -1.12458 
-1.85272 0.485708 -0.0136923 -1.73174 -0.0616036 2.218 -1.12702 
-1.85347 0.513153 -0.0137174 -1.73156 -0.0615888 2.24511 -1.12699 
-1.85431 0.539831 -0.0138102 -1.73122 -0.0615676 2.27254 -1.12648 
-1.85626 0.565848 -0.0138243 -1.73055 -0.0615198 2.29918 -1.12267 
-1.85932 0.591344 -0.0138956 -1.72918 -0.0614384 2.3243 -1.11284 
-1.86308 0.614838 -0.0139171 -1.72664 -0.0613502 2.34684 -1.09544 
-1.86774 0.639525 -0.013919 -1.7214 -0.0613089 2.3675 -1.06992 
-1.87228 0.661102 -0.0139222 -1.71445 -0.0613094 2.38324 -1.0443 
-1.87694 0.681916 -0.013922 -1.7051 -0.0613176 2.39464 -1.02215 
-1.88153 0.701519 -0.0139163 -1.69324 -0.0613266 2.40229 -1.00661 
-1.88598 0.71988 -0.0139204 -1.67846 -0.0613496 2.40801 -0.999842 
-1.88994 0.737479 -0.0139277 -1.66182 -0.0614561 2.41014 -0.999817 
-1.89351 0.755541 -0.0139363 -1.64312 -0.0621094 2.41014 -1.00056 
-1.89645 0.771188 -0.0139282 -1.62502 -0.0646816 2.41012 -1.00822 
-1.89876 0.786328 -0.0139278 -1.60883 -0.0677189 2.41011 -1.02722 
-1.90106 0.80019 -0.0139681 -1.5946 -0.0685846 2.41004 -1.05021 
-1.90347 0.812666 -0.013975 -1.58258 -0.068734 2.41004 -1.07384 
-1.90631 0.82458 -0.0139968 -1.57159 -0.0687534 2.41004 -1.09476 
-1.90924 0.83487 -0.013957 -1.56255 -0.0687454 2.41004 -1.11069 
-1.91194 0.843058 -0.0139531 -1.55396 -0.0687284 2.41004 -1.11787 
-1.91454 0.850533 -0.0139133 -1.54613 -0.0685402 2.41004 -1.11804 
-1.91634 0.856306 -0.0138635 -1.54023 -0.0676512 2.41004 -1.11526 
-1.91745 0.860039 -0.0137958 -1.53589 -0.0667796 2.41004 -1.1065 
-1.91769 0.862418 -0.0137594 -1.53307 -0.0662043 2.41004 -1.09148 
-1.91737 0.863907 -0.0136452 -1.53162 -0.0656897 2.41004 -1.07142 
-1.91674 0.864994 -0.0136501 -1.53104 -0.0656826 2.41004 -1.04975 
-1.91624 0.865889 -0.0136505 -1.53103 -0.065705 2.41004 -1.03239 
-1.91588 0.866939 -0.0136584 -1.53104 -0.0657838 2.41003 -1.02451 
-1.91579 0.868207 -0.0136711 -1.53103 -0.0665167 2.41003 -1.02469 
-1.91576 0.86964 -0.0136681 -1.53104 -0.0678826 2.41003 -1.02933 
-1.91542 0.870888 -0.0136519 -1.53102 -0.0686695 2.41004 -1.04061 
-1.91479 0.871443 -0.0136512 -1.531 -0.0690964 2.41004 -1.0566 
-1.9139 0.87144 -0.0136415 -1.53073 -0.0690963 2.41004 -1.07328 
-1.91308 0.871422 -0.0136653 -1.52986 -0.0690819 2.41004 -1.08247 
-1.91313 0.871475 -0.0136637 -1.52876 -0.0690816 2.41005 -1.08329 
-1.91349 0.871497 -0.0136964 -1.52783 -0.0690916 2.41005 -1.08331 
-1.91426 0.871697 -0.0137479 -1.52768 -0.0690989 2.41004 -1.0836 
-1.91528 0.872543 -0.013798 -1.52768 -0.0691001 2.41004 -1.08414 
-1.91635 0.874122 -0.0138017 -1.52767 -0.0691002 2.41004 -1.08559 
-1.91733 0.876314 -0.0137993 -1.52759 -0.0690963 2.41008 -1.08645 
-1.91816 0.878848 -0.0138094 -1.52689 -0.0690346 2.41061 -1.08643 
-1.91893 0.881303 -0.0138053 -1.52519 -0.0686226 2.41096 -1.08593 
-1.91966 0.883482 -0.0137938 -1.52256 -0.0679252 2.41109 -1.08197 
-1.92017 0.884977 -0.0137964 -1.51977 -0.0674837 2.4111 -1.07615 
-1.92045 0.886355 -0.0137819 -1.51661 -0.0673286 2.4111 -1.06823 
-1.92047 0.887856 -0.013757 -1.51347 -0.0672957 2.4111 -1.0597 
-1.92038 0.889624 -0.0137395 -1.51096 -0.0672923 2.4111 -1.05454 
-1.92044 0.891714 -0.0137583 -1.50921 -0.067257 2.41109 -1.05314 
-1.92061 0.894047 -0.0137704 -1.50825 -0.0672539 2.41109 -1.05272 
-1.92081 0.896493 -0.0137888 -1.50769 -0.067306 2.41109 -1.05275 
-1.92105 0.898347 -0.01379 -1.50763 -0.067552 2.41109 -1.05329 
-1.92122 0.899523 -0.0138009 -1.50741 -0.0677757 2.4111 -1.05659 
-1.92127 0.899846 -0.0138017 -1.50722 -0.0679811 2.4111 -1.06227 
-1.92123 0.899836 -0.0137685 -1.50661 -0.0680392 2.41111 -1.06851 
-1.92114 0.89984 -0.013761 -1.50552 -0.0680433 2.41111 -1.07395 
-1.92109 0.899845 -0.0137524 -1.50456 -0.0680446 2.41111 -1.079 
-1.92106 0.899859 -0.0137495 -1.50403 -0.0680421 2.41111 -1.08308 
-1.92093 0.899954 -0.0136803 -1.50395 -0.0680433 2.41111 -1.08503 
-1.92078 0.900211 -0.0136439 -1.50396 -0.0680373 2.41111 -1.08561 
-1.92046 0.900618 -0.013641 -1.50396 -0.068034 2.41111 -1.08562 
-1.92025 0.901016 -0.0136388 -1.50394 -0.0680058 2.41111 -1.08562 
-1.92007 0.901326 -0.0136258 -1.50393 -0.0679777 2.41111 -1.08559 
-1.91994 0.901526 -0.0136179 -1.50392 -0.0679429 2.41111 -1.08553 
-1.9198 0.901614 -0.0136117 -1.5039 -0.067813 2.41111 -1.0852 
-1.91963 0.901645 -0.0136 -1.50385 -0.0677437 2.41111 -1.08448 
-1.9194 0.901745 -0.0135796 -1.50379 -0.0676489 2.41111 -1.08366 
-1.91907 0.901833 -0.0135306 -1.50366 -0.0674836 2.41111 -1.08208 
-1.91864 0.901945 -0.013529 -1.50357 -0.0674165 2.41111 -1.0806 
-1.9183 0.902129 -0.0135336 -1.50316 -0.0673014 2.41111 -1.07939 
-1.91819 0.902475 -0.0135295 -1.50241 -0.0672549 2.41112 -1.07769 
-1.91822 0.903242 -0.013539 -1.50111 -0.0672146 2.41111 -1.07526 
-1.91825 0.904367 -0.0135603 -1.49977 -0.0672204 2.41111 -1.07377 
-1.91841 0.905487 -0.0135796 -1.49925 -0.0672457 2.41111 -1.07378 
-1.91858 0.90658 -0.0135996 -1.49925 -0.0672859 2.41111 -1.07386 
-1.91856 0.90781 -0.0135987 -1.49925 -0.0673332 2.41111 -1.07476 
-1.91857 0.908999 -0.0135987 -1.49924 -0.0675121 2.41114 -1.07582 
-1.91855 0.909816 -0.0135967 -1.49922 -0.067553 2.4116 -1.07657 
-1.9186 0.910131 -0.0136766 -1.49916 -0.0675696 2.41169 -1.07755 
-1.91879 0.910154 -0.0136834 -1.49889 -0.0675812 2.41172 -1.07827 
-1.91902 0.910178 -0.013683 -1.49839 -0.0675877 2.41173 -1.07949 
-1.91924 0.910265 -0.0136849 -1.49787 -0.0675847 2.41173 -1.08023 
-1.91941 0.910528 -0.0136849 -1.49734 -0.0675852 2.41173 -1.08047 
-1.91952 0.911117 -0.013683 -1.49675 -0.0675828 2.41173 -1.0805 
-1.91959 0.912428 -0.013683 -1.49552 -0.067571 2.41174 -1.08049 
-1.91969 0.914608 -0.0136849 -1.4934 -0.067568 2.41174 -1.08049 
-1.91985 0.917806 -0.0136866 -1.48993 -0.0675601 2.41175 -1.08049 
-1.92012 0.921916 -0.0137348 -1.48535 -0.0675718 2.41168 -1.0805 
-1.9208 0.925746 -0.0136019 -1.48296 -0.0675356 2.41174 -1.08049 
-1.92064 0.929343 -0.013581 -1.48069 -0.0675288 2.41194 -1.08048 
-1.92061 0.931611 -0.013586 -1.47928 -0.0675288 2.41215 -1.08048 
-1.92061 0.932331 -0.0135844 -1.47885 -0.0675282 2.41218 -1.08048 
-1.9206 0.932288 -0.0135819 -1.47882 -0.0675255 2.41219 -1.08048 
-1.92073 0.932315 -0.0135883 -1.47882 -0.067519 2.41219 -1.08047 
-1.92072 0.932422 -0.0135971 -1.47891 -0.0675244 2.41218 -1.08048 
-1.92076 0.932717 -0.0136106 -1.47908 -0.0675243 2.41219 -1.08047 
-1.92083 0.933509 -0.0136318 -1.47938 -0.0675249 2.41219 -1.08047 
-1.92102 0.935012 -0.0136898 -1.47975 -0.0675249 2.41274 -1.08046 
-1.92127 0.936903 -0.0136797 -1.48037 -0.0675171 2.4151 -1.08045 
-1.92127 0.939007 -0.0135776 -1.48082 -0.0674878 2.41925 -1.08043 
-1.921 0.941042 -0.0135678 -1.48082 -0.0674726 2.42318 -1.08037 
-1.92105 0.94296 -0.0135923 -1.48079 -0.0674581 2.42478 -1.0802 
-1.92117 0.944935 -0.0135907 -1.48077 -0.0674437 2.42817 -1.08016 
-1.92142 0.947062 -0.0136357 -1.4806 -0.0674428 2.43067 -1.08015 
-1.92145 0.949192 -0.0136168 -1.47989 -0.0674091 2.43294 -1.08014 
-1.92143 0.950682 -0.0135717 -1.47937 -0.0673163 2.43413 -1.08001 
-1.92141 0.951871 -0.0135646 -1.47887 -0.0672651 2.43502 -1.08001 
-1.92141 0.952806 -0.0135674 -1.4786 -0.0672549 2.43572 -1.08 
-1.92139 0.953608 -0.0135589 -1.47849 -0.0672574 2.43665 -1.08001 
-1.92138 0.95445 -0.0135536 -1.4784 -0.0672487 2.43756 -1.08001 
-1.92135 0.955495 -0.0135293 -1.47825 -0.0672433 2.4388 -1.08001 
-1.92131 0.956602 -0.0135433 -1.4781 -0.067244 2.44021 -1.08001 
-1.92127 0.957793 -0.0135327 -1.47805 -0.0672388 2.44206 -1.08001 
-1.92128 0.958961 -0.0135252 -1.47794 -0.0672312 2.44342 -1.08001 
-1.92124 0.96027 -0.0135114 -1.47764 -0.0672344 2.44491 -1.08001 
-1.92109 0.961653 -0.0134867 -1.47717 -0.067227 2.44574 -1.08001 
-1.92096 0.963015 -0.0134754 -1.47675 -0.0672308 2.44659 -1.08001 
-1.92085 0.964425 -0.0134658 -1.4761 -0.067221 2.44761 -1.08 
-1.92085 0.966097 -0.013479 -1.47515 -0.0672155 2.44813 -1.08001 
-1.92085 0.967759 -0.0134843 -1.47404 -0.067212 2.44867 -1.08 
-1.92098 0.969265 -0.0135165 -1.47339 -0.0671944 2.44898 -1.08001 
-1.92127 0.969034 -0.013518 -1.47339 -0.0671682 2.44956 -1.08 
-1.92155 0.969092 -0.013502 -1.47344 -0.0671432 2.44956 -1.08 
-1.92162 0.969154 -0.0135061 -1.47347 -0.066858 2.44956 -1.07997 
-1.92174 0.969186 -0.0134971 -1.47361 -0.0660905 2.44956 -1.07931 
-1.92193 0.969182 -0.0134905 -1.47385 -0.0645853 2.44956 -1.07689 
-1.92216 0.969175 -0.0134868 -1.47405 -0.0618412 2.44956 -1.0691 
-1.92223 0.969177 -0.0134877 -1.47419 -0.0586359 2.44955 -1.05096 
-1.92218 0.96915 -0.0134617 -1.47436 -0.0573964 2.44954 -1.02871 
-1.92197 0.969157 -0.0133893 -1.47436 -0.0571297 2.44954 -1.00276 
-1.92151 0.969161 -0.0133593 -1.47437 -0.0571003 2.44951 -0.975464 
-1.92077 0.969155 -0.0133258 -1.47439 -0.0570174 2.44952 -0.947309 
-1.91982 0.969153 -0.0133353 -1.47439 -0.0570017 2.44951 -0.916928 
-1.9192 0.969156 -0.0133321 -1.47439 -0.0570061 2.4495 -0.887555 
-1.91887 0.969173 -0.0133626 -1.4744 -0.0570177 2.44949 -0.862187 
-1.91896 0.969171 -0.0133641 -1.47442 -0.0569927 2.44944 -0.840514 
-1.91922 0.969178 -0.0133905 -1.47443 -0.0569816 2.44943 -0.81611 
-1.91959 0.969179 -0.0133921 -1.47446 -0.056793 2.44938 -0.787679 
-1.92003 0.969088 -0.0134084 -1.47464 -0.0567634 2.44928 -0.758429 
-1.92035 0.969085 -0.0133879 -1.47463 -0.0567564 2.44917 -0.727902 
-1.92047 0.969091 -0.0133935 -1.47463 -0.0567443 2.44914 -0.699782 
-1.92049 0.969047 -0.0134111 -1.47463 -0.0566972 2.44899 -0.669973 
-1.92042 0.969052 -0.0133966 -1.47463 -0.0566984 2.44899 -0.639056 
-1.92042 0.969029 -0.0134374 -1.47461 -0.056701 2.44899 -0.609086 
-1.92064 0.96901 -0.0134839 -1.47463 -0.0567071 2.44898 -0.57988 
-1.921 0.969008 -0.0134856 -1.47461 -0.0567168 2.44899 -0.551273 
-1.9211 0.969032 -0.0135503 -1.47462 -0.0567386 2.44896 -0.527497 
-1.92119 0.96902 -0.0135454 -1.47462 -0.0567383 2.44888 -0.508162 
-1.92136 0.969012 -0.0135633 -1.47458 -0.0567278 2.44887 -0.488812 
-1.92154 0.969015 -0.0135488 -1.47456 -0.0567185 2.44887 -0.466458 
-1.92154 0.969011 -0.0135518 -1.47456 -0.056723 2.44884 -0.442909 
-1.9215 0.969002 -0.0135359 -1.47456 -0.0567054 2.44875 -0.418373 
-1.92145 0.968963 -0.0135213 -1.47455 -0.0567048 2.44846 -0.390004 
-1.92138 0.968921 -0.0134801 -1.47454 -0.0567109 2.44829 -0.359998 
-1.9214 0.968914 -0.0134819 -1.47448 -0.0566981 2.44824 -0.330918 
-1.92148 0.968904 -0.0134952 -1.47448 -0.056622 2.44801 -0.300402 
-1.92175 0.968825 -0.0134931 -1.47449 -0.0565224 2.44772 -0.265525 
-1.92209 0.968813 -0.0135207 -1.47449 -0.0565361 2.44767 -0.232744 
-1.92252 0.968796 -0.0135317 -1.47449 -0.05653 2.44759 -0.208751 
-1.92291 0.968802 -0.013543 -1.47442 -0.0565248 2.44759 -0.18824 
-1.92332 0.968809 -0.0135438 -1.47439 -0.0565037 2.44759 -0.170319 
-1.92381 0.968799 -0.0135228 -1.47438 -0.0564645 2.44759 -0.150909 
-1.92435 0.968801 -0.0135491 -1.47439 -0.0564645 2.44758 -0.132625 
-1.92485 0.968801 -0.0134618 -1.47436 -0.0564357 2.44759 -0.114765 
-1.92465 0.968802 -0.013329 -1.47433 -0.05622 2.4476 -0.0985219 
-1.92407 0.968835 -0.0133138 -1.47425 -0.0562018 2.44759 -0.0833464 
-1.92329 0.968828 -0.013292 -1.47427 -0.0560498 2.44757 -0.0699593 
-1.92261 0.968821 -0.0133032 -1.47427 -0.055505 2.44751 -0.052842 
-1.92247 0.968817 -0.0133215 -1.47428 -0.0552541 2.44748 -0.0314876 
-1.92254 0.968792 -0.013292 -1.47427 -0.0548341 2.44732 -0.00907698 
-1.92246 0.968788 -0.0133128 -1.47428 -0.0546592 2.44731 0.0135008 
-1.92265 0.968782 -0.0133158 -1.47427 -0.0545458 2.4473 0.0333304 
-1.92271 0.968777 -0.0133109 -1.47427 -0.0540497 2.44729 0.0542943 
-1.92274 0.96878 -0.0133178 -1.47425 -0.0535986 2.44732 0.0779589 
-1.92279 0.968785 -0.0133033 -1.47425 -0.0532591 2.4473 0.100223 
-1.92275 0.968785 -0.0132977 -1.47425 -0.0528188 2.44731 0.124198 
-1.92273 0.968774 -0.013282 -1.47424 -0.0524273 2.44732 0.145889 
-1.92266 0.968772 -0.013245 -1.47424 -0.0520888 2.4473 0.16657 
-1.92263 0.968772 -0.0132617 -1.47424 -0.0516853 2.44731 0.186078 
-1.9226 0.968774 -0.0132499 -1.47424 -0.0514309 2.44731 0.206854 
-1.92254 0.968766 -0.0132161 -1.47423 -0.0512111 2.44731 0.227641 
-1.92242 0.968773 -0.0132017 -1.47424 -0.0511428 2.44731 0.246141 
-1.92242 0.968769 -0.0132249 -1.47425 -0.0511254 2.44732 0.262886 
-1.92244 0.968769 -0.0132298 -1.47422 -0.0510482 2.44733 0.278738 
-1.92242 0.968786 -0.0132343 -1.4742 -0.0508715 2.44732 0.294651 
-1.9225 0.968782 -0.013218 -1.47418 -0.0507377 2.44733 0.310756 
-1.92251 0.968776 -0.0132155 -1.47416 -0.0506814 2.44733 0.327612 
-1.92245 0.968788 -0.0132079 -1.47415 -0.0506324 2.44733 0.343327 
-1.92234 0.968817 -0.0131758 -1.4741 -0.0505866 2.44735 0.357908 
-1.92212 0.968835 -0.0131499 -1.47402 -0.0505013 2.44737 0.371685 
-1.92196 0.968863 -0.0131681 -1.47401 -0.0504745 2.44737 0.384165 
-1.92202 0.968857 -0.0131795 -1.47401 -0.0504553 2.44736 0.395645 
-1.92207 0.968861 -0.0131978 -1.474 -0.0504175 2.44737 0.403821 
-1.92218 0.968876 -0.0132014 -1.47395 -0.0503106 2.44737 0.413433 
-1.92251 0.968881 -0.013217 -1.47395 -0.0502974 2.44737 0.42343 
-1.92296 0.968883 -0.0132234 -1.47393 -0.0502248 2.4474 0.43446 
-1.92302 0.969386 -0.0131754 -1.47313 -0.0499598 2.44813 0.441806 
-1.92293 0.969921 -0.0131703 -1.47211 -0.0497149 2.44814 0.449093 
-1.92285 0.970607 -0.0131605 -1.47089 -0.0491877 2.44815 0.456294 
-1.92277 0.971092 -0.013187 -1.47002 -0.0489565 2.44811 0.46308 
-1.9228 0.971071 -0.0131991 -1.47002 -0.0489543 2.44811 0.463492 
-1.9228 0.971075 -0.0131976 -1.47002 -0.0489426 2.44811 0.463504 
-1.9228 0.971073 -0.0132 -1.47001 -0.0489345 2.44812 0.463554 
-1.92281 0.971075 -0.0132068 -1.47 -0.0489271 2.44812 0.463832 
-1.92286 0.971069 -0.0132116 -1.46998 -0.048931 2.44813 0.463926 
-1.92288 0.971075 -0.0132173 -1.46996 -0.0489481 2.44813 0.463922 
-1.92291 0.971076 -0.013218 -1.46993 -0.0489549 2.44812 0.46392 
-1.92293 0.971076 -0.013234 -1.46993 -0.0489597 2.44813 0.463918 
-1.92297 0.97108 -0.013235 -1.46992 -0.0489571 2.44813 0.46392 
-1.92301 0.971104 -0.0133112 -1.46987 -0.0489663 2.44814 0.463922 
-1.92332 0.971216 -0.0133268 -1.46964 -0.0489731 2.44817 0.463919 
-1.92381 0.971553 -0.0133534 -1.46903 -0.0490092 2.44818 0.463887 
-1.92417 0.97173 -0.0132453 -1.46868 -0.0490118 2.44815 0.463822 
-1.92408 0.971735 -0.0132985 -1.46869 -0.0490281 2.44815 0.463808 
-1.92407 0.971747 -0.013282 -1.46868 -0.0490247 2.44815 0.463807 
-1.92408 0.971757 -0.0132844 -1.46869 -0.0490127 2.44816 0.463811 
-1.9241 0.971784 -0.0132846 -1.46867 -0.0490028 2.44817 0.463812 
-1.92411 0.971806 -0.0132873 -1.46867 -0.0489955 2.44817 0.46381 
-1.92413 0.97182 -0.0132821 -1.46867 -0.048985 2.44818 0.463812 
-1.92412 0.971852 -0.013264 -1.46864 -0.0489875 2.44817 0.46381 
-1.92412 0.971864 -0.0132724 -1.46863 -0.0489932 2.44817 0.463804 
-1.92407 0.971886 -0.0132709 -1.46862 -0.0490061 2.44817 0.463806 
-1.92407 0.971887 -0.0132692 -1.46862 -0.0490217 2.44816 0.463802 
-1.92406 0.971892 -0.0132672 -1.46862 -0.0490288 2.44816 0.463788 
-1.924 0.971899 -0.0132842 -1.46862 -0.0490757 2.44816 0.463758 
-1.924 0.971898 -0.0132825 -1.46862 -0.0491034 2.44816 0.463415 
-1.924 0.971896 -0.0132857 -1.46862 -0.0491383 2.44816 0.463333 
-1.92397 0.971884 -0.0132873 -1.46862 -0.0493099 2.44816 0.463229 
-1.92395 0.971862 -0.0133106 -1.46863 -0.0494378 2.44816 0.463023 
-1.92395 0.97182 -0.0133169 -1.46864 -0.0494405 2.44815 0.463017 
-1.92393 0.971785 -0.0133087 -1.46865 -0.0494547 2.44814 0.463004 
-1.92389 0.971752 -0.0133046 -1.46865 -0.0494776 2.44813 0.462987 
-1.92385 0.971726 -0.0132999 -1.46866 -0.0494941 2.44812 0.462981 
-1.92381 0.971711 -0.0133078 -1.46867 -0.0494965 2.44811 0.46297 
-1.92381 0.971708 -0.0133094 -1.46866 -0.0494952 2.44811 0.462971 
-1.92381 0.971708 -0.0133111 -1.46867 -0.0494965 2.44811 0.462968 
-1.92381 0.971706 -0.0133094 -1.46867 -0.0494971 2.44811 0.462972 
-1.92381 0.97171 -0.0133078 -1.46867 -0.0494971 2.44811 0.462974 
-1.92381 0.971711 -0.0133078 -1.46867 -0.0494977 2.44811 0.462972 
-1.92381 0.971704 -0.0133078 -1.46867 -0.0494978 2.44811 0.462971 
-1.92381 0.971704 -0.0133078 -1.46867 -0.0494978 2.44811 0.462974 
-1.92381 0.971707 -0.0133094 -1.46866 -0.0494965 2.44811 0.462971 
-1.92381 0.971703 -0.0133094 -1.46866 -0.0494958 2.44811 0.462966 
