-2.02256 -0.202986 -0.0135953 -1.746 -0.0555044 1.55737 -1.28378 
-2.02256 -0.202986 -0.0135922 -1.74601 -0.055503 1.55737 -1.28378 
-2.02256 -0.20299 -0.0135973 -1.746 -0.0555044 1.55737 -1.28378 
-2.02256 -0.20299 -0.01359 -1.746 -0.055503 1.55737 -1.28378 
-2.02256 -0.202992 -0.0135974 -1.746 -0.0555036 1.55737 -1.28378 
-2.02256 -0.202993 -0.0135907 -1.746 -0.0555036 1.55737 -1.28378 
-2.02256 -0.20299 -0.0135936 -1.746 -0.0555044 1.55737 -1.28378 
-2.02256 -0.202988 -0.0135928 -1.746 -0.0555036 1.55737 -1.28378 
-2.02256 -0.202986 -0.0135944 -1.746 -0.0555085 1.55737 -1.28378 
-2.02256 -0.202989 -0.0135936 -1.746 -0.0555036 1.55737 -1.28378 
-2.02256 -0.202988 -0.0135921 -1.746 -0.055503 1.55737 -1.28378 
-2.02256 -0.202992 -0.0135936 -1.746 -0.0555036 1.55737 -1.28378 
-2.02256 -0.202989 -0.0135936 -1.746 -0.0555055 1.55737 -1.28378 
-2.02256 -0.202992 -0.0135953 -1.746 -0.0555036 1.55737 -1.28378 
-2.02256 -0.20299 -0.0135936 -1.746 -0.055504 1.55737 -1.28378 
-2.02256 -0.202988 -0.01359 -1.746 -0.0555036 1.55737 -1.28378 
-2.02256 -0.202988 -0.0135953 -1.746 -0.0555036 1.55737 -1.28378 
-2.02256 -0.202988 -0.013592 -1.746 -0.0555073 1.55737 -1.28378 
-2.02256 -0.20299 -0.0135953 -1.746 -0.0555036 1.55737 -1.28378 
-2.02256 -0.202993 -0.0135937 -1.746 -0.0555036 1.55737 -1.28379 
-2.02256 -0.202987 -0.0135954 -1.746 -0.055503 1.55737 -1.28378 
-2.02256 -0.202992 -0.0135958 -1.746 -0.0555042 1.55737 -1.28378 
-2.02256 -0.202989 -0.0136011 -1.746 -0.0555049 1.55737 -1.28378 
-2.02258 -0.202992 -0.013618 -1.74599 -0.055507 1.55737 -1.28378 
-2.02257 -0.202984 -0.0136021 -1.746 -0.0555073 1.55737 -1.28378 
-2.02258 -0.202986 -0.013618 -1.746 -0.0555063 1.55737 -1.28378 
-2.02256 -0.20297 -0.0135915 -1.74602 -0.0555062 1.55737 -1.28378 
-2.02258 -0.202976 -0.0136197 -1.74601 -0.0555081 1.55737 -1.28378 
-2.02263 -0.202972 -0.0136689 -1.74602 -0.0555127 1.55737 -1.28378 
-2.02266 -0.202968 -0.0137001 -1.74601 -0.0555212 1.55737 -1.28378 
-2.02263 -0.202945 -0.0136685 -1.74601 -0.0555173 1.55738 -1.28378 
-2.02263 -0.202916 -0.0136671 -1.74597 -0.0555192 1.5574 -1.28378 
-2.0226 -0.20283 -0.0136365 -1.74601 -0.0555154 1.5574 -1.28378 
-2.02244 -0.202662 -0.0135114 -1.74608 -0.0554996 1.5574 -1.28378 
-2.02087 -0.202101 -0.0133189 -1.74597 -0.0554543 1.56002 -1.28375 
-2.01719 -0.201204 -0.0132474 -1.74601 -0.0554486 1.56022 -1.28356 
-2.01177 -0.199806 -0.0131236 -1.74608 -0.0554228 1.56053 -1.28179 
-2.00327 -0.197396 -0.0130486 -1.74644 -0.0553857 1.5614 -1.27922 
-1.99235 -0.194168 -0.0130612 -1.74742 -0.0553724 1.56386 -1.27428 
-1.97972 -0.190185 -0.0129455 -1.74905 -0.0553665 1.56757 -1.26492 
-1.96531 -0.185186 -0.0129958 -1.75053 -0.0553778 1.572 -1.25172 
-1.94985 -0.179111 -0.012954 -1.75166 -0.0553791 1.57859 -1.23747 
-1.93427 -0.171527 -0.0129293 -1.75393 -0.0553884 1.58804 -1.22395 
-1.9179 -0.163015 -0.013001 -1.75763 -0.0553982 1.59895 -1.2118 
-1.90266 -0.154005 -0.012928 -1.76233 -0.0554194 1.6114 -1.20354 
-1.88852 -0.142909 -0.013004 -1.76746 -0.0554359 1.62683 -1.19449 
-1.8765 -0.130684 -0.0129541 -1.77338 -0.0554487 1.64494 -1.18348 
-1.86561 -0.115823 -0.0130046 -1.77899 -0.0554481 1.66493 -1.17069 
-1.85656 -0.099036 -0.0129849 -1.78458 -0.0554482 1.68781 -1.15784 
-1.84881 -0.0791521 -0.0129914 -1.79002 -0.0554437 1.71228 -1.14097 
-1.84238 -0.0574941 -0.0130089 -1.79439 -0.0554359 1.7372 -1.12376 
-1.83702 -0.0335088 -0.0130375 -1.79837 -0.0554444 1.76449 -1.10916 
-1.83294 -0.00706571 -0.0130908 -1.80097 -0.0554671 1.79403 -1.09559 
-1.83059 0.0196982 -0.0130999 -1.80154 -0.0554943 1.82144 -1.08929 
-1.83013 0.0478485 -0.0131505 -1.80144 -0.0555299 1.85016 -1.08714 
-1.83094 0.0766919 -0.0133545 -1.80134 -0.0555688 1.88002 -1.08709 
-1.83289 0.105575 -0.0134621 -1.80097 -0.0556422 1.91003 -1.08708 
-1.836 0.135518 -0.0135389 -1.80004 -0.0556929 1.94087 -1.08708 
-1.83998 0.167529 -0.0135629 -1.79841 -0.0557002 1.97154 -1.08709 
-1.84448 0.200575 -0.0135768 -1.79573 -0.0556997 2.00211 -1.08708 
-1.84934 0.234569 -0.0136187 -1.7909 -0.0556918 2.03262 -1.08709 
-1.85425 0.269822 -0.0136556 -1.78267 -0.0556899 2.0619 -1.08709 
-1.85828 0.306024 -0.0136159 -1.77088 -0.0556899 2.08684 -1.0871 
-1.86139 0.343145 -0.0135503 -1.75472 -0.0556973 2.10936 -1.08712 
-1.86341 0.379999 -0.0136257 -1.73462 -0.0556979 2.12619 -1.08714 
-1.86456 0.416051 -0.013606 -1.71249 -0.0557043 2.13984 -1.08718 
-1.86545 0.450518 -0.0136079 -1.68881 -0.0557361 2.14941 -1.08732 
-1.86606 0.483658 -0.0137056 -1.6653 -0.0558335 2.15723 -1.08807 
-1.86651 0.51552 -0.0136742 -1.6427 -0.0559598 2.16421 -1.08983 
-1.86701 0.546442 -0.0136786 -1.62106 -0.0561149 2.17368 -1.09052 
-1.86738 0.57513 -0.0136984 -1.60153 -0.0562166 2.18282 -1.09113 
-1.86754 0.601957 -0.0136974 -1.58438 -0.056377 2.19123 -1.0939 
-1.86759 0.628015 -0.0136656 -1.56941 -0.0565278 2.20012 -1.09726 
-1.86756 0.652452 -0.013685 -1.5572 -0.0566858 2.21118 -1.10084 
-1.86774 0.674899 -0.0136988 -1.54868 -0.0569697 2.22334 -1.10426 
-1.86827 0.694381 -0.0137223 -1.54422 -0.0572696 2.23709 -1.10704 
-1.8694 0.711218 -0.0137619 -1.54377 -0.0576639 2.25244 -1.10867 
-1.87151 0.727074 -0.0138226 -1.54522 -0.0583557 2.26691 -1.11038 
-1.87445 0.739787 -0.0138225 -1.5481 -0.0589817 2.2814 -1.11353 
-1.87845 0.751662 -0.0138822 -1.55266 -0.0597449 2.29684 -1.11789 
-1.88316 0.760771 -0.0138551 -1.55838 -0.0608784 2.31072 -1.12156 
-1.88814 0.767318 -0.0138589 -1.56474 -0.0619584 2.32294 -1.12405 
-1.89357 0.771753 -0.0138535 -1.574 -0.0627777 2.33632 -1.1278 
-1.89869 0.772399 -0.0138504 -1.58603 -0.0634829 2.34787 -1.13159 
-1.90376 0.771144 -0.0138551 -1.59944 -0.0638373 2.35976 -1.13636 
-1.90895 0.768866 -0.013821 -1.6143 -0.0639183 2.37306 -1.13843 
-1.91306 0.767118 -0.0138175 -1.62749 -0.0639475 2.38481 -1.13861 
-1.91664 0.76596 -0.0138344 -1.64011 -0.063974 2.3963 -1.13861 
-1.9199 0.765334 -0.0138222 -1.65244 -0.0639635 2.40904 -1.13862 
-1.92239 0.765224 -0.0138041 -1.66468 -0.0639472 2.42191 -1.13858 
-1.92347 0.765151 -0.0137488 -1.67657 -0.0639189 2.43478 -1.13831 
-1.92271 0.765052 -0.0135217 -1.68683 -0.0639034 2.44627 -1.13648 
-1.92002 0.764827 -0.0134127 -1.69534 -0.0638815 2.45608 -1.13449 
-1.91577 0.764116 -0.0133658 -1.70089 -0.0638436 2.46183 -1.13268 
-1.91026 0.762532 -0.0132726 -1.70341 -0.0637552 2.46377 -1.1308 
-1.90345 0.759552 -0.0132472 -1.70405 -0.0636383 2.46377 -1.12749 
-1.89561 0.754749 -0.0132554 -1.7042 -0.0635741 2.46354 -1.12228 
-1.88759 0.747168 -0.0132747 -1.70503 -0.0635454 2.46096 -1.11764 
-1.87917 0.737784 -0.0132418 -1.70681 -0.0634396 2.45621 -1.1136 
-1.87055 0.728969 -0.0132607 -1.70853 -0.0630837 2.45185 -1.10677 
-1.86243 0.719975 -0.0132651 -1.70922 -0.0628841 2.44607 -1.09549 
-1.85431 0.712059 -0.0132178 -1.70904 -0.0625814 2.43863 -1.08163 
-1.846 0.706764 -0.0132123 -1.708 -0.0625267 2.43167 -1.06664 
-1.83793 0.703245 -0.0132347 -1.70552 -0.0625095 2.42623 -1.05024 
-1.83055 0.701617 -0.0132485 -1.70155 -0.0625126 2.4207 -1.03501 
-1.82394 0.701964 -0.0132628 -1.6956 -0.0625132 2.41512 -1.02154 
-1.81858 0.703414 -0.0133161 -1.68823 -0.0625113 2.41021 -1.00902 
-1.81532 0.705764 -0.0134024 -1.67985 -0.062512 2.40528 -0.99756 
-1.81424 0.709012 -0.0134849 -1.6708 -0.0625292 2.40036 -0.986281 
-1.81506 0.713264 -0.013697 -1.6607 -0.0625424 2.39375 -0.978777 
-1.81786 0.718746 -0.0137471 -1.65084 -0.0625635 2.38794 -0.978033 
-1.82203 0.725536 -0.0138239 -1.64175 -0.0627403 2.38457 -0.978031 
-1.82737 0.732922 -0.0138963 -1.63369 -0.0629051 2.38349 -0.978047 
-1.83374 0.741451 -0.0138978 -1.62615 -0.0634071 2.38348 -0.978158 
-1.84088 0.751187 -0.0139099 -1.62006 -0.0640199 2.38386 -0.979398 
-1.84855 0.760384 -0.0139094 -1.61466 -0.0646697 2.38543 -0.982802 
-1.85681 0.769978 -0.0138943 -1.60953 -0.0655216 2.38835 -0.986978 
-1.8644 0.779908 -0.0139002 -1.60471 -0.0666012 2.39294 -0.992325 
-1.87157 0.788813 -0.0139036 -1.59862 -0.0678044 2.39595 -1.00064 
-1.8785 0.798213 -0.0138935 -1.59064 -0.0684871 2.39733 -1.01126 
-1.88466 0.808078 -0.0138607 -1.58145 -0.0686334 2.3977 -1.02483 
-1.88942 0.816885 -0.0138748 -1.57169 -0.0686771 2.3977 -1.03832 
-1.8943 0.827882 -0.0138595 -1.56024 -0.0686783 2.39768 -1.05106 
-1.89798 0.837065 -0.0138433 -1.5511 -0.0686636 2.39769 -1.06024 
-1.90106 0.844817 -0.0138439 -1.54379 -0.0686585 2.39767 -1.06364 
-1.90365 0.852645 -0.0137805 -1.53809 -0.0686464 2.39773 -1.06371 
-1.90553 0.859246 -0.0137936 -1.53393 -0.0686434 2.39911 -1.06371 
-1.90707 0.864584 -0.0138063 -1.5302 -0.0686441 2.40075 -1.06371 
-1.90885 0.869501 -0.0138073 -1.52619 -0.0686447 2.40223 -1.06371 
-1.91072 0.874004 -0.0137996 -1.52281 -0.0686441 2.40353 -1.06371 
-1.91231 0.877411 -0.0137783 -1.52115 -0.068648 2.40523 -1.06374 
-1.91347 0.879331 -0.0137904 -1.52109 -0.0686633 2.40669 -1.06421 
-1.91435 0.880546 -0.0137969 -1.52109 -0.0686739 2.4078 -1.06665 
-1.91502 0.881215 -0.0138145 -1.52108 -0.0686827 2.40846 -1.073 
-1.91565 0.881475 -0.0138138 -1.52108 -0.0686755 2.409 -1.08114 
-1.91631 0.881483 -0.0138146 -1.52103 -0.0686771 2.40928 -1.08584 
-1.91707 0.881504 -0.013806 -1.52102 -0.068675 2.4095 -1.08841 
-1.91769 0.881766 -0.0137915 -1.52102 -0.0686678 2.40963 -1.08878 
-1.91806 0.882314 -0.01379 -1.52102 -0.0686205 2.4101 -1.08877 
-1.91826 0.883156 -0.0137815 -1.52101 -0.0682829 2.41059 -1.08866 
-1.91833 0.884234 -0.0137808 -1.52099 -0.0675953 2.41139 -1.08665 
-1.91845 0.885636 -0.0137882 -1.5208 -0.0669461 2.41241 -1.08096 
-1.91853 0.88767 -0.0137798 -1.51985 -0.0665077 2.41351 -1.07443 
-1.91854 0.890341 -0.0137682 -1.51771 -0.0664654 2.41406 -1.06746 
-1.91845 0.893609 -0.0136824 -1.51409 -0.0664747 2.41415 -1.06266 
-1.91846 0.897424 -0.0137121 -1.50952 -0.0664959 2.41416 -1.06229 
-1.91859 0.901063 -0.0137309 -1.50529 -0.0665181 2.41415 -1.06231 
-1.91865 0.90369 -0.0137398 -1.50273 -0.0666288 2.41414 -1.06258 
-1.91874 0.904681 -0.0137458 -1.50221 -0.0669218 2.41413 -1.06441 
-1.91875 0.904972 -0.0137345 -1.50223 -0.0671654 2.41413 -1.0677 
-1.9187 0.904965 -0.0137063 -1.50221 -0.0672063 2.41413 -1.07054 
-1.91858 0.904973 -0.0136999 -1.50221 -0.067222 2.41413 -1.07243 
-1.91856 0.904983 -0.0136997 -1.50221 -0.0672453 2.41413 -1.07416 
-1.91855 0.904995 -0.0136984 -1.50221 -0.0672441 2.41414 -1.07526 
-1.91859 0.905015 -0.0137137 -1.50221 -0.0672415 2.41413 -1.07534 
-1.91864 0.905087 -0.0137201 -1.50221 -0.0672315 2.41414 -1.07534 
-1.91869 0.905264 -0.0137234 -1.50221 -0.067213 2.41414 -1.0753 
-1.91883 0.905591 -0.013724 -1.5022 -0.0671645 2.41414 -1.07497 
-1.9189 0.90598 -0.0137182 -1.5022 -0.0669897 2.41415 -1.07277 
-1.91883 0.906419 -0.0136814 -1.5022 -0.0668716 2.41415 -1.06827 
-1.91876 0.906931 -0.0136803 -1.50219 -0.0668627 2.41415 -1.0662 
-1.91882 0.907442 -0.0137079 -1.50217 -0.0668349 2.41417 -1.06511 
-1.91899 0.907877 -0.0137202 -1.50208 -0.0668343 2.41418 -1.06508 
-1.91929 0.908319 -0.0137196 -1.50166 -0.0668437 2.41424 -1.06508 
-1.91963 0.908793 -0.0137309 -1.50106 -0.0668747 2.41437 -1.0651 
-1.91988 0.909263 -0.0137259 -1.50041 -0.0669235 2.41439 -1.06525 
-1.91988 0.909667 -0.0137092 -1.50008 -0.0671029 2.41441 -1.06755 
-1.91979 0.91004 -0.0136918 -1.5 -0.0672515 2.41447 -1.06938 
-1.91957 0.910534 -0.0136937 -1.49999 -0.0673358 2.41459 -1.07183 
-1.9196 0.911137 -0.0137356 -1.49995 -0.06733 2.41498 -1.07292 
-1.92007 0.912131 -0.0137421 -1.49967 -0.0673319 2.41542 -1.07293 
-1.92049 0.913664 -0.0137243 -1.49865 -0.0673313 2.41631 -1.07294 
-1.92059 0.915527 -0.013721 -1.49691 -0.0673233 2.41683 -1.07294 
-1.92054 0.917764 -0.0136999 -1.49433 -0.067322 2.41703 -1.07294 
-1.92057 0.920214 -0.0137153 -1.49134 -0.0673159 2.41703 -1.07294 
-1.92066 0.923024 -0.0136867 -1.48811 -0.0673025 2.41701 -1.07294 
-1.92046 0.925634 -0.0136352 -1.48556 -0.067307 2.417 -1.07294 
-1.92041 0.927189 -0.0136366 -1.48508 -0.0673037 2.41703 -1.07294 
-1.92045 0.927987 -0.013653 -1.48508 -0.0673031 2.41704 -1.07294 
-1.92046 0.928162 -0.0136562 -1.48508 -0.0672989 2.41705 -1.07294 
-1.92047 0.928168 -0.0136599 -1.48508 -0.0673044 2.41705 -1.07293 
-1.92054 0.928401 -0.0136677 -1.48509 -0.0673015 2.41705 -1.07293 
-1.92062 0.929232 -0.0136723 -1.48509 -0.0673006 2.41712 -1.07293 
-1.92071 0.930857 -0.0136775 -1.4851 -0.0672926 2.41794 -1.07292 
-1.92083 0.933098 -0.0136822 -1.4851 -0.0672792 2.4197 -1.07291 
-1.921 0.936009 -0.0136817 -1.48508 -0.0672734 2.42409 -1.07291 
-1.92097 0.939011 -0.0136166 -1.48489 -0.067261 2.42915 -1.0729 
-1.92101 0.94193 -0.013643 -1.48471 -0.0672535 2.43237 -1.0729 
-1.92096 0.945047 -0.0136308 -1.48387 -0.0672216 2.43491 -1.07287 
-1.92096 0.948115 -0.013614 -1.48258 -0.067211 2.43749 -1.07285 
-1.92098 0.950896 -0.0136314 -1.48114 -0.0672024 2.4392 -1.07285 
-1.92108 0.953232 -0.0136381 -1.47981 -0.0671935 2.44019 -1.07285 
-1.92121 0.954994 -0.013645 -1.47888 -0.0671933 2.44086 -1.07285 
-1.92125 0.956203 -0.0136392 -1.47837 -0.0671966 2.44155 -1.07286 
-1.92123 0.956985 -0.0136259 -1.47821 -0.0671946 2.44226 -1.07286 
-1.92122 0.957737 -0.0136054 -1.47817 -0.0671942 2.44312 -1.07286 
-1.9212 0.958546 -0.0135947 -1.47814 -0.0671928 2.44407 -1.07286 
-1.92117 0.959914 -0.0135807 -1.47778 -0.0671877 2.44541 -1.07286 
-1.92111 0.961765 -0.0135629 -1.47722 -0.0671881 2.44667 -1.07286 
-1.92098 0.964229 -0.0135455 -1.47649 -0.0671746 2.44886 -1.07286 
-1.92088 0.9677 -0.0135248 -1.47465 -0.0671638 2.45053 -1.07286 
-1.92093 0.970117 -0.0135334 -1.47238 -0.0668036 2.45201 -1.07282 
-1.92108 0.970195 -0.0135874 -1.47228 -0.0667774 2.45175 -1.07282 
-1.92116 0.970223 -0.0135615 -1.47232 -0.0667155 2.45173 -1.0727 
-1.92116 0.97023 -0.0135519 -1.47236 -0.0666108 2.45172 -1.07215 
-1.92117 0.970226 -0.0135504 -1.47249 -0.0658629 2.45171 -1.07025 
-1.92117 0.970196 -0.013527 -1.47265 -0.0645556 2.45165 -1.06498 
-1.92112 0.970176 -0.013483 -1.47275 -0.0625508 2.45137 -1.05515 
-1.92103 0.970168 -0.0134713 -1.4728 -0.0603298 2.45112 -1.03978 
-1.92098 0.9701 -0.0134639 -1.4729 -0.0589786 2.45077 -1.01962 
-1.92088 0.970026 -0.0134334 -1.473 -0.0582692 2.45037 -0.996813 
-1.92072 0.969964 -0.0134154 -1.47307 -0.0580381 2.45013 -0.972294 
-1.92043 0.969954 -0.0133566 -1.4731 -0.0577791 2.45002 -0.946249 
-1.91999 0.96988 -0.0133576 -1.47315 -0.057643 2.44967 -0.918858 
-1.91967 0.969829 -0.0133753 -1.47323 -0.0575138 2.44959 -0.888533 
-1.91973 0.969826 -0.0134109 -1.47326 -0.0574178 2.44955 -0.856663 
-1.91988 0.969803 -0.0134026 -1.47331 -0.0573028 2.44936 -0.825138 
-1.91986 0.969762 -0.0133945 -1.47336 -0.0572424 2.44916 -0.791742 
-1.91979 0.969729 -0.0133675 -1.47339 -0.0569404 2.44888 -0.757205 
-1.91959 0.969727 -0.0133779 -1.47339 -0.0568252 2.44875 -0.718993 
-1.91958 0.96971 -0.0133738 -1.4734 -0.056776 2.44853 -0.679344 
-1.91959 0.969693 -0.0133784 -1.4734 -0.0567726 2.44847 -0.641326 
-1.91956 0.969648 -0.0133678 -1.47342 -0.0567678 2.44817 -0.604535 
-1.91957 0.96964 -0.0133768 -1.47341 -0.0567654 2.44815 -0.571204 
-1.91964 0.969639 -0.0134226 -1.47341 -0.0567765 2.44814 -0.540631 
-1.92004 0.969617 -0.0134893 -1.47342 -0.0567799 2.44809 -0.512935 
-1.92075 0.969621 -0.0135053 -1.47342 -0.0567636 2.44802 -0.487308 
-1.92133 0.969618 -0.0135212 -1.47342 -0.0567471 2.44799 -0.461751 
-1.92207 0.969562 -0.0135223 -1.47343 -0.0565738 2.4473 -0.43046 
-1.9228 0.969462 -0.0135344 -1.47345 -0.0564638 2.44659 -0.396575 
-1.92364 0.969371 -0.0135347 -1.47346 -0.0564492 2.44595 -0.365056 
-1.92436 0.969352 -0.0135383 -1.47344 -0.0564369 2.44593 -0.337488 
-1.92503 0.969357 -0.0135168 -1.47342 -0.0564009 2.44592 -0.311132 
-1.92545 0.969357 -0.0135123 -1.47343 -0.0563476 2.4459 -0.285509 
-1.92562 0.969346 -0.0135122 -1.47343 -0.0563427 2.4459 -0.259496 
-1.92567 0.969339 -0.0135053 -1.47343 -0.0563341 2.44588 -0.23364 
-1.92568 0.969329 -0.0135006 -1.47342 -0.0562866 2.44589 -0.211148 
-1.92568 0.969307 -0.0134876 -1.47341 -0.0562519 2.44589 -0.187088 
-1.92568 0.96929 -0.0134745 -1.47341 -0.0561567 2.44587 -0.164182 
-1.92569 0.96928 -0.0134802 -1.47341 -0.0560963 2.44585 -0.142078 
-1.9259 0.969253 -0.0134737 -1.47341 -0.0558787 2.44581 -0.120212 
-1.92599 0.969236 -0.0135081 -1.47342 -0.0554058 2.44567 -0.0973248 
-1.92633 0.96917 -0.0134693 -1.47342 -0.0551352 2.44544 -0.0750806 
-1.92664 0.969131 -0.0134973 -1.47341 -0.0548187 2.44536 -0.0564409 
-1.92717 0.969123 -0.0134999 -1.47342 -0.0544292 2.44532 -0.0349067 
-1.92787 0.969088 -0.0135075 -1.4734 -0.0542952 2.44532 -0.0116369 
-1.92846 0.969069 -0.013483 -1.47341 -0.0540395 2.44532 0.010061 
-1.92868 0.969042 -0.0134715 -1.47341 -0.0537917 2.44532 0.0311199 
-1.92866 0.969025 -0.013407 -1.47339 -0.053686 2.44533 0.0499348 
-1.92861 0.969021 -0.013392 -1.47339 -0.0536434 2.44533 0.0678525 
-1.92836 0.969003 -0.0133557 -1.47338 -0.053601 2.44533 0.085684 
-1.92807 0.969005 -0.013309 -1.47338 -0.0535641 2.44533 0.100796 
-1.92759 0.969001 -0.013277 -1.47341 -0.0535636 2.44532 0.115369 
-1.92721 0.969 -0.0133071 -1.47341 -0.0535508 2.44533 0.127347 
-1.92725 0.968995 -0.0133067 -1.47341 -0.0535132 2.44533 0.137762 
-1.92735 0.968989 -0.013343 -1.47342 -0.0534661 2.44532 0.148051 
-1.92763 0.968984 -0.0133303 -1.47341 -0.0533634 2.44533 0.159212 
-1.9277 0.968978 -0.0133322 -1.4734 -0.0530599 2.44534 0.170403 
-1.92774 0.96898 -0.0133346 -1.47339 -0.0529643 2.44533 0.182456 
-1.92771 0.968978 -0.013325 -1.47339 -0.0527947 2.44534 0.196629 
-1.92766 0.968972 -0.0133048 -1.47339 -0.0527484 2.44534 0.208337 
-1.92768 0.968966 -0.0132982 -1.47336 -0.05273 2.44537 0.218002 
-1.92737 0.969013 -0.0132303 -1.47326 -0.052672 2.44536 0.224205 
-1.92707 0.969015 -0.0131798 -1.47326 -0.052406 2.44536 0.233177 
-1.92673 0.969015 -0.0131823 -1.47327 -0.0521381 2.44535 0.243336 
-1.92655 0.969013 -0.0131535 -1.47328 -0.0519412 2.44535 0.253799 
-1.9264 0.969006 -0.0131622 -1.47328 -0.0518283 2.44535 0.265582 
-1.92631 0.969017 -0.0131106 -1.47326 -0.0517357 2.44537 0.277609 
-1.92619 0.969006 -0.013137 -1.47326 -0.0516812 2.44536 0.287753 
-1.92605 0.96904 -0.0130903 -1.4732 -0.0515354 2.44538 0.298887 
-1.9259 0.969044 -0.0130597 -1.47319 -0.0513698 2.44539 0.312016 
-1.92566 0.969058 -0.0130662 -1.47317 -0.051141 2.44539 0.325953 
-1.92554 0.969065 -0.0130538 -1.47315 -0.0510787 2.4454 0.34034 
-1.92534 0.969074 -0.0130688 -1.47314 -0.0510584 2.4454 0.354363 
-1.92527 0.969084 -0.0130474 -1.4731 -0.0509439 2.44541 0.366467 
-1.92512 0.969096 -0.0130618 -1.47309 -0.0509085 2.44542 0.37877 
-1.92509 0.969096 -0.0130327 -1.47307 -0.0507963 2.44541 0.390728 
-1.92493 0.969112 -0.0130531 -1.47306 -0.0506223 2.44543 0.404253 
-1.92489 0.96912 -0.0130301 -1.47303 -0.0504704 2.44543 0.418141 
-1.92466 0.969604 -0.0130055 -1.47234 -0.0504538 2.44623 0.431637 
-1.92436 0.970415 -0.0130208 -1.47086 -0.0503969 2.44635 0.440628 
-1.92422 0.970952 -0.0130063 -1.46982 -0.050347 2.44637 0.448759 
-1.92405 0.971688 -0.013013 -1.46844 -0.0501366 2.44637 0.457504 
-1.92402 0.971971 -0.0130326 -1.46792 -0.0501475 2.44632 0.46256 
-1.92404 0.971965 -0.0130454 -1.46791 -0.0501422 2.44633 0.46258 
-1.92407 0.971969 -0.0130486 -1.46789 -0.0501175 2.44634 0.462635 
-1.92408 0.971967 -0.0130502 -1.46789 -0.0501079 2.44634 0.462931 
-1.9241 0.971968 -0.0130534 -1.46789 -0.0500942 2.44634 0.462987 
-1.92413 0.971969 -0.0130534 -1.46789 -0.0500902 2.44634 0.462991 
-1.92413 0.971972 -0.0130558 -1.46788 -0.0500919 2.44634 0.462984 
-1.92419 0.971974 -0.0130582 -1.46788 -0.0500894 2.44635 0.462985 
-1.9242 0.971982 -0.0130514 -1.46788 -0.0500946 2.44635 0.46299 
-1.92424 0.971989 -0.0130497 -1.46788 -0.0500913 2.44635 0.462988 
-1.92424 0.971996 -0.0130566 -1.46788 -0.0500913 2.44635 0.462993 
-1.92425 0.972002 -0.0130553 -1.46788 -0.0500926 2.44635 0.462983 
-1.92426 0.971996 -0.013053 -1.46788 -0.0500933 2.44635 0.462979 
-1.92427 0.971994 -0.0130497 -1.46788 -0.0500856 2.44635 0.462984 
-1.92427 0.971989 -0.0130521 -1.46788 -0.0500738 2.44635 0.463001 
-1.92426 0.971985 -0.0130475 -1.46788 -0.0500558 2.44635 0.463053 
-1.92426 0.971984 -0.0130445 -1.46788 -0.050045 2.44636 0.463081 
-1.92424 0.971978 -0.0130465 -1.46788 -0.0500382 2.44635 0.463119 
-1.92424 0.971972 -0.0130462 -1.46788 -0.050036 2.44636 0.463231 
-1.92422 0.971965 -0.0130433 -1.46788 -0.0500472 2.44635 0.46328 
-1.92417 0.971948 -0.0130498 -1.46788 -0.0500923 2.44634 0.463282 
-1.92408 0.971932 -0.0130762 -1.46789 -0.0501861 2.44633 0.463271 
-1.92398 0.971897 -0.0131073 -1.4679 -0.0507343 2.44631 0.463222 
-1.92399 0.971887 -0.0131076 -1.4679 -0.0507993 2.44632 0.463178 
-1.92397 0.971871 -0.0131048 -1.4679 -0.050813 2.44632 0.463165 
-1.92395 0.971869 -0.013091 -1.46791 -0.0508152 2.44632 0.463167 
-1.92395 0.971854 -0.0130927 -1.46792 -0.0508166 2.44631 0.463165 
-1.92396 0.971855 -0.0130863 -1.46792 -0.0508166 2.44631 0.463161 
-1.92396 0.971846 -0.0130867 -1.46792 -0.0508154 2.44632 0.463154 
-1.92397 0.971849 -0.0130867 -1.46792 -0.0508166 2.44632 0.463156 
-1.92397 0.971845 -0.0130884 -1.46792 -0.0508147 2.44631 0.463156 
-1.92396 0.971851 -0.0130867 -1.46792 -0.0508174 2.44632 0.463157 
-1.92396 0.971847 -0.0130867 -1.46792 -0.050818 2.44632 0.463152 
-1.92396 0.971847 -0.0130884 -1.46792 -0.0508186 2.44631 0.463159 
-1.92396 0.971849 -0.0130867 -1.46792 -0.0508174 2.44632 0.463154 
-1.92396 0.971851 -0.0130867 -1.46792 -0.0508166 2.44632 0.463155 
-1.92396 0.971845 -0.0130883 -1.46792 -0.0508166 2.44632 0.463157 
-1.92396 0.971849 -0.013085 -1.46792 -0.0508174 2.44632 0.463149 
-1.92396 0.971845 -0.0130867 -1.46792 -0.050818 2.44632 0.463153 
-1.92396 0.971835 -0.0130882 -1.46792 -0.0508186 2.44632 0.463155 
-1.92395 0.971842 -0.013082 -1.46792 -0.0508192 2.44632 0.463154 
-1.92395 0.971844 -0.0130846 -1.46792 -0.0508192 2.44632 0.463154 
-1.92396 0.97184 -0.0130835 -1.46792 -0.0508192 2.44632 0.463153 
-1.92395 0.971838 -0.0130864 -1.46792 -0.0508192 2.44632 0.463157 
-1.92396 0.97184 -0.0130843 -1.46792 -0.0508186 2.44632 0.463155 
-1.92396 0.971838 -0.0130856 -1.46792 -0.050818 2.44632 0.463152 
-1.92396 0.971838 -0.0130857 -1.46792 -0.0508192 2.44632 0.463153 
-1.92396 0.971844 -0.0130843 -1.46792 -0.0508186 2.44632 0.463155 
-1.92395 0.971838 -0.0130801 -1.46792 -0.0508199 2.44632 0.463152 
-1.92395 0.97184 -0.0130818 -1.46792 -0.0508186 2.44632 0.463155 
-1.92396 0.97184 -0.0130835 -1.46793 -0.0508186 2.44632 0.463158 
-1.92396 0.97184 -0.0130799 -1.46792 -0.0508192 2.44632 0.463156 
-1.92395 0.971836 -0.0130826 -1.46792 -0.0508192 2.44632 0.463151 
-1.92396 0.971838 -0.0130818 -1.46792 -0.0508192 2.44632 0.463156 
-1.92396 0.97184 -0.0130818 -1.46792 -0.0508199 2.44633 0.46315 
-1.92396 0.971836 -0.0130835 -1.46792 -0.0508186 2.44632 0.463156 
-1.92396 0.97184 -0.0130871 -1.46792 -0.050818 2.44632 0.463155 
-1.92396 0.971844 -0.0130835 -1.46792 -0.0508199 2.44632 0.463152 
-1.92396 0.97184 -0.0130852 -1.46792 -0.0508192 2.44633 0.46315 
-1.92395 0.971838 -0.0130852 -1.46792 -0.0508199 2.44633 0.463152 
-1.92395 0.97184 -0.0130852 -1.46792 -0.0508199 2.44632 0.463149 
-1.92396 0.97184 -0.0130819 -1.46792 -0.0508192 2.44633 0.463159 
-1.92395 0.97184 -0.0130818 -1.46792 -0.0508192 2.44632 0.463155 
-1.92395 0.971838 -0.0130852 -1.46792 -0.0508192 2.44633 0.463156 
-1.92396 0.97184 -0.0130818 -1.46792 -0.0508174 2.44632 0.463159 
